Date,Open,High,Low,Close,Volume,Dividends,Stock Splits
2021-02-22 00:00:00-05:00,10.600000381469727,11.069999694824219,10.380000114440918,10.649999618530273,21400,0.0,0.0
2021-02-23 00:00:00-05:00,10.529999732971191,10.649999618530273,9.770000457763672,10.1899995803833,51400,0.0,0.0
2021-02-24 00:00:00-05:00,10.350000381469727,10.859999656677246,10.210000038146973,10.699999809265137,61200,0.0,0.0
2021-02-25 00:00:00-05:00,10.510000228881836,10.84000015258789,10.329999923706055,10.350000381469727,18300,0.0,0.0
2021-02-26 00:00:00-05:00,10.300000190734863,10.6899995803833,10.109999656677246,10.109999656677246,29600,0.0,0.0
2021-03-01 00:00:00-05:00,10.100000381469727,10.279999732971191,10.100000381469727,10.180000305175781,19400,0.0,0.0
2021-03-02 00:00:00-05:00,10.109999656677246,10.119999885559082,10.0,10.119999885559082,12900,0.0,0.0
2021-03-03 00:00:00-05:00,10.0,10.25,10.0,10.069999694824219,28400,0.0,0.0
2021-03-04 00:00:00-05:00,10.15999984741211,10.15999984741211,9.890000343322754,9.906000137329102,51500,0.0,0.0
2021-03-05 00:00:00-05:00,9.859999656677246,10.045000076293945,9.859999656677246,10.045000076293945,26900,0.0,0.0
2021-03-08 00:00:00-05:00,10.010000228881836,10.199999809265137,10.0,10.017000198364258,13000,0.0,0.0
2021-03-09 00:00:00-05:00,10.029999732971191,10.031999588012695,9.911999702453613,9.9399995803833,14700,0.0,0.0
2021-03-10 00:00:00-05:00,9.975000381469727,9.975000381469727,9.949999809265137,9.949999809265137,18600,0.0,0.0
2021-03-11 00:00:00-05:00,9.930000305175781,9.970000267028809,9.861000061035156,9.970000267028809,8000,0.0,0.0
2021-03-12 00:00:00-05:00,9.869999885559082,10.0,9.869999885559082,10.0,9300,0.0,0.0
2021-03-15 00:00:00-04:00,9.899999618530273,9.949999809265137,9.899999618530273,9.90999984741211,20600,0.0,0.0
2021-03-16 00:00:00-04:00,9.90999984741211,9.970000267028809,9.90999984741211,9.9399995803833,10200,0.0,0.0
2021-03-17 00:00:00-04:00,9.90999984741211,9.90999984741211,9.770000457763672,9.819999694824219,24900,0.0,0.0
2021-03-18 00:00:00-04:00,9.789999961853027,9.850000381469727,9.789999961853027,9.800000190734863,10800,0.0,0.0
2021-03-19 00:00:00-04:00,9.789999961853027,9.84000015258789,9.789999961853027,9.819999694824219,17100,0.0,0.0
2021-03-22 00:00:00-04:00,9.800000190734863,9.84000015258789,9.800000190734863,9.8100004196167,8100,0.0,0.0
2021-03-23 00:00:00-04:00,9.795999526977539,9.842000007629395,9.789999961853027,9.789999961853027,10500,0.0,0.0
2021-03-24 00:00:00-04:00,9.850000381469727,9.850000381469727,9.109999656677246,9.760000228881836,10000,0.0,0.0
2021-03-25 00:00:00-04:00,9.706999778747559,9.77400016784668,9.550000190734863,9.730999946594238,28400,0.0,0.0
2021-03-26 00:00:00-04:00,9.739999771118164,9.850000381469727,9.729999542236328,9.84000015258789,437300,0.0,0.0
2021-03-29 00:00:00-04:00,9.8100004196167,9.847000122070312,9.800000190734863,9.845000267028809,10300,0.0,0.0
2021-03-30 00:00:00-04:00,9.829999923706055,9.866000175476074,9.789999961853027,9.819999694824219,16900,0.0,0.0
2021-03-31 00:00:00-04:00,9.819999694824219,9.854999542236328,9.819999694824219,9.829999923706055,7200,0.0,0.0
2021-04-01 00:00:00-04:00,9.819999694824219,9.859999656677246,9.760000228881836,9.850000381469727,8200,0.0,0.0
2021-04-05 00:00:00-04:00,9.859999656677246,9.880000114440918,9.850000381469727,9.869999885559082,16300,0.0,0.0
2021-04-06 00:00:00-04:00,9.880000114440918,9.895000457763672,9.859999656677246,9.895000457763672,32500,0.0,0.0
2021-04-07 00:00:00-04:00,9.890000343322754,9.895000457763672,9.869999885559082,9.890000343322754,20800,0.0,0.0
2021-04-08 00:00:00-04:00,9.850000381469727,9.989999771118164,9.850000381469727,9.989999771118164,10000,0.0,0.0
2021-04-09 00:00:00-04:00,9.989999771118164,9.989999771118164,9.989999771118164,9.989999771118164,400,0.0,0.0
2021-04-12 00:00:00-04:00,9.890000343322754,9.899999618530273,9.880000114440918,9.880000114440918,12500,0.0,0.0
2021-04-13 00:00:00-04:00,9.899999618530273,9.9399995803833,9.899999618530273,9.899999618530273,8000,0.0,0.0
2021-04-14 00:00:00-04:00,9.90999984741211,9.930000305175781,9.899999618530273,9.899999618530273,9900,0.0,0.0
2021-04-15 00:00:00-04:00,9.920999526977539,9.920999526977539,9.890000343322754,9.890000343322754,9300,0.0,0.0
2021-04-16 00:00:00-04:00,9.890000343322754,9.942999839782715,9.890000343322754,9.899999618530273,4600,0.0,0.0
2021-04-19 00:00:00-04:00,9.930000305175781,9.930000305175781,9.890000343322754,9.899999618530273,5700,0.0,0.0
2021-04-20 00:00:00-04:00,9.899999618530273,9.930000305175781,9.890000343322754,9.906999588012695,15100,0.0,0.0
2021-04-21 00:00:00-04:00,9.899999618530273,9.899999618530273,9.84000015258789,9.859999656677246,5600,0.0,0.0
2021-04-22 00:00:00-04:00,9.880000114440918,9.90999984741211,9.880000114440918,9.90999984741211,11500,0.0,0.0
2021-04-23 00:00:00-04:00,9.920000076293945,9.920000076293945,9.887999534606934,9.899999618530273,3100,0.0,0.0
2021-04-26 00:00:00-04:00,9.88700008392334,9.890000343322754,9.859999656677246,9.859999656677246,6000,0.0,0.0
2021-04-27 00:00:00-04:00,9.859999656677246,9.88700008392334,9.859999656677246,9.88700008392334,5000,0.0,0.0
2021-04-28 00:00:00-04:00,9.859999656677246,9.880000114440918,9.850000381469727,9.869999885559082,17400,0.0,0.0
2021-04-29 00:00:00-04:00,9.920000076293945,9.920000076293945,9.869999885559082,9.890000343322754,14800,0.0,0.0
2021-04-30 00:00:00-04:00,9.880000114440918,9.899999618530273,9.880000114440918,9.890000343322754,10200,0.0,0.0
2021-05-03 00:00:00-04:00,9.890000343322754,9.899999618530273,9.890000343322754,9.890000343322754,48900,0.0,0.0
2021-05-04 00:00:00-04:00,9.930000305175781,9.930000305175781,9.890000343322754,9.899999618530273,14900,0.0,0.0
2021-05-05 00:00:00-04:00,9.899999618530273,9.979999542236328,9.899999618530273,9.979999542236328,32100,0.0,0.0
2021-05-06 00:00:00-04:00,9.869999885559082,9.930000305175781,9.859999656677246,9.904999732971191,13000,0.0,0.0
2021-05-07 00:00:00-04:00,9.925000190734863,9.925000190734863,9.880000114440918,9.899999618530273,13200,0.0,0.0
2021-05-10 00:00:00-04:00,9.899999618530273,9.920000076293945,9.880000114440918,9.899999618530273,17800,0.0,0.0
2021-05-11 00:00:00-04:00,9.890999794006348,9.890999794006348,9.869999885559082,9.869999885559082,11100,0.0,0.0
2021-05-12 00:00:00-04:00,9.850000381469727,9.899999618530273,9.850000381469727,9.899999618530273,25000,0.0,0.0
2021-05-13 00:00:00-04:00,9.859999656677246,9.897000312805176,9.859999656677246,9.880000114440918,19300,0.0,0.0
2021-05-14 00:00:00-04:00,9.880000114440918,9.902999877929688,9.859999656677246,9.899999618530273,34300,0.0,0.0
2021-05-17 00:00:00-04:00,9.880000114440918,9.899999618530273,9.880000114440918,9.899999618530273,3400,0.0,0.0
2021-05-18 00:00:00-04:00,9.890000343322754,9.90999984741211,9.890000343322754,9.90999984741211,8900,0.0,0.0
2021-05-19 00:00:00-04:00,9.90999984741211,9.914999961853027,9.899999618530273,9.899999618530273,9600,0.0,0.0
2021-05-20 00:00:00-04:00,9.90999984741211,9.930000305175781,9.880000114440918,9.880000114440918,45300,0.0,0.0
2021-05-21 00:00:00-04:00,9.90999984741211,9.930000305175781,9.869999885559082,9.890000343322754,46400,0.0,0.0
2021-05-24 00:00:00-04:00,9.890000343322754,9.899999618530273,9.890000343322754,9.899999618530273,9000,0.0,0.0
2021-05-25 00:00:00-04:00,9.904999732971191,9.90999984741211,9.899999618530273,9.899999618530273,5900,0.0,0.0
2021-05-26 00:00:00-04:00,9.899999618530273,9.970000267028809,9.890000343322754,9.960000038146973,26100,0.0,0.0
2021-05-27 00:00:00-04:00,9.90999984741211,9.939000129699707,9.901000022888184,9.90999984741211,8800,0.0,0.0
2021-05-28 00:00:00-04:00,9.899999618530273,9.920000076293945,9.899999618530273,9.90999984741211,6700,0.0,0.0
2021-06-01 00:00:00-04:00,9.899999618530273,9.920000076293945,9.899999618530273,9.899999618530273,4700,0.0,0.0
2021-06-02 00:00:00-04:00,9.899999618530273,9.920000076293945,9.899999618530273,9.90999984741211,3300,0.0,0.0
2021-06-03 00:00:00-04:00,9.925000190734863,9.925000190734863,9.925000190734863,9.925000190734863,100,0.0,0.0
2021-06-04 00:00:00-04:00,9.90999984741211,9.920000076293945,9.899999618530273,9.920000076293945,10200,0.0,0.0
2021-06-07 00:00:00-04:00,9.899999618530273,9.90999984741211,9.899999618530273,9.90999984741211,18600,0.0,0.0
2021-06-08 00:00:00-04:00,9.930000305175781,9.930000305175781,9.90999984741211,9.90999984741211,6400,0.0,0.0
2021-06-09 00:00:00-04:00,9.920000076293945,9.960000038146973,9.920000076293945,9.960000038146973,7100,0.0,0.0
2021-06-10 00:00:00-04:00,9.946999549865723,9.970000267028809,9.90999984741211,9.960000038146973,1600,0.0,0.0
2021-06-11 00:00:00-04:00,9.954999923706055,9.979999542236328,9.954999923706055,9.970000267028809,4100,0.0,0.0
2021-06-14 00:00:00-04:00,9.979999542236328,9.979999542236328,9.90999984741211,9.90999984741211,7100,0.0,0.0
2021-06-15 00:00:00-04:00,9.90999984741211,9.949999809265137,9.90999984741211,9.9399995803833,2500,0.0,0.0
2021-06-16 00:00:00-04:00,9.916999816894531,9.961999893188477,9.916999816894531,9.960000038146973,3800,0.0,0.0
2021-06-17 00:00:00-04:00,9.960000038146973,9.960000038146973,9.9399995803833,9.944999694824219,5300,0.0,0.0
2021-06-18 00:00:00-04:00,9.949999809265137,9.949999809265137,9.90999984741211,9.930000305175781,6700,0.0,0.0
2021-06-21 00:00:00-04:00,9.920000076293945,9.920000076293945,9.90999984741211,9.90999984741211,11400,0.0,0.0
2021-06-22 00:00:00-04:00,9.899999618530273,9.920000076293945,9.880000114440918,9.890999794006348,29200,0.0,0.0
2021-06-23 00:00:00-04:00,9.880000114440918,9.930000305175781,9.880000114440918,9.90999984741211,2400,0.0,0.0
2021-06-24 00:00:00-04:00,9.899999618530273,9.899999618530273,9.869999885559082,9.87600040435791,1300,0.0,0.0
2021-06-25 00:00:00-04:00,9.869999885559082,9.904999732971191,9.869999885559082,9.869999885559082,2400,0.0,0.0
2021-06-28 00:00:00-04:00,9.899999618530273,9.930000305175781,9.859999656677246,9.859999656677246,14400,0.0,0.0
2021-06-29 00:00:00-04:00,9.859999656677246,9.914999961853027,9.859999656677246,9.899999618530273,19200,0.0,0.0
2021-06-30 00:00:00-04:00,9.880000114440918,9.925000190734863,9.880000114440918,9.925000190734863,21500,0.0,0.0
2021-07-01 00:00:00-04:00,9.914999961853027,9.914999961853027,9.899999618530273,9.899999618530273,7700,0.0,0.0
2021-07-02 00:00:00-04:00,9.90999984741211,9.9350004196167,9.90999984741211,9.925000190734863,1600,0.0,0.0
2021-07-06 00:00:00-04:00,9.899999618530273,10.0,9.859999656677246,9.901000022888184,21800,0.0,0.0
2021-07-07 00:00:00-04:00,9.899999618530273,9.970000267028809,9.899999618530273,9.930000305175781,3500,0.0,0.0
2021-07-08 00:00:00-04:00,9.899999618530273,10.0,9.899999618530273,9.960000038146973,3500,0.0,0.0
2021-07-09 00:00:00-04:00,9.899999618530273,9.9350004196167,9.899999618530273,9.90999984741211,3000,0.0,0.0
2021-07-12 00:00:00-04:00,9.90999984741211,9.979999542236328,9.899999618530273,9.899999618530273,8900,0.0,0.0
2021-07-13 00:00:00-04:00,9.899999618530273,9.90999984741211,9.899999618530273,9.899999618530273,3400,0.0,0.0
2021-07-14 00:00:00-04:00,9.899999618530273,9.90999984741211,9.899999618530273,9.904000282287598,2000,0.0,0.0
2021-07-15 00:00:00-04:00,9.899999618530273,9.899999618530273,9.850000381469727,9.899999618530273,4100,0.0,0.0
2021-07-16 00:00:00-04:00,9.899999618530273,9.899999618530273,9.859999656677246,9.859999656677246,1800,0.0,0.0
2021-07-19 00:00:00-04:00,9.859999656677246,9.890000343322754,9.800000190734863,9.84000015258789,96000,0.0,0.0
2021-07-20 00:00:00-04:00,9.869999885559082,9.869999885559082,9.819999694824219,9.84000015258789,11200,0.0,0.0
2021-07-21 00:00:00-04:00,9.869000434875488,9.869000434875488,9.805000305175781,9.8100004196167,7800,0.0,0.0
2021-07-22 00:00:00-04:00,9.8100004196167,9.819999694824219,9.8100004196167,9.819999694824219,3300,0.0,0.0
2021-07-23 00:00:00-04:00,9.819999694824219,9.84000015258789,9.8100004196167,9.8100004196167,12000,0.0,0.0
2021-07-26 00:00:00-04:00,9.885000228881836,9.890000343322754,9.829999923706055,9.829999923706055,3600,0.0,0.0
2021-07-27 00:00:00-04:00,9.8100004196167,9.850000381469727,9.8100004196167,9.819999694824219,1600,0.0,0.0
2021-07-28 00:00:00-04:00,9.8100004196167,9.859999656677246,9.8100004196167,9.84000015258789,2400,0.0,0.0
2021-07-29 00:00:00-04:00,9.819999694824219,9.84000015258789,9.819999694824219,9.835000038146973,4700,0.0,0.0
2021-07-30 00:00:00-04:00,9.8100004196167,9.8100004196167,9.8100004196167,9.8100004196167,2500,0.0,0.0
2021-08-02 00:00:00-04:00,9.819999694824219,9.824000358581543,9.8100004196167,9.819999694824219,6600,0.0,0.0
2021-08-03 00:00:00-04:00,9.819999694824219,9.824999809265137,9.819999694824219,9.819999694824219,4300,0.0,0.0
2021-08-04 00:00:00-04:00,9.829999923706055,9.850000381469727,9.8100004196167,9.829999923706055,30500,0.0,0.0
2021-08-05 00:00:00-04:00,9.838000297546387,9.838000297546387,9.8100004196167,9.8100004196167,4500,0.0,0.0
2021-08-06 00:00:00-04:00,9.819999694824219,9.835000038146973,9.819999694824219,9.835000038146973,2900,0.0,0.0
2021-08-09 00:00:00-04:00,9.819999694824219,9.829999923706055,9.8100004196167,9.8100004196167,6200,0.0,0.0
2021-08-10 00:00:00-04:00,9.835000038146973,9.854999542236328,9.829999923706055,9.848999977111816,12300,0.0,0.0
2021-08-11 00:00:00-04:00,9.838000297546387,9.850000381469727,9.829999923706055,9.850000381469727,8600,0.0,0.0
2021-08-12 00:00:00-04:00,9.869999885559082,9.930000305175781,9.845000267028809,9.899999618530273,4100,0.0,0.0
2021-08-13 00:00:00-04:00,9.899999618530273,9.920999526977539,9.869999885559082,9.869999885559082,3900,0.0,0.0
2021-08-16 00:00:00-04:00,9.8100004196167,9.850000381469727,9.8100004196167,9.838000297546387,7900,0.0,0.0
2021-08-17 00:00:00-04:00,9.8100004196167,9.930000305175781,9.8100004196167,9.829999923706055,11300,0.0,0.0
2021-08-18 00:00:00-04:00,9.8100004196167,9.829999923706055,9.8100004196167,9.822999954223633,12300,0.0,0.0
2021-08-19 00:00:00-04:00,9.8100004196167,9.897000312805176,9.8100004196167,9.85099983215332,3200,0.0,0.0
2021-08-20 00:00:00-04:00,9.819999694824219,9.840999603271484,9.8100004196167,9.840999603271484,1000,0.0,0.0
2021-08-23 00:00:00-04:00,9.819999694824219,9.880000114440918,9.819999694824219,9.869999885559082,4100,0.0,0.0
2021-08-24 00:00:00-04:00,9.869999885559082,9.949999809265137,9.869999885559082,9.869999885559082,18700,0.0,0.0
2021-08-25 00:00:00-04:00,9.836999893188477,9.949999809265137,9.829999923706055,9.949999809265137,6300,0.0,0.0
2021-08-26 00:00:00-04:00,9.899999618530273,9.949999809265137,9.899999618530273,9.949999809265137,5600,0.0,0.0
2021-08-27 00:00:00-04:00,9.906999588012695,9.930000305175781,9.899999618530273,9.930000305175781,3900,0.0,0.0
2021-08-30 00:00:00-04:00,9.899999618530273,9.930000305175781,9.899999618530273,9.914999961853027,11400,0.0,0.0
2021-08-31 00:00:00-04:00,9.899999618530273,9.904999732971191,9.899999618530273,9.904999732971191,1200,0.0,0.0
2021-09-01 00:00:00-04:00,9.899999618530273,9.899999618530273,9.850000381469727,9.899999618530273,18700,0.0,0.0
2021-09-02 00:00:00-04:00,9.899999618530273,9.899999618530273,9.850000381469727,9.890000343322754,68100,0.0,0.0
2021-09-03 00:00:00-04:00,9.859999656677246,9.949999809265137,9.859999656677246,9.949999809265137,39900,0.0,0.0
2021-09-07 00:00:00-04:00,9.899999618530273,9.899999618530273,9.859999656677246,9.859999656677246,3100,0.0,0.0
2021-09-08 00:00:00-04:00,9.869999885559082,9.954999923706055,9.869999885559082,9.954999923706055,35700,0.0,0.0
2021-09-09 00:00:00-04:00,9.918999671936035,9.9399995803833,9.869999885559082,9.925000190734863,10200,0.0,0.0
2021-09-10 00:00:00-04:00,9.902000427246094,9.90999984741211,9.899999618530273,9.90999984741211,9700,0.0,0.0
2021-09-13 00:00:00-04:00,9.90999984741211,9.930000305175781,9.90999984741211,9.930000305175781,7400,0.0,0.0
2021-09-14 00:00:00-04:00,9.920000076293945,9.949999809265137,9.911999702453613,9.9399995803833,15800,0.0,0.0
2021-09-15 00:00:00-04:00,9.920000076293945,9.9399995803833,9.90999984741211,9.9399995803833,7700,0.0,0.0
2021-09-16 00:00:00-04:00,9.920000076293945,9.920000076293945,9.920000076293945,9.920000076293945,700,0.0,0.0
2021-09-17 00:00:00-04:00,9.970000267028809,9.970000267028809,9.90999984741211,9.930000305175781,2300,0.0,0.0
2021-09-20 00:00:00-04:00,9.899999618530273,9.9399995803833,9.899999618530273,9.920000076293945,2800,0.0,0.0
2021-09-21 00:00:00-04:00,9.920000076293945,9.9399995803833,9.920000076293945,9.930000305175781,3000,0.0,0.0
2021-09-22 00:00:00-04:00,9.930000305175781,9.9399995803833,9.930000305175781,9.9399995803833,5900,0.0,0.0
2021-09-23 00:00:00-04:00,9.930000305175781,9.949999809265137,9.930000305175781,9.949999809265137,9300,0.0,0.0
2021-09-24 00:00:00-04:00,9.920000076293945,9.930000305175781,9.920000076293945,9.930000305175781,9800,0.0,0.0
2021-09-27 00:00:00-04:00,9.930000305175781,9.949999809265137,9.930000305175781,9.930000305175781,16500,0.0,0.0
2021-09-28 00:00:00-04:00,9.930000305175781,9.989999771118164,9.930000305175781,9.9399995803833,7500,0.0,0.0
2021-09-29 00:00:00-04:00,9.920000076293945,9.949999809265137,9.920000076293945,9.930000305175781,19100,0.0,0.0
2021-09-30 00:00:00-04:00,9.930000305175781,9.960000038146973,9.930000305175781,9.949999809265137,17400,0.0,0.0
2021-10-01 00:00:00-04:00,9.930000305175781,9.960000038146973,9.930000305175781,9.960000038146973,5200,0.0,0.0
2021-10-04 00:00:00-04:00,9.930000305175781,9.960000038146973,9.930000305175781,9.930000305175781,7900,0.0,0.0
2021-10-05 00:00:00-04:00,9.930000305175781,9.970000267028809,9.930000305175781,9.930000305175781,6500,0.0,0.0
2021-10-06 00:00:00-04:00,9.920000076293945,9.960000038146973,9.920000076293945,9.9399995803833,5200,0.0,0.0
2021-10-07 00:00:00-04:00,9.95300006866455,9.970000267028809,9.95300006866455,9.970000267028809,900,0.0,0.0
2021-10-08 00:00:00-04:00,9.960000038146973,9.979999542236328,9.906000137329102,9.960000038146973,4100,0.0,0.0
2021-10-11 00:00:00-04:00,9.949999809265137,9.970000267028809,9.949999809265137,9.960000038146973,13000,0.0,0.0
2021-10-12 00:00:00-04:00,9.920000076293945,9.949999809265137,9.920000076293945,9.949999809265137,2900,0.0,0.0
2021-10-13 00:00:00-04:00,9.920000076293945,9.949999809265137,9.920000076293945,9.920000076293945,4900,0.0,0.0
2021-10-14 00:00:00-04:00,9.920000076293945,9.949999809265137,9.90999984741211,9.920000076293945,8100,0.0,0.0
2021-10-15 00:00:00-04:00,9.920000076293945,9.949999809265137,9.920000076293945,9.9399995803833,5900,0.0,0.0
2021-10-18 00:00:00-04:00,9.920000076293945,9.946999549865723,9.920000076293945,9.946999549865723,4200,0.0,0.0
2021-10-19 00:00:00-04:00,9.920000076293945,9.9350004196167,9.920000076293945,9.920000076293945,2100,0.0,0.0
2021-10-20 00:00:00-04:00,9.9350004196167,9.9350004196167,9.920000076293945,9.930000305175781,2300,0.0,0.0
2021-10-21 00:00:00-04:00,9.930000305175781,9.9399995803833,9.930000305175781,9.930000305175781,4000,0.0,0.0
2021-10-22 00:00:00-04:00,9.930000305175781,9.9350004196167,9.930000305175781,9.9350004196167,2300,0.0,0.0
2021-10-25 00:00:00-04:00,9.9399995803833,9.979999542236328,9.9399995803833,9.979999542236328,68800,0.0,0.0
2021-10-26 00:00:00-04:00,9.949999809265137,9.96500015258789,9.944999694824219,9.96500015258789,7800,0.0,0.0
2021-10-27 00:00:00-04:00,9.949999809265137,9.949999809265137,9.949999809265137,9.949999809265137,1900,0.0,0.0
2021-10-28 00:00:00-04:00,9.954999923706055,9.989999771118164,9.9399995803833,9.989999771118164,9400,0.0,0.0
2021-10-29 00:00:00-04:00,9.949999809265137,9.975000381469727,9.949999809265137,9.970000267028809,2200,0.0,0.0
2021-11-01 00:00:00-04:00,9.970000267028809,9.979999542236328,9.970000267028809,9.970000267028809,1900,0.0,0.0
2021-11-02 00:00:00-04:00,9.989999771118164,9.989999771118164,9.970000267028809,9.989999771118164,4500,0.0,0.0
2021-11-03 00:00:00-04:00,9.9399995803833,9.960000038146973,9.9399995803833,9.9399995803833,1000,0.0,0.0
2021-11-04 00:00:00-04:00,9.949999809265137,9.949999809265137,9.9399995803833,9.9399995803833,400,0.0,0.0
2021-11-05 00:00:00-04:00,9.930000305175781,9.949999809265137,9.930000305175781,9.930000305175781,8700,0.0,0.0
2021-11-08 00:00:00-05:00,9.9399995803833,9.960000038146973,9.9399995803833,9.960000038146973,6400,0.0,0.0
2021-11-09 00:00:00-05:00,9.9399995803833,9.960000038146973,9.9399995803833,9.949999809265137,13500,0.0,0.0
2021-11-10 00:00:00-05:00,9.949999809265137,9.961000442504883,9.949999809265137,9.961000442504883,1600,0.0,0.0
2021-11-11 00:00:00-05:00,9.960000038146973,9.975000381469727,9.960000038146973,9.970000267028809,2200,0.0,0.0
2021-11-12 00:00:00-05:00,9.960000038146973,9.96500015258789,9.9399995803833,9.949999809265137,25800,0.0,0.0
2021-11-15 00:00:00-05:00,9.949999809265137,9.949999809265137,9.949999809265137,9.949999809265137,2900,0.0,0.0
2021-11-16 00:00:00-05:00,9.949999809265137,9.954999923706055,9.9399995803833,9.949999809265137,3500,0.0,0.0
2021-11-17 00:00:00-05:00,9.949999809265137,9.960000038146973,9.949999809265137,9.949999809265137,6800,0.0,0.0
2021-11-18 00:00:00-05:00,9.9399995803833,9.970000267028809,9.9399995803833,9.970000267028809,7500,0.0,0.0
2021-11-19 00:00:00-05:00,9.9399995803833,9.979999542236328,9.9399995803833,9.960000038146973,2900,0.0,0.0
2021-11-22 00:00:00-05:00,9.970000267028809,9.989999771118164,9.970000267028809,9.989999771118164,13000,0.0,0.0
2021-11-23 00:00:00-05:00,9.979999542236328,9.989999771118164,9.979999542236328,9.979999542236328,21300,0.0,0.0
2021-11-24 00:00:00-05:00,9.979999542236328,9.989999771118164,9.979999542236328,9.979999542236328,5000,0.0,0.0
2021-11-26 00:00:00-05:00,9.949999809265137,9.970000267028809,9.949999809265137,9.970000267028809,5200,0.0,0.0
2021-11-29 00:00:00-05:00,10.0,10.0,9.960000038146973,9.961999893188477,37900,0.0,0.0
2021-11-30 00:00:00-05:00,9.949999809265137,9.960000038146973,9.949999809265137,9.949999809265137,17100,0.0,0.0
2021-12-01 00:00:00-05:00,9.960000038146973,9.960000038146973,9.960000038146973,9.960000038146973,1300,0.0,0.0
2021-12-02 00:00:00-05:00,9.949999809265137,10.005000114440918,9.949999809265137,9.960000038146973,29200,0.0,0.0
2021-12-03 00:00:00-05:00,9.949999809265137,9.968999862670898,9.949999809265137,9.960000038146973,8800,0.0,0.0
2021-12-06 00:00:00-05:00,9.960000038146973,9.970000267028809,9.949999809265137,9.968000411987305,35500,0.0,0.0
2021-12-07 00:00:00-05:00,9.970000267028809,9.991000175476074,9.970000267028809,9.987000465393066,22200,0.0,0.0
2021-12-08 00:00:00-05:00,9.949999809265137,9.984000205993652,9.949999809265137,9.970000267028809,4400,0.0,0.0
2021-12-09 00:00:00-05:00,9.949999809265137,10.0,9.949999809265137,10.0,500,0.0,0.0
2021-12-10 00:00:00-05:00,9.960000038146973,9.989999771118164,9.949999809265137,9.989999771118164,6100,0.0,0.0
2021-12-13 00:00:00-05:00,9.970000267028809,9.977999687194824,9.970000267028809,9.970000267028809,5300,0.0,0.0
2021-12-14 00:00:00-05:00,9.9399995803833,9.979999542236328,9.9399995803833,9.970000267028809,7700,0.0,0.0
2021-12-15 00:00:00-05:00,9.979999542236328,9.989999771118164,9.979999542236328,9.989999771118164,1300,0.0,0.0
2021-12-16 00:00:00-05:00,9.960000038146973,9.984000205993652,9.960000038146973,9.984000205993652,1300,0.0,0.0
2021-12-17 00:00:00-05:00,9.949999809265137,9.960000038146973,9.949999809265137,9.960000038146973,2000,0.0,0.0
2021-12-20 00:00:00-05:00,9.949999809265137,9.984999656677246,9.949999809265137,9.979000091552734,2100,0.0,0.0
2021-12-21 00:00:00-05:00,9.970000267028809,9.979999542236328,9.970000267028809,9.970000267028809,2900,0.0,0.0
2021-12-22 00:00:00-05:00,9.970000267028809,9.979999542236328,9.970000267028809,9.979999542236328,18600,0.0,0.0
2021-12-23 00:00:00-05:00,9.979999542236328,9.991999626159668,9.970000267028809,9.989999771118164,34300,0.0,0.0
2021-12-27 00:00:00-05:00,9.979999542236328,9.994999885559082,9.970000267028809,9.970000267028809,7800,0.0,0.0
2021-12-28 00:00:00-05:00,9.960000038146973,9.994999885559082,9.960000038146973,9.994999885559082,14300,0.0,0.0
2021-12-29 00:00:00-05:00,10.0,10.003000259399414,10.0,10.003000259399414,11400,0.0,0.0
2021-12-30 00:00:00-05:00,10.010000228881836,10.029999732971191,9.980999946594238,9.980999946594238,41600,0.0,0.0
2021-12-31 00:00:00-05:00,9.979999542236328,10.029999732971191,9.979999542236328,10.010000228881836,25000,0.0,0.0
2022-01-03 00:00:00-05:00,10.020000457763672,10.039999961853027,10.0,10.029999732971191,62000,0.0,0.0
2022-01-04 00:00:00-05:00,10.020000457763672,10.020000457763672,9.989999771118164,9.989999771118164,7000,0.0,0.0
2022-01-05 00:00:00-05:00,10.0,10.020000457763672,10.0,10.015000343322754,3300,0.0,0.0
2022-01-06 00:00:00-05:00,10.020000457763672,10.020000457763672,10.0,10.0,10600,0.0,0.0
2022-01-07 00:00:00-05:00,10.0,10.010000228881836,10.0,10.005000114440918,4700,0.0,0.0
2022-01-10 00:00:00-05:00,9.989999771118164,10.024999618530273,9.989999771118164,10.010000228881836,18900,0.0,0.0
2022-01-11 00:00:00-05:00,10.0,10.020000457763672,10.0,10.010000228881836,4400,0.0,0.0
2022-01-12 00:00:00-05:00,10.0,10.015000343322754,10.0,10.015000343322754,3300,0.0,0.0
2022-01-13 00:00:00-05:00,10.0,10.010000228881836,9.989999771118164,9.989999771118164,28100,0.0,0.0
2022-01-14 00:00:00-05:00,9.989999771118164,10.02400016784668,9.989999771118164,10.020000457763672,8500,0.0,0.0
2022-01-18 00:00:00-05:00,9.979999542236328,10.029999732971191,9.979999542236328,10.00100040435791,11300,0.0,0.0
2022-01-19 00:00:00-05:00,10.017999649047852,10.020000457763672,9.989999771118164,10.005000114440918,47300,0.0,0.0
2022-01-20 00:00:00-05:00,9.979999542236328,10.00100040435791,9.979999542236328,9.989999771118164,6500,0.0,0.0
2022-01-21 00:00:00-05:00,9.979999542236328,10.0,9.979999542236328,9.989999771118164,16500,0.0,0.0
2022-01-24 00:00:00-05:00,9.989999771118164,9.998000144958496,9.989999771118164,9.998000144958496,21600,0.0,0.0
2022-01-25 00:00:00-05:00,10.0,10.005000114440918,9.989999771118164,10.0,7900,0.0,0.0
2022-01-26 00:00:00-05:00,9.989999771118164,10.020000457763672,9.989999771118164,10.015000343322754,18600,0.0,0.0
2022-01-27 00:00:00-05:00,10.0,10.029999732971191,10.0,10.0,12300,0.0,0.0
2022-01-28 00:00:00-05:00,10.0,10.015000343322754,9.989999771118164,10.0,13800,0.0,0.0
2022-01-31 00:00:00-05:00,10.020000457763672,10.020000457763672,10.0,10.005000114440918,7100,0.0,0.0
2022-02-01 00:00:00-05:00,10.0,10.020000457763672,10.0,10.010000228881836,3500,0.0,0.0
2022-02-02 00:00:00-05:00,10.010000228881836,10.020000457763672,10.008999824523926,10.013999938964844,3200,0.0,0.0
2022-02-03 00:00:00-05:00,10.010000228881836,10.020000457763672,10.010000228881836,10.020000457763672,8200,0.0,0.0
2022-02-04 00:00:00-05:00,10.010000228881836,10.029999732971191,10.010000228881836,10.029999732971191,10900,0.0,0.0
2022-02-07 00:00:00-05:00,10.010000228881836,10.039999961853027,10.010000228881836,10.029999732971191,5300,0.0,0.0
2022-02-08 00:00:00-05:00,10.029999732971191,10.03499984741211,10.029999732971191,10.03499984741211,5200,0.0,0.0
2022-02-09 00:00:00-05:00,10.010000228881836,10.039999961853027,10.010000228881836,10.039999961853027,42500,0.0,0.0
2022-02-10 00:00:00-05:00,10.020000457763672,10.039999961853027,10.020000457763672,10.039999961853027,4800,0.0,0.0
2022-02-11 00:00:00-05:00,10.020000457763672,10.045000076293945,10.020000457763672,10.020000457763672,2900,0.0,0.0
2022-02-14 00:00:00-05:00,10.039999961853027,10.039999961853027,10.020000457763672,10.029999732971191,11700,0.0,0.0
2022-02-15 00:00:00-05:00,10.020000457763672,10.036999702453613,10.020000457763672,10.020000457763672,1900,0.0,0.0
2022-02-16 00:00:00-05:00,10.039999961853027,10.039999961853027,10.029999732971191,10.039999961853027,1200,0.0,0.0
2022-02-17 00:00:00-05:00,10.029999732971191,10.029999732971191,10.029999732971191,10.029999732971191,600,0.0,0.0
2022-02-18 00:00:00-05:00,10.031999588012695,10.038000106811523,10.029999732971191,10.029999732971191,6700,0.0,0.0
2022-02-22 00:00:00-05:00,10.029999732971191,10.031000137329102,10.029999732971191,10.029999732971191,16700,0.0,0.0
2022-02-23 00:00:00-05:00,10.029999732971191,10.029999732971191,10.029999732971191,10.029999732971191,5500,0.0,0.0
2022-02-24 00:00:00-05:00,10.039999961853027,10.039999961853027,10.029999732971191,10.029999732971191,3700,0.0,0.0
2022-02-25 00:00:00-05:00,10.031000137329102,10.031000137329102,10.029999732971191,10.029999732971191,2300,0.0,0.0
2022-02-28 00:00:00-05:00,10.029999732971191,10.045000076293945,10.029999732971191,10.039999961853027,3800,0.0,0.0
2022-03-01 00:00:00-05:00,10.039999961853027,10.039999961853027,10.029999732971191,10.039999961853027,10400,0.0,0.0
2022-03-02 00:00:00-05:00,10.050000190734863,10.050000190734863,10.045000076293945,10.050000190734863,12900,0.0,0.0
2022-03-03 00:00:00-05:00,10.039999961853027,10.045000076293945,10.039999961853027,10.045000076293945,96900,0.0,0.0
2022-03-04 00:00:00-05:00,10.039999961853027,10.045000076293945,10.039999961853027,10.039999961853027,10100,0.0,0.0
2022-03-07 00:00:00-05:00,10.039999961853027,10.045000076293945,10.039999961853027,10.045000076293945,7300,0.0,0.0
2022-03-08 00:00:00-05:00,10.050000190734863,10.050000190734863,10.039999961853027,10.039999961853027,4300,0.0,0.0
2022-03-09 00:00:00-05:00,10.069999694824219,10.069999694824219,10.050000190734863,10.050000190734863,5600,0.0,0.0
2022-03-10 00:00:00-05:00,10.050000190734863,10.050000190734863,10.050000190734863,10.050000190734863,1500,0.0,0.0
2022-03-11 00:00:00-05:00,10.050000190734863,10.055999755859375,10.050000190734863,10.050000190734863,2500,0.0,0.0
2022-03-14 00:00:00-04:00,10.050000190734863,10.055000305175781,10.050000190734863,10.050000190734863,4100,0.0,0.0
2022-03-15 00:00:00-04:00,10.050000190734863,10.055000305175781,10.039999961853027,10.050000190734863,4400,0.0,0.0
2022-03-16 00:00:00-04:00,10.050000190734863,10.0649995803833,10.050000190734863,10.055000305175781,3900,0.0,0.0
2022-03-17 00:00:00-04:00,10.0600004196167,10.0600004196167,10.050000190734863,10.050000190734863,3200,0.0,0.0
2022-03-18 00:00:00-04:00,10.0600004196167,10.069999694824219,10.050000190734863,10.050000190734863,849500,0.0,0.0
2022-03-21 00:00:00-04:00,10.0600004196167,10.069999694824219,10.0600004196167,10.069999694824219,1800,0.0,0.0
2022-03-22 00:00:00-04:00,10.0600004196167,10.0600004196167,10.0600004196167,10.0600004196167,300,0.0,0.0
2022-03-23 00:00:00-04:00,10.0600004196167,10.0600004196167,10.0600004196167,10.0600004196167,128000,0.0,0.0
2022-03-24 00:00:00-04:00,10.0600004196167,10.067999839782715,10.0600004196167,10.0600004196167,5300,0.0,0.0
2022-03-25 00:00:00-04:00,10.0600004196167,10.069999694824219,10.0600004196167,10.0600004196167,55000,0.0,0.0
2022-03-28 00:00:00-04:00,10.069999694824219,10.069999694824219,10.0600004196167,10.0600004196167,3500,0.0,0.0
2022-03-29 00:00:00-04:00,10.079999923706055,10.083000183105469,10.069999694824219,10.079999923706055,64200,0.0,0.0
2022-03-30 00:00:00-04:00,10.085000038146973,10.09000015258789,10.079999923706055,10.09000015258789,108300,0.0,0.0
2022-03-31 00:00:00-04:00,10.079999923706055,10.079999923706055,10.079999923706055,10.079999923706055,5200,0.0,0.0
2022-04-01 00:00:00-04:00,10.079999923706055,10.085000038146973,10.079999923706055,10.085000038146973,1800,0.0,0.0
2022-04-04 00:00:00-04:00,10.079999923706055,10.085000038146973,10.079999923706055,10.081999778747559,6600,0.0,0.0
2022-04-05 00:00:00-04:00,10.079999923706055,10.100000381469727,10.079999923706055,10.100000381469727,132800,0.0,0.0
2022-04-06 00:00:00-04:00,10.09000015258789,10.100000381469727,10.09000015258789,10.100000381469727,27400,0.0,0.0
2022-04-07 00:00:00-04:00,10.09000015258789,10.093999862670898,10.09000015258789,10.09000015258789,14500,0.0,0.0
2022-04-08 00:00:00-04:00,10.09000015258789,10.100000381469727,10.09000015258789,10.09000015258789,8400,0.0,0.0
2022-04-11 00:00:00-04:00,10.09000015258789,10.100000381469727,10.09000015258789,10.100000381469727,34800,0.0,0.0
2022-04-12 00:00:00-04:00,10.100000381469727,10.109999656677246,10.09000015258789,10.100000381469727,618800,0.0,0.0
2022-04-13 00:00:00-04:00,10.09000015258789,10.109999656677246,10.09000015258789,10.100000381469727,315100,0.0,0.0
2022-04-14 00:00:00-04:00,10.100000381469727,10.109999656677246,10.100000381469727,10.100000381469727,94300,0.0,0.0
2022-04-18 00:00:00-04:00,10.09000015258789,10.104999542236328,10.09000015258789,10.100000381469727,98600,0.0,0.0
2022-04-19 00:00:00-04:00,10.100000381469727,10.100000381469727,10.09000015258789,10.09000015258789,61300,0.0,0.0
2022-04-20 00:00:00-04:00,10.100000381469727,10.109999656677246,10.100000381469727,10.104999542236328,33600,0.0,0.0
2022-04-21 00:00:00-04:00,10.100000381469727,10.109999656677246,10.100000381469727,10.100000381469727,8200,0.0,0.0
2022-04-22 00:00:00-04:00,10.09000015258789,10.100000381469727,10.09000015258789,10.09000015258789,11000,0.0,0.0
2022-04-25 00:00:00-04:00,10.100000381469727,10.109999656677246,10.09000015258789,10.09000015258789,22700,0.0,0.0
2022-04-26 00:00:00-04:00,10.100000381469727,10.105999946594238,10.100000381469727,10.100000381469727,9200,0.0,0.0
2022-04-27 00:00:00-04:00,10.100000381469727,10.119999885559082,10.100000381469727,10.109999656677246,90400,0.0,0.0
2022-04-28 00:00:00-04:00,10.100000381469727,10.119999885559082,10.100000381469727,10.119999885559082,27100,0.0,0.0
2022-04-29 00:00:00-04:00,10.109999656677246,10.119999885559082,10.109999656677246,10.114999771118164,11400,0.0,0.0
2022-05-02 00:00:00-04:00,10.109999656677246,10.119999885559082,10.100000381469727,10.119999885559082,13500,0.0,0.0
2022-05-03 00:00:00-04:00,10.100000381469727,10.116999626159668,10.100000381469727,10.109999656677246,14000,0.0,0.0
2022-05-04 00:00:00-04:00,10.109999656677246,10.109999656677246,10.109999656677246,10.109999656677246,900,0.0,0.0
2022-05-05 00:00:00-04:00,10.100000381469727,10.118000030517578,10.100000381469727,10.118000030517578,15500,0.0,0.0
2022-05-06 00:00:00-04:00,10.100000381469727,10.11400032043457,10.100000381469727,10.100000381469727,8600,0.0,0.0
2022-05-09 00:00:00-04:00,10.100000381469727,10.100000381469727,10.100000381469727,10.100000381469727,2900,0.0,0.0
2022-05-10 00:00:00-04:00,10.100000381469727,10.109999656677246,10.100000381469727,10.109999656677246,3200,0.0,0.0
2022-05-11 00:00:00-04:00,10.100000381469727,10.100000381469727,10.100000381469727,10.100000381469727,1400,0.0,0.0
2022-05-12 00:00:00-04:00,10.100000381469727,10.104999542236328,10.100000381469727,10.104999542236328,1000,0.0,0.0
2022-05-13 00:00:00-04:00,10.109999656677246,10.116000175476074,10.100000381469727,10.109999656677246,7000,0.0,0.0
2022-05-16 00:00:00-04:00,10.109999656677246,10.11400032043457,10.109999656677246,10.11400032043457,5200,0.0,0.0
2022-05-17 00:00:00-04:00,10.109999656677246,10.118000030517578,10.109999656677246,10.114999771118164,3200,0.0,0.0
2022-05-18 00:00:00-04:00,10.09000015258789,10.130000114440918,10.09000015258789,10.130000114440918,3900,0.0,0.0
2022-05-19 00:00:00-04:00,10.109999656677246,10.109999656677246,10.109999656677246,10.109999656677246,11900,0.0,0.0
2022-05-20 00:00:00-04:00,10.109999656677246,10.119000434875488,10.109999656677246,10.119000434875488,1800,0.0,0.0
2022-05-23 00:00:00-04:00,10.109999656677246,10.119999885559082,10.109999656677246,10.119999885559082,1700,0.0,0.0
2022-05-24 00:00:00-04:00,10.100000381469727,10.119999885559082,10.100000381469727,10.119999885559082,303600,0.0,0.0
2022-05-25 00:00:00-04:00,10.109999656677246,10.119999885559082,10.109999656677246,10.109999656677246,1600,0.0,0.0
2022-05-26 00:00:00-04:00,10.119999885559082,10.130000114440918,10.119999885559082,10.119999885559082,2900,0.0,0.0
2022-05-27 00:00:00-04:00,10.109999656677246,10.130000114440918,10.109999656677246,10.130000114440918,5200,0.0,0.0
2022-05-31 00:00:00-04:00,10.109999656677246,10.149999618530273,10.109999656677246,10.145000457763672,26000,0.0,0.0
2022-06-01 00:00:00-04:00,10.145000457763672,10.145000457763672,10.140000343322754,10.140000343322754,1200,0.0,0.0
2022-06-02 00:00:00-04:00,10.140000343322754,10.149999618530273,10.140000343322754,10.149999618530273,34100,0.0,0.0
2022-06-03 00:00:00-04:00,10.140000343322754,10.140000343322754,10.140000343322754,10.140000343322754,300,0.0,0.0
2022-06-06 00:00:00-04:00,10.140000343322754,10.149999618530273,10.140000343322754,10.149999618530273,800,0.0,0.0
2022-06-07 00:00:00-04:00,10.140000343322754,10.15999984741211,10.140000343322754,10.15999984741211,1100,0.0,0.0
2022-06-08 00:00:00-04:00,10.149999618530273,10.15999984741211,10.149999618530273,10.15999984741211,700,0.0,0.0
2022-06-09 00:00:00-04:00,10.149999618530273,10.149999618530273,10.149999618530273,10.149999618530273,700,0.0,0.0
2022-06-10 00:00:00-04:00,10.154999732971191,10.15999984741211,10.149999618530273,10.15999984741211,1400,0.0,0.0
2022-06-13 00:00:00-04:00,10.149999618530273,10.149999618530273,10.119999885559082,10.140000343322754,236700,0.0,0.0
2022-06-14 00:00:00-04:00,10.130000114440918,10.138999938964844,10.130000114440918,10.138999938964844,4700,0.0,0.0
2022-06-15 00:00:00-04:00,10.130000114440918,10.133999824523926,10.130000114440918,10.130999565124512,3900,0.0,0.0
2022-06-16 00:00:00-04:00,10.130000114440918,10.140000343322754,10.130000114440918,10.140000343322754,7400,0.0,0.0
2022-06-17 00:00:00-04:00,10.140000343322754,10.145000457763672,10.140000343322754,10.144000053405762,3000,0.0,0.0
2022-06-21 00:00:00-04:00,10.145000457763672,10.149999618530273,10.145000457763672,10.149999618530273,1900,0.0,0.0
2022-06-22 00:00:00-04:00,10.149999618530273,10.15999984741211,10.145000457763672,10.15999984741211,83100,0.0,0.0
2022-06-23 00:00:00-04:00,10.149999618530273,10.149999618530273,10.149999618530273,10.149999618530273,36500,0.0,0.0
2022-06-24 00:00:00-04:00,10.149999618530273,10.149999618530273,10.149999618530273,10.149999618530273,700,0.0,0.0
2022-06-27 00:00:00-04:00,10.149999618530273,10.15999984741211,10.149999618530273,10.15999984741211,1900,0.0,0.0
2022-06-28 00:00:00-04:00,10.170000076293945,10.170000076293945,10.170000076293945,10.170000076293945,1600,0.0,0.0
2022-06-29 00:00:00-04:00,10.15999984741211,10.15999984741211,10.15999984741211,10.15999984741211,3100,0.0,0.0
2022-06-30 00:00:00-04:00,10.15999984741211,10.15999984741211,10.15999984741211,10.15999984741211,200,0.0,0.0
2022-07-01 00:00:00-04:00,10.164999961853027,10.164999961853027,10.15999984741211,10.15999984741211,1400,0.0,0.0
2022-07-05 00:00:00-04:00,10.164999961853027,10.164999961853027,10.164999961853027,10.164999961853027,400,0.0,0.0
2022-07-06 00:00:00-04:00,10.164999961853027,10.170000076293945,10.164999961853027,10.170000076293945,5300,0.0,0.0
2022-07-07 00:00:00-04:00,10.170000076293945,10.175000190734863,10.170000076293945,10.170000076293945,46200,0.0,0.0
2022-07-08 00:00:00-04:00,10.170000076293945,10.175000190734863,10.170000076293945,10.170000076293945,2300,0.0,0.0
2022-07-11 00:00:00-04:00,10.170000076293945,10.170000076293945,10.170000076293945,10.170000076293945,900,0.0,0.0
2022-07-12 00:00:00-04:00,10.180000305175781,10.180000305175781,10.15999984741211,10.170000076293945,43600,0.0,0.0
2022-07-13 00:00:00-04:00,10.170000076293945,10.170000076293945,10.164999961853027,10.170000076293945,16700,0.0,0.0
2022-07-14 00:00:00-04:00,10.180000305175781,10.180000305175781,10.170000076293945,10.180000305175781,54500,0.0,0.0
2022-07-15 00:00:00-04:00,10.170000076293945,10.1899995803833,10.170000076293945,10.1899995803833,36700,0.0,0.0
2022-07-18 00:00:00-04:00,10.199999809265137,10.204999923706055,10.180000305175781,10.199999809265137,187500,0.0,0.0
2022-07-19 00:00:00-04:00,10.199999809265137,10.210000038146973,10.199999809265137,10.199999809265137,126200,0.0,0.0
2022-07-20 00:00:00-04:00,10.1899995803833,10.210000038146973,10.180000305175781,10.199999809265137,65800,0.0,0.0
2022-07-21 00:00:00-04:00,10.199999809265137,10.220000267028809,10.1899995803833,10.199999809265137,34800,0.0,0.0
2022-07-22 00:00:00-04:00,9.899999618530273,10.0,9.5,9.869999885559082,16900,0.0,0.0
2022-07-25 00:00:00-04:00,9.819999694824219,10.199999809265137,9.680000305175781,9.949999809265137,16900,0.0,0.0
2022-07-26 00:00:00-04:00,9.819999694824219,10.5,9.75,10.300000190734863,49500,0.0,0.0
2022-07-27 00:00:00-04:00,10.260000228881836,10.949999809265137,10.0600004196167,10.75,80900,0.0,0.0
2022-07-28 00:00:00-04:00,10.579999923706055,10.779999732971191,9.9399995803833,10.079999923706055,17600,0.0,0.0
2022-07-29 00:00:00-04:00,10.069999694824219,27.739999771118164,10.010000228881836,22.709999084472656,586500,0.0,0.0
2022-08-01 00:00:00-04:00,15.0,31.350000381469727,15.0,21.347999572753906,345400,0.0,0.0
2022-08-02 00:00:00-04:00,22.0,23.350000381469727,11.550000190734863,13.829999923706055,353200,0.0,0.0
2022-08-03 00:00:00-04:00,16.0,16.420000076293945,10.869999885559082,11.520000457763672,187600,0.0,0.0
2022-08-04 00:00:00-04:00,10.0,11.329999923706055,9.975000381469727,10.1899995803833,219800,0.0,0.0
2022-08-05 00:00:00-04:00,11.449999809265137,12.37399959564209,9.979999542236328,10.029999732971191,175400,0.0,0.0
2022-08-08 00:00:00-04:00,10.020000457763672,11.609999656677246,10.020000457763672,11.460000038146973,253400,0.0,0.0
2022-08-09 00:00:00-04:00,10.279999732971191,11.461999893188477,10.25,10.649999618530273,204400,0.0,0.0
2022-08-10 00:00:00-04:00,10.25,10.640000343322754,9.100000381469727,9.770000457763672,181700,0.0,0.0
2022-08-11 00:00:00-04:00,9.600000381469727,9.670000076293945,7.309999942779541,7.630000114440918,241600,0.0,0.0
2022-08-12 00:00:00-04:00,7.590000152587891,9.800000190734863,5.110000133514404,8.460000038146973,2219300,0.0,0.0
2022-08-15 00:00:00-04:00,7.110000133514404,7.849999904632568,6.28000020980835,7.619999885559082,403200,0.0,0.0
2022-08-16 00:00:00-04:00,7.489999771118164,7.710000038146973,6.869999885559082,7.090000152587891,114600,0.0,0.0
2022-08-17 00:00:00-04:00,6.840000152587891,7.210000038146973,6.079999923706055,6.179999828338623,402300,0.0,0.0
2022-08-18 00:00:00-04:00,6.0,6.169000148773193,5.572999954223633,5.829999923706055,165200,0.0,0.0
2022-08-19 00:00:00-04:00,5.510000228881836,6.659999847412109,5.170000076293945,5.570000171661377,818100,0.0,0.0
2022-08-22 00:00:00-04:00,5.320000171661377,5.695000171661377,4.909999847412109,5.150000095367432,367500,0.0,0.0
2022-08-23 00:00:00-04:00,5.0,5.400000095367432,4.811999797821045,5.400000095367432,127200,0.0,0.0
2022-08-24 00:00:00-04:00,5.309999942779541,5.339000225067139,5.059999942779541,5.21999979019165,51000,0.0,0.0
2022-08-25 00:00:00-04:00,5.019999980926514,5.14300012588501,4.630000114440918,4.949999809265137,52300,0.0,0.0
2022-08-26 00:00:00-04:00,4.710000038146973,6.400000095367432,4.710000038146973,5.019999980926514,650400,0.0,0.0
2022-08-29 00:00:00-04:00,5.0,5.179999828338623,4.769999980926514,4.820000171661377,103600,0.0,0.0
2022-08-30 00:00:00-04:00,4.769999980926514,5.010000228881836,3.6700000762939453,4.369999885559082,200300,0.0,0.0
2022-08-31 00:00:00-04:00,4.690000057220459,5.4670000076293945,4.599999904632568,4.929999828338623,183700,0.0,0.0
2022-09-01 00:00:00-04:00,4.989999771118164,4.989999771118164,4.198999881744385,4.849999904632568,80800,0.0,0.0
2022-09-02 00:00:00-04:00,4.75,5.349999904632568,4.5,5.230000019073486,148100,0.0,0.0
2022-09-06 00:00:00-04:00,5.190000057220459,7.380000114440918,5.070000171661377,7.03000020980835,1042600,0.0,0.0
2022-09-07 00:00:00-04:00,6.329999923706055,7.75,6.110000133514404,7.559999942779541,240800,0.0,0.0
2022-09-08 00:00:00-04:00,7.150000095367432,8.100000381469727,6.579999923706055,7.769999980926514,170000,0.0,0.0
2022-09-09 00:00:00-04:00,8.260000228881836,8.279999732971191,7.599999904632568,7.610000133514404,112300,0.0,0.0
2022-09-12 00:00:00-04:00,6.730000019073486,7.449999809265137,5.980000019073486,6.949999809265137,232400,0.0,0.0
2022-09-13 00:00:00-04:00,6.670000076293945,7.730000019073486,6.179999828338623,7.449999809265137,157500,0.0,0.0
2022-09-14 00:00:00-04:00,7.420000076293945,8.0,7.010000228881836,7.010000228881836,129600,0.0,0.0
2022-09-15 00:00:00-04:00,6.800000190734863,7.900000095367432,6.800000190734863,7.119999885559082,322900,0.0,0.0
2022-09-16 00:00:00-04:00,6.739999771118164,7.409999847412109,5.369999885559082,5.760000228881836,1015300,0.0,0.0
2022-09-19 00:00:00-04:00,5.699999809265137,6.309999942779541,5.520999908447266,5.920000076293945,92600,0.0,0.0
2022-09-20 00:00:00-04:00,5.320000171661377,6.650000095367432,5.320000171661377,6.480000019073486,100900,0.0,0.0
2022-09-21 00:00:00-04:00,6.210000038146973,6.590000152587891,5.849999904632568,6.289999961853027,193200,0.0,0.0
2022-09-22 00:00:00-04:00,6.230000019073486,6.230000019073486,4.889999866485596,5.039999961853027,202700,0.0,0.0
2022-09-23 00:00:00-04:00,5.132999897003174,5.650000095367432,3.9100000858306885,4.119999885559082,313500,0.0,0.0
2022-09-26 00:00:00-04:00,4.019999980926514,4.599999904632568,3.359999895095825,3.4700000286102295,178100,0.0,0.0
2022-09-27 00:00:00-04:00,3.4700000286102295,3.5959999561309814,3.25,3.359999895095825,176200,0.0,0.0
2022-09-28 00:00:00-04:00,3.2799999713897705,3.624000072479248,3.0,3.0399999618530273,137100,0.0,0.0
2022-09-29 00:00:00-04:00,2.950000047683716,3.0999999046325684,2.509999990463257,2.6500000953674316,247800,0.0,0.0
2022-09-30 00:00:00-04:00,2.569999933242798,2.809999942779541,2.380000114440918,2.700000047683716,109700,0.0,0.0
2022-10-03 00:00:00-04:00,2.609999895095825,2.75,2.4100000858306885,2.619999885559082,56000,0.0,0.0
2022-10-04 00:00:00-04:00,2.619999885559082,2.9700000286102295,2.5,2.7200000286102295,70000,0.0,0.0
2022-10-05 00:00:00-04:00,2.7200000286102295,2.9200000762939453,2.5799999237060547,2.809999942779541,57000,0.0,0.0
2022-10-06 00:00:00-04:00,2.799999952316284,3.0299999713897705,2.4700000286102295,2.559999942779541,103400,0.0,0.0
2022-10-07 00:00:00-04:00,2.5799999237060547,2.799999952316284,2.4600000381469727,2.4600000381469727,60300,0.0,0.0
2022-10-10 00:00:00-04:00,2.4600000381469727,2.9200000762939453,2.4000000953674316,2.4800000190734863,102700,0.0,0.0
2022-10-11 00:00:00-04:00,2.5399999618530273,2.8499999046325684,2.490000009536743,2.5799999237060547,66300,0.0,0.0
2022-10-12 00:00:00-04:00,2.5999999046325684,2.7799999713897705,2.430000066757202,2.5299999713897705,60400,0.0,0.0
2022-10-13 00:00:00-04:00,2.430000066757202,2.890000104904175,2.4200000762939453,2.6600000858306885,34600,0.0,0.0
2022-10-14 00:00:00-04:00,2.75,2.8299999237060547,2.490000009536743,2.690000057220459,9100,0.0,0.0
2022-10-17 00:00:00-04:00,2.990000009536743,2.990000009536743,2.7200000286102295,2.7899999618530273,71700,0.0,0.0
2022-10-18 00:00:00-04:00,2.7699999809265137,2.7899999618530273,2.507999897003174,2.7200000286102295,12100,0.0,0.0
2022-10-19 00:00:00-04:00,2.759999990463257,2.759999990463257,2.5,2.630000114440918,8400,0.0,0.0
2022-10-20 00:00:00-04:00,2.630000114440918,2.7200000286102295,2.565000057220459,2.7200000286102295,18000,0.0,0.0
2022-10-21 00:00:00-04:00,2.75,2.759999990463257,2.5299999713897705,2.759999990463257,15700,0.0,0.0
2022-10-24 00:00:00-04:00,2.8399999141693115,2.8399999141693115,2.559999942779541,2.8399999141693115,11200,0.0,0.0
2022-10-25 00:00:00-04:00,3.319999933242798,3.319999933242798,2.740000009536743,2.880000114440918,22600,0.0,0.0
2022-10-26 00:00:00-04:00,2.75,2.8499999046325684,2.549999952316284,2.6600000858306885,16400,0.0,0.0
2022-10-27 00:00:00-04:00,2.799999952316284,2.799999952316284,2.5,2.5899999141693115,8400,0.0,0.0
2022-10-28 00:00:00-04:00,2.680000066757202,2.700000047683716,2.4600000381469727,2.6500000953674316,20500,0.0,0.0
2022-10-31 00:00:00-04:00,2.6700000762939453,2.740000009536743,2.25,2.255000114440918,28000,0.0,0.0
2022-11-01 00:00:00-04:00,2.2899999618530273,2.4200000762939453,2.180000066757202,2.3299999237060547,30200,0.0,0.0
2022-11-02 00:00:00-04:00,2.3499999046325684,2.5,2.180000066757202,2.5,21000,0.0,0.0
2022-11-03 00:00:00-04:00,2.5,2.549999952316284,2.2790000438690186,2.5199999809265137,19900,0.0,0.0
2022-11-04 00:00:00-04:00,2.490000009536743,2.559999942779541,2.3589999675750732,2.559999942779541,5800,0.0,0.0
2022-11-07 00:00:00-05:00,2.509999990463257,2.559999942779541,2.2200000286102295,2.309999942779541,9800,0.0,0.0
2022-11-08 00:00:00-05:00,2.319999933242798,2.359999895095825,2.190000057220459,2.259999990463257,6600,0.0,0.0
2022-11-09 00:00:00-05:00,2.2799999713897705,2.2799999713897705,2.0989999771118164,2.200000047683716,4900,0.0,0.0
2022-11-10 00:00:00-05:00,2.2300000190734863,2.390000104904175,2.117000102996826,2.3399999141693115,9400,0.0,0.0
2022-11-11 00:00:00-05:00,2.490000009536743,2.490000009536743,2.2179999351501465,2.390000104904175,25700,0.0,0.0
2022-11-14 00:00:00-05:00,2.490000009536743,2.505000114440918,2.319999933242798,2.3570001125335693,16000,0.0,0.0
2022-11-15 00:00:00-05:00,2.569999933242798,2.569999933242798,2.119999885559082,2.200000047683716,13600,0.0,0.0
2022-11-16 00:00:00-05:00,2.1700000762939453,2.180000066757202,2.009999990463257,2.0999999046325684,18600,0.0,0.0
2022-11-17 00:00:00-05:00,2.069999933242798,2.119999885559082,1.8300000429153442,2.0299999713897705,30900,0.0,0.0
2022-11-18 00:00:00-05:00,2.009999990463257,2.109999895095825,1.8300000429153442,1.8300000429153442,10000,0.0,0.0
2022-11-21 00:00:00-05:00,1.8600000143051147,1.9600000381469727,1.649999976158142,1.8300000429153442,10100,0.0,0.0
2022-11-22 00:00:00-05:00,1.7999999523162842,1.9900000095367432,1.7200000286102295,1.9299999475479126,25800,0.0,0.0
2022-11-23 00:00:00-05:00,1.9900000095367432,2.1500000953674316,1.909999966621399,2.0399999618530273,29400,0.0,0.0
2022-11-25 00:00:00-05:00,2.2300000190734863,2.372999906539917,1.8799999952316284,2.0299999713897705,49700,0.0,0.0
2022-11-28 00:00:00-05:00,2.0,2.0,1.8600000143051147,1.9299999475479126,7900,0.0,0.0
2022-11-29 00:00:00-05:00,1.909999966621399,1.909999966621399,1.6799999475479126,1.7899999618530273,18200,0.0,0.0
2022-11-30 00:00:00-05:00,1.8200000524520874,1.8200000524520874,1.590000033378601,1.7400000095367432,10000,0.0,0.0
2022-12-01 00:00:00-05:00,1.7100000381469727,1.7400000095367432,1.5399999618530273,1.5700000524520874,26300,0.0,0.0
2022-12-02 00:00:00-05:00,1.5700000524520874,1.6770000457763672,1.4199999570846558,1.4199999570846558,30800,0.0,0.0
2022-12-05 00:00:00-05:00,1.4500000476837158,1.4800000190734863,1.2239999771118164,1.3700000047683716,36000,0.0,0.0
2022-12-06 00:00:00-05:00,1.340000033378601,1.340000033378601,1.2100000381469727,1.284999966621399,31700,0.0,0.0
2022-12-07 00:00:00-05:00,1.2599999904632568,1.3489999771118164,1.0299999713897705,1.1200000047683716,129600,0.0,0.0
2022-12-08 00:00:00-05:00,1.100000023841858,1.1749999523162842,1.0149999856948853,1.1399999856948853,39800,0.0,0.0
2022-12-09 00:00:00-05:00,1.1100000143051147,1.1100000143051147,1.0299999713897705,1.0700000524520874,16100,0.0,0.0
2022-12-12 00:00:00-05:00,1.0199999809265137,1.1399999856948853,1.0099999904632568,1.0800000429153442,60600,0.0,0.0
2022-12-13 00:00:00-05:00,1.059999942779541,1.2200000286102295,1.0499999523162842,1.1799999475479126,55900,0.0,0.0
2022-12-14 00:00:00-05:00,1.149999976158142,1.149999976158142,1.0099999904632568,1.0800000429153442,22700,0.0,0.0
2022-12-15 00:00:00-05:00,1.090000033378601,1.1200000047683716,1.0199999809265137,1.0499999523162842,11300,0.0,0.0
2022-12-16 00:00:00-05:00,1.0299999713897705,1.0299999713897705,0.9700000286102295,0.9900000095367432,12200,0.0,0.0
2022-12-19 00:00:00-05:00,0.9100000262260437,1.0499999523162842,0.8790000081062317,0.9629999995231628,21700,0.0,0.0
2022-12-20 00:00:00-05:00,0.9200000166893005,1.0800000429153442,0.878000020980835,0.925000011920929,23000,0.0,0.0
2022-12-21 00:00:00-05:00,0.8999999761581421,0.8999999761581421,0.8069999814033508,0.8119999766349792,21500,0.0,0.0
2022-12-22 00:00:00-05:00,0.8069999814033508,0.9810000061988831,0.800000011920929,0.9810000061988831,9600,0.0,0.0
2022-12-23 00:00:00-05:00,0.828000009059906,0.972000002861023,0.8100000023841858,0.972000002861023,19300,0.0,0.0
2022-12-27 00:00:00-05:00,0.9100000262260437,0.9290000200271606,0.8069999814033508,0.8199999928474426,13800,0.0,0.0
2022-12-28 00:00:00-05:00,0.7900000214576721,0.8100000023841858,0.6899999976158142,0.699999988079071,24000,0.0,0.0
2022-12-29 00:00:00-05:00,0.6700000166893005,0.8100000023841858,0.6480000019073486,0.746999979019165,15600,0.0,0.0
2022-12-30 00:00:00-05:00,0.6899999976158142,0.7900000214576721,0.6230000257492065,0.6819999814033508,53300,0.0,0.0
2023-01-03 00:00:00-05:00,0.699999988079071,0.699999988079071,0.6100000143051147,0.6499999761581421,17300,0.0,0.0
2023-01-04 00:00:00-05:00,0.6299999952316284,0.6949999928474426,0.6100000143051147,0.6740000247955322,9400,0.0,0.0
2023-01-05 00:00:00-05:00,0.7429999709129333,0.8330000042915344,0.6600000262260437,0.7940000295639038,38000,0.0,0.0
2023-01-06 00:00:00-05:00,0.9760000109672546,0.9760000109672546,0.800000011920929,0.878000020980835,574800,0.0,0.0
2023-01-09 00:00:00-05:00,1.4900000095367432,2.4100000858306885,1.3300000429153442,1.7999999523162842,95031700,0.0,0.0
2023-01-10 00:00:00-05:00,1.5299999713897705,1.9500000476837158,1.4600000381469727,1.8700000047683716,4030500,0.0,0.0
2023-01-11 00:00:00-05:00,1.8200000524520874,2.880000114440918,1.6510000228881836,2.0999999046325684,6535500,0.0,0.0
2023-01-12 00:00:00-05:00,1.9500000476837158,2.700000047683716,1.9420000314712524,2.2799999713897705,2193400,0.0,0.0
2023-01-13 00:00:00-05:00,2.299999952316284,2.3499999046325684,1.899999976158142,1.9700000286102295,684300,0.0,0.0
2023-01-17 00:00:00-05:00,1.9700000286102295,1.9700000286102295,1.690000057220459,1.7699999809265137,341300,0.0,0.0
2023-01-18 00:00:00-05:00,1.7300000190734863,1.9500000476837158,1.7100000381469727,1.7899999618530273,169800,0.0,0.0
2023-01-19 00:00:00-05:00,2.1700000762939453,2.1700000762939453,1.8200000524520874,1.9299999475479126,7992200,0.0,0.0
2023-01-20 00:00:00-05:00,1.8799999952316284,2.049999952316284,1.7899999618530273,2.0,593500,0.0,0.0
2023-01-23 00:00:00-05:00,1.9600000381469727,2.0299999713897705,1.7999999523162842,1.8300000429153442,223100,0.0,0.0
2023-01-24 00:00:00-05:00,1.8600000143051147,2.1500000953674316,1.7599999904632568,1.9900000095367432,696400,0.0,0.0
2023-01-25 00:00:00-05:00,1.9800000190734863,2.119999885559082,1.9500000476837158,1.9900000095367432,308000,0.0,0.0
2023-01-26 00:00:00-05:00,2.0799999237060547,2.240000009536743,2.0,2.130000114440918,394300,0.0,0.0
2023-01-27 00:00:00-05:00,2.1500000953674316,2.2699999809265137,1.909999966621399,1.9700000286102295,354600,0.0,0.0
2023-01-30 00:00:00-05:00,2.0299999713897705,2.049999952316284,1.7999999523162842,1.809999942779541,180800,0.0,0.0
2023-01-31 00:00:00-05:00,1.809999942779541,1.8300000429153442,1.600000023841858,1.6799999475479126,230100,0.0,0.0
2023-02-01 00:00:00-05:00,1.6799999475479126,1.7400000095367432,1.5299999713897705,1.6100000143051147,108000,0.0,0.0
2023-02-02 00:00:00-05:00,1.6699999570846558,1.75,1.63100004196167,1.7400000095367432,91000,0.0,0.0
2023-02-03 00:00:00-05:00,1.7300000190734863,1.781000018119812,1.656000018119812,1.659999966621399,54900,0.0,0.0
2023-02-06 00:00:00-05:00,1.7400000095367432,1.75,1.5,1.5700000524520874,107800,0.0,0.0
2023-02-07 00:00:00-05:00,1.6100000143051147,1.6100000143051147,1.4700000286102295,1.4900000095367432,81000,0.0,0.0
2023-02-08 00:00:00-05:00,1.5099999904632568,1.5499999523162842,1.3899999856948853,1.409999966621399,151100,0.0,0.0
2023-02-09 00:00:00-05:00,1.3899999856948853,1.4500000476837158,1.350000023841858,1.350000023841858,89400,0.0,0.0
2023-02-10 00:00:00-05:00,1.2999999523162842,1.3200000524520874,0.9449999928474426,0.9940000176429749,341400,0.0,0.0
2023-02-13 00:00:00-05:00,1.0399999618530273,1.2979999780654907,1.0099999904632568,1.1799999475479126,302000,0.0,0.0
2023-02-14 00:00:00-05:00,1.149999976158142,1.2599999904632568,1.13100004196167,1.2200000286102295,93700,0.0,0.0
2023-02-15 00:00:00-05:00,1.25,1.340000033378601,1.1200000047683716,1.159999966621399,108000,0.0,0.0
2023-02-16 00:00:00-05:00,1.059999942779541,1.159999966621399,0.949999988079071,0.949999988079071,86700,0.0,0.0
2023-02-17 00:00:00-05:00,1.0499999523162842,1.7100000381469727,1.0399999618530273,1.3700000047683716,8339600,0.0,0.0
2023-02-21 00:00:00-05:00,1.3600000143051147,1.4800000190734863,1.2000000476837158,1.4800000190734863,748200,0.0,0.0
2023-02-22 00:00:00-05:00,1.4500000476837158,1.5,1.3550000190734863,1.4199999570846558,269400,0.0,0.0
2023-02-23 00:00:00-05:00,1.3799999952316284,1.4110000133514404,1.2400000095367432,1.350000023841858,153600,0.0,0.0
2023-02-24 00:00:00-05:00,1.3300000429153442,1.340000033378601,1.2599999904632568,1.2999999523162842,72300,0.0,0.0
2023-02-27 00:00:00-05:00,1.3300000429153442,1.350000023841858,0.8040000200271606,0.8679999709129333,575900,0.0,0.0
2023-02-28 00:00:00-05:00,0.8799999952316284,0.9459999799728394,0.8709999918937683,0.8999999761581421,303300,0.0,0.0
2023-03-01 00:00:00-05:00,0.8870000243186951,0.8999999761581421,0.8600000143051147,0.8600000143051147,57000,0.0,0.0
2023-03-02 00:00:00-05:00,0.8899999856948853,0.8999999761581421,0.75,0.7599999904632568,191600,0.0,0.0
2023-03-03 00:00:00-05:00,0.75,0.7699999809265137,0.6620000004768372,0.7549999952316284,241300,0.0,0.0
2023-03-06 00:00:00-05:00,0.75,0.906000018119812,0.7300000190734863,0.906000018119812,369000,0.0,0.0
2023-03-07 00:00:00-05:00,0.8700000047683716,0.9200000166893005,0.8510000109672546,0.8999999761581421,140100,0.0,0.0
2023-03-08 00:00:00-05:00,0.8799999952316284,0.8999999761581421,0.8529999852180481,0.8999999761581421,103400,0.0,0.0
2023-03-09 00:00:00-05:00,0.8999999761581421,0.8999999761581421,0.8009999990463257,0.8399999737739563,57200,0.0,0.0
2023-03-10 00:00:00-05:00,0.8600000143051147,0.8600000143051147,0.800000011920929,0.8299999833106995,69000,0.0,0.0
2023-03-13 00:00:00-04:00,0.796999990940094,0.8799999952316284,0.7429999709129333,0.7839999794960022,156200,0.0,0.0
2023-03-14 00:00:00-04:00,0.7509999871253967,0.8199999928474426,0.7509999871253967,0.7599999904632568,61500,0.0,0.0
2023-03-15 00:00:00-04:00,0.7900000214576721,0.7900000214576721,0.75,0.753000020980835,28500,0.0,0.0
2023-03-16 00:00:00-04:00,0.7799999713897705,0.7900000214576721,0.7149999737739563,0.7419999837875366,84600,0.0,0.0
2023-03-17 00:00:00-04:00,0.7799999713897705,0.800000011920929,0.6930000185966492,0.6930000185966492,148600,0.0,0.0
2023-03-20 00:00:00-04:00,0.7300000190734863,0.7900000214576721,0.6209999918937683,0.6499999761581421,199900,0.0,0.0
2023-03-21 00:00:00-04:00,0.6309999823570251,0.6800000071525574,0.6209999918937683,0.6269999742507935,55400,0.0,0.0
2023-03-22 00:00:00-04:00,0.628000020980835,0.628000020980835,0.4740000069141388,0.4970000088214874,283000,0.0,0.0
2023-03-23 00:00:00-04:00,0.5,0.5400000214576721,0.4099999964237213,0.4880000054836273,267800,0.0,0.0
2023-03-24 00:00:00-04:00,0.46799999475479126,0.5,0.46000000834465027,0.48100000619888306,65700,0.0,0.0
2023-03-27 00:00:00-04:00,0.5049999952316284,0.550000011920929,0.49000000953674316,0.5199999809265137,38100,0.0,0.0
2023-03-28 00:00:00-04:00,0.5199999809265137,0.5199999809265137,0.4699999988079071,0.47200000286102295,125000,0.0,0.0
2023-03-29 00:00:00-04:00,0.4699999988079071,0.5,0.4699999988079071,0.4749999940395355,11800,0.0,0.0
2023-03-30 00:00:00-04:00,0.4699999988079071,0.49000000953674316,0.46000000834465027,0.48399999737739563,34600,0.0,0.0
2023-03-31 00:00:00-04:00,0.5099999904632568,0.5099999904632568,0.46000000834465027,0.4869999885559082,41600,0.0,0.0
2023-04-03 00:00:00-04:00,0.5,0.5,0.4959999918937683,0.4970000088214874,38500,0.0,0.0
2023-04-04 00:00:00-04:00,0.5199999809265137,0.5199999809265137,0.4620000123977661,0.5,61000,0.0,0.0
2023-04-05 00:00:00-04:00,0.5099999904632568,0.5199999809265137,0.47999998927116394,0.5170000195503235,17200,0.0,0.0
2023-04-06 00:00:00-04:00,0.5199999809265137,0.550000011920929,0.5,0.5099999904632568,14800,0.0,0.0
2023-04-10 00:00:00-04:00,0.5199999809265137,0.6000000238418579,0.4860000014305115,0.5099999904632568,69500,0.0,0.0
2023-04-11 00:00:00-04:00,0.5299999713897705,0.6000000238418579,0.5299999713897705,0.5699999928474426,148300,0.0,0.0
2023-04-12 00:00:00-04:00,0.6200000047683716,0.6970000267028809,0.5699999928474426,0.6200000047683716,116700,0.0,0.0
2023-04-13 00:00:00-04:00,0.6200000047683716,0.6399999856948853,0.5699999928474426,0.6000000238418579,64700,0.0,0.0
2023-04-14 00:00:00-04:00,0.5799999833106995,0.6200000047683716,0.5699999928474426,0.5799999833106995,43800,0.0,0.0
2023-04-17 00:00:00-04:00,0.5699999928474426,0.6000000238418579,0.47200000286102295,0.5379999876022339,63000,0.0,0.0
2023-04-18 00:00:00-04:00,0.5299999713897705,0.6150000095367432,0.5099999904632568,0.5630000233650208,22700,0.0,0.0
2023-04-19 00:00:00-04:00,0.5609999895095825,0.5699999928474426,0.4749999940395355,0.49900001287460327,79900,0.0,0.0
2023-04-20 00:00:00-04:00,0.49900001287460327,0.5090000033378601,0.49000000953674316,0.49000000953674316,24500,0.0,0.0
2023-04-21 00:00:00-04:00,0.49000000953674316,0.5040000081062317,0.4620000123977661,0.47099998593330383,30000,0.0,0.0
2023-04-24 00:00:00-04:00,0.4699999988079071,0.550000011920929,0.4699999988079071,0.5,110500,0.0,0.0
2023-04-25 00:00:00-04:00,0.5099999904632568,0.5099999904632568,0.4300000071525574,0.45500001311302185,99200,0.0,0.0
2023-04-26 00:00:00-04:00,0.44999998807907104,0.4860000014305115,0.44999998807907104,0.4699999988079071,6100,0.0,0.0
2023-04-27 00:00:00-04:00,0.47999998927116394,0.5199999809265137,0.45500001311302185,0.45899999141693115,217500,0.0,0.0
2023-04-28 00:00:00-04:00,0.4650000035762787,0.5199999809265137,0.46000000834465027,0.4860000014305115,171300,0.0,0.0
2023-05-01 00:00:00-04:00,0.5,0.5,0.34299999475479126,0.41499999165534973,176900,0.0,0.0
2023-05-02 00:00:00-04:00,0.42500001192092896,0.4449999928474426,0.38100001215934753,0.38100001215934753,101600,0.0,0.0
2023-05-03 00:00:00-04:00,0.4099999964237213,0.6899999976158142,0.4099999964237213,0.5139999985694885,439200,0.0,0.0
2023-05-04 00:00:00-04:00,0.5400000214576721,0.5400000214576721,0.44999998807907104,0.44999998807907104,114300,0.0,0.0
2023-05-05 00:00:00-04:00,0.41999998688697815,0.5109999775886536,0.4000000059604645,0.4000000059604645,166600,0.0,0.0
2023-05-08 00:00:00-04:00,0.43799999356269836,0.4699999988079071,0.4000000059604645,0.4300000071525574,47500,0.0,0.0
2023-05-09 00:00:00-04:00,0.4399999976158142,0.44999998807907104,0.4000000059604645,0.4000000059604645,21000,0.0,0.0
2023-05-10 00:00:00-04:00,0.4099999964237213,0.4399999976158142,0.3799999952316284,0.3799999952316284,32900,0.0,0.0
2023-05-11 00:00:00-04:00,0.42800000309944153,0.4300000071525574,0.375,0.375,76000,0.0,0.0
2023-05-12 00:00:00-04:00,0.4020000100135803,0.40799999237060547,0.35199999809265137,0.35199999809265137,42800,0.0,0.0
2023-05-15 00:00:00-04:00,0.35600000619888306,0.36000001430511475,0.3310000002384186,0.3400000035762787,166100,0.0,0.0
2023-05-16 00:00:00-04:00,0.3569999933242798,0.36000001430511475,0.3569999933242798,0.3580000102519989,34300,0.0,0.0
2023-05-17 00:00:00-04:00,0.36000001430511475,0.38999998569488525,0.3400000035762787,0.3790000081062317,66200,0.0,0.0
2023-05-18 00:00:00-04:00,0.36000001430511475,0.4300000071525574,0.36000001430511475,0.4099999964237213,36500,0.0,0.0
2023-05-19 00:00:00-04:00,0.4000000059604645,0.4099999964237213,0.3799999952316284,0.4059999883174896,17500,0.0,0.0
2023-05-22 00:00:00-04:00,0.3700000047683716,0.4000000059604645,0.3499999940395355,0.38499999046325684,14400,0.0,0.0
2023-05-23 00:00:00-04:00,0.40400001406669617,0.40400001406669617,0.36000001430511475,0.4000000059604645,25200,0.0,0.0
2023-05-24 00:00:00-04:00,0.5680000185966492,0.628000020980835,0.49000000953674316,0.5799999833106995,10141100,0.0,0.0
2023-05-25 00:00:00-04:00,0.5299999713897705,0.574999988079071,0.44999998807907104,0.49799999594688416,1564200,0.0,0.0
2023-05-26 00:00:00-04:00,0.47999998927116394,0.5799999833106995,0.47099998593330383,0.5400000214576721,903400,0.0,0.0
2023-05-30 00:00:00-04:00,0.5690000057220459,0.5690000057220459,0.5400000214576721,0.5400000214576721,249200,0.0,0.0
2023-05-31 00:00:00-04:00,0.5600000023841858,0.5600000023841858,0.5299999713897705,0.5360000133514404,70000,0.0,0.0
2023-06-01 00:00:00-04:00,0.5360000133514404,0.5699999928474426,0.5199999809265137,0.550000011920929,143600,0.0,0.0
2023-06-02 00:00:00-04:00,0.5600000023841858,0.5699999928474426,0.5260000228881836,0.5600000023841858,126900,0.0,0.0
2023-06-05 00:00:00-04:00,0.5600000023841858,0.5640000104904175,0.5199999809265137,0.5339999794960022,112800,0.0,0.0
2023-06-06 00:00:00-04:00,0.531000018119812,0.550000011920929,0.5199999809265137,0.5379999876022339,74300,0.0,0.0
2023-06-07 00:00:00-04:00,0.531000018119812,0.5440000295639038,0.5,0.5180000066757202,72300,0.0,0.0
2023-06-08 00:00:00-04:00,0.5019999742507935,0.5199999809265137,0.4620000123977661,0.4909999966621399,200200,0.0,0.0
2023-06-09 00:00:00-04:00,0.4779999852180481,0.5009999871253967,0.4300000071525574,0.4749999940395355,226000,0.0,0.0
2023-06-12 00:00:00-04:00,0.47099998593330383,0.5,0.46000000834465027,0.49000000953674316,38000,0.0,0.0
2023-06-13 00:00:00-04:00,0.49000000953674316,0.5199999809265137,0.47099998593330383,0.5,114900,0.0,0.0
2023-06-14 00:00:00-04:00,0.5120000243186951,0.5199999809265137,0.4880000054836273,0.4880000054836273,140200,0.0,0.0
2023-06-15 00:00:00-04:00,0.4880000054836273,0.5,0.48399999737739563,0.4909999966621399,74000,0.0,0.0
2023-06-16 00:00:00-04:00,0.47999998927116394,0.4909999966621399,0.46799999475479126,0.4909999966621399,432200,0.0,0.0
2023-06-20 00:00:00-04:00,0.47600001096725464,0.4909999966621399,0.46000000834465027,0.4699999988079071,19800,0.0,0.0
2023-06-21 00:00:00-04:00,0.4429999887943268,0.4699999988079071,0.4300000071525574,0.4620000123977661,131800,0.0,0.0
2023-06-22 00:00:00-04:00,0.4399999976158142,0.460999995470047,0.43700000643730164,0.43700000643730164,9700,0.0,0.0
2023-06-23 00:00:00-04:00,0.4429999887943268,0.4699999988079071,0.4000000059604645,0.4399999976158142,33200,0.0,0.0
2023-06-26 00:00:00-04:00,0.4180000126361847,0.4399999976158142,0.4050000011920929,0.4129999876022339,30600,0.0,0.0
2023-06-27 00:00:00-04:00,0.4059999883174896,0.4059999883174896,0.38600000739097595,0.4020000100135803,59300,0.0,0.0
2023-06-28 00:00:00-04:00,0.39399999380111694,0.44999998807907104,0.39399999380111694,0.41600000858306885,74100,0.0,0.0
2023-06-29 00:00:00-04:00,0.41600000858306885,0.44200000166893005,0.41600000858306885,0.42500001192092896,48700,0.0,0.0
2023-06-30 00:00:00-04:00,0.4399999976158142,0.4399999976158142,0.41499999165534973,0.4300000071525574,11200,0.0,0.0
2023-07-03 00:00:00-04:00,0.4099999964237213,0.4399999976158142,0.4099999964237213,0.4300000071525574,5800,0.0,0.0
2023-07-05 00:00:00-04:00,0.41499999165534973,0.42800000309944153,0.4099999964237213,0.42800000309944153,50000,0.0,0.0
2023-07-06 00:00:00-04:00,0.4399999976158142,0.4399999976158142,0.4000000059604645,0.4059999883174896,26900,0.0,0.0
2023-07-07 00:00:00-04:00,0.4300000071525574,0.4309999942779541,0.40799999237060547,0.41999998688697815,24300,0.0,0.0
2023-07-10 00:00:00-04:00,0.42800000309944153,0.46799999475479126,0.4269999861717224,0.4399999976158142,65400,0.0,0.0
2023-07-11 00:00:00-04:00,0.4779999852180481,0.5419999957084656,0.4399999976158142,0.4699999988079071,141700,0.0,0.0
2023-07-12 00:00:00-04:00,0.4749999940395355,0.4749999940395355,0.4519999921321869,0.4569999873638153,11700,0.0,0.0
2023-07-13 00:00:00-04:00,0.45100000500679016,0.4779999852180481,0.45100000500679016,0.4650000035762787,10800,0.0,0.0
2023-07-14 00:00:00-04:00,0.4650000035762787,0.47999998927116394,0.45100000500679016,0.45899999141693115,21100,0.0,0.0
2023-07-17 00:00:00-04:00,0.4359999895095825,0.5199999809265137,0.4359999895095825,0.4880000054836273,34900,0.0,0.0
2023-07-18 00:00:00-04:00,0.4787999987602234,0.4797999858856201,0.46000000834465027,0.4724000096321106,39536,0.0,0.0
