Date,Open,High,Low,Close,Volume,Dividends,Stock Splits
2021-10-06 00:00:00-04:00,9.619999885559082,9.619999885559082,9.619999885559082,9.619999885559082,600000,0.0,0.0
2021-10-07 00:00:00-04:00,9.619999885559082,9.619999885559082,9.619999885559082,9.619999885559082,0,0.0,0.0
2021-10-08 00:00:00-04:00,9.619999885559082,9.619999885559082,9.619999885559082,9.619999885559082,0,0.0,0.0
2021-10-11 00:00:00-04:00,9.619999885559082,9.619999885559082,9.619999885559082,9.619999885559082,0,0.0,0.0
2021-10-12 00:00:00-04:00,9.800000190734863,9.800000190734863,9.704999923706055,9.704999923706055,1700,0.0,0.0
2021-10-13 00:00:00-04:00,9.65999984741211,9.65999984741211,9.65999984741211,9.65999984741211,500,0.0,0.0
2021-10-14 00:00:00-04:00,10.760000228881836,10.760000228881836,9.699999809265137,9.739999771118164,6000,0.0,0.0
2021-10-15 00:00:00-04:00,9.739999771118164,9.739999771118164,9.739999771118164,9.739999771118164,0,0.0,0.0
2021-10-18 00:00:00-04:00,9.800000190734863,9.800000190734863,9.800000190734863,9.800000190734863,200,0.0,0.0
2021-10-19 00:00:00-04:00,9.800000190734863,9.800000190734863,9.800000190734863,9.800000190734863,0,0.0,0.0
2021-10-20 00:00:00-04:00,9.800000190734863,9.800000190734863,9.800000190734863,9.800000190734863,100,0.0,0.0
2021-10-21 00:00:00-04:00,9.710000038146973,9.710000038146973,9.710000038146973,9.710000038146973,220000,0.0,0.0
2021-10-22 00:00:00-04:00,9.710000038146973,9.710000038146973,9.710000038146973,9.710000038146973,0,0.0,0.0
2021-10-25 00:00:00-04:00,9.760000228881836,9.760000228881836,9.760000228881836,9.760000228881836,300,0.0,0.0
2021-10-26 00:00:00-04:00,9.75,9.751999855041504,9.75,9.75,200000,0.0,0.0
2021-10-27 00:00:00-04:00,9.75,9.75,9.75,9.75,0,0.0,0.0
2021-10-28 00:00:00-04:00,9.75,9.75,9.75,9.75,0,0.0,0.0
2021-10-29 00:00:00-04:00,9.720000267028809,9.720000267028809,9.720000267028809,9.720000267028809,300,0.0,0.0
2021-11-01 00:00:00-04:00,9.6850004196167,9.6899995803833,9.670000076293945,9.680000305175781,88500,0.0,0.0
2021-11-02 00:00:00-04:00,9.680000305175781,9.680000305175781,9.680000305175781,9.680000305175781,0,0.0,0.0
2021-11-03 00:00:00-04:00,9.699999809265137,9.699999809265137,9.680000305175781,9.680000305175781,2200,0.0,0.0
2021-11-04 00:00:00-04:00,9.680000305175781,9.680000305175781,9.680000305175781,9.680000305175781,0,0.0,0.0
2021-11-05 00:00:00-04:00,9.680000305175781,9.680000305175781,9.680000305175781,9.680000305175781,0,0.0,0.0
2021-11-08 00:00:00-05:00,9.670000076293945,9.699999809265137,9.670000076293945,9.699999809265137,7800,0.0,0.0
2021-11-09 00:00:00-05:00,9.694999694824219,9.694999694824219,9.694999694824219,9.694999694824219,100,0.0,0.0
2021-11-10 00:00:00-05:00,9.670000076293945,9.670000076293945,9.670000076293945,9.670000076293945,300,0.0,0.0
2021-11-11 00:00:00-05:00,9.670000076293945,9.670000076293945,9.670000076293945,9.670000076293945,0,0.0,0.0
2021-11-12 00:00:00-05:00,9.680000305175781,9.729999542236328,9.675000190734863,9.699999809265137,7700,0.0,0.0
2021-11-15 00:00:00-05:00,9.699999809265137,9.699999809265137,9.699999809265137,9.699999809265137,0,0.0,0.0
2021-11-16 00:00:00-05:00,9.694999694824219,9.75,9.694999694824219,9.75,6400,0.0,0.0
2021-11-17 00:00:00-05:00,9.699999809265137,9.75,9.699999809265137,9.75,7000,0.0,0.0
2021-11-18 00:00:00-05:00,9.75,9.75,9.75,9.75,0,0.0,0.0
2021-11-19 00:00:00-05:00,9.75,9.75,9.75,9.75,0,0.0,0.0
2021-11-22 00:00:00-05:00,9.75,9.75,9.75,9.75,0,0.0,0.0
2021-11-23 00:00:00-05:00,9.729999542236328,9.75,9.71500015258789,9.739999771118164,6700,0.0,0.0
2021-11-24 00:00:00-05:00,9.739999771118164,9.739999771118164,9.739999771118164,9.739999771118164,0,0.0,0.0
2021-11-26 00:00:00-05:00,9.739999771118164,9.739999771118164,9.739999771118164,9.739999771118164,0,0.0,0.0
2021-11-29 00:00:00-05:00,9.699999809265137,9.699999809265137,9.699999809265137,9.699999809265137,300,0.0,0.0
2021-11-30 00:00:00-05:00,9.699999809265137,9.84000015258789,9.699999809265137,9.84000015258789,2200,0.0,0.0
2021-12-01 00:00:00-05:00,9.84000015258789,9.84000015258789,9.84000015258789,9.84000015258789,10100,0.0,0.0
2021-12-02 00:00:00-05:00,9.84000015258789,9.84000015258789,9.84000015258789,9.84000015258789,0,0.0,0.0
2021-12-03 00:00:00-05:00,9.84000015258789,9.84000015258789,9.84000015258789,9.84000015258789,0,0.0,0.0
2021-12-06 00:00:00-05:00,9.84000015258789,9.84000015258789,9.84000015258789,9.84000015258789,0,0.0,0.0
2021-12-07 00:00:00-05:00,9.699999809265137,9.829999923706055,9.699999809265137,9.765000343322754,25500,0.0,0.0
2021-12-08 00:00:00-05:00,9.800000190734863,9.800000190734863,9.739999771118164,9.770000457763672,253400,0.0,0.0
2021-12-09 00:00:00-05:00,9.770000457763672,9.770000457763672,9.770000457763672,9.770000457763672,100,0.0,0.0
2021-12-10 00:00:00-05:00,9.739999771118164,9.739999771118164,9.739999771118164,9.739999771118164,200,0.0,0.0
2021-12-13 00:00:00-05:00,9.739999771118164,9.739999771118164,9.739999771118164,9.739999771118164,0,0.0,0.0
2021-12-14 00:00:00-05:00,9.739999771118164,9.739999771118164,9.739999771118164,9.739999771118164,4200,0.0,0.0
2021-12-15 00:00:00-05:00,9.739999771118164,9.739999771118164,9.739999771118164,9.739999771118164,0,0.0,0.0
2021-12-16 00:00:00-05:00,9.739999771118164,9.739999771118164,9.739999771118164,9.739999771118164,0,0.0,0.0
2021-12-17 00:00:00-05:00,9.739999771118164,9.739999771118164,9.739999771118164,9.739999771118164,0,0.0,0.0
2021-12-20 00:00:00-05:00,9.739999771118164,9.739999771118164,9.739999771118164,9.739999771118164,0,0.0,0.0
2021-12-21 00:00:00-05:00,9.739999771118164,9.739999771118164,9.739999771118164,9.739999771118164,0,0.0,0.0
2021-12-22 00:00:00-05:00,9.739999771118164,9.739999771118164,9.739999771118164,9.739999771118164,0,0.0,0.0
2021-12-23 00:00:00-05:00,9.739999771118164,9.739999771118164,9.739999771118164,9.739999771118164,0,0.0,0.0
2021-12-27 00:00:00-05:00,9.739999771118164,9.739999771118164,9.739999771118164,9.739999771118164,0,0.0,0.0
2021-12-28 00:00:00-05:00,9.739999771118164,9.739999771118164,9.739999771118164,9.739999771118164,0,0.0,0.0
2021-12-29 00:00:00-05:00,9.739999771118164,9.739999771118164,9.739999771118164,9.739999771118164,0,0.0,0.0
2021-12-30 00:00:00-05:00,9.789999961853027,9.829999923706055,9.789999961853027,9.819999694824219,4700,0.0,0.0
2021-12-31 00:00:00-05:00,9.819999694824219,9.819999694824219,9.819999694824219,9.819999694824219,0,0.0,0.0
2022-01-03 00:00:00-05:00,9.819999694824219,9.819999694824219,9.819999694824219,9.819999694824219,0,0.0,0.0
2022-01-04 00:00:00-05:00,9.720000267028809,9.75,9.699999809265137,9.75,7100,0.0,0.0
2022-01-05 00:00:00-05:00,9.75,9.75,9.75,9.75,0,0.0,0.0
2022-01-06 00:00:00-05:00,9.6899995803833,9.70199966430664,9.6899995803833,9.70199966430664,300,0.0,0.0
2022-01-07 00:00:00-05:00,9.6899995803833,9.699999809265137,9.6899995803833,9.699999809265137,1400,0.0,0.0
2022-01-10 00:00:00-05:00,9.65999984741211,9.680000305175781,9.65999984741211,9.680000305175781,600,0.0,0.0
2022-01-11 00:00:00-05:00,9.680000305175781,9.680000305175781,9.680000305175781,9.680000305175781,0,0.0,0.0
2022-01-12 00:00:00-05:00,9.680000305175781,9.680000305175781,9.680000305175781,9.680000305175781,0,0.0,0.0
2022-01-13 00:00:00-05:00,9.680000305175781,9.680000305175781,9.680000305175781,9.680000305175781,0,0.0,0.0
2022-01-14 00:00:00-05:00,9.680000305175781,9.75,9.680000305175781,9.729999542236328,2800,0.0,0.0
2022-01-18 00:00:00-05:00,9.729999542236328,9.729999542236328,9.729999542236328,9.729999542236328,0,0.0,0.0
2022-01-19 00:00:00-05:00,9.729999542236328,9.729999542236328,9.729999542236328,9.729999542236328,0,0.0,0.0
2022-01-20 00:00:00-05:00,9.729999542236328,9.729999542236328,9.729999542236328,9.729999542236328,0,0.0,0.0
2022-01-21 00:00:00-05:00,9.729999542236328,9.729999542236328,9.729999542236328,9.729999542236328,0,0.0,0.0
2022-01-24 00:00:00-05:00,9.729999542236328,9.729999542236328,9.729999542236328,9.729999542236328,0,0.0,0.0
2022-01-25 00:00:00-05:00,9.729999542236328,9.729999542236328,9.729999542236328,9.729999542236328,0,0.0,0.0
2022-01-26 00:00:00-05:00,9.680000305175781,9.680000305175781,9.680000305175781,9.680000305175781,400,0.0,0.0
2022-01-27 00:00:00-05:00,9.680000305175781,9.680000305175781,9.680000305175781,9.680000305175781,0,0.0,0.0
2022-01-28 00:00:00-05:00,9.680000305175781,9.680000305175781,9.680000305175781,9.680000305175781,0,0.0,0.0
2022-01-31 00:00:00-05:00,9.649999618530273,9.649999618530273,9.649999618530273,9.649999618530273,300,0.0,0.0
2022-02-01 00:00:00-05:00,9.75,9.75,9.649999618530273,9.649999618530273,4900,0.0,0.0
2022-02-02 00:00:00-05:00,9.649999618530273,9.649999618530273,9.649999618530273,9.649999618530273,0,0.0,0.0
2022-02-03 00:00:00-05:00,9.649999618530273,9.649999618530273,9.649999618530273,9.649999618530273,0,0.0,0.0
2022-02-04 00:00:00-05:00,9.649999618530273,9.649999618530273,9.649999618530273,9.649999618530273,0,0.0,0.0
2022-02-07 00:00:00-05:00,9.649999618530273,9.649999618530273,9.649999618530273,9.649999618530273,0,0.0,0.0
2022-02-08 00:00:00-05:00,9.649999618530273,9.649999618530273,9.649999618530273,9.649999618530273,0,0.0,0.0
2022-02-09 00:00:00-05:00,9.649999618530273,9.649999618530273,9.649999618530273,9.649999618530273,0,0.0,0.0
2022-02-10 00:00:00-05:00,9.649999618530273,9.649999618530273,9.649999618530273,9.649999618530273,80000,0.0,0.0
2022-02-11 00:00:00-05:00,9.649999618530273,9.649999618530273,9.649999618530273,9.649999618530273,0,0.0,0.0
2022-02-14 00:00:00-05:00,9.649999618530273,9.649999618530273,9.649999618530273,9.649999618530273,0,0.0,0.0
2022-02-15 00:00:00-05:00,9.729999542236328,10.779999732971191,9.729999542236328,9.9399995803833,4500,0.0,0.0
2022-02-16 00:00:00-05:00,9.9399995803833,9.9399995803833,9.9399995803833,9.9399995803833,0,0.0,0.0
2022-02-17 00:00:00-05:00,9.9399995803833,9.9399995803833,9.9399995803833,9.9399995803833,4700,0.0,0.0
2022-02-18 00:00:00-05:00,9.9399995803833,9.9399995803833,9.9399995803833,9.9399995803833,0,0.0,0.0
2022-02-22 00:00:00-05:00,9.9399995803833,9.9399995803833,9.9399995803833,9.9399995803833,0,0.0,0.0
2022-02-23 00:00:00-05:00,9.630000114440918,9.630000114440918,9.630000114440918,9.630000114440918,300,0.0,0.0
2022-02-24 00:00:00-05:00,9.600000381469727,9.630000114440918,9.59000015258789,9.609999656677246,253300,0.0,0.0
2022-02-25 00:00:00-05:00,9.600000381469727,9.630000114440918,9.585000038146973,9.619999885559082,8500,0.0,0.0
2022-02-28 00:00:00-05:00,9.619999885559082,9.619999885559082,9.619999885559082,9.619999885559082,0,0.0,0.0
2022-03-01 00:00:00-05:00,9.600000381469727,9.600000381469727,9.600000381469727,9.600000381469727,186000,0.0,0.0
2022-03-02 00:00:00-05:00,9.600000381469727,9.600000381469727,9.600000381469727,9.600000381469727,0,0.0,0.0
2022-03-03 00:00:00-05:00,9.625,9.649999618530273,9.625,9.649999618530273,3900,0.0,0.0
2022-03-04 00:00:00-05:00,9.649999618530273,9.649999618530273,9.649999618530273,9.649999618530273,0,0.0,0.0
2022-03-07 00:00:00-05:00,9.649999618530273,9.649999618530273,9.649999618530273,9.649999618530273,237100,0.0,0.0
2022-03-08 00:00:00-05:00,9.649999618530273,9.649999618530273,9.649999618530273,9.649999618530273,504100,0.0,0.0
2022-03-09 00:00:00-05:00,9.640000343322754,9.649999618530273,9.640000343322754,9.649999618530273,97100,0.0,0.0
2022-03-10 00:00:00-05:00,9.609999656677246,9.699999809265137,9.609999656677246,9.699999809265137,200,0.0,0.0
2022-03-11 00:00:00-05:00,9.649999618530273,9.649999618530273,9.649999618530273,9.649999618530273,205700,0.0,0.0
2022-03-14 00:00:00-04:00,9.630000114440918,9.630000114440918,9.619999885559082,9.619999885559082,32500,0.0,0.0
2022-03-15 00:00:00-04:00,9.609999656677246,9.609999656677246,9.609999656677246,9.609999656677246,200,0.0,0.0
2022-03-16 00:00:00-04:00,9.619999885559082,9.619999885559082,9.609999656677246,9.619999885559082,3000,0.0,0.0
2022-03-17 00:00:00-04:00,9.619999885559082,9.619999885559082,9.619999885559082,9.619999885559082,200,0.0,0.0
2022-03-18 00:00:00-04:00,9.619999885559082,9.619999885559082,9.619999885559082,9.619999885559082,0,0.0,0.0
2022-03-21 00:00:00-04:00,9.619999885559082,9.619999885559082,9.619999885559082,9.619999885559082,0,0.0,0.0
2022-03-22 00:00:00-04:00,9.619999885559082,9.619999885559082,9.619999885559082,9.619999885559082,0,0.0,0.0
2022-03-23 00:00:00-04:00,9.619999885559082,9.619999885559082,9.619999885559082,9.619999885559082,0,0.0,0.0
2022-03-24 00:00:00-04:00,9.619999885559082,9.619999885559082,9.619999885559082,9.619999885559082,0,0.0,0.0
2022-03-25 00:00:00-04:00,9.630000114440918,9.630000114440918,9.630000114440918,9.630000114440918,200,0.0,0.0
2022-03-28 00:00:00-04:00,9.630000114440918,9.630000114440918,9.630000114440918,9.630000114440918,0,0.0,0.0
2022-03-29 00:00:00-04:00,9.630000114440918,9.630000114440918,9.630000114440918,9.630000114440918,0,0.0,0.0
2022-03-30 00:00:00-04:00,9.630000114440918,9.630000114440918,9.630000114440918,9.630000114440918,0,0.0,0.0
2022-03-31 00:00:00-04:00,9.630000114440918,9.630000114440918,9.630000114440918,9.630000114440918,700,0.0,0.0
2022-04-01 00:00:00-04:00,9.630000114440918,9.630000114440918,9.630000114440918,9.630000114440918,13500,0.0,0.0
2022-04-04 00:00:00-04:00,9.630000114440918,9.630000114440918,9.630000114440918,9.630000114440918,0,0.0,0.0
2022-04-05 00:00:00-04:00,9.640000343322754,9.640000343322754,9.640000343322754,9.640000343322754,800,0.0,0.0
2022-04-06 00:00:00-04:00,9.65999984741211,9.670000076293945,9.640000343322754,9.670000076293945,4900,0.0,0.0
2022-04-07 00:00:00-04:00,9.670000076293945,9.670000076293945,9.670000076293945,9.670000076293945,0,0.0,0.0
2022-04-08 00:00:00-04:00,9.680000305175781,9.6899995803833,9.680000305175781,9.6899995803833,500,0.0,0.0
2022-04-11 00:00:00-04:00,9.6899995803833,9.699999809265137,9.670000076293945,9.670000076293945,53400,0.0,0.0
2022-04-12 00:00:00-04:00,9.670000076293945,9.699999809265137,9.670000076293945,9.699999809265137,1000,0.0,0.0
2022-04-13 00:00:00-04:00,9.710000038146973,9.710000038146973,9.710000038146973,9.710000038146973,100,0.0,0.0
2022-04-14 00:00:00-04:00,9.710000038146973,9.720000267028809,9.710000038146973,9.720000267028809,400,0.0,0.0
2022-04-18 00:00:00-04:00,9.739999771118164,9.739999771118164,9.704999923706055,9.704999923706055,200,0.0,0.0
2022-04-19 00:00:00-04:00,9.704999923706055,9.704999923706055,9.704999923706055,9.704999923706055,0,0.0,0.0
2022-04-20 00:00:00-04:00,9.704999923706055,9.704999923706055,9.704999923706055,9.704999923706055,0,0.0,0.0
2022-04-21 00:00:00-04:00,9.704999923706055,9.704999923706055,9.704999923706055,9.704999923706055,0,0.0,0.0
2022-04-22 00:00:00-04:00,9.704999923706055,9.704999923706055,9.704999923706055,9.704999923706055,0,0.0,0.0
2022-04-25 00:00:00-04:00,9.704999923706055,9.704999923706055,9.704999923706055,9.704999923706055,0,0.0,0.0
2022-04-26 00:00:00-04:00,9.704999923706055,9.704999923706055,9.704999923706055,9.704999923706055,0,0.0,0.0
2022-04-27 00:00:00-04:00,9.710000038146973,9.720000267028809,9.710000038146973,9.710000038146973,214300,0.0,0.0
2022-04-28 00:00:00-04:00,9.710000038146973,9.75,9.710000038146973,9.710000038146973,133700,0.0,0.0
2022-04-29 00:00:00-04:00,9.699999809265137,9.699999809265137,9.699999809265137,9.699999809265137,100,0.0,0.0
2022-05-02 00:00:00-04:00,9.710000038146973,9.710000038146973,9.710000038146973,9.710000038146973,129500,0.0,0.0
2022-05-03 00:00:00-04:00,9.710000038146973,9.710000038146973,9.710000038146973,9.710000038146973,300,0.0,0.0
2022-05-04 00:00:00-04:00,9.699999809265137,9.699999809265137,9.699999809265137,9.699999809265137,55000,0.0,0.0
2022-05-05 00:00:00-04:00,9.699999809265137,9.699999809265137,9.699999809265137,9.699999809265137,0,0.0,0.0
2022-05-06 00:00:00-04:00,9.699999809265137,9.699999809265137,9.699999809265137,9.699999809265137,293500,0.0,0.0
2022-05-09 00:00:00-04:00,9.699999809265137,9.699999809265137,9.680000305175781,9.680000305175781,44600,0.0,0.0
2022-05-10 00:00:00-04:00,9.680000305175781,9.680000305175781,9.680000305175781,9.680000305175781,0,0.0,0.0
2022-05-11 00:00:00-04:00,9.699999809265137,9.699999809265137,9.699999809265137,9.699999809265137,2000,0.0,0.0
2022-05-12 00:00:00-04:00,9.699999809265137,9.699999809265137,9.699999809265137,9.699999809265137,0,0.0,0.0
2022-05-13 00:00:00-04:00,9.649999618530273,9.649999618530273,9.619999885559082,9.649999618530273,400800,0.0,0.0
2022-05-16 00:00:00-04:00,9.640000343322754,9.640000343322754,9.619999885559082,9.640000343322754,125300,0.0,0.0
2022-05-17 00:00:00-04:00,9.630000114440918,9.640000343322754,9.630000114440918,9.640000343322754,23000,0.0,0.0
2022-05-18 00:00:00-04:00,9.710000038146973,10.300000190734863,9.630000114440918,9.630000114440918,6400,0.0,0.0
2022-05-19 00:00:00-04:00,9.710000038146973,10.300000190734863,9.645000457763672,9.645000457763672,500,0.0,0.0
2022-05-20 00:00:00-04:00,9.710000038146973,9.720000267028809,9.619999885559082,9.619999885559082,700,0.0,0.0
2022-05-23 00:00:00-04:00,9.640000343322754,9.640000343322754,9.630000114440918,9.640000343322754,17400,0.0,0.0
2022-05-24 00:00:00-04:00,9.645000457763672,9.645000457763672,9.640000343322754,9.640000343322754,5200,0.0,0.0
2022-05-25 00:00:00-04:00,9.640000343322754,9.640000343322754,9.640000343322754,9.640000343322754,0,0.0,0.0
2022-05-26 00:00:00-04:00,9.640000343322754,9.640000343322754,9.640000343322754,9.640000343322754,0,0.0,0.0
2022-05-27 00:00:00-04:00,9.710000038146973,9.710000038146973,9.675000190734863,9.675000190734863,27900,0.0,0.0
2022-05-31 00:00:00-04:00,9.710000038146973,9.710000038146973,9.640000343322754,9.65999984741211,2000,0.0,0.0
2022-06-01 00:00:00-04:00,9.65999984741211,9.65999984741211,9.65999984741211,9.65999984741211,0,0.0,0.0
2022-06-02 00:00:00-04:00,9.65999984741211,9.65999984741211,9.65999984741211,9.65999984741211,0,0.0,0.0
2022-06-03 00:00:00-04:00,9.649999618530273,9.649999618530273,9.640000343322754,9.649999618530273,29700,0.0,0.0
2022-06-06 00:00:00-04:00,9.649999618530273,9.649999618530273,9.649999618530273,9.649999618530273,0,0.0,0.0
2022-06-07 00:00:00-04:00,9.710000038146973,9.710000038146973,9.649999618530273,9.649999618530273,2900,0.0,0.0
2022-06-08 00:00:00-04:00,9.649999618530273,9.649999618530273,9.649999618530273,9.649999618530273,0,0.0,0.0
2022-06-09 00:00:00-04:00,9.649999618530273,9.649999618530273,9.649999618530273,9.649999618530273,0,0.0,0.0
2022-06-10 00:00:00-04:00,9.649999618530273,9.649999618530273,9.649999618530273,9.649999618530273,0,0.0,0.0
2022-06-13 00:00:00-04:00,9.649999618530273,9.649999618530273,9.649999618530273,9.649999618530273,0,0.0,0.0
2022-06-14 00:00:00-04:00,9.649999618530273,9.649999618530273,9.649999618530273,9.649999618530273,0,0.0,0.0
2022-06-15 00:00:00-04:00,9.649999618530273,9.649999618530273,9.649999618530273,9.649999618530273,0,0.0,0.0
2022-06-16 00:00:00-04:00,9.649999618530273,9.649999618530273,9.649999618530273,9.649999618530273,0,0.0,0.0
2022-06-17 00:00:00-04:00,9.649999618530273,9.649999618530273,9.649999618530273,9.649999618530273,0,0.0,0.0
2022-06-21 00:00:00-04:00,9.649999618530273,9.649999618530273,9.649999618530273,9.649999618530273,0,0.0,0.0
2022-06-22 00:00:00-04:00,9.649999618530273,9.663999557495117,9.649999618530273,9.65999984741211,5700,0.0,0.0
2022-06-23 00:00:00-04:00,9.65999984741211,9.65999984741211,9.65999984741211,9.65999984741211,0,0.0,0.0
2022-06-24 00:00:00-04:00,9.670000076293945,9.670000076293945,9.670000076293945,9.670000076293945,130600,0.0,0.0
2022-06-27 00:00:00-04:00,9.670000076293945,9.670000076293945,9.670000076293945,9.670000076293945,0,0.0,0.0
2022-06-28 00:00:00-04:00,9.670000076293945,9.670000076293945,9.65999984741211,9.65999984741211,4100,0.0,0.0
2022-06-29 00:00:00-04:00,9.65999984741211,9.65999984741211,9.65999984741211,9.65999984741211,0,0.0,0.0
2022-06-30 00:00:00-04:00,9.680000305175781,9.680000305175781,9.680000305175781,9.680000305175781,972600,0.0,0.0
2022-07-01 00:00:00-04:00,9.680000305175781,9.680000305175781,9.680000305175781,9.680000305175781,0,0.0,0.0
2022-07-05 00:00:00-04:00,9.680000305175781,9.680000305175781,9.680000305175781,9.680000305175781,0,0.0,0.0
2022-07-06 00:00:00-04:00,9.6899995803833,9.6899995803833,9.6899995803833,9.6899995803833,200,0.0,0.0
2022-07-07 00:00:00-04:00,9.6899995803833,9.6899995803833,9.6899995803833,9.6899995803833,0,0.0,0.0
2022-07-08 00:00:00-04:00,9.6899995803833,9.6899995803833,9.6899995803833,9.6899995803833,0,0.0,0.0
2022-07-11 00:00:00-04:00,9.6899995803833,9.6899995803833,9.6899995803833,9.6899995803833,0,0.0,0.0
2022-07-12 00:00:00-04:00,9.6899995803833,9.6899995803833,9.6899995803833,9.6899995803833,0,0.0,0.0
2022-07-13 00:00:00-04:00,9.6899995803833,9.6899995803833,9.6899995803833,9.6899995803833,0,0.0,0.0
2022-07-14 00:00:00-04:00,9.6899995803833,9.6899995803833,9.6899995803833,9.6899995803833,0,0.0,0.0
2022-07-15 00:00:00-04:00,9.6899995803833,9.6899995803833,9.6899995803833,9.6899995803833,0,0.0,0.0
2022-07-18 00:00:00-04:00,9.6899995803833,9.6899995803833,9.6899995803833,9.6899995803833,0,0.0,0.0
2022-07-19 00:00:00-04:00,9.6899995803833,9.6899995803833,9.6899995803833,9.6899995803833,0,0.0,0.0
2022-07-20 00:00:00-04:00,9.680000305175781,9.680000305175781,9.670000076293945,9.670000076293945,5000,0.0,0.0
2022-07-21 00:00:00-04:00,9.670000076293945,9.670000076293945,9.670000076293945,9.670000076293945,0,0.0,0.0
2022-07-22 00:00:00-04:00,9.680000305175781,9.680000305175781,9.680000305175781,9.680000305175781,5100,0.0,0.0
2022-07-25 00:00:00-04:00,9.680000305175781,9.680000305175781,9.680000305175781,9.680000305175781,0,0.0,0.0
2022-07-26 00:00:00-04:00,9.680000305175781,9.680000305175781,9.680000305175781,9.680000305175781,0,0.0,0.0
2022-07-27 00:00:00-04:00,9.680000305175781,9.680000305175781,9.680000305175781,9.680000305175781,0,0.0,0.0
2022-07-28 00:00:00-04:00,9.680000305175781,9.680000305175781,9.680000305175781,9.680000305175781,0,0.0,0.0
2022-07-29 00:00:00-04:00,9.680000305175781,9.680000305175781,9.680000305175781,9.680000305175781,0,0.0,0.0
2022-08-01 00:00:00-04:00,9.680000305175781,9.680000305175781,9.680000305175781,9.680000305175781,0,0.0,0.0
2022-08-02 00:00:00-04:00,9.720000267028809,9.720000267028809,9.720000267028809,9.720000267028809,500,0.0,0.0
2022-08-03 00:00:00-04:00,9.720000267028809,9.720000267028809,9.720000267028809,9.720000267028809,0,0.0,0.0
2022-08-04 00:00:00-04:00,9.720000267028809,9.720000267028809,9.720000267028809,9.720000267028809,0,0.0,0.0
2022-08-05 00:00:00-04:00,9.71500015258789,9.71500015258789,9.71500015258789,9.71500015258789,100,0.0,0.0
2022-08-08 00:00:00-04:00,9.819999694824219,9.819999694824219,9.720000267028809,9.720000267028809,200,0.0,0.0
2022-08-09 00:00:00-04:00,9.720000267028809,9.720000267028809,9.710000038146973,9.720000267028809,23900,0.0,0.0
2022-08-10 00:00:00-04:00,9.720000267028809,9.720000267028809,9.720000267028809,9.720000267028809,0,0.0,0.0
2022-08-11 00:00:00-04:00,9.720000267028809,9.720000267028809,9.720000267028809,9.720000267028809,0,0.0,0.0
2022-08-12 00:00:00-04:00,9.720000267028809,9.720000267028809,9.720000267028809,9.720000267028809,0,0.0,0.0
2022-08-15 00:00:00-04:00,9.729999542236328,9.729999542236328,9.729999542236328,9.729999542236328,20100,0.0,0.0
2022-08-16 00:00:00-04:00,9.729999542236328,9.729999542236328,9.729999542236328,9.729999542236328,0,0.0,0.0
2022-08-17 00:00:00-04:00,9.720000267028809,9.720000267028809,9.710000038146973,9.720000267028809,160300,0.0,0.0
2022-08-18 00:00:00-04:00,9.710000038146973,9.710000038146973,9.710000038146973,9.710000038146973,147700,0.0,0.0
2022-08-19 00:00:00-04:00,9.710000038146973,9.720000267028809,9.710000038146973,9.720000267028809,7600,0.0,0.0
2022-08-22 00:00:00-04:00,9.710000038146973,9.75,9.699999809265137,9.739999771118164,563100,0.0,0.0
2022-08-23 00:00:00-04:00,9.729999542236328,9.75,9.710000038146973,9.75,256300,0.0,0.0
2022-08-24 00:00:00-04:00,9.720000267028809,9.729999542236328,9.699999809265137,9.699999809265137,139200,0.0,0.0
2022-08-25 00:00:00-04:00,9.720000267028809,9.720000267028809,9.720000267028809,9.720000267028809,14100,0.0,0.0
2022-08-26 00:00:00-04:00,9.6899995803833,9.6899995803833,9.6899995803833,9.6899995803833,200,0.0,0.0
2022-08-29 00:00:00-04:00,9.710000038146973,9.710000038146973,9.670000076293945,9.670000076293945,2500,0.0,0.0
2022-08-30 00:00:00-04:00,9.710000038146973,9.710000038146973,9.710000038146973,9.710000038146973,300,0.0,0.0
2022-08-31 00:00:00-04:00,10.170000076293945,10.170000076293945,9.670000076293945,9.680000305175781,7500,0.0,0.0
2022-09-01 00:00:00-04:00,9.670000076293945,9.710000038146973,9.670000076293945,9.710000038146973,191600,0.0,0.0
2022-09-02 00:00:00-04:00,9.710000038146973,9.710000038146973,9.710000038146973,9.710000038146973,0,0.0,0.0
2022-09-06 00:00:00-04:00,9.710000038146973,9.710000038146973,9.710000038146973,9.710000038146973,0,0.0,0.0
2022-09-07 00:00:00-04:00,9.710000038146973,9.710000038146973,9.710000038146973,9.710000038146973,0,0.0,0.0
2022-09-08 00:00:00-04:00,9.6899995803833,9.699999809265137,9.6899995803833,9.699999809265137,600,0.0,0.0
2022-09-09 00:00:00-04:00,9.699999809265137,9.699999809265137,9.699999809265137,9.699999809265137,400,0.0,0.0
2022-09-12 00:00:00-04:00,9.699999809265137,9.699999809265137,9.699999809265137,9.699999809265137,0,0.0,0.0
2022-09-13 00:00:00-04:00,9.699999809265137,9.699999809265137,9.699999809265137,9.699999809265137,0,0.0,0.0
2022-09-14 00:00:00-04:00,9.6899995803833,9.699999809265137,9.6899995803833,9.6899995803833,10300,0.0,0.0
2022-09-15 00:00:00-04:00,9.699999809265137,9.699999809265137,9.699999809265137,9.699999809265137,2000,0.0,0.0
2022-09-16 00:00:00-04:00,9.699999809265137,9.699999809265137,9.699999809265137,9.699999809265137,0,0.0,0.0
2022-09-19 00:00:00-04:00,9.694999694824219,9.694999694824219,9.694999694824219,9.694999694824219,1400,0.0,0.0
2022-09-20 00:00:00-04:00,9.699999809265137,9.720000267028809,9.699999809265137,9.720000267028809,17900,0.0,0.0
2022-09-21 00:00:00-04:00,9.720000267028809,9.720000267028809,9.720000267028809,9.720000267028809,0,0.0,0.0
2022-09-22 00:00:00-04:00,9.699999809265137,9.699999809265137,9.699999809265137,9.699999809265137,200,0.0,0.0
2022-09-23 00:00:00-04:00,9.699999809265137,9.699999809265137,9.699999809265137,9.699999809265137,0,0.0,0.0
2022-09-26 00:00:00-04:00,9.710000038146973,9.710000038146973,9.680000305175781,9.680000305175781,700,0.0,0.0
2022-09-27 00:00:00-04:00,9.680000305175781,9.680000305175781,9.680000305175781,9.680000305175781,0,0.0,0.0
2022-09-28 00:00:00-04:00,9.680000305175781,9.680000305175781,9.680000305175781,9.680000305175781,0,0.0,0.0
2022-09-29 00:00:00-04:00,9.699999809265137,9.699999809265137,9.699999809265137,9.699999809265137,15000,0.0,0.0
2022-09-30 00:00:00-04:00,9.699999809265137,9.699999809265137,9.699999809265137,9.699999809265137,0,0.0,0.0
2022-10-03 00:00:00-04:00,9.710000038146973,9.720000267028809,9.710000038146973,9.71500015258789,14100,0.0,0.0
2022-10-04 00:00:00-04:00,9.71500015258789,9.71500015258789,9.71500015258789,9.71500015258789,0,0.0,0.0
2022-10-05 00:00:00-04:00,9.710000038146973,9.720000267028809,9.710000038146973,9.720000267028809,19800,0.0,0.0
2022-10-06 00:00:00-04:00,9.720000267028809,9.720000267028809,9.720000267028809,9.720000267028809,0,0.0,0.0
2022-10-07 00:00:00-04:00,9.720000267028809,9.720000267028809,9.720000267028809,9.720000267028809,100,0.0,0.0
2022-10-10 00:00:00-04:00,9.720000267028809,9.720000267028809,9.720000267028809,9.720000267028809,200,0.0,0.0
2022-10-11 00:00:00-04:00,9.729999542236328,9.739999771118164,9.729999542236328,9.739999771118164,12000,0.0,0.0
2022-10-12 00:00:00-04:00,9.75,9.75,9.75,9.75,35400,0.0,0.0
2022-10-13 00:00:00-04:00,9.75,9.760000228881836,9.75,9.760000228881836,43000,0.0,0.0
2022-10-14 00:00:00-04:00,9.760000228881836,9.760000228881836,9.760000228881836,9.760000228881836,0,0.0,0.0
2022-10-17 00:00:00-04:00,9.760000228881836,9.770000457763672,9.760000228881836,9.760000228881836,47200,0.0,0.0
2022-10-18 00:00:00-04:00,9.760000228881836,9.760000228881836,9.760000228881836,9.760000228881836,222600,0.0,0.0
2022-10-19 00:00:00-04:00,9.859999656677246,9.859999656677246,9.779999732971191,9.779999732971191,5200,0.0,0.0
2022-10-20 00:00:00-04:00,9.760000228881836,9.760000228881836,9.760000228881836,9.760000228881836,900,0.0,0.0
2022-10-21 00:00:00-04:00,9.760000228881836,9.760000228881836,9.760000228881836,9.760000228881836,0,0.0,0.0
2022-10-24 00:00:00-04:00,9.819999694824219,9.819999694824219,9.789999961853027,9.819999694824219,10500,0.0,0.0
2022-10-25 00:00:00-04:00,9.819999694824219,9.819999694824219,9.819999694824219,9.819999694824219,0,0.0,0.0
2022-10-26 00:00:00-04:00,10.244999885559082,10.244999885559082,9.819999694824219,9.819999694824219,6800,0.0,0.0
2022-10-27 00:00:00-04:00,9.819999694824219,9.819999694824219,9.819999694824219,9.819999694824219,0,0.0,0.0
2022-10-28 00:00:00-04:00,9.800000190734863,9.84000015258789,9.770000457763672,9.789999961853027,14200,0.0,0.0
2022-10-31 00:00:00-04:00,9.760000228881836,9.789999961853027,9.75,9.770000457763672,48500,0.0,0.0
2022-11-01 00:00:00-04:00,9.770000457763672,9.800000190734863,9.770000457763672,9.770000457763672,3000,0.0,0.0
2022-11-02 00:00:00-04:00,9.779999732971191,9.789999961853027,9.779999732971191,9.789999961853027,3800,0.0,0.0
2022-11-03 00:00:00-04:00,9.789999961853027,9.795000076293945,9.78499984741211,9.78499984741211,4300,0.0,0.0
2022-11-04 00:00:00-04:00,9.789999961853027,9.789999961853027,9.789999961853027,9.789999961853027,400,0.0,0.0
2022-11-07 00:00:00-05:00,9.800000190734863,9.829999923706055,9.800000190734863,9.8100004196167,146400,0.0,0.0
2022-11-08 00:00:00-05:00,9.8100004196167,9.8100004196167,9.8100004196167,9.8100004196167,0,0.0,0.0
2022-11-09 00:00:00-05:00,9.8100004196167,9.8100004196167,9.8100004196167,9.8100004196167,0,0.0,0.0
2022-11-10 00:00:00-05:00,9.779999732971191,9.84000015258789,9.779999732971191,9.8149995803833,332600,0.0,0.0
2022-11-11 00:00:00-05:00,9.729999542236328,9.850000381469727,9.729999542236328,9.8100004196167,7400,0.0,0.0
2022-11-14 00:00:00-05:00,9.800000190734863,9.800000190734863,9.789999961853027,9.800000190734863,6800,0.0,0.0
2022-11-15 00:00:00-05:00,9.800000190734863,9.824999809265137,9.800000190734863,9.819999694824219,37100,0.0,0.0
2022-11-16 00:00:00-05:00,9.75,9.8100004196167,9.75,9.800000190734863,1118400,0.0,0.0
2022-11-17 00:00:00-05:00,9.800000190734863,9.800000190734863,9.800000190734863,9.800000190734863,900,0.0,0.0
2022-11-18 00:00:00-05:00,9.800000190734863,9.800000190734863,9.800000190734863,9.800000190734863,1700,0.0,0.0
2022-11-21 00:00:00-05:00,9.800000190734863,9.800000190734863,9.800000190734863,9.800000190734863,100,0.0,0.0
2022-11-22 00:00:00-05:00,9.819999694824219,9.850000381469727,9.8149995803833,9.850000381469727,181300,0.0,0.0
2022-11-23 00:00:00-05:00,9.829999923706055,9.829999923706055,9.829999923706055,9.829999923706055,200,0.0,0.0
2022-11-25 00:00:00-05:00,9.84000015258789,9.84000015258789,9.829999923706055,9.829999923706055,10500,0.0,0.0
2022-11-28 00:00:00-05:00,9.829999923706055,9.829999923706055,9.829999923706055,9.829999923706055,0,0.0,0.0
2022-11-29 00:00:00-05:00,9.819999694824219,9.819999694824219,9.819999694824219,9.819999694824219,400,0.0,0.0
2022-11-30 00:00:00-05:00,9.819999694824219,9.819999694824219,9.819999694824219,9.819999694824219,0,0.0,0.0
2022-12-01 00:00:00-05:00,10.300000190734863,10.300000190734863,9.829999923706055,9.829999923706055,2700,0.0,0.0
2022-12-02 00:00:00-05:00,9.829999923706055,9.829999923706055,9.829999923706055,9.829999923706055,0,0.0,0.0
2022-12-05 00:00:00-05:00,10.300000190734863,10.300000190734863,9.850000381469727,9.850000381469727,200,0.0,0.0
2022-12-06 00:00:00-05:00,9.845000267028809,9.845000267028809,9.84000015258789,9.84000015258789,1300,0.0,0.0
2022-12-07 00:00:00-05:00,9.845000267028809,9.850000381469727,9.845000267028809,9.850000381469727,120300,0.0,0.0
2022-12-08 00:00:00-05:00,9.850000381469727,9.859999656677246,9.850000381469727,9.859999656677246,4100,0.0,0.0
2022-12-09 00:00:00-05:00,9.899999618530273,10.350000381469727,9.880000114440918,9.880000114440918,500,0.0,0.0
2022-12-12 00:00:00-05:00,9.864999771118164,9.864999771118164,9.864999771118164,9.864999771118164,100,0.0,0.0
2022-12-13 00:00:00-05:00,9.979999542236328,10.050000190734863,9.850000381469727,9.9399995803833,4900,0.0,0.0
2022-12-14 00:00:00-05:00,9.859999656677246,9.859999656677246,9.859999656677246,9.859999656677246,400,0.0,0.0
2022-12-15 00:00:00-05:00,9.84000015258789,9.859999656677246,9.84000015258789,9.850000381469727,800,0.0,0.0
2022-12-16 00:00:00-05:00,9.850000381469727,9.850000381469727,9.850000381469727,9.850000381469727,0,0.0,0.0
2022-12-19 00:00:00-05:00,9.880000114440918,9.890000343322754,9.850000381469727,9.890000343322754,3100,0.0,0.0
2022-12-20 00:00:00-05:00,9.880000114440918,9.890000343322754,9.880000114440918,9.890000343322754,200,0.0,0.0
2022-12-21 00:00:00-05:00,9.890000343322754,9.890000343322754,9.890000343322754,9.890000343322754,0,0.0,0.0
2022-12-22 00:00:00-05:00,9.890000343322754,9.890000343322754,9.890000343322754,9.890000343322754,0,0.0,0.0
2022-12-23 00:00:00-05:00,9.880000114440918,9.890000343322754,9.859999656677246,9.859999656677246,1000,0.0,0.0
2022-12-27 00:00:00-05:00,10.350000381469727,10.350000381469727,9.869999885559082,9.899999618530273,7900,0.0,0.0
2022-12-28 00:00:00-05:00,9.899999618530273,9.899999618530273,9.899999618530273,9.899999618530273,0,0.0,0.0
2022-12-29 00:00:00-05:00,9.899999618530273,9.899999618530273,9.899999618530273,9.899999618530273,200,0.0,0.0
2022-12-30 00:00:00-05:00,9.899999618530273,9.899999618530273,9.899999618530273,9.899999618530273,300,0.0,0.0
2023-01-03 00:00:00-05:00,10.0,10.399999618530273,9.904999732971191,10.0,6700,0.0,0.0
2023-01-04 00:00:00-05:00,10.0,10.0,10.0,10.0,0,0.0,0.0
2023-01-05 00:00:00-05:00,9.989999771118164,10.0,9.989999771118164,10.0,400,0.0,0.0
2023-01-06 00:00:00-05:00,10.0,10.0,10.0,10.0,0,0.0,0.0
2023-01-09 00:00:00-05:00,9.970000267028809,9.970000267028809,9.930000305175781,9.930000305175781,9700,0.0,0.0
2023-01-10 00:00:00-05:00,10.0,10.0,9.970000267028809,9.970000267028809,600,0.0,0.0
2023-01-11 00:00:00-05:00,9.970000267028809,9.970000267028809,9.970000267028809,9.970000267028809,100,0.0,0.0
2023-01-12 00:00:00-05:00,9.970000267028809,9.970000267028809,9.970000267028809,9.970000267028809,0,0.0,0.0
2023-01-13 00:00:00-05:00,9.949999809265137,9.970000267028809,9.949999809265137,9.970000267028809,11200,0.0,0.0
2023-01-17 00:00:00-05:00,9.970000267028809,9.970000267028809,9.970000267028809,9.970000267028809,900,0.0,0.0
2023-01-18 00:00:00-05:00,9.989999771118164,10.020000457763672,9.989999771118164,10.0,767500,0.0,0.0
2023-01-19 00:00:00-05:00,10.029999732971191,10.029999732971191,9.979999542236328,9.979999542236328,2500,0.0,0.0
2023-01-20 00:00:00-05:00,9.979999542236328,9.979999542236328,9.979999542236328,9.979999542236328,0,0.0,0.0
2023-01-23 00:00:00-05:00,10.010000228881836,10.029999732971191,10.0,10.015000343322754,3400,0.0,0.0
2023-01-24 00:00:00-05:00,10.029999732971191,10.359999656677246,10.0,10.015000343322754,37200,0.0,0.0
2023-01-25 00:00:00-05:00,10.010000228881836,10.010000228881836,10.010000228881836,10.010000228881836,200,0.0,0.0
2023-01-26 00:00:00-05:00,10.010000228881836,10.020000457763672,10.010000228881836,10.020000457763672,500100,0.0,0.0
2023-01-27 00:00:00-05:00,10.010000228881836,10.020000457763672,10.003000259399414,10.015000343322754,455500,0.0,0.0
2023-01-30 00:00:00-05:00,10.020000457763672,10.029999732971191,10.010000228881836,10.010000228881836,1100,0.0,0.0
2023-01-31 00:00:00-05:00,10.029999732971191,10.779999732971191,10.020000457763672,10.020000457763672,55600,0.0,0.0
2023-02-01 00:00:00-05:00,10.010000228881836,10.010000228881836,10.010000228881836,10.010000228881836,9000,0.0,0.0
2023-02-02 00:00:00-05:00,10.010000228881836,10.010000228881836,10.010000228881836,10.010000228881836,0,0.0,0.0
2023-02-03 00:00:00-05:00,10.010000228881836,10.010000228881836,10.010000228881836,10.010000228881836,0,0.0,0.0
2023-02-06 00:00:00-05:00,10.010000228881836,10.010000228881836,10.010000228881836,10.010000228881836,0,0.0,0.0
2023-02-07 00:00:00-05:00,10.010000228881836,10.020000457763672,10.010000228881836,10.010000228881836,66200,0.0,0.0
2023-02-08 00:00:00-05:00,10.020000457763672,10.020000457763672,10.020000457763672,10.020000457763672,300,0.0,0.0
2023-02-09 00:00:00-05:00,10.020000457763672,10.020000457763672,10.020000457763672,10.020000457763672,400,0.0,0.0
2023-02-10 00:00:00-05:00,10.050000190734863,10.050000190734863,10.020000457763672,10.020000457763672,800,0.0,0.0
2023-02-13 00:00:00-05:00,10.020000457763672,10.03499984741211,10.020000457763672,10.03499984741211,2800,0.0,0.0
2023-02-14 00:00:00-05:00,10.020000457763672,10.020000457763672,10.020000457763672,10.020000457763672,400,0.0,0.0
2023-02-15 00:00:00-05:00,10.020000457763672,10.020000457763672,10.020000457763672,10.020000457763672,3500,0.0,0.0
2023-02-16 00:00:00-05:00,10.0600004196167,10.0600004196167,10.020000457763672,10.029999732971191,12900,0.0,0.0
2023-02-17 00:00:00-05:00,10.029999732971191,10.029999732971191,10.029999732971191,10.029999732971191,100,0.0,0.0
2023-02-21 00:00:00-05:00,10.050000190734863,10.050000190734863,10.050000190734863,10.050000190734863,400,0.0,0.0
2023-02-22 00:00:00-05:00,10.069999694824219,10.069999694824219,10.0600004196167,10.069999694824219,10100,0.0,0.0
2023-02-23 00:00:00-05:00,10.069999694824219,10.079999923706055,10.0600004196167,10.069999694824219,8400,0.0,0.0
2023-02-24 00:00:00-05:00,10.069999694824219,10.350000381469727,10.069999694824219,10.09000015258789,29200,0.0,0.0
2023-02-27 00:00:00-05:00,10.09000015258789,10.100000381469727,10.079999923706055,10.09000015258789,5900,0.0,0.0
2023-02-28 00:00:00-05:00,10.09000015258789,10.100000381469727,10.079999923706055,10.100000381469727,9000,0.0,0.0
2023-03-01 00:00:00-05:00,10.100000381469727,10.100000381469727,10.09000015258789,10.09000015258789,3300,0.0,0.0
2023-03-02 00:00:00-05:00,10.09000015258789,10.09000015258789,10.069999694824219,10.079999923706055,14000,0.0,0.0
2023-03-03 00:00:00-05:00,10.079999923706055,10.079999923706055,10.069999694824219,10.069999694824219,2200,0.0,0.0
2023-03-06 00:00:00-05:00,10.09000015258789,10.09000015258789,10.079999923706055,10.09000015258789,12000,0.0,0.0
2023-03-07 00:00:00-05:00,10.09000015258789,10.100000381469727,10.09000015258789,10.100000381469727,5600,0.0,0.0
2023-03-08 00:00:00-05:00,10.100000381469727,10.100000381469727,10.100000381469727,10.100000381469727,14500,0.0,0.0
2023-03-09 00:00:00-05:00,10.600000381469727,10.699999809265137,10.100000381469727,10.100000381469727,113100,0.0,0.0
2023-03-10 00:00:00-05:00,10.140000343322754,10.140000343322754,10.09000015258789,10.100000381469727,11000,0.0,0.0
2023-03-13 00:00:00-04:00,10.069999694824219,10.100000381469727,10.069999694824219,10.100000381469727,800,0.0,0.0
2023-03-14 00:00:00-04:00,10.100000381469727,10.100000381469727,10.100000381469727,10.100000381469727,0,0.0,0.0
2023-03-15 00:00:00-04:00,10.100000381469727,10.100000381469727,10.100000381469727,10.100000381469727,400,0.0,0.0
2023-03-16 00:00:00-04:00,10.100000381469727,10.100000381469727,10.100000381469727,10.100000381469727,400,0.0,0.0
2023-03-17 00:00:00-04:00,10.100000381469727,10.100000381469727,10.100000381469727,10.100000381469727,500,0.0,0.0
2023-03-20 00:00:00-04:00,10.100000381469727,10.100000381469727,10.100000381469727,10.100000381469727,0,0.0,0.0
2023-03-21 00:00:00-04:00,10.100000381469727,10.100000381469727,10.100000381469727,10.100000381469727,2600,0.0,0.0
2023-03-22 00:00:00-04:00,10.100000381469727,10.100000381469727,10.100000381469727,10.100000381469727,100,0.0,0.0
2023-03-23 00:00:00-04:00,10.100000381469727,10.100000381469727,10.100000381469727,10.100000381469727,0,0.0,0.0
2023-03-24 00:00:00-04:00,10.100000381469727,10.100000381469727,10.100000381469727,10.100000381469727,0,0.0,0.0
2023-03-27 00:00:00-04:00,10.100000381469727,10.100000381469727,10.100000381469727,10.100000381469727,0,0.0,0.0
2023-03-28 00:00:00-04:00,10.100000381469727,10.100000381469727,10.100000381469727,10.100000381469727,300,0.0,0.0
2023-03-29 00:00:00-04:00,10.130000114440918,10.130000114440918,10.109999656677246,10.109999656677246,72200,0.0,0.0
2023-03-30 00:00:00-04:00,10.109999656677246,10.109999656677246,10.109999656677246,10.109999656677246,0,0.0,0.0
2023-03-31 00:00:00-04:00,10.109999656677246,10.109999656677246,10.109999656677246,10.109999656677246,0,0.0,0.0
2023-04-03 00:00:00-04:00,10.130000114440918,10.149999618530273,10.109999656677246,10.109999656677246,3000,0.0,0.0
2023-04-04 00:00:00-04:00,10.109999656677246,10.109999656677246,10.109999656677246,10.109999656677246,0,0.0,0.0
2023-04-05 00:00:00-04:00,10.109999656677246,10.109999656677246,10.109999656677246,10.109999656677246,0,0.0,0.0
2023-04-06 00:00:00-04:00,10.109999656677246,10.109999656677246,10.109999656677246,10.109999656677246,1700,0.0,0.0
2023-04-10 00:00:00-04:00,10.109999656677246,10.109999656677246,10.109999656677246,10.109999656677246,0,0.0,0.0
2023-04-11 00:00:00-04:00,10.109999656677246,10.109999656677246,10.109999656677246,10.109999656677246,600,0.0,0.0
2023-04-12 00:00:00-04:00,10.109999656677246,10.119999885559082,10.100000381469727,10.119999885559082,9100,0.0,0.0
2023-04-13 00:00:00-04:00,10.119999885559082,10.220000267028809,10.109999656677246,10.119999885559082,77400,0.0,0.0
2023-04-14 00:00:00-04:00,10.119999885559082,10.119999885559082,10.119999885559082,10.119999885559082,400,0.0,0.0
2023-04-17 00:00:00-04:00,10.119999885559082,10.119999885559082,10.119999885559082,10.119999885559082,1000,0.0,0.0
2023-04-18 00:00:00-04:00,10.125,10.125,10.119999885559082,10.119999885559082,2300,0.0,0.0
2023-04-19 00:00:00-04:00,10.119999885559082,10.119999885559082,10.119999885559082,10.119999885559082,421200,0.0,0.0
2023-04-20 00:00:00-04:00,10.119999885559082,10.199999809265137,10.119999885559082,10.119999885559082,4200,0.0,0.0
2023-04-21 00:00:00-04:00,10.15999984741211,10.201000213623047,10.119999885559082,10.119999885559082,13700,0.0,0.0
2023-04-24 00:00:00-04:00,10.140000343322754,10.149999618530273,10.119999885559082,10.130000114440918,9700,0.0,0.0
2023-04-25 00:00:00-04:00,10.130000114440918,11.130000114440918,10.130000114440918,10.137999534606934,23800,0.0,0.0
2023-04-26 00:00:00-04:00,10.229999542236328,10.229999542236328,10.130000114440918,10.130000114440918,3300,0.0,0.0
2023-04-27 00:00:00-04:00,10.222000122070312,10.470000267028809,10.130000114440918,10.470000267028809,7300,0.0,0.0
2023-04-28 00:00:00-04:00,10.835000038146973,10.835000038146973,10.140000343322754,10.140000343322754,226500,0.0,0.0
2023-05-01 00:00:00-04:00,10.140000343322754,10.619999885559082,10.140000343322754,10.1850004196167,14400,0.0,0.0
2023-05-02 00:00:00-04:00,10.307000160217285,11.140000343322754,10.140000343322754,10.140000343322754,22100,0.0,0.0
2023-05-03 00:00:00-04:00,10.149999618530273,10.149999618530273,10.149999618530273,10.149999618530273,900,0.0,0.0
2023-05-04 00:00:00-04:00,10.149999618530273,10.180000305175781,10.149999618530273,10.15999984741211,668200,0.0,0.0
2023-05-05 00:00:00-04:00,10.15999984741211,10.630000114440918,10.15999984741211,10.15999984741211,28000,0.0,0.0
2023-05-08 00:00:00-04:00,10.15999984741211,10.199999809265137,10.15999984741211,10.15999984741211,20700,0.0,0.0
2023-05-09 00:00:00-04:00,10.15999984741211,11.149999618530273,10.15999984741211,10.170000076293945,20300,0.0,0.0
2023-05-10 00:00:00-04:00,10.170000076293945,10.170000076293945,10.170000076293945,10.170000076293945,7400,0.0,0.0
2023-05-11 00:00:00-04:00,10.170000076293945,10.170000076293945,10.170000076293945,10.170000076293945,0,0.0,0.0
2023-05-12 00:00:00-04:00,10.234999656677246,10.234999656677246,10.170000076293945,10.170000076293945,1400,0.0,0.0
2023-05-15 00:00:00-04:00,10.170000076293945,10.170000076293945,10.170000076293945,10.170000076293945,11100,0.0,0.0
2023-05-16 00:00:00-04:00,10.170999526977539,10.210000038146973,10.170000076293945,10.210000038146973,3300,0.0,0.0
2023-05-17 00:00:00-04:00,10.170000076293945,10.1899995803833,10.170000076293945,10.170000076293945,2500,0.0,0.0
2023-05-18 00:00:00-04:00,10.170000076293945,10.65999984741211,10.170000076293945,10.210000038146973,24000,0.0,0.0
2023-05-19 00:00:00-04:00,10.180000305175781,10.5600004196167,10.180000305175781,10.180000305175781,350500,0.0,0.0
2023-05-22 00:00:00-04:00,10.180000305175781,10.210000038146973,10.180000305175781,10.1899995803833,746800,0.0,0.0
2023-05-23 00:00:00-04:00,10.199999809265137,10.199999809265137,10.199999809265137,10.199999809265137,12300,0.0,0.0
2023-05-24 00:00:00-04:00,10.199999809265137,10.199999809265137,10.180000305175781,10.199999809265137,153300,0.0,0.0
2023-05-25 00:00:00-04:00,10.199999809265137,10.199999809265137,10.199999809265137,10.199999809265137,0,0.0,0.0
2023-05-26 00:00:00-04:00,10.199999809265137,10.204999923706055,10.199999809265137,10.199999809265137,9600,0.0,0.0
2023-05-30 00:00:00-04:00,10.21500015258789,10.220000267028809,10.21500015258789,10.220000267028809,8400,0.0,0.0
2023-05-31 00:00:00-04:00,10.399999618530273,10.449999809265137,10.210000038146973,10.25,238300,0.0,0.0
2023-06-01 00:00:00-04:00,10.5,10.5600004196167,10.239999771118164,10.380000114440918,50500,0.0,0.0
2023-06-02 00:00:00-04:00,10.380000114440918,10.555000305175781,10.33899974822998,10.359999656677246,11600,0.0,0.0
2023-06-05 00:00:00-04:00,10.550000190734863,10.550000190734863,10.270000457763672,10.350000381469727,18600,0.0,0.0
2023-06-06 00:00:00-04:00,10.350000381469727,10.350000381469727,10.350000381469727,10.350000381469727,0,0.0,0.0
2023-06-07 00:00:00-04:00,10.369999885559082,10.380000114440918,10.279999732971191,10.279999732971191,4500,0.0,0.0
2023-06-08 00:00:00-04:00,10.279999732971191,10.279999732971191,10.279999732971191,10.279999732971191,100,0.0,0.0
2023-06-09 00:00:00-04:00,10.279999732971191,10.279999732971191,10.279999732971191,10.279999732971191,400,0.0,0.0
2023-06-12 00:00:00-04:00,10.289999961853027,10.289999961853027,10.25,10.25,3000,0.0,0.0
2023-06-13 00:00:00-04:00,10.260000228881836,10.289999961853027,10.239999771118164,10.289999961853027,167800,0.0,0.0
2023-06-14 00:00:00-04:00,10.279999732971191,10.279999732971191,10.279999732971191,10.279999732971191,100,0.0,0.0
2023-06-15 00:00:00-04:00,10.279999732971191,10.279999732971191,10.279999732971191,10.279999732971191,0,0.0,0.0
2023-06-16 00:00:00-04:00,10.770000457763672,10.770000457763672,10.770000457763672,10.770000457763672,800,0.0,0.0
2023-06-20 00:00:00-04:00,10.720000267028809,10.720000267028809,10.3100004196167,10.479999542236328,18300,0.0,0.0
2023-06-21 00:00:00-04:00,10.369999885559082,10.479999542236328,10.329999923706055,10.34000015258789,11700,0.0,0.0
2023-06-22 00:00:00-04:00,10.34000015258789,10.34000015258789,10.34000015258789,10.34000015258789,0,0.0,0.0
2023-06-23 00:00:00-04:00,10.34000015258789,10.34000015258789,10.34000015258789,10.34000015258789,0,0.0,0.0
2023-06-26 00:00:00-04:00,10.34000015258789,10.34000015258789,10.34000015258789,10.34000015258789,0,0.0,0.0
2023-06-27 00:00:00-04:00,10.300000190734863,10.300000190734863,10.300000190734863,10.300000190734863,91500,0.0,0.0
2023-06-28 00:00:00-04:00,10.300000190734863,10.300000190734863,10.279999732971191,10.279999732971191,157100,0.0,0.0
2023-06-29 00:00:00-04:00,10.279999732971191,10.300000190734863,10.279999732971191,10.279999732971191,111000,0.0,0.0
2023-06-30 00:00:00-04:00,10.289999961853027,10.289999961853027,10.270000457763672,10.279999732971191,8200,0.0,0.0
2023-07-03 00:00:00-04:00,10.279999732971191,10.279999732971191,10.279999732971191,10.279999732971191,0,0.0,0.0
2023-07-05 00:00:00-04:00,10.279999732971191,10.300000190734863,10.279999732971191,10.289999961853027,125600,0.0,0.0
2023-07-06 00:00:00-04:00,10.289999961853027,10.289999961853027,10.289999961853027,10.289999961853027,0,0.0,0.0
2023-07-07 00:00:00-04:00,10.289999961853027,10.295000076293945,10.279999732971191,10.279999732971191,1236600,0.0,0.0
2023-07-10 00:00:00-04:00,10.289999961853027,10.3100004196167,10.289999961853027,10.3100004196167,361600,0.0,0.0
2023-07-11 00:00:00-04:00,10.300000190734863,10.300000190734863,10.300000190734863,10.300000190734863,100000,0.0,0.0
2023-07-12 00:00:00-04:00,10.300000190734863,10.300000190734863,10.300000190734863,10.300000190734863,1000,0.0,0.0
2023-07-13 00:00:00-04:00,10.300000190734863,10.300000190734863,10.300000190734863,10.300000190734863,2500,0.0,0.0
2023-07-14 00:00:00-04:00,10.300000190734863,10.300000190734863,10.300000190734863,10.300000190734863,100,0.0,0.0
2023-07-17 00:00:00-04:00,10.300000190734863,10.300000190734863,10.300000190734863,10.300000190734863,0,0.0,0.0
