Date,Open,High,Low,Close,Volume,Dividends,Stock Splits,Capital Gains
2000-03-27 00:00:00-05:00,31.5,33.375,31.0,33.0,849800,0.0,0.0,0.0
2000-03-28 00:00:00-05:00,32.0,32.5,30.0,30.375,641100,0.0,0.0,0.0
2000-03-29 00:00:00-05:00,29.875,30.75,28.75,28.75,239200,0.0,0.0,0.0
2000-03-30 00:00:00-05:00,28.75,30.0,26.875,29.0,432300,0.0,0.0,0.0
2000-03-31 00:00:00-05:00,28.75,31.0,26.0,28.5,266400,0.0,0.0,0.0
2000-04-03 00:00:00-04:00,29.0,29.0,25.0,25.5,87900,0.0,0.0,0.0
2000-04-04 00:00:00-04:00,23.875,29.0,19.0,22.0,466000,0.0,0.0,0.0
2000-04-05 00:00:00-04:00,20.5,23.0,20.5,21.0,101000,0.0,0.0,0.0
2000-04-06 00:00:00-04:00,22.5,24.0,22.0,22.75,310100,0.0,0.0,0.0
2000-04-07 00:00:00-04:00,23.5,24.75,22.75,24.75,217300,0.0,0.0,0.0
2000-04-10 00:00:00-04:00,25.0,25.25,24.0,24.25,240800,0.0,0.0,0.0
2000-04-11 00:00:00-04:00,24.0,24.125,23.375,24.125,207000,0.0,0.0,0.0
2000-04-12 00:00:00-04:00,23.75,24.125,22.75,22.8125,375700,0.0,0.0,0.0
2000-04-13 00:00:00-04:00,22.75,23.0,21.625,22.5,156200,0.0,0.0,0.0
2000-04-14 00:00:00-04:00,21.9375,22.25,19.125,19.125,29700,0.0,0.0,0.0
2000-04-17 00:00:00-04:00,19.875,19.875,17.375,17.9375,77100,0.0,0.0,0.0
2000-04-18 00:00:00-04:00,18.25,22.25,18.25,22.0,272800,0.0,0.0,0.0
2000-04-19 00:00:00-04:00,22.0,22.75,20.5,21.25,110400,0.0,0.0,0.0
2000-04-20 00:00:00-04:00,21.25,22.25,20.8125,21.0,105100,0.0,0.0,0.0
2000-04-24 00:00:00-04:00,20.0,20.375,19.25,20.0,47700,0.0,0.0,0.0
2000-04-25 00:00:00-04:00,19.5,21.0,19.0,20.5,402000,0.0,0.0,0.0
2000-04-26 00:00:00-04:00,21.5625,22.5625,21.0,21.0,430000,0.0,0.0,0.0
2000-04-27 00:00:00-04:00,20.6875,22.875,20.0,22.5,285200,0.0,0.0,0.0
2000-04-28 00:00:00-04:00,23.0,24.3125,22.9375,24.125,449700,0.0,0.0,0.0
2000-05-01 00:00:00-04:00,24.0,25.0,24.0,24.625,280700,0.0,0.0,0.0
2000-05-02 00:00:00-04:00,24.625,25.0,24.125,24.3125,830500,0.0,0.0,0.0
2000-05-03 00:00:00-04:00,24.3125,24.3125,24.3125,24.3125,0,0.0,0.0,0.0
