Date,Open,High,Low,Close,Volume,Dividends,Stock Splits
2021-04-05 00:00:00-04:00,10.0,10.0,9.829999923706055,9.890000343322754,13100,0.0,0.0
2021-04-06 00:00:00-04:00,10.09000015258789,10.09000015258789,9.8100004196167,9.989999771118164,17900,0.0,0.0
2021-04-07 00:00:00-04:00,10.100000381469727,10.100000381469727,9.930000305175781,10.0,14800,0.0,0.0
2021-04-08 00:00:00-04:00,10.050999641418457,10.130000114440918,10.010000228881836,10.081999778747559,528400,0.0,0.0
2021-04-09 00:00:00-04:00,10.069999694824219,10.163000106811523,10.029999732971191,10.050000190734863,13000,0.0,0.0
2021-04-12 00:00:00-04:00,10.170000076293945,10.170000076293945,9.899999618530273,9.960000038146973,30300,0.0,0.0
2021-04-13 00:00:00-04:00,10.079999923706055,10.079999923706055,9.949999809265137,10.010000228881836,59100,0.0,0.0
2021-04-14 00:00:00-04:00,9.949999809265137,10.050000190734863,9.949999809265137,9.960000038146973,10000,0.0,0.0
2021-04-15 00:00:00-04:00,10.069999694824219,10.069999694824219,9.890000343322754,10.029999732971191,336600,0.0,0.0
2021-04-16 00:00:00-04:00,9.970000267028809,10.100000381469727,9.890000343322754,9.930000305175781,46200,0.0,0.0
2021-04-19 00:00:00-04:00,10.0600004196167,10.0600004196167,9.930000305175781,9.934000015258789,33100,0.0,0.0
2021-04-20 00:00:00-04:00,9.899999618530273,9.979999542236328,9.899999618530273,9.899999618530273,66700,0.0,0.0
2021-04-21 00:00:00-04:00,9.899999618530273,9.949999809265137,9.850000381469727,9.949999809265137,33200,0.0,0.0
2021-04-22 00:00:00-04:00,10.010000228881836,10.010000228881836,9.920000076293945,10.0,48200,0.0,0.0
2021-04-23 00:00:00-04:00,9.920000076293945,10.0,9.906000137329102,9.949999809265137,38700,0.0,0.0
2021-04-26 00:00:00-04:00,9.930000305175781,9.989999771118164,9.84000015258789,9.9399995803833,209500,0.0,0.0
2021-04-27 00:00:00-04:00,10.0,10.100000381469727,9.970000267028809,10.039999961853027,36900,0.0,0.0
2021-04-28 00:00:00-04:00,10.109999656677246,10.243000030517578,9.970000267028809,10.039999961853027,17400,0.0,0.0
2021-04-29 00:00:00-04:00,10.0600004196167,10.100000381469727,9.920000076293945,10.050000190734863,14700,0.0,0.0
2021-04-30 00:00:00-04:00,9.960000038146973,10.0600004196167,9.960000038146973,10.020000457763672,20900,0.0,0.0
2021-05-03 00:00:00-04:00,10.130000114440918,10.609999656677246,9.970000267028809,10.609999656677246,20300,0.0,0.0
2021-05-04 00:00:00-04:00,10.5600004196167,10.5600004196167,10.0,10.079999923706055,32300,0.0,0.0
2021-05-05 00:00:00-04:00,10.300000190734863,10.300000190734863,10.010000228881836,10.029999732971191,18600,0.0,0.0
2021-05-06 00:00:00-04:00,10.029999732971191,10.0600004196167,9.920000076293945,10.050000190734863,179400,0.0,0.0
2021-05-07 00:00:00-04:00,10.130000114440918,10.140000343322754,10.010000228881836,10.0600004196167,51900,0.0,0.0
2021-05-10 00:00:00-04:00,10.15999984741211,10.15999984741211,9.960000038146973,10.020000457763672,92500,0.0,0.0
2021-05-11 00:00:00-04:00,10.0,10.0,9.869999885559082,9.949999809265137,573800,0.0,0.0
2021-05-12 00:00:00-04:00,9.850000381469727,9.989999771118164,9.850000381469727,9.949999809265137,92100,0.0,0.0
2021-05-13 00:00:00-04:00,9.920000076293945,9.946999549865723,9.859999656677246,9.869999885559082,70600,0.0,0.0
2021-05-14 00:00:00-04:00,9.850000381469727,9.869999885559082,9.8100004196167,9.829999923706055,89500,0.0,0.0
2021-05-17 00:00:00-04:00,9.859999656677246,9.859999656677246,9.8100004196167,9.850000381469727,42800,0.0,0.0
2021-05-18 00:00:00-04:00,9.850000381469727,9.880000114440918,9.819999694824219,9.880000114440918,19300,0.0,0.0
2021-05-19 00:00:00-04:00,9.850000381469727,9.920000076293945,9.8100004196167,9.8100004196167,270100,0.0,0.0
2021-05-20 00:00:00-04:00,9.850000381469727,9.850000381469727,9.800000190734863,9.84000015258789,4000,0.0,0.0
2021-05-21 00:00:00-04:00,9.890000343322754,9.890000343322754,9.789999961853027,9.819999694824219,14700,0.0,0.0
2021-05-24 00:00:00-04:00,9.819999694824219,9.875,9.75,9.8100004196167,66900,0.0,0.0
2021-05-25 00:00:00-04:00,9.84000015258789,9.84000015258789,9.800000190734863,9.800000190734863,8400,0.0,0.0
2021-05-26 00:00:00-04:00,9.859999656677246,9.859999656677246,9.78499984741211,9.800000190734863,7500,0.0,0.0
2021-05-27 00:00:00-04:00,9.800000190734863,9.84000015258789,9.729999542236328,9.789999961853027,374100,0.0,0.0
2021-05-28 00:00:00-04:00,9.850000381469727,9.850000381469727,9.770000457763672,9.789999961853027,146200,0.0,0.0
2021-06-01 00:00:00-04:00,9.8100004196167,9.84000015258789,9.779999732971191,9.829999923706055,67100,0.0,0.0
2021-06-02 00:00:00-04:00,9.800000190734863,9.819999694824219,9.800000190734863,9.819999694824219,305500,0.0,0.0
2021-06-03 00:00:00-04:00,9.850000381469727,9.850000381469727,9.800000190734863,9.850000381469727,67700,0.0,0.0
2021-06-04 00:00:00-04:00,9.859999656677246,9.890000343322754,9.779999732971191,9.880000114440918,229700,0.0,0.0
2021-06-07 00:00:00-04:00,9.960000038146973,9.960000038146973,9.84000015258789,9.850000381469727,173300,0.0,0.0
2021-06-08 00:00:00-04:00,9.920000076293945,9.920000076293945,9.8100004196167,9.869999885559082,114500,0.0,0.0
2021-06-09 00:00:00-04:00,9.899999618530273,9.960000038146973,9.876999855041504,9.920000076293945,160200,0.0,0.0
2021-06-10 00:00:00-04:00,9.859999656677246,9.979999542236328,9.859999656677246,9.979999542236328,22300,0.0,0.0
2021-06-11 00:00:00-04:00,9.949999809265137,10.039999961853027,9.90999984741211,10.039999961853027,22100,0.0,0.0
2021-06-14 00:00:00-04:00,10.050000190734863,10.079999923706055,9.949999809265137,10.050000190734863,12000,0.0,0.0
2021-06-15 00:00:00-04:00,9.960000038146973,10.069999694824219,9.90999984741211,9.960000038146973,6800,0.0,0.0
2021-06-16 00:00:00-04:00,9.979999542236328,9.979999542236328,9.859999656677246,9.869999885559082,18200,0.0,0.0
2021-06-17 00:00:00-04:00,9.899999618530273,9.9399995803833,9.859999656677246,9.869999885559082,29500,0.0,0.0
2021-06-18 00:00:00-04:00,9.899999618530273,9.899999618530273,9.8100004196167,9.869999885559082,38500,0.0,0.0
2021-06-21 00:00:00-04:00,9.819999694824219,9.859999656677246,9.789999961853027,9.819999694824219,9000,0.0,0.0
2021-06-22 00:00:00-04:00,9.880000114440918,9.899999618530273,9.800000190734863,9.84000015258789,28400,0.0,0.0
2021-06-23 00:00:00-04:00,9.829999923706055,9.899999618530273,9.8100004196167,9.8100004196167,758300,0.0,0.0
2021-06-24 00:00:00-04:00,9.850000381469727,9.850000381469727,9.760000228881836,9.789999961853027,170000,0.0,0.0
2021-06-25 00:00:00-04:00,9.8100004196167,9.84000015258789,9.779999732971191,9.789999961853027,2561000,0.0,0.0
2021-06-28 00:00:00-04:00,9.850000381469727,9.850000381469727,9.800000190734863,9.8100004196167,16400,0.0,0.0
2021-06-29 00:00:00-04:00,9.850000381469727,9.890000343322754,9.800000190734863,9.8100004196167,43700,0.0,0.0
2021-06-30 00:00:00-04:00,9.8100004196167,9.859999656677246,9.800000190734863,9.859999656677246,24900,0.0,0.0
2021-07-01 00:00:00-04:00,9.869999885559082,9.890000343322754,9.8100004196167,9.890000343322754,28400,0.0,0.0
2021-07-02 00:00:00-04:00,9.90999984741211,9.90999984741211,9.84000015258789,9.84000015258789,5800,0.0,0.0
2021-07-06 00:00:00-04:00,9.899999618530273,9.925000190734863,9.864999771118164,9.925000190734863,11100,0.0,0.0
2021-07-07 00:00:00-04:00,9.930000305175781,9.989999771118164,9.899999618530273,9.989999771118164,935300,0.0,0.0
2021-07-08 00:00:00-04:00,9.979999542236328,10.0,9.890999794006348,9.989999771118164,24700,0.0,0.0
2021-07-09 00:00:00-04:00,10.0,10.0,9.90999984741211,9.930000305175781,6200,0.0,0.0
2021-07-12 00:00:00-04:00,10.010000228881836,10.010000228881836,9.930000305175781,9.989999771118164,112600,0.0,0.0
2021-07-13 00:00:00-04:00,10.050000190734863,10.050000190734863,9.975000381469727,9.989999771118164,58300,0.0,0.0
2021-07-14 00:00:00-04:00,10.005999565124512,10.005999565124512,9.930000305175781,10.0,42400,0.0,0.0
2021-07-15 00:00:00-04:00,9.930000305175781,10.050000190734863,9.850000381469727,9.989999771118164,38700,0.0,0.0
2021-07-16 00:00:00-04:00,9.9399995803833,10.0,9.899999618530273,10.0,47000,0.0,0.0
2021-07-19 00:00:00-04:00,9.949999809265137,9.970000267028809,9.859999656677246,9.869999885559082,15300,0.0,0.0
2021-07-20 00:00:00-04:00,9.890000343322754,9.949999809265137,9.85099983215332,9.899999618530273,2900,0.0,0.0
2021-07-21 00:00:00-04:00,9.9399995803833,9.9399995803833,9.850000381469727,9.890000343322754,2500,0.0,0.0
2021-07-22 00:00:00-04:00,9.850000381469727,9.949999809265137,9.850000381469727,9.90999984741211,7700,0.0,0.0
2021-07-23 00:00:00-04:00,9.920000076293945,9.920000076293945,9.876999855041504,9.885000228881836,8400,0.0,0.0
2021-07-26 00:00:00-04:00,9.90999984741211,9.949999809265137,9.859000205993652,9.949999809265137,118700,0.0,0.0
2021-07-27 00:00:00-04:00,9.949999809265137,9.949999809265137,9.850000381469727,9.869999885559082,8400,0.0,0.0
2021-07-28 00:00:00-04:00,9.850000381469727,9.890000343322754,9.850000381469727,9.890000343322754,53800,0.0,0.0
2021-07-29 00:00:00-04:00,9.850000381469727,9.899999618530273,9.850000381469727,9.880000114440918,32700,0.0,0.0
2021-07-30 00:00:00-04:00,9.880000114440918,9.880000114440918,9.850000381469727,9.850000381469727,16300,0.0,0.0
2021-08-02 00:00:00-04:00,9.899999618530273,9.930000305175781,9.800000190734863,9.800000190734863,32600,0.0,0.0
2021-08-03 00:00:00-04:00,9.859999656677246,9.859999656677246,9.800000190734863,9.829999923706055,15300,0.0,0.0
2021-08-04 00:00:00-04:00,9.800000190734863,9.819999694824219,9.789999961853027,9.800000190734863,24200,0.0,0.0
2021-08-05 00:00:00-04:00,9.810999870300293,9.866999626159668,9.800000190734863,9.800000190734863,58100,0.0,0.0
2021-08-06 00:00:00-04:00,9.800000190734863,9.805000305175781,9.800000190734863,9.800000190734863,4500,0.0,0.0
2021-08-09 00:00:00-04:00,9.789999961853027,9.899999618530273,9.789999961853027,9.800000190734863,11800,0.0,0.0
2021-08-10 00:00:00-04:00,9.880000114440918,9.887999534606934,9.760000228881836,9.800000190734863,197700,0.0,0.0
2021-08-11 00:00:00-04:00,9.850000381469727,9.850000381469727,9.75,9.800000190734863,37400,0.0,0.0
2021-08-12 00:00:00-04:00,9.802000045776367,9.809000015258789,9.77299976348877,9.779999732971191,9700,0.0,0.0
2021-08-13 00:00:00-04:00,9.84000015258789,9.84000015258789,9.739999771118164,9.800000190734863,219300,0.0,0.0
2021-08-16 00:00:00-04:00,9.779999732971191,9.8100004196167,9.760000228881836,9.789999961853027,15700,0.0,0.0
2021-08-17 00:00:00-04:00,9.75,9.789999961853027,9.739999771118164,9.779999732971191,18200,0.0,0.0
2021-08-18 00:00:00-04:00,9.720000267028809,9.789999961853027,9.720000267028809,9.779999732971191,7000,0.0,0.0
2021-08-19 00:00:00-04:00,9.800000190734863,9.800000190734863,9.699999809265137,9.760000228881836,44300,0.0,0.0
2021-08-20 00:00:00-04:00,9.760000228881836,9.800000190734863,9.720000267028809,9.779999732971191,27200,0.0,0.0
2021-08-23 00:00:00-04:00,9.800000190734863,9.800000190734863,9.720000267028809,9.800000190734863,50700,0.0,0.0
2021-08-24 00:00:00-04:00,9.75,9.819999694824219,9.729999542236328,9.789999961853027,65900,0.0,0.0
2021-08-25 00:00:00-04:00,9.770000457763672,9.829999923706055,9.755000114440918,9.770000457763672,25600,0.0,0.0
2021-08-26 00:00:00-04:00,9.800000190734863,9.800000190734863,9.75,9.760000228881836,281000,0.0,0.0
2021-08-27 00:00:00-04:00,9.729999542236328,9.770000457763672,9.729999542236328,9.760000228881836,84700,0.0,0.0
2021-08-30 00:00:00-04:00,9.720000267028809,9.760000228881836,9.720000267028809,9.760000228881836,22700,0.0,0.0
2021-08-31 00:00:00-04:00,9.739999771118164,9.859999656677246,9.729999542236328,9.859999656677246,78600,0.0,0.0
2021-09-01 00:00:00-04:00,9.859999656677246,9.859999656677246,9.720000267028809,9.800000190734863,106800,0.0,0.0
2021-09-02 00:00:00-04:00,9.789999961853027,9.829999923706055,9.789999961853027,9.819999694824219,440700,0.0,0.0
2021-09-03 00:00:00-04:00,9.850000381469727,9.850000381469727,9.8100004196167,9.850000381469727,44500,0.0,0.0
2021-09-07 00:00:00-04:00,9.859999656677246,9.859999656677246,9.779999732971191,9.84000015258789,25600,0.0,0.0
2021-09-08 00:00:00-04:00,9.859999656677246,9.859999656677246,9.819999694824219,9.829999923706055,4600,0.0,0.0
2021-09-09 00:00:00-04:00,9.819999694824219,9.829999923706055,9.819999694824219,9.819999694824219,18600,0.0,0.0
2021-09-10 00:00:00-04:00,9.850000381469727,9.855999946594238,9.829999923706055,9.829999923706055,29800,0.0,0.0
2021-09-13 00:00:00-04:00,9.829999923706055,9.850000381469727,9.819999694824219,9.819999694824219,151400,0.0,0.0
2021-09-14 00:00:00-04:00,9.850000381469727,9.850000381469727,9.819999694824219,9.850000381469727,167900,0.0,0.0
2021-09-15 00:00:00-04:00,9.859999656677246,9.859999656677246,9.819999694824219,9.819999694824219,6300,0.0,0.0
2021-09-16 00:00:00-04:00,9.819999694824219,9.829999923706055,9.789999961853027,9.8100004196167,46300,0.0,0.0
2021-09-17 00:00:00-04:00,9.800000190734863,9.854000091552734,9.800000190734863,9.819999694824219,2100,0.0,0.0
2021-09-20 00:00:00-04:00,9.800000190734863,9.800000190734863,9.741000175476074,9.770000457763672,83400,0.0,0.0
2021-09-21 00:00:00-04:00,9.8100004196167,9.8100004196167,9.760000228881836,9.789999961853027,184400,0.0,0.0
2021-09-22 00:00:00-04:00,9.770000457763672,9.819999694824219,9.770000457763672,9.819999694824219,11600,0.0,0.0
2021-09-23 00:00:00-04:00,9.779999732971191,9.800000190734863,9.779999732971191,9.800000190734863,10900,0.0,0.0
2021-09-24 00:00:00-04:00,9.829999923706055,9.829999923706055,9.779999732971191,9.779999732971191,3500,0.0,0.0
2021-09-27 00:00:00-04:00,9.75,9.829999923706055,9.75,9.819999694824219,21200,0.0,0.0
2021-09-28 00:00:00-04:00,9.760000228881836,9.800000190734863,9.75,9.760000228881836,7100,0.0,0.0
2021-09-29 00:00:00-04:00,9.75,9.829999923706055,9.75,9.8100004196167,67100,0.0,0.0
2021-09-30 00:00:00-04:00,9.850000381469727,9.850000381469727,9.75,9.770000457763672,10400,0.0,0.0
2021-10-01 00:00:00-04:00,9.753000259399414,9.8100004196167,9.751999855041504,9.8100004196167,15000,0.0,0.0
2021-10-04 00:00:00-04:00,9.829999923706055,9.829999923706055,9.760000228881836,9.770000457763672,5200,0.0,0.0
2021-10-05 00:00:00-04:00,9.760000228881836,9.760000228881836,9.760000228881836,9.760000228881836,500,0.0,0.0
2021-10-06 00:00:00-04:00,9.75,9.800000190734863,9.729999542236328,9.779999732971191,13500,0.0,0.0
2021-10-07 00:00:00-04:00,9.859999656677246,9.859999656677246,9.760000228881836,9.8100004196167,4000,0.0,0.0
2021-10-08 00:00:00-04:00,9.850000381469727,9.859999656677246,9.789999961853027,9.789999961853027,66200,0.0,0.0
2021-10-11 00:00:00-04:00,9.75,9.850000381469727,9.75,9.779999732971191,61800,0.0,0.0
2021-10-12 00:00:00-04:00,9.770000457763672,9.79699993133545,9.760000228881836,9.779999732971191,1900,0.0,0.0
2021-10-13 00:00:00-04:00,9.770000457763672,9.84000015258789,9.770000457763672,9.84000015258789,12500,0.0,0.0
2021-10-14 00:00:00-04:00,9.84000015258789,9.84000015258789,9.800000190734863,9.800000190734863,300,0.0,0.0
2021-10-15 00:00:00-04:00,9.800000190734863,9.803999900817871,9.779999732971191,9.789999961853027,2100,0.0,0.0
2021-10-18 00:00:00-04:00,9.760000228881836,9.800000190734863,9.760000228881836,9.789999961853027,5900,0.0,0.0
2021-10-19 00:00:00-04:00,9.84000015258789,9.84000015258789,9.795000076293945,9.829999923706055,10500,0.0,0.0
2021-10-20 00:00:00-04:00,9.829999923706055,9.84000015258789,9.819999694824219,9.84000015258789,11400,0.0,0.0
2021-10-21 00:00:00-04:00,9.84000015258789,9.84000015258789,9.819999694824219,9.829999923706055,13400,0.0,0.0
2021-10-22 00:00:00-04:00,9.800000190734863,9.800000190734863,9.789999961853027,9.795000076293945,2100,0.0,0.0
2021-10-25 00:00:00-04:00,9.779999732971191,9.84000015258789,9.770000457763672,9.84000015258789,15800,0.0,0.0
2021-10-26 00:00:00-04:00,9.8100004196167,9.869999885559082,9.8100004196167,9.859999656677246,107400,0.0,0.0
2021-10-27 00:00:00-04:00,9.835000038146973,9.890000343322754,9.8100004196167,9.859999656677246,581300,0.0,0.0
2021-10-28 00:00:00-04:00,9.880000114440918,9.880000114440918,9.829999923706055,9.84000015258789,541400,0.0,0.0
2021-10-29 00:00:00-04:00,9.880000114440918,9.890000343322754,9.800000190734863,9.800000190734863,51500,0.0,0.0
2021-11-01 00:00:00-04:00,9.84000015258789,9.920000076293945,9.819999694824219,9.899999618530273,76400,0.0,0.0
2021-11-02 00:00:00-04:00,9.890000343322754,9.920000076293945,9.859999656677246,9.920000076293945,17200,0.0,0.0
2021-11-03 00:00:00-04:00,9.869999885559082,9.890000343322754,9.859999656677246,9.890000343322754,8500,0.0,0.0
2021-11-04 00:00:00-04:00,9.890000343322754,9.9399995803833,9.880000114440918,9.930000305175781,300800,0.0,0.0
2021-11-05 00:00:00-04:00,9.9399995803833,9.9399995803833,9.859999656677246,9.899999618530273,480600,0.0,0.0
2021-11-08 00:00:00-05:00,9.890000343322754,9.899999618530273,9.859999656677246,9.890000343322754,12400,0.0,0.0
2021-11-09 00:00:00-05:00,9.869999885559082,9.920000076293945,9.8100004196167,9.890000343322754,11900,0.0,0.0
2021-11-10 00:00:00-05:00,9.859999656677246,9.890000343322754,9.84000015258789,9.890000343322754,11900,0.0,0.0
2021-11-11 00:00:00-05:00,9.84000015258789,9.920000076293945,9.84000015258789,9.890000343322754,15700,0.0,0.0
2021-11-12 00:00:00-05:00,9.890000343322754,9.890000343322754,9.84000015258789,9.850000381469727,41200,0.0,0.0
2021-11-15 00:00:00-05:00,9.829999923706055,9.890000343322754,9.829999923706055,9.890000343322754,24600,0.0,0.0
2021-11-16 00:00:00-05:00,9.859999656677246,9.899999618530273,9.859999656677246,9.880000114440918,38200,0.0,0.0
2021-11-17 00:00:00-05:00,9.890000343322754,9.930000305175781,9.859999656677246,9.890000343322754,237100,0.0,0.0
2021-11-18 00:00:00-05:00,9.899999618530273,9.920000076293945,9.890000343322754,9.920000076293945,146800,0.0,0.0
2021-11-19 00:00:00-05:00,9.930000305175781,9.9399995803833,9.899999618530273,9.930000305175781,33400,0.0,0.0
2021-11-22 00:00:00-05:00,9.930000305175781,9.949999809265137,9.890000343322754,9.90999984741211,79800,0.0,0.0
2021-11-23 00:00:00-05:00,9.949999809265137,9.949999809265137,9.859999656677246,9.899999618530273,266600,0.0,0.0
2021-11-24 00:00:00-05:00,9.9399995803833,9.9399995803833,9.859999656677246,9.880000114440918,7600,0.0,0.0
2021-11-26 00:00:00-05:00,9.84000015258789,9.899999618530273,9.84000015258789,9.859999656677246,1400,0.0,0.0
2021-11-29 00:00:00-05:00,9.899999618530273,9.899999618530273,9.859999656677246,9.880000114440918,59500,0.0,0.0
2021-11-30 00:00:00-05:00,9.899999618530273,9.930000305175781,9.84000015258789,9.869999885559082,826200,0.0,0.0
2021-12-01 00:00:00-05:00,9.859999656677246,9.890000343322754,9.859999656677246,9.859999656677246,515500,0.0,0.0
2021-12-02 00:00:00-05:00,9.859999656677246,9.880000114440918,9.829999923706055,9.850000381469727,660800,0.0,0.0
2021-12-03 00:00:00-05:00,9.850000381469727,9.869999885559082,9.829999923706055,9.869999885559082,16300,0.0,0.0
2021-12-06 00:00:00-05:00,9.859999656677246,9.859999656677246,9.829999923706055,9.829999923706055,27800,0.0,0.0
2021-12-07 00:00:00-05:00,9.819999694824219,9.850000381469727,9.819999694824219,9.829999923706055,24900,0.0,0.0
2021-12-08 00:00:00-05:00,9.859999656677246,9.880000114440918,9.819999694824219,9.880000114440918,364500,0.0,0.0
2021-12-09 00:00:00-05:00,9.87399959564209,9.890000343322754,9.850000381469727,9.880000114440918,12800,0.0,0.0
2021-12-10 00:00:00-05:00,9.880000114440918,9.890000343322754,9.869999885559082,9.890000343322754,18800,0.0,0.0
2021-12-13 00:00:00-05:00,9.890000343322754,9.890000343322754,9.84000015258789,9.880000114440918,201100,0.0,0.0
2021-12-14 00:00:00-05:00,9.84000015258789,9.880000114440918,9.84000015258789,9.875,36900,0.0,0.0
2021-12-15 00:00:00-05:00,9.869999885559082,9.885000228881836,9.859999656677246,9.869999885559082,86600,0.0,0.0
2021-12-16 00:00:00-05:00,9.920000076293945,9.920000076293945,9.829999923706055,9.880000114440918,91400,0.0,0.0
2021-12-17 00:00:00-05:00,9.90999984741211,9.920000076293945,9.880000114440918,9.880000114440918,31900,0.0,0.0
2021-12-20 00:00:00-05:00,9.899999618530273,9.899999618530273,9.819999694824219,9.829999923706055,27500,0.0,0.0
2021-12-21 00:00:00-05:00,9.8100004196167,9.829999923706055,9.800000190734863,9.800000190734863,3509900,0.0,0.0
2021-12-22 00:00:00-05:00,9.829999923706055,9.829999923706055,9.770000457763672,9.789999961853027,14800,0.0,0.0
2021-12-23 00:00:00-05:00,9.800000190734863,9.800000190734863,9.760000228881836,9.770000457763672,36600,0.0,0.0
2021-12-27 00:00:00-05:00,9.779999732971191,9.779999732971191,9.75,9.760000228881836,26600,0.0,0.0
2021-12-28 00:00:00-05:00,9.755000114440918,9.859999656677246,9.75,9.850000381469727,137400,0.0,0.0
2021-12-29 00:00:00-05:00,9.819999694824219,9.819999694824219,9.760000228881836,9.770000457763672,8400,0.0,0.0
2021-12-30 00:00:00-05:00,9.760000228881836,9.779999732971191,9.760000228881836,9.760000228881836,9200,0.0,0.0
2021-12-31 00:00:00-05:00,9.760000228881836,9.800000190734863,9.760000228881836,9.779999732971191,10000,0.0,0.0
2022-01-03 00:00:00-05:00,9.779999732971191,9.779999732971191,9.760000228881836,9.760000228881836,31300,0.0,0.0
2022-01-04 00:00:00-05:00,9.760000228881836,9.789999961853027,9.760000228881836,9.779999732971191,38500,0.0,0.0
2022-01-05 00:00:00-05:00,9.779999732971191,9.789999961853027,9.75,9.75,31500,0.0,0.0
2022-01-06 00:00:00-05:00,9.760000228881836,9.770000457763672,9.739999771118164,9.75,23500,0.0,0.0
2022-01-07 00:00:00-05:00,9.779999732971191,9.779999732971191,9.760000228881836,9.779999732971191,21500,0.0,0.0
2022-01-10 00:00:00-05:00,9.779999732971191,9.800000190734863,9.75,9.75,53100,0.0,0.0
2022-01-11 00:00:00-05:00,9.779999732971191,9.800000190734863,9.770000457763672,9.770000457763672,827900,0.0,0.0
2022-01-12 00:00:00-05:00,9.800000190734863,9.800000190734863,9.770000457763672,9.779999732971191,598700,0.0,0.0
2022-01-13 00:00:00-05:00,9.779999732971191,9.779999732971191,9.760000228881836,9.760000228881836,6600,0.0,0.0
2022-01-14 00:00:00-05:00,9.76099967956543,9.789999961853027,9.76099967956543,9.779999732971191,102800,0.0,0.0
2022-01-18 00:00:00-05:00,9.760000228881836,9.800000190734863,9.760000228881836,9.760000228881836,105500,0.0,0.0
2022-01-19 00:00:00-05:00,9.779999732971191,9.800000190734863,9.760000228881836,9.770000457763672,245200,0.0,0.0
2022-01-20 00:00:00-05:00,9.760000228881836,9.779999732971191,9.760000228881836,9.770000457763672,9600,0.0,0.0
2022-01-21 00:00:00-05:00,9.770000457763672,9.770000457763672,9.729999542236328,9.739999771118164,78600,0.0,0.0
2022-01-24 00:00:00-05:00,9.739999771118164,9.75,9.720000267028809,9.720000267028809,212200,0.0,0.0
2022-01-25 00:00:00-05:00,9.729999542236328,9.770000457763672,9.720000267028809,9.729999542236328,9200,0.0,0.0
2022-01-26 00:00:00-05:00,9.739999771118164,9.739999771118164,9.729999542236328,9.739999771118164,10800,0.0,0.0
2022-01-27 00:00:00-05:00,9.710000038146973,9.789999961853027,9.710000038146973,9.789999961853027,92400,0.0,0.0
2022-01-28 00:00:00-05:00,9.772000312805176,9.789999961853027,9.770000457763672,9.779999732971191,13800,0.0,0.0
2022-01-31 00:00:00-05:00,9.760000228881836,9.789999961853027,9.739999771118164,9.779999732971191,35400,0.0,0.0
2022-02-01 00:00:00-05:00,9.789999961853027,9.8100004196167,9.75,9.8100004196167,47300,0.0,0.0
2022-02-02 00:00:00-05:00,9.770000457763672,9.8100004196167,9.770000457763672,9.8100004196167,21000,0.0,0.0
2022-02-03 00:00:00-05:00,9.760000228881836,9.789999961853027,9.760000228881836,9.789999961853027,11800,0.0,0.0
2022-02-04 00:00:00-05:00,9.770000457763672,9.770000457763672,9.760000228881836,9.770000457763672,25400,0.0,0.0
2022-02-07 00:00:00-05:00,9.789999961853027,9.800000190734863,9.789999961853027,9.800000190734863,7600,0.0,0.0
2022-02-08 00:00:00-05:00,9.803999900817871,9.803999900817871,9.770000457763672,9.770000457763672,3000,0.0,0.0
2022-02-09 00:00:00-05:00,9.8100004196167,9.8100004196167,9.770000457763672,9.770000457763672,9100,0.0,0.0
2022-02-10 00:00:00-05:00,9.760000228881836,9.770000457763672,9.760000228881836,9.770000457763672,33300,0.0,0.0
2022-02-11 00:00:00-05:00,9.75,9.800000190734863,9.75,9.779999732971191,42000,0.0,0.0
2022-02-14 00:00:00-05:00,9.76200008392334,9.800000190734863,9.739999771118164,9.800000190734863,16400,0.0,0.0
2022-02-15 00:00:00-05:00,9.75,9.760000228881836,9.75,9.760000228881836,4300,0.0,0.0
2022-02-16 00:00:00-05:00,9.779999732971191,9.779999732971191,9.75,9.75,300,0.0,0.0
2022-02-17 00:00:00-05:00,9.739999771118164,9.770000457763672,9.739999771118164,9.75,12900,0.0,0.0
2022-02-18 00:00:00-05:00,9.760000228881836,9.770000457763672,9.760000228881836,9.760000228881836,2800,0.0,0.0
2022-02-22 00:00:00-05:00,9.75,9.767999649047852,9.75,9.75,700,0.0,0.0
2022-02-23 00:00:00-05:00,9.770000457763672,9.770000457763672,9.75,9.75,10700,0.0,0.0
2022-02-24 00:00:00-05:00,9.75,9.75,9.75,9.75,0,0.0,0.0
2022-02-25 00:00:00-05:00,9.755000114440918,9.760000228881836,9.755000114440918,9.760000228881836,700,0.0,0.0
2022-02-28 00:00:00-05:00,9.739999771118164,9.739999771118164,9.739999771118164,9.739999771118164,12300,0.0,0.0
2022-03-01 00:00:00-05:00,9.729999542236328,9.760000228881836,9.729999542236328,9.739999771118164,229000,0.0,0.0
2022-03-02 00:00:00-05:00,9.75,9.75,9.739999771118164,9.739999771118164,7900,0.0,0.0
2022-03-03 00:00:00-05:00,9.744999885559082,9.760000228881836,9.729999542236328,9.760000228881836,6700,0.0,0.0
2022-03-04 00:00:00-05:00,9.779000282287598,9.800000190734863,9.75,9.779999732971191,11000,0.0,0.0
2022-03-07 00:00:00-05:00,9.770000457763672,9.770000457763672,9.75,9.75,568600,0.0,0.0
2022-03-08 00:00:00-05:00,9.75,9.769000053405762,9.739999771118164,9.75,168800,0.0,0.0
2022-03-09 00:00:00-05:00,9.739999771118164,9.760000228881836,9.720000267028809,9.760000228881836,4149400,0.0,0.0
2022-03-10 00:00:00-05:00,9.729999542236328,9.741999626159668,9.729999542236328,9.739999771118164,2400,0.0,0.0
2022-03-11 00:00:00-05:00,9.739999771118164,9.770000457763672,9.739999771118164,9.760000228881836,8400,0.0,0.0
2022-03-14 00:00:00-04:00,9.779999732971191,9.779999732971191,9.739999771118164,9.744999885559082,713800,0.0,0.0
2022-03-15 00:00:00-04:00,9.739999771118164,9.779999732971191,9.739999771118164,9.75,7200,0.0,0.0
2022-03-16 00:00:00-04:00,9.760000228881836,9.760000228881836,9.760000228881836,9.760000228881836,1500700,0.0,0.0
2022-03-17 00:00:00-04:00,9.770000457763672,9.78499984741211,9.770000457763672,9.779999732971191,30700,0.0,0.0
2022-03-18 00:00:00-04:00,9.789999961853027,9.800000190734863,9.774999618530273,9.800000190734863,24400,0.0,0.0
2022-03-21 00:00:00-04:00,9.789999961853027,9.789999961853027,9.751999855041504,9.789999961853027,800,0.0,0.0
2022-03-22 00:00:00-04:00,9.800000190734863,9.8100004196167,9.800000190734863,9.805000305175781,41800,0.0,0.0
2022-03-23 00:00:00-04:00,9.765000343322754,9.765000343322754,9.765000343322754,9.765000343322754,500,0.0,0.0
2022-03-24 00:00:00-04:00,9.850000381469727,9.850000381469727,9.770000457763672,9.770000457763672,19100,0.0,0.0
2022-03-25 00:00:00-04:00,9.760000228881836,9.850000381469727,9.760000228881836,9.779999732971191,20400,0.0,0.0
2022-03-28 00:00:00-04:00,9.760000228881836,9.78499984741211,9.760000228881836,9.78499984741211,11400,0.0,0.0
2022-03-29 00:00:00-04:00,9.779999732971191,9.78600025177002,9.770000457763672,9.78600025177002,8900,0.0,0.0
2022-03-30 00:00:00-04:00,9.789999961853027,9.819999694824219,9.77400016784668,9.779999732971191,8600,0.0,0.0
2022-03-31 00:00:00-04:00,9.84000015258789,9.84000015258789,9.779999732971191,9.819999694824219,237500,0.0,0.0
2022-04-01 00:00:00-04:00,9.789999961853027,9.84000015258789,9.779999732971191,9.84000015258789,28700,0.0,0.0
2022-04-04 00:00:00-04:00,9.84000015258789,9.84000015258789,9.822999954223633,9.822999954223633,300,0.0,0.0
2022-04-05 00:00:00-04:00,9.779999732971191,9.829999923706055,9.779999732971191,9.789999961853027,3600,0.0,0.0
2022-04-06 00:00:00-04:00,9.779999732971191,9.829999923706055,9.779999732971191,9.829999923706055,1624500,0.0,0.0
2022-04-07 00:00:00-04:00,9.829999923706055,9.84000015258789,9.8100004196167,9.84000015258789,1024700,0.0,0.0
2022-04-08 00:00:00-04:00,9.899999618530273,9.899999618530273,9.84000015258789,9.864999771118164,5700,0.0,0.0
2022-04-11 00:00:00-04:00,9.819999694824219,9.845000267028809,9.819999694824219,9.845000267028809,3300,0.0,0.0
2022-04-12 00:00:00-04:00,9.819999694824219,9.824999809265137,9.819999694824219,9.819999694824219,2800,0.0,0.0
2022-04-13 00:00:00-04:00,9.829999923706055,9.850000381469727,9.829999923706055,9.84000015258789,2300,0.0,0.0
2022-04-14 00:00:00-04:00,9.899999618530273,9.899999618530273,9.826000213623047,9.869999885559082,4100,0.0,0.0
2022-04-18 00:00:00-04:00,9.819999694824219,9.859999656677246,9.819999694824219,9.850000381469727,3000,0.0,0.0
2022-04-19 00:00:00-04:00,9.829999923706055,9.829999923706055,9.829999923706055,9.829999923706055,1700,0.0,0.0
2022-04-20 00:00:00-04:00,9.899999618530273,9.899999618530273,9.850000381469727,9.850000381469727,800,0.0,0.0
2022-04-21 00:00:00-04:00,9.819999694824219,9.824000358581543,9.8100004196167,9.819999694824219,10300,0.0,0.0
2022-04-22 00:00:00-04:00,9.8100004196167,9.824999809265137,9.8100004196167,9.819999694824219,1500,0.0,0.0
2022-04-25 00:00:00-04:00,10.3100004196167,10.3100004196167,9.8100004196167,9.8100004196167,2700,0.0,0.0
2022-04-26 00:00:00-04:00,9.8100004196167,9.8100004196167,9.8100004196167,9.8100004196167,0,0.0,0.0
2022-04-27 00:00:00-04:00,9.8100004196167,9.8100004196167,9.8100004196167,9.8100004196167,100,0.0,0.0
2022-04-28 00:00:00-04:00,9.84000015258789,9.84000015258789,9.84000015258789,9.84000015258789,1000,0.0,0.0
2022-04-29 00:00:00-04:00,9.812000274658203,9.84000015258789,9.8100004196167,9.8100004196167,23600,0.0,0.0
2022-05-02 00:00:00-04:00,9.800000190734863,9.84000015258789,9.800000190734863,9.84000015258789,15100,0.0,0.0
2022-05-03 00:00:00-04:00,9.84000015258789,9.84000015258789,9.835000038146973,9.835000038146973,300,0.0,0.0
2022-05-04 00:00:00-04:00,9.8149995803833,9.8149995803833,9.8149995803833,9.8149995803833,200,0.0,0.0
2022-05-05 00:00:00-04:00,9.8100004196167,9.8100004196167,9.8100004196167,9.8100004196167,1300,0.0,0.0
2022-05-06 00:00:00-04:00,9.8100004196167,9.819999694824219,9.8100004196167,9.819999694824219,1100,0.0,0.0
2022-05-09 00:00:00-04:00,9.8100004196167,9.835000038146973,9.8100004196167,9.8100004196167,53200,0.0,0.0
2022-05-10 00:00:00-04:00,9.8100004196167,9.8100004196167,9.770000457763672,9.789999961853027,123000,0.0,0.0
2022-05-11 00:00:00-04:00,9.770000457763672,9.795000076293945,9.770000457763672,9.789999961853027,45700,0.0,0.0
2022-05-12 00:00:00-04:00,9.739999771118164,9.805000305175781,9.739999771118164,9.789999961853027,229600,0.0,0.0
2022-05-13 00:00:00-04:00,9.800000190734863,9.805000305175781,9.75,9.779999732971191,37900,0.0,0.0
2022-05-16 00:00:00-04:00,9.760000228881836,9.789999961853027,9.760000228881836,9.770000457763672,36300,0.0,0.0
2022-05-17 00:00:00-04:00,9.770000457763672,9.78499984741211,9.755000114440918,9.767999649047852,1266700,0.0,0.0
2022-05-18 00:00:00-04:00,9.800000190734863,9.800000190734863,9.75,9.767999649047852,36200,0.0,0.0
2022-05-19 00:00:00-04:00,9.75,9.767000198364258,9.75,9.767000198364258,952900,0.0,0.0
2022-05-20 00:00:00-04:00,9.774999618530273,9.774999618530273,9.75,9.75,140400,0.0,0.0
2022-05-23 00:00:00-04:00,9.8100004196167,9.8100004196167,9.75,9.760000228881836,48900,0.0,0.0
2022-05-24 00:00:00-04:00,9.760000228881836,9.770000457763672,9.75,9.770000457763672,9700,0.0,0.0
2022-05-25 00:00:00-04:00,9.770000457763672,9.789999961853027,9.760000228881836,9.789999961853027,187200,0.0,0.0
2022-05-26 00:00:00-04:00,9.789999961853027,9.789999961853027,9.760000228881836,9.770000457763672,6000,0.0,0.0
2022-05-27 00:00:00-04:00,9.760000228881836,9.779999732971191,9.760000228881836,9.779999732971191,39600,0.0,0.0
2022-05-31 00:00:00-04:00,9.779999732971191,9.789999961853027,9.760000228881836,9.760000228881836,101500,0.0,0.0
2022-06-01 00:00:00-04:00,9.779999732971191,9.779999732971191,9.770000457763672,9.779999732971191,69000,0.0,0.0
2022-06-02 00:00:00-04:00,9.779999732971191,9.779999732971191,9.760000228881836,9.779999732971191,60000,0.0,0.0
2022-06-03 00:00:00-04:00,9.770000457763672,9.779999732971191,9.770000457763672,9.779999732971191,75700,0.0,0.0
2022-06-06 00:00:00-04:00,9.779999732971191,9.779999732971191,9.770000457763672,9.779999732971191,5217200,0.0,0.0
2022-06-07 00:00:00-04:00,9.779999732971191,9.800000190734863,9.779999732971191,9.78499984741211,253000,0.0,0.0
2022-06-08 00:00:00-04:00,9.770000457763672,9.800000190734863,9.770000457763672,9.800000190734863,63100,0.0,0.0
2022-06-09 00:00:00-04:00,9.800000190734863,9.805000305175781,9.800000190734863,9.800000190734863,18700,0.0,0.0
2022-06-10 00:00:00-04:00,9.8100004196167,9.819999694824219,9.800000190734863,9.8100004196167,240300,0.0,0.0
2022-06-13 00:00:00-04:00,9.795000076293945,9.800000190734863,9.779999732971191,9.791000366210938,34400,0.0,0.0
2022-06-14 00:00:00-04:00,9.789999961853027,9.789999961853027,9.774999618530273,9.779999732971191,75900,0.0,0.0
2022-06-15 00:00:00-04:00,9.779999732971191,9.800000190734863,9.779999732971191,9.800000190734863,6400,0.0,0.0
2022-06-16 00:00:00-04:00,9.770000457763672,9.789999961853027,9.770000457763672,9.779999732971191,13500,0.0,0.0
2022-06-17 00:00:00-04:00,9.770000457763672,9.800000190734863,9.770000457763672,9.789999961853027,34900,0.0,0.0
2022-06-21 00:00:00-04:00,9.770000457763672,9.779999732971191,9.770000457763672,9.779999732971191,4600,0.0,0.0
2022-06-22 00:00:00-04:00,9.789999961853027,9.789999961853027,9.789999961853027,9.789999961853027,23700,0.0,0.0
2022-06-23 00:00:00-04:00,9.789999961853027,9.789999961853027,9.770000457763672,9.789999961853027,656800,0.0,0.0
2022-06-24 00:00:00-04:00,9.779999732971191,9.789999961853027,9.779999732971191,9.789999961853027,5800,0.0,0.0
2022-06-27 00:00:00-04:00,9.779999732971191,9.789999961853027,9.779999732971191,9.789999961853027,2300,0.0,0.0
2022-06-28 00:00:00-04:00,9.779999732971191,9.789999961853027,9.779999732971191,9.789999961853027,18000,0.0,0.0
2022-06-29 00:00:00-04:00,9.795000076293945,9.795000076293945,9.791999816894531,9.791999816894531,2600,0.0,0.0
2022-06-30 00:00:00-04:00,9.789999961853027,9.795000076293945,9.789999961853027,9.789999961853027,14800,0.0,0.0
2022-07-01 00:00:00-04:00,9.8100004196167,9.8100004196167,9.789999961853027,9.789999961853027,9100,0.0,0.0
2022-07-05 00:00:00-04:00,9.789999961853027,9.800000190734863,9.789999961853027,9.800000190734863,552300,0.0,0.0
2022-07-06 00:00:00-04:00,9.789999961853027,9.789999961853027,9.789999961853027,9.789999961853027,100,0.0,0.0
2022-07-07 00:00:00-04:00,9.819999694824219,9.819999694824219,9.789999961853027,9.789999961853027,900,0.0,0.0
2022-07-08 00:00:00-04:00,9.800000190734863,9.800000190734863,9.789999961853027,9.789999961853027,400100,0.0,0.0
2022-07-11 00:00:00-04:00,9.8100004196167,9.8100004196167,9.8100004196167,9.8100004196167,100,0.0,0.0
2022-07-12 00:00:00-04:00,9.8100004196167,9.8149995803833,9.795000076293945,9.795000076293945,1926400,0.0,0.0
2022-07-13 00:00:00-04:00,9.789999961853027,9.795000076293945,9.789999961853027,9.795000076293945,1329900,0.0,0.0
2022-07-14 00:00:00-04:00,9.8100004196167,9.819999694824219,9.779999732971191,9.791000366210938,233500,0.0,0.0
2022-07-15 00:00:00-04:00,9.800000190734863,9.805000305175781,9.789999961853027,9.800000190734863,436700,0.0,0.0
2022-07-18 00:00:00-04:00,9.770000457763672,9.805000305175781,9.770000457763672,9.800000190734863,225000,0.0,0.0
2022-07-19 00:00:00-04:00,9.819999694824219,9.819999694824219,9.800000190734863,9.819999694824219,389500,0.0,0.0
2022-07-20 00:00:00-04:00,9.819999694824219,9.819999694824219,9.800000190734863,9.8100004196167,33300,0.0,0.0
2022-07-21 00:00:00-04:00,9.8100004196167,9.824999809265137,9.8100004196167,9.819999694824219,128200,0.0,0.0
2022-07-22 00:00:00-04:00,9.819999694824219,9.829999923706055,9.819999694824219,9.829999923706055,2300,0.0,0.0
2022-07-25 00:00:00-04:00,9.84000015258789,9.84000015258789,9.829999923706055,9.84000015258789,75900,0.0,0.0
2022-07-26 00:00:00-04:00,9.850000381469727,9.850000381469727,9.829999923706055,9.829999923706055,10700,0.0,0.0
2022-07-27 00:00:00-04:00,9.84000015258789,9.850000381469727,9.829999923706055,9.829999923706055,123300,0.0,0.0
2022-07-28 00:00:00-04:00,9.829999923706055,9.829999923706055,9.824999809265137,9.829999923706055,688400,0.0,0.0
2022-07-29 00:00:00-04:00,9.819999694824219,9.84000015258789,9.819999694824219,9.84000015258789,627300,0.0,0.0
2022-08-01 00:00:00-04:00,9.850000381469727,9.859999656677246,9.84000015258789,9.850000381469727,234700,0.0,0.0
2022-08-02 00:00:00-04:00,9.819999694824219,9.84000015258789,9.819999694824219,9.84000015258789,100800,0.0,0.0
2022-08-03 00:00:00-04:00,9.819999694824219,9.850000381469727,9.819999694824219,9.84000015258789,79700,0.0,0.0
2022-08-04 00:00:00-04:00,9.869999885559082,9.869999885559082,9.819999694824219,9.829999923706055,45900,0.0,0.0
2022-08-05 00:00:00-04:00,9.829999923706055,9.864999771118164,9.829999923706055,9.84000015258789,41700,0.0,0.0
2022-08-08 00:00:00-04:00,9.859999656677246,9.869999885559082,9.819999694824219,9.819999694824219,11600,0.0,0.0
2022-08-09 00:00:00-04:00,9.829999923706055,9.850000381469727,9.819999694824219,9.84000015258789,86400,0.0,0.0
2022-08-10 00:00:00-04:00,9.859999656677246,9.869999885559082,9.829999923706055,9.850000381469727,233600,0.0,0.0
2022-08-11 00:00:00-04:00,9.850000381469727,9.880000114440918,9.850000381469727,9.880000114440918,157000,0.0,0.0
2022-08-12 00:00:00-04:00,9.859999656677246,9.859999656677246,9.859999656677246,9.859999656677246,400,0.0,0.0
2022-08-15 00:00:00-04:00,9.84000015258789,9.869999885559082,9.84000015258789,9.850000381469727,4300,0.0,0.0
2022-08-16 00:00:00-04:00,9.850000381469727,9.854999542236328,9.850000381469727,9.854999542236328,7200,0.0,0.0
2022-08-17 00:00:00-04:00,9.84000015258789,9.850000381469727,9.84000015258789,9.850000381469727,1500,0.0,0.0
2022-08-18 00:00:00-04:00,9.833999633789062,9.84000015258789,9.833999633789062,9.84000015258789,1500,0.0,0.0
2022-08-19 00:00:00-04:00,9.829999923706055,9.850000381469727,9.819999694824219,9.829999923706055,137000,0.0,0.0
2022-08-22 00:00:00-04:00,9.829999923706055,9.850000381469727,9.829999923706055,9.850000381469727,600,0.0,0.0
2022-08-23 00:00:00-04:00,9.829999923706055,9.859999656677246,9.829999923706055,9.859999656677246,63200,0.0,0.0
2022-08-24 00:00:00-04:00,9.84000015258789,9.864999771118164,9.84000015258789,9.859999656677246,233600,0.0,0.0
2022-08-25 00:00:00-04:00,9.84000015258789,9.864999771118164,9.84000015258789,9.859999656677246,2000,0.0,0.0
2022-08-26 00:00:00-04:00,9.845000267028809,9.845000267028809,9.84000015258789,9.84000015258789,5200,0.0,0.0
2022-08-29 00:00:00-04:00,9.84000015258789,9.864999771118164,9.829999923706055,9.835000038146973,4000,0.0,0.0
2022-08-30 00:00:00-04:00,9.845000267028809,9.845000267028809,9.84000015258789,9.84000015258789,1000,0.0,0.0
2022-08-31 00:00:00-04:00,9.845000267028809,9.850000381469727,9.845000267028809,9.850000381469727,4700,0.0,0.0
2022-09-01 00:00:00-04:00,9.880000114440918,9.880000114440918,9.819999694824219,9.819999694824219,62000,0.0,0.0
2022-09-02 00:00:00-04:00,9.819999694824219,9.819999694824219,9.805000305175781,9.8100004196167,117400,0.0,0.0
2022-09-06 00:00:00-04:00,9.789999961853027,9.819999694824219,9.789999961853027,9.800000190734863,165100,0.0,0.0
2022-09-07 00:00:00-04:00,9.805000305175781,9.829999923706055,9.805000305175781,9.819999694824219,40800,0.0,0.0
2022-09-08 00:00:00-04:00,9.819999694824219,9.824999809265137,9.8149995803833,9.819999694824219,36200,0.0,0.0
2022-09-09 00:00:00-04:00,9.819999694824219,9.850000381469727,9.819999694824219,9.824999809265137,130200,0.0,0.0
2022-09-12 00:00:00-04:00,9.819999694824219,9.829999923706055,9.8149995803833,9.824999809265137,134300,0.0,0.0
2022-09-13 00:00:00-04:00,9.8100004196167,9.829999923706055,9.8100004196167,9.819999694824219,41900,0.0,0.0
2022-09-14 00:00:00-04:00,9.819999694824219,9.829999923706055,9.819999694824219,9.824999809265137,14700,0.0,0.0
2022-09-15 00:00:00-04:00,9.829999923706055,9.829999923706055,9.829999923706055,9.829999923706055,69300,0.0,0.0
2022-09-16 00:00:00-04:00,9.822999954223633,9.836000442504883,9.822999954223633,9.829999923706055,5000,0.0,0.0
2022-09-19 00:00:00-04:00,9.831999778747559,9.831999778747559,9.829999923706055,9.829999923706055,5400,0.0,0.0
2022-09-20 00:00:00-04:00,9.819999694824219,9.84000015258789,9.819999694824219,9.84000015258789,1644300,0.0,0.0
2022-09-21 00:00:00-04:00,9.84000015258789,9.850000381469727,9.84000015258789,9.84000015258789,37600,0.0,0.0
2022-09-22 00:00:00-04:00,9.84000015258789,9.850000381469727,9.819999694824219,9.84000015258789,116400,0.0,0.0
2022-09-23 00:00:00-04:00,9.850000381469727,9.850000381469727,9.829999923706055,9.835000038146973,15000,0.0,0.0
2022-09-26 00:00:00-04:00,9.829999923706055,9.850000381469727,9.829999923706055,9.84000015258789,824500,0.0,0.0
2022-09-27 00:00:00-04:00,9.829999923706055,9.850000381469727,9.829999923706055,9.84000015258789,238300,0.0,0.0
2022-09-28 00:00:00-04:00,9.84000015258789,9.854999542236328,9.84000015258789,9.850000381469727,84400,0.0,0.0
2022-09-29 00:00:00-04:00,9.859999656677246,9.859999656677246,9.829999923706055,9.850000381469727,188600,0.0,0.0
2022-09-30 00:00:00-04:00,9.831000328063965,9.831000328063965,9.831000328063965,9.831000328063965,300,0.0,0.0
2022-10-03 00:00:00-04:00,9.84000015258789,9.840999603271484,9.819999694824219,9.829999923706055,134600,0.0,0.0
2022-10-04 00:00:00-04:00,9.819999694824219,9.850000381469727,9.819999694824219,9.850000381469727,587300,0.0,0.0
2022-10-05 00:00:00-04:00,9.850000381469727,9.859999656677246,9.850000381469727,9.854999542236328,226000,0.0,0.0
2022-10-06 00:00:00-04:00,9.859999656677246,9.869999885559082,9.859999656677246,9.859999656677246,18000,0.0,0.0
2022-10-07 00:00:00-04:00,9.86400032043457,9.869999885559082,9.850000381469727,9.850000381469727,80200,0.0,0.0
2022-10-10 00:00:00-04:00,9.859999656677246,9.869999885559082,9.859999656677246,9.869999885559082,68700,0.0,0.0
2022-10-11 00:00:00-04:00,9.869999885559082,9.869999885559082,9.859999656677246,9.859999656677246,19500,0.0,0.0
2022-10-12 00:00:00-04:00,9.880000114440918,9.880000114440918,9.869999885559082,9.880000114440918,24100,0.0,0.0
2022-10-13 00:00:00-04:00,9.885000228881836,9.899999618530273,9.880000114440918,9.895000457763672,36800,0.0,0.0
2022-10-14 00:00:00-04:00,9.880000114440918,9.890999794006348,9.880000114440918,9.890000343322754,28000,0.0,0.0
2022-10-17 00:00:00-04:00,9.899999618530273,9.90999984741211,9.899999618530273,9.899999618530273,2800,0.0,0.0
2022-10-18 00:00:00-04:00,9.899999618530273,9.904999732971191,9.899999618530273,9.899999618530273,5700,0.0,0.0
2022-10-19 00:00:00-04:00,9.899999618530273,9.914999961853027,9.899999618530273,9.90999984741211,203900,0.0,0.0
2022-10-20 00:00:00-04:00,9.899999618530273,9.970000267028809,9.899999618530273,9.90999984741211,18600,0.0,0.0
2022-10-21 00:00:00-04:00,9.90999984741211,9.914999961853027,9.90999984741211,9.90999984741211,1800,0.0,0.0
2022-10-24 00:00:00-04:00,9.899999618530273,9.913999557495117,9.899999618530273,9.90999984741211,7600,0.0,0.0
2022-10-25 00:00:00-04:00,9.920000076293945,9.930000305175781,9.920000076293945,9.920000076293945,7200,0.0,0.0
2022-10-26 00:00:00-04:00,9.9399995803833,9.9399995803833,9.930000305175781,9.930000305175781,5200,0.0,0.0
2022-10-27 00:00:00-04:00,9.9399995803833,9.960000038146973,9.9399995803833,9.949999809265137,2539600,0.0,0.0
2022-10-28 00:00:00-04:00,9.949999809265137,9.960000038146973,9.9399995803833,9.949999809265137,16800,0.0,0.0
2022-10-31 00:00:00-04:00,9.9399995803833,9.9399995803833,9.9399995803833,9.9399995803833,500,0.0,0.0
2022-11-01 00:00:00-04:00,9.9399995803833,9.949999809265137,9.9399995803833,9.949999809265137,79100,0.0,0.0
2022-11-02 00:00:00-04:00,9.949999809265137,9.960000038146973,9.949999809265137,9.958999633789062,151800,0.0,0.0
2022-11-03 00:00:00-04:00,9.949999809265137,9.960000038146973,9.9399995803833,9.9399995803833,47100,0.0,0.0
2022-11-04 00:00:00-04:00,9.949999809265137,9.95300006866455,9.9399995803833,9.949999809265137,28900,0.0,0.0
2022-11-07 00:00:00-05:00,9.949999809265137,9.960000038146973,9.949999809265137,9.949999809265137,16100,0.0,0.0
2022-11-08 00:00:00-05:00,9.960000038146973,9.960000038146973,9.9399995803833,9.9399995803833,102700,0.0,0.0
2022-11-09 00:00:00-05:00,9.9399995803833,9.949999809265137,9.9399995803833,9.9399995803833,64100,0.0,0.0
2022-11-10 00:00:00-05:00,9.9399995803833,9.954999923706055,9.9399995803833,9.9399995803833,284800,0.0,0.0
2022-11-11 00:00:00-05:00,9.9399995803833,9.949999809265137,9.9399995803833,9.9399995803833,24300,0.0,0.0
2022-11-14 00:00:00-05:00,9.9399995803833,9.960000038146973,9.9399995803833,9.949999809265137,344900,0.0,0.0
2022-11-15 00:00:00-05:00,9.930000305175781,9.960000038146973,9.930000305175781,9.949999809265137,360900,0.0,0.0
2022-11-16 00:00:00-05:00,9.9399995803833,9.979999542236328,9.925000190734863,9.970000267028809,3269800,0.0,0.0
2022-11-17 00:00:00-05:00,9.970000267028809,9.979999542236328,9.949999809265137,9.970000267028809,10500,0.0,0.0
2022-11-18 00:00:00-05:00,9.970000267028809,9.970000267028809,9.967000007629395,9.970000267028809,9300,0.0,0.0
2022-11-21 00:00:00-05:00,9.960000038146973,9.96500015258789,9.949999809265137,9.960000038146973,25800,0.0,0.0
2022-11-22 00:00:00-05:00,9.949999809265137,9.96500015258789,9.949999809265137,9.949999809265137,33300,0.0,0.0
2022-11-23 00:00:00-05:00,9.954999923706055,9.960000038146973,9.949999809265137,9.949999809265137,30200,0.0,0.0
2022-11-25 00:00:00-05:00,9.9399995803833,9.979999542236328,9.9399995803833,9.96500015258789,104100,0.0,0.0
2022-11-28 00:00:00-05:00,9.949999809265137,9.989999771118164,9.949999809265137,9.970000267028809,105300,0.0,0.0
2022-11-29 00:00:00-05:00,9.949999809265137,9.979999542236328,9.949999809265137,9.970000267028809,31600,0.0,0.0
2022-11-30 00:00:00-05:00,9.970000267028809,9.979999542236328,9.970000267028809,9.970000267028809,73700,0.0,0.0
2022-12-01 00:00:00-05:00,9.960000038146973,9.979999542236328,9.960000038146973,9.970000267028809,60700,0.0,0.0
2022-12-02 00:00:00-05:00,9.970000267028809,9.989999771118164,9.960000038146973,9.979999542236328,2800,0.0,0.0
2022-12-05 00:00:00-05:00,9.960000038146973,9.979999542236328,9.960000038146973,9.975000381469727,8300,0.0,0.0
2022-12-06 00:00:00-05:00,9.970000267028809,9.979999542236328,9.970000267028809,9.979999542236328,14000,0.0,0.0
2022-12-07 00:00:00-05:00,9.960000038146973,9.97599983215332,9.960000038146973,9.970000267028809,16300,0.0,0.0
2022-12-08 00:00:00-05:00,9.972000122070312,9.972000122070312,9.960000038146973,9.96500015258789,36300,0.0,0.0
2022-12-09 00:00:00-05:00,9.970000267028809,9.970000267028809,9.970000267028809,9.970000267028809,200,0.0,0.0
2022-12-12 00:00:00-05:00,9.960000038146973,9.970000267028809,9.960000038146973,9.970000267028809,2400,0.0,0.0
2022-12-13 00:00:00-05:00,9.970000267028809,9.970000267028809,9.970000267028809,9.970000267028809,2800,0.0,0.0
2022-12-14 00:00:00-05:00,9.975000381469727,9.979999542236328,9.970000267028809,9.970000267028809,16500,0.0,0.0
2022-12-15 00:00:00-05:00,9.970000267028809,9.979999542236328,9.960000038146973,9.96500015258789,516500,0.0,0.0
2022-12-16 00:00:00-05:00,9.960000038146973,9.970000267028809,9.949999809265137,9.960000038146973,189300,0.0,0.0
2022-12-19 00:00:00-05:00,9.960000038146973,9.96500015258789,9.949999809265137,9.949999809265137,85600,0.0,0.0
2022-12-20 00:00:00-05:00,9.9399995803833,9.949999809265137,9.930000305175781,9.9399995803833,217000,0.0,0.0
2022-12-21 00:00:00-05:00,9.944999694824219,9.944999694824219,9.920000076293945,9.930000305175781,121400,0.0,0.0
2022-12-22 00:00:00-05:00,9.930000305175781,9.949999809265137,9.930000305175781,9.939000129699707,264200,0.0,0.0
2022-12-23 00:00:00-05:00,9.930000305175781,9.944999694824219,9.930000305175781,9.932000160217285,171800,0.0,0.0
2022-12-27 00:00:00-05:00,9.920000076293945,9.970000267028809,9.920000076293945,9.970000267028809,136600,0.0,0.0
2022-12-28 00:00:00-05:00,9.960000038146973,10.0,9.960000038146973,9.989999771118164,74800,0.0,0.0
2022-12-29 00:00:00-05:00,9.989999771118164,10.0,9.989999771118164,10.0,341600,0.0,0.0
2022-12-30 00:00:00-05:00,9.989999771118164,10.0,9.989999771118164,9.994999885559082,5000,0.0,0.0
2023-01-03 00:00:00-05:00,9.989999771118164,10.0,9.989999771118164,9.989999771118164,13400,0.0,0.0
2023-01-04 00:00:00-05:00,9.996999740600586,10.020000457763672,9.996999740600586,10.010000228881836,73600,0.0,0.0
2023-01-05 00:00:00-05:00,9.989999771118164,10.020000457763672,9.989999771118164,10.020000457763672,115500,0.0,0.0
2023-01-06 00:00:00-05:00,10.010000228881836,10.020000457763672,10.0,10.0,83900,0.0,0.0
2023-01-09 00:00:00-05:00,10.039999961853027,10.039999961853027,10.0,10.005000114440918,28300,0.0,0.0
2023-01-10 00:00:00-05:00,9.989999771118164,10.024999618530273,9.989999771118164,10.010000228881836,71900,0.0,0.0
2023-01-11 00:00:00-05:00,10.0,10.020000457763672,10.0,10.0,546400,0.0,0.0
2023-01-12 00:00:00-05:00,10.010000228881836,10.020000457763672,10.010000228881836,10.010000228881836,655000,0.0,0.0
2023-01-13 00:00:00-05:00,10.010000228881836,10.020000457763672,10.010000228881836,10.020000457763672,341800,0.0,0.0
2023-01-17 00:00:00-05:00,10.020000457763672,10.020000457763672,10.0,10.015000343322754,1412300,0.0,0.0
2023-01-18 00:00:00-05:00,10.015000343322754,10.020000457763672,10.010000228881836,10.015000343322754,157700,0.0,0.0
2023-01-19 00:00:00-05:00,10.010000228881836,10.029999732971191,10.010000228881836,10.020000457763672,65300,0.0,0.0
2023-01-20 00:00:00-05:00,10.029999732971191,10.029999732971191,10.015000343322754,10.015000343322754,222000,0.0,0.0
2023-01-23 00:00:00-05:00,10.020999908447266,10.029999732971191,10.010000228881836,10.020000457763672,857400,0.0,0.0
2023-01-24 00:00:00-05:00,10.020000457763672,10.029999732971191,10.020000457763672,10.029000282287598,5100,0.0,0.0
2023-01-25 00:00:00-05:00,10.020000457763672,10.029999732971191,10.020000457763672,10.024999618530273,4300,0.0,0.0
2023-01-26 00:00:00-05:00,10.024999618530273,10.024999618530273,10.024999618530273,10.024999618530273,0,0.0,0.0
2023-01-27 00:00:00-05:00,10.020000457763672,10.029999732971191,10.020000457763672,10.029999732971191,40200,0.0,0.0
2023-01-30 00:00:00-05:00,10.029999732971191,10.039999961853027,10.024999618530273,10.039999961853027,642600,0.0,0.0
2023-01-31 00:00:00-05:00,10.029999732971191,10.039999961853027,10.029999732971191,10.039999961853027,598000,0.0,0.0
2023-02-01 00:00:00-05:00,10.029999732971191,10.039999961853027,10.029999732971191,10.03499984741211,8300,0.0,0.0
2023-02-02 00:00:00-05:00,10.03499984741211,10.039999961853027,10.03499984741211,10.039999961853027,13600,0.0,0.0
2023-02-03 00:00:00-05:00,10.029999732971191,10.039999961853027,10.029999732971191,10.03499984741211,12600,0.0,0.0
2023-02-06 00:00:00-05:00,10.029999732971191,10.039999961853027,10.029999732971191,10.029999732971191,14200,0.0,0.0
2023-02-07 00:00:00-05:00,10.029999732971191,10.039999961853027,10.029999732971191,10.03499984741211,86000,0.0,0.0
2023-02-08 00:00:00-05:00,10.039999961853027,10.039999961853027,10.029999732971191,10.03499984741211,56700,0.0,0.0
2023-02-09 00:00:00-05:00,10.050000190734863,10.0600004196167,10.045000076293945,10.050000190734863,39900,0.0,0.0
2023-02-10 00:00:00-05:00,10.050000190734863,10.0600004196167,10.010000228881836,10.010000228881836,388900,0.0,0.0
2023-02-13 00:00:00-05:00,10.010000228881836,10.050000190734863,10.010000228881836,10.039999961853027,111600,0.0,0.0
2023-02-14 00:00:00-05:00,10.050000190734863,10.0649995803833,10.039999961853027,10.039999961853027,69600,0.0,0.0
2023-02-15 00:00:00-05:00,10.069999694824219,10.069999694824219,10.069999694824219,10.069999694824219,1400,0.0,0.0
2023-02-16 00:00:00-05:00,10.0600004196167,10.079999923706055,10.039999961853027,10.039999961853027,25500,0.0,0.0
2023-02-17 00:00:00-05:00,10.0649995803833,10.069999694824219,10.0600004196167,10.069999694824219,193800,0.0,0.0
2023-02-21 00:00:00-05:00,10.029999732971191,10.050000190734863,10.029999732971191,10.039999961853027,311800,0.0,0.0
2023-02-22 00:00:00-05:00,10.039999961853027,10.050000190734863,10.029999732971191,10.03499984741211,828300,0.0,0.0
2023-02-23 00:00:00-05:00,10.029999732971191,10.03499984741211,10.015000343322754,10.029999732971191,766000,0.0,0.0
2023-02-24 00:00:00-05:00,10.029999732971191,10.029999732971191,10.020000457763672,10.024999618530273,302500,0.0,0.0
2023-02-27 00:00:00-05:00,10.020000457763672,10.039999961853027,10.020000457763672,10.039999961853027,195400,0.0,0.0
2023-02-28 00:00:00-05:00,10.029999732971191,10.050000190734863,10.020000457763672,10.029999732971191,2318600,0.0,0.0
2023-03-01 00:00:00-05:00,10.039999961853027,10.039999961853027,10.029999732971191,10.03499984741211,8800,0.0,0.0
2023-03-02 00:00:00-05:00,10.039999961853027,10.045000076293945,10.029999732971191,10.03499984741211,109900,0.0,0.0
2023-03-03 00:00:00-05:00,10.039999961853027,10.039999961853027,10.039999961853027,10.039999961853027,300,0.0,0.0
2023-03-06 00:00:00-05:00,10.029999732971191,10.03499984741211,10.029999732971191,10.03499984741211,199200,0.0,0.0
2023-03-07 00:00:00-05:00,10.050000190734863,10.0600004196167,10.050000190734863,10.050000190734863,106700,0.0,0.0
2023-03-08 00:00:00-05:00,10.050000190734863,10.069999694824219,10.050000190734863,10.0600004196167,154800,0.0,0.0
2023-03-09 00:00:00-05:00,10.0600004196167,10.069999694824219,10.0600004196167,10.0649995803833,6700,0.0,0.0
2023-03-10 00:00:00-05:00,10.0600004196167,10.069999694824219,10.0600004196167,10.0649995803833,1339200,0.0,0.0
2023-03-13 00:00:00-04:00,10.050000190734863,10.069999694824219,10.050000190734863,10.0600004196167,6900,0.0,0.0
2023-03-14 00:00:00-04:00,10.0600004196167,10.079999923706055,10.0600004196167,10.074999809265137,273200,0.0,0.0
2023-03-15 00:00:00-04:00,10.069999694824219,10.079999923706055,10.0600004196167,10.07800006866455,60600,0.0,0.0
2023-03-16 00:00:00-04:00,10.071999549865723,10.079999923706055,10.069999694824219,10.079999923706055,1000,0.0,0.0
2023-03-17 00:00:00-04:00,10.069999694824219,10.079999923706055,10.069999694824219,10.079999923706055,900,0.0,0.0
2023-03-20 00:00:00-04:00,10.0600004196167,10.09000015258789,10.0600004196167,10.09000015258789,2173300,0.0,0.0
2023-03-21 00:00:00-04:00,10.09000015258789,10.100000381469727,10.079999923706055,10.09000015258789,761000,0.0,0.0
2023-03-22 00:00:00-04:00,10.100000381469727,10.100000381469727,10.09000015258789,10.100000381469727,62200,0.0,0.0
2023-03-23 00:00:00-04:00,10.100000381469727,10.100000381469727,10.09000015258789,10.09000015258789,133600,0.0,0.0
2023-03-24 00:00:00-04:00,10.109999656677246,10.109999656677246,10.09000015258789,10.100000381469727,701800,0.0,0.0
2023-03-27 00:00:00-04:00,10.109999656677246,10.109999656677246,10.100000381469727,10.100000381469727,1450400,0.0,0.0
2023-03-28 00:00:00-04:00,10.114999771118164,10.114999771118164,10.100000381469727,10.100000381469727,138300,0.0,0.0
2023-03-29 00:00:00-04:00,10.109999656677246,10.109999656677246,10.100000381469727,10.100000381469727,329600,0.0,0.0
2023-03-30 00:00:00-04:00,10.109999656677246,10.119999885559082,10.100000381469727,10.104999542236328,306700,0.0,0.0
2023-03-31 00:00:00-04:00,10.109999656677246,10.109999656677246,10.100000381469727,10.109999656677246,21100,0.0,0.0
2023-04-03 00:00:00-04:00,10.109999656677246,10.109999656677246,10.100000381469727,10.109999656677246,47500,0.0,0.0
2023-04-04 00:00:00-04:00,10.100000381469727,10.114999771118164,10.079999923706055,10.079999923706055,241400,0.0,0.0
2023-04-05 00:00:00-04:00,10.100000381469727,10.104999542236328,10.100000381469727,10.100000381469727,369300,0.0,0.0
2023-04-06 00:00:00-04:00,10.100000381469727,10.100000381469727,10.09000015258789,10.09000015258789,193300,0.0,0.0
2023-04-10 00:00:00-04:00,10.109999656677246,10.109999656677246,10.09000015258789,10.095000267028809,209100,0.0,0.0
2023-04-11 00:00:00-04:00,10.100000381469727,10.109999656677246,10.079999923706055,10.079999923706055,194600,0.0,0.0
2023-04-12 00:00:00-04:00,10.09000015258789,10.100000381469727,10.085000038146973,10.09000015258789,135800,0.0,0.0
2023-04-13 00:00:00-04:00,10.109999656677246,10.109999656677246,10.083000183105469,10.097999572753906,174400,0.0,0.0
2023-04-14 00:00:00-04:00,10.09000015258789,10.140000343322754,10.09000015258789,10.125,1311400,0.0,0.0
2023-04-17 00:00:00-04:00,10.119999885559082,10.140000343322754,10.119999885559082,10.140000343322754,277900,0.0,0.0
2023-04-18 00:00:00-04:00,10.140000343322754,10.145000457763672,10.135000228881836,10.140000343322754,9500,0.0,0.0
2023-04-19 00:00:00-04:00,10.140000343322754,10.149999618530273,10.130000114440918,10.149999618530273,952500,0.0,0.0
2023-04-20 00:00:00-04:00,10.145000457763672,10.149999618530273,10.140000343322754,10.149999618530273,2700,0.0,0.0
2023-04-21 00:00:00-04:00,10.149999618530273,10.149999618530273,10.140000343322754,10.140000343322754,41000,0.0,0.0
2023-04-24 00:00:00-04:00,10.145000457763672,10.149999618530273,10.140000343322754,10.149999618530273,21400,0.0,0.0
2023-04-25 00:00:00-04:00,10.149999618530273,10.15999984741211,10.140000343322754,10.154999732971191,143600,0.0,0.0
2023-04-26 00:00:00-04:00,10.149999618530273,10.15999984741211,10.149999618530273,10.15999984741211,5100,0.0,0.0
2023-04-27 00:00:00-04:00,10.149999618530273,10.15999984741211,10.149999618530273,10.15999984741211,2000,0.0,0.0
2023-04-28 00:00:00-04:00,10.149999618530273,10.15999984741211,10.149999618530273,10.15999984741211,1192400,0.0,0.0
2023-05-01 00:00:00-04:00,10.149999618530273,10.154999732971191,10.140000343322754,10.140000343322754,333000,0.0,0.0
2023-05-02 00:00:00-04:00,10.140000343322754,10.154999732971191,10.140000343322754,10.140000343322754,632300,0.0,0.0
2023-05-03 00:00:00-04:00,10.149999618530273,10.149999618530273,10.140000343322754,10.145000457763672,142900,0.0,0.0
2023-05-04 00:00:00-04:00,10.149999618530273,10.154999732971191,10.140000343322754,10.149999618530273,747300,0.0,0.0
2023-05-05 00:00:00-04:00,10.154999732971191,10.180000305175781,10.154999732971191,10.164999961853027,930600,0.0,0.0
2023-05-08 00:00:00-04:00,10.199999809265137,10.199999809265137,10.15999984741211,10.15999984741211,114500,0.0,0.0
2023-05-09 00:00:00-04:00,10.15999984741211,10.170000076293945,10.15999984741211,10.164999961853027,21900,0.0,0.0
2023-05-10 00:00:00-04:00,10.170000076293945,10.175000190734863,10.170000076293945,10.175000190734863,12400,0.0,0.0
2023-05-11 00:00:00-04:00,10.170999526977539,10.180000305175781,10.170000076293945,10.170000076293945,2000,0.0,0.0
2023-05-12 00:00:00-04:00,10.180000305175781,10.199999809265137,10.180000305175781,10.199999809265137,136200,0.0,0.0
2023-05-15 00:00:00-04:00,10.180000305175781,10.199999809265137,10.180000305175781,10.199999809265137,13400,0.0,0.0
2023-05-16 00:00:00-04:00,10.1899995803833,10.194999694824219,10.180000305175781,10.1899995803833,4200,0.0,0.0
2023-05-17 00:00:00-04:00,10.1899995803833,10.21500015258789,10.1899995803833,10.210000038146973,487800,0.0,0.0
2023-05-18 00:00:00-04:00,10.199999809265137,10.199999809265137,10.199999809265137,10.199999809265137,500,0.0,0.0
2023-05-19 00:00:00-04:00,10.220000267028809,10.220000267028809,10.199999809265137,10.199999809265137,1300,0.0,0.0
2023-05-22 00:00:00-04:00,10.210000038146973,10.260000228881836,10.199999809265137,10.260000228881836,4100,0.0,0.0
2023-05-23 00:00:00-04:00,10.229999542236328,10.260000228881836,10.229999542236328,10.25,6400,0.0,0.0
2023-05-24 00:00:00-04:00,10.260000228881836,10.260000228881836,10.25,10.25,6600,0.0,0.0
2023-05-25 00:00:00-04:00,10.260000228881836,10.260000228881836,10.199999809265137,10.199999809265137,2700,0.0,0.0
2023-05-26 00:00:00-04:00,10.210000038146973,10.239999771118164,10.210000038146973,10.229999542236328,3900,0.0,0.0
2023-05-30 00:00:00-04:00,10.260000228881836,10.260000228881836,10.229999542236328,10.229999542236328,900,0.0,0.0
2023-05-31 00:00:00-04:00,10.229999542236328,10.255000114440918,10.229999542236328,10.25,900,0.0,0.0
2023-06-01 00:00:00-04:00,10.279999732971191,10.279999732971191,10.239999771118164,10.270000457763672,1200,0.0,0.0
2023-06-02 00:00:00-04:00,10.260000228881836,10.260000228881836,10.25,10.260000228881836,1900,0.0,0.0
2023-06-05 00:00:00-04:00,10.260000228881836,10.260000228881836,10.25,10.255000114440918,110400,0.0,0.0
2023-06-06 00:00:00-04:00,10.270000457763672,10.300000190734863,10.270000457763672,10.279999732971191,5300,0.0,0.0
2023-06-07 00:00:00-04:00,10.270000457763672,10.274999618530273,10.270000457763672,10.274999618530273,700,0.0,0.0
2023-06-08 00:00:00-04:00,10.289999961853027,10.289999961853027,10.270000457763672,10.274999618530273,4800,0.0,0.0
2023-06-09 00:00:00-04:00,10.270000457763672,10.289999961853027,10.270000457763672,10.270000457763672,1400,0.0,0.0
2023-06-12 00:00:00-04:00,10.270000457763672,10.279999732971191,10.270000457763672,10.270000457763672,6800,0.0,0.0
2023-06-13 00:00:00-04:00,10.289999961853027,10.289999961853027,10.279999732971191,10.279999732971191,900,0.0,0.0
2023-06-14 00:00:00-04:00,10.279999732971191,10.279999732971191,10.279999732971191,10.279999732971191,4500,0.0,0.0
2023-06-15 00:00:00-04:00,10.289999961853027,10.289999961853027,10.279999732971191,10.279999732971191,7500,0.0,0.0
2023-06-16 00:00:00-04:00,10.295000076293945,10.295000076293945,10.279999732971191,10.279999732971191,51000,0.0,0.0
2023-06-20 00:00:00-04:00,10.300000190734863,10.300000190734863,10.300000190734863,10.300000190734863,200,0.0,0.0
2023-06-21 00:00:00-04:00,10.300000190734863,10.319999694824219,10.295000076293945,10.300000190734863,28600,0.0,0.0
2023-06-22 00:00:00-04:00,10.380000114440918,10.380000114440918,10.3100004196167,10.3100004196167,5300,0.0,0.0
2023-06-23 00:00:00-04:00,10.3100004196167,10.319999694824219,10.3100004196167,10.3100004196167,1200,0.0,0.0
2023-06-26 00:00:00-04:00,10.319999694824219,10.319999694824219,10.319999694824219,10.319999694824219,200,0.0,0.0
2023-06-27 00:00:00-04:00,10.319999694824219,10.350000381469727,10.3100004196167,10.319999694824219,4300,0.0,0.0
2023-06-28 00:00:00-04:00,10.3100004196167,10.319999694824219,10.300000190734863,10.300000190734863,5100,0.0,0.0
2023-06-29 00:00:00-04:00,10.3100004196167,10.319999694824219,10.300000190734863,10.3100004196167,6800,0.0,0.0
2023-06-30 00:00:00-04:00,10.3100004196167,10.319999694824219,10.300000190734863,10.300000190734863,500,0.0,0.0
2023-07-03 00:00:00-04:00,10.300000190734863,10.300000190734863,10.300000190734863,10.300000190734863,0,0.0,0.0
2023-07-05 00:00:00-04:00,10.300000190734863,10.350000381469727,10.300000190734863,10.324999809265137,5700,0.0,0.0
2023-07-06 00:00:00-04:00,10.319999694824219,10.324999809265137,10.319999694824219,10.324999809265137,1100,0.0,0.0
2023-07-07 00:00:00-04:00,10.319999694824219,11.149999618530273,10.319999694824219,10.319999694824219,3000,0.0,0.0
2023-07-10 00:00:00-04:00,10.319999694824219,10.350000381469727,10.319999694824219,10.319999694824219,6000,0.0,0.0
2023-07-11 00:00:00-04:00,10.319999694824219,10.350000381469727,10.3100004196167,10.329999923706055,2000,0.0,0.0
2023-07-12 00:00:00-04:00,10.329999923706055,10.329999923706055,10.32699966430664,10.329999923706055,500,0.0,0.0
2023-07-13 00:00:00-04:00,10.329999923706055,10.34000015258789,10.329999923706055,10.329999923706055,2000,0.0,0.0
2023-07-14 00:00:00-04:00,10.350000381469727,10.359999656677246,10.345000267028809,10.359999656677246,3100,0.0,0.0
2023-07-17 00:00:00-04:00,10.350000381469727,10.380000114440918,10.350000381469727,10.380000114440918,14200,0.0,0.0
2023-07-18 00:00:00-04:00,10.399999618530273,10.399999618530273,10.399999618530273,10.399999618530273,107,0.0,0.0
