Date,Open,High,Low,Close,Volume,Dividends,Stock Splits
2021-09-30 00:00:00-04:00,10.0,10.0,9.729999542236328,9.729999542236328,8000,0.0,0.0
2021-10-01 00:00:00-04:00,9.729999542236328,9.729999542236328,9.729999542236328,9.729999542236328,0,0.0,0.0
2021-10-04 00:00:00-04:00,9.729999542236328,9.729999542236328,9.729999542236328,9.729999542236328,0,0.0,0.0
2021-10-05 00:00:00-04:00,9.75,9.75,9.75,9.75,105000,0.0,0.0
2021-10-06 00:00:00-04:00,9.75,9.75,9.75,9.75,0,0.0,0.0
2021-10-07 00:00:00-04:00,9.739999771118164,9.739999771118164,9.739999771118164,9.739999771118164,100,0.0,0.0
2021-10-08 00:00:00-04:00,9.75,9.75,9.75,9.75,900,0.0,0.0
2021-10-11 00:00:00-04:00,9.75,9.75,9.75,9.75,0,0.0,0.0
2021-10-12 00:00:00-04:00,9.899999618530273,9.930000305175781,9.800000190734863,9.800000190734863,121300,0.0,0.0
2021-10-13 00:00:00-04:00,9.800000190734863,9.800000190734863,9.800000190734863,9.800000190734863,0,0.0,0.0
2021-10-14 00:00:00-04:00,9.850000381469727,9.850000381469727,9.710000038146973,9.710000038146973,211500,0.0,0.0
2021-10-15 00:00:00-04:00,9.800000190734863,9.800000190734863,9.800000190734863,9.800000190734863,300000,0.0,0.0
2021-10-18 00:00:00-04:00,9.800000190734863,9.800000190734863,9.800000190734863,9.800000190734863,0,0.0,0.0
2021-10-19 00:00:00-04:00,9.800000190734863,9.800000190734863,9.800000190734863,9.800000190734863,0,0.0,0.0
2021-10-20 00:00:00-04:00,10.079999923706055,10.079999923706055,10.079999923706055,10.079999923706055,200,0.0,0.0
2021-10-21 00:00:00-04:00,9.989999771118164,9.989999771118164,9.989999771118164,9.989999771118164,100,0.0,0.0
2021-10-22 00:00:00-04:00,9.989999771118164,9.989999771118164,9.989999771118164,9.989999771118164,0,0.0,0.0
2021-10-25 00:00:00-04:00,9.800000190734863,9.850000381469727,9.75,9.800000190734863,14200,0.0,0.0
2021-10-26 00:00:00-04:00,9.850000381469727,9.850000381469727,9.850000381469727,9.850000381469727,13300,0.0,0.0
2021-10-27 00:00:00-04:00,9.850000381469727,9.850000381469727,9.850000381469727,9.850000381469727,0,0.0,0.0
2021-10-28 00:00:00-04:00,9.850000381469727,9.850000381469727,9.850000381469727,9.850000381469727,0,0.0,0.0
2021-10-29 00:00:00-04:00,9.850000381469727,9.850000381469727,9.850000381469727,9.850000381469727,0,0.0,0.0
2021-11-01 00:00:00-04:00,9.850000381469727,9.850000381469727,9.850000381469727,9.850000381469727,0,0.0,0.0
2021-11-02 00:00:00-04:00,9.710000038146973,9.710000038146973,9.708000183105469,9.708000183105469,1200,0.0,0.0
2021-11-03 00:00:00-04:00,9.800000190734863,9.800000190734863,9.75,9.789999961853027,4700,0.0,0.0
2021-11-04 00:00:00-04:00,9.770000457763672,9.770000457763672,9.75,9.75,7400,0.0,0.0
2021-11-05 00:00:00-04:00,9.770000457763672,9.770000457763672,9.770000457763672,9.770000457763672,1000,0.0,0.0
2021-11-08 00:00:00-05:00,9.800000190734863,9.800000190734863,9.78499984741211,9.800000190734863,14900,0.0,0.0
2021-11-09 00:00:00-05:00,9.779999732971191,9.800000190734863,9.779999732971191,9.800000190734863,6500,0.0,0.0
2021-11-10 00:00:00-05:00,9.789999961853027,9.789999961853027,9.789999961853027,9.789999961853027,9700,0.0,0.0
2021-11-11 00:00:00-05:00,9.789999961853027,9.989999771118164,9.789999961853027,9.989999771118164,441600,0.0,0.0
2021-11-12 00:00:00-05:00,9.850000381469727,9.850000381469727,9.850000381469727,9.850000381469727,700,0.0,0.0
2021-11-15 00:00:00-05:00,9.789999961853027,9.789999961853027,9.789999961853027,9.789999961853027,300000,0.0,0.0
2021-11-16 00:00:00-05:00,9.850000381469727,9.850000381469727,9.819999694824219,9.819999694824219,1000,0.0,0.0
2021-11-17 00:00:00-05:00,9.819999694824219,9.850000381469727,9.789999961853027,9.850000381469727,100600,0.0,0.0
2021-11-18 00:00:00-05:00,9.850000381469727,9.869999885559082,9.850000381469727,9.869999885559082,1300,0.0,0.0
2021-11-19 00:00:00-05:00,9.800000190734863,9.8100004196167,9.800000190734863,9.8100004196167,400,0.0,0.0
2021-11-22 00:00:00-05:00,9.8100004196167,9.8100004196167,9.8100004196167,9.8100004196167,0,0.0,0.0
2021-11-23 00:00:00-05:00,9.8100004196167,9.8100004196167,9.8100004196167,9.8100004196167,0,0.0,0.0
2021-11-24 00:00:00-05:00,9.819999694824219,9.819999694824219,9.8100004196167,9.8100004196167,2200,0.0,0.0
2021-11-26 00:00:00-05:00,9.8100004196167,9.84000015258789,9.8100004196167,9.8100004196167,2900,0.0,0.0
2021-11-29 00:00:00-05:00,9.8100004196167,9.8100004196167,9.8100004196167,9.8100004196167,0,0.0,0.0
2021-11-30 00:00:00-05:00,9.800000190734863,9.819999694824219,9.800000190734863,9.800000190734863,127100,0.0,0.0
2021-12-01 00:00:00-05:00,9.800000190734863,9.800000190734863,9.800000190734863,9.800000190734863,4300,0.0,0.0
2021-12-02 00:00:00-05:00,9.805000305175781,9.805000305175781,9.770000457763672,9.770000457763672,816000,0.0,0.0
2021-12-03 00:00:00-05:00,9.75,9.789999961853027,9.649999618530273,9.75,91400,0.0,0.0
2021-12-06 00:00:00-05:00,9.829999923706055,9.829999923706055,9.829999923706055,9.829999923706055,200,0.0,0.0
2021-12-07 00:00:00-05:00,9.710000038146973,9.75,9.710000038146973,9.75,300,0.0,0.0
2021-12-08 00:00:00-05:00,9.75,9.75,9.75,9.75,0,0.0,0.0
2021-12-09 00:00:00-05:00,9.789999961853027,10.260000228881836,9.75,10.15999984741211,9800,0.0,0.0
2021-12-10 00:00:00-05:00,10.020000457763672,10.020000457763672,9.75,9.75,400,0.0,0.0
2021-12-13 00:00:00-05:00,9.779999732971191,9.789999961853027,9.779999732971191,9.789999961853027,1500,0.0,0.0
2021-12-14 00:00:00-05:00,9.800000190734863,9.800000190734863,9.789999961853027,9.789999961853027,20700,0.0,0.0
2021-12-15 00:00:00-05:00,9.779999732971191,9.779999732971191,9.779999732971191,9.779999732971191,400,0.0,0.0
2021-12-16 00:00:00-05:00,9.779999732971191,9.779999732971191,9.779999732971191,9.779999732971191,0,0.0,0.0
2021-12-17 00:00:00-05:00,9.75,9.770000457763672,9.65999984741211,9.75,5600,0.0,0.0
2021-12-20 00:00:00-05:00,9.65999984741211,9.770000457763672,9.65999984741211,9.720000267028809,1300,0.0,0.0
2021-12-21 00:00:00-05:00,9.720000267028809,9.720000267028809,9.720000267028809,9.720000267028809,0,0.0,0.0
2021-12-22 00:00:00-05:00,9.720000267028809,9.720000267028809,9.720000267028809,9.720000267028809,0,0.0,0.0
2021-12-23 00:00:00-05:00,9.75,9.75,9.75,9.75,200,0.0,0.0
2021-12-27 00:00:00-05:00,9.75,9.75,9.75,9.75,0,0.0,0.0
2021-12-28 00:00:00-05:00,9.75,9.75,9.75,9.75,0,0.0,0.0
2021-12-29 00:00:00-05:00,9.75,9.75,9.75,9.75,0,0.0,0.0
2021-12-30 00:00:00-05:00,9.75,9.75,9.75,9.75,0,0.0,0.0
2021-12-31 00:00:00-05:00,9.729999542236328,9.75,9.729999542236328,9.75,1600,0.0,0.0
2022-01-03 00:00:00-05:00,9.75,9.75,9.75,9.75,0,0.0,0.0
2022-01-04 00:00:00-05:00,9.75,9.75,9.75,9.75,0,0.0,0.0
2022-01-05 00:00:00-05:00,9.760000228881836,9.760000228881836,9.760000228881836,9.760000228881836,3200,0.0,0.0
2022-01-06 00:00:00-05:00,9.760000228881836,9.760000228881836,9.760000228881836,9.760000228881836,0,0.0,0.0
2022-01-07 00:00:00-05:00,9.760000228881836,9.760000228881836,9.760000228881836,9.760000228881836,0,0.0,0.0
2022-01-10 00:00:00-05:00,9.760000228881836,9.760000228881836,9.760000228881836,9.760000228881836,0,0.0,0.0
2022-01-11 00:00:00-05:00,9.760000228881836,9.760000228881836,9.760000228881836,9.760000228881836,0,0.0,0.0
2022-01-12 00:00:00-05:00,9.760000228881836,9.760000228881836,9.760000228881836,9.760000228881836,0,0.0,0.0
2022-01-13 00:00:00-05:00,9.739999771118164,9.744999885559082,9.739999771118164,9.739999771118164,11100,0.0,0.0
2022-01-14 00:00:00-05:00,9.760000228881836,9.760000228881836,9.760000228881836,9.760000228881836,100,0.0,0.0
2022-01-18 00:00:00-05:00,9.760000228881836,9.760000228881836,9.760000228881836,9.760000228881836,0,0.0,0.0
2022-01-19 00:00:00-05:00,9.6899995803833,9.739999771118164,9.675000190734863,9.739999771118164,9900,0.0,0.0
2022-01-20 00:00:00-05:00,9.725000381469727,9.770000457763672,9.725000381469727,9.75,109300,0.0,0.0
2022-01-21 00:00:00-05:00,9.770000457763672,10.010000228881836,9.704999923706055,9.704999923706055,301300,0.0,0.0
2022-01-24 00:00:00-05:00,9.800000190734863,9.800000190734863,9.710000038146973,9.75,2600,0.0,0.0
2022-01-25 00:00:00-05:00,9.6899995803833,9.800000190734863,9.609999656677246,9.800000190734863,1200,0.0,0.0
2022-01-26 00:00:00-05:00,9.800000190734863,9.800000190734863,9.800000190734863,9.800000190734863,0,0.0,0.0
2022-01-27 00:00:00-05:00,9.729999542236328,9.729999542236328,9.729999542236328,9.729999542236328,300,0.0,0.0
2022-01-28 00:00:00-05:00,9.739999771118164,9.800000190734863,9.739999771118164,9.800000190734863,4300,0.0,0.0
2022-01-31 00:00:00-05:00,9.800000190734863,9.800000190734863,9.800000190734863,9.800000190734863,0,0.0,0.0
2022-02-01 00:00:00-05:00,10.295000076293945,10.654999732971191,9.699999809265137,10.09000015258789,54700,0.0,0.0
2022-02-02 00:00:00-05:00,10.0600004196167,10.0600004196167,9.649999618530273,9.649999618530273,42500,0.0,0.0
2022-02-03 00:00:00-05:00,9.770000457763672,9.800000190734863,9.770000457763672,9.789999961853027,1800,0.0,0.0
2022-02-04 00:00:00-05:00,9.789999961853027,9.789999961853027,9.789999961853027,9.789999961853027,0,0.0,0.0
2022-02-07 00:00:00-05:00,9.800000190734863,9.800000190734863,9.800000190734863,9.800000190734863,2700,0.0,0.0
2022-02-08 00:00:00-05:00,9.800000190734863,9.800000190734863,9.800000190734863,9.800000190734863,0,0.0,0.0
2022-02-09 00:00:00-05:00,9.800000190734863,9.800000190734863,9.800000190734863,9.800000190734863,0,0.0,0.0
2022-02-10 00:00:00-05:00,9.800000190734863,9.800000190734863,9.800000190734863,9.800000190734863,0,0.0,0.0
2022-02-11 00:00:00-05:00,9.6899995803833,9.869999885559082,9.600000381469727,9.859999656677246,2400,0.0,0.0
2022-02-14 00:00:00-05:00,9.859999656677246,9.859999656677246,9.859999656677246,9.859999656677246,0,0.0,0.0
2022-02-15 00:00:00-05:00,9.859999656677246,9.859999656677246,9.859999656677246,9.859999656677246,0,0.0,0.0
2022-02-16 00:00:00-05:00,9.859999656677246,9.859999656677246,9.859999656677246,9.859999656677246,0,0.0,0.0
2022-02-17 00:00:00-05:00,9.859999656677246,9.859999656677246,9.859999656677246,9.859999656677246,0,0.0,0.0
2022-02-18 00:00:00-05:00,9.859999656677246,9.859999656677246,9.859999656677246,9.859999656677246,0,0.0,0.0
2022-02-22 00:00:00-05:00,9.859999656677246,9.859999656677246,9.859999656677246,9.859999656677246,0,0.0,0.0
2022-02-23 00:00:00-05:00,9.859999656677246,9.859999656677246,9.859999656677246,9.859999656677246,0,0.0,0.0
2022-02-24 00:00:00-05:00,9.859999656677246,9.859999656677246,9.859999656677246,9.859999656677246,0,0.0,0.0
2022-02-25 00:00:00-05:00,9.859999656677246,9.859999656677246,9.859999656677246,9.859999656677246,0,0.0,0.0
2022-02-28 00:00:00-05:00,9.859999656677246,9.859999656677246,9.859999656677246,9.859999656677246,0,0.0,0.0
2022-03-01 00:00:00-05:00,9.859999656677246,9.859999656677246,9.859999656677246,9.859999656677246,0,0.0,0.0
2022-03-02 00:00:00-05:00,9.859999656677246,9.859999656677246,9.859999656677246,9.859999656677246,0,0.0,0.0
2022-03-03 00:00:00-05:00,9.859999656677246,9.859999656677246,9.859999656677246,9.859999656677246,0,0.0,0.0
2022-03-04 00:00:00-05:00,9.800000190734863,9.800000190734863,9.800000190734863,9.800000190734863,118800,0.0,0.0
2022-03-07 00:00:00-05:00,9.800000190734863,9.800000190734863,9.800000190734863,9.800000190734863,0,0.0,0.0
2022-03-08 00:00:00-05:00,9.819999694824219,9.819999694824219,9.819999694824219,9.819999694824219,200,0.0,0.0
2022-03-09 00:00:00-05:00,9.819999694824219,9.819999694824219,9.819999694824219,9.819999694824219,0,0.0,0.0
2022-03-10 00:00:00-05:00,9.819999694824219,10.220000267028809,9.800000190734863,9.899999618530273,415600,0.0,0.0
2022-03-11 00:00:00-05:00,9.800000190734863,9.800000190734863,9.710000038146973,9.710000038146973,2100,0.0,0.0
2022-03-14 00:00:00-04:00,9.710000038146973,9.710000038146973,9.710000038146973,9.710000038146973,200,0.0,0.0
2022-03-15 00:00:00-04:00,9.710000038146973,9.710000038146973,9.710000038146973,9.710000038146973,0,0.0,0.0
2022-03-16 00:00:00-04:00,9.710000038146973,9.710000038146973,9.710000038146973,9.710000038146973,0,0.0,0.0
2022-03-17 00:00:00-04:00,9.699999809265137,9.699999809265137,9.699999809265137,9.699999809265137,2200,0.0,0.0
2022-03-18 00:00:00-04:00,9.6899995803833,10.180000305175781,9.6899995803833,10.180000305175781,7600,0.0,0.0
2022-03-21 00:00:00-04:00,9.710000038146973,9.800000190734863,9.6899995803833,9.699999809265137,13000,0.0,0.0
2022-03-22 00:00:00-04:00,9.725000381469727,9.75,9.6899995803833,9.75,343800,0.0,0.0
2022-03-23 00:00:00-04:00,9.75,9.75,9.699999809265137,9.729999542236328,1400,0.0,0.0
2022-03-24 00:00:00-04:00,9.770000457763672,9.779999732971191,9.760000228881836,9.760000228881836,600,0.0,0.0
2022-03-25 00:00:00-04:00,9.75,9.9399995803833,9.75,9.800000190734863,100400,0.0,0.0
2022-03-28 00:00:00-04:00,9.800000190734863,9.800000190734863,9.779999732971191,9.800000190734863,120800,0.0,0.0
2022-03-29 00:00:00-04:00,9.800000190734863,9.800000190734863,9.789999961853027,9.800000190734863,52900,0.0,0.0
2022-03-30 00:00:00-04:00,9.800000190734863,9.800000190734863,9.800000190734863,9.800000190734863,0,0.0,0.0
2022-03-31 00:00:00-04:00,9.75,9.75,9.75,9.75,1000,0.0,0.0
2022-04-01 00:00:00-04:00,9.779999732971191,9.779999732971191,9.779999732971191,9.779999732971191,300,0.0,0.0
2022-04-04 00:00:00-04:00,9.800000190734863,9.800000190734863,9.760000228881836,9.760000228881836,49700,0.0,0.0
2022-04-05 00:00:00-04:00,9.75,9.760000228881836,9.75,9.760000228881836,20800,0.0,0.0
2022-04-06 00:00:00-04:00,9.800000190734863,9.800000190734863,9.75,9.760000228881836,912700,0.0,0.0
2022-04-07 00:00:00-04:00,9.720000267028809,9.75,9.720000267028809,9.75,3700,0.0,0.0
2022-04-08 00:00:00-04:00,9.75,9.75,9.75,9.75,0,0.0,0.0
2022-04-11 00:00:00-04:00,9.75,9.75,9.75,9.75,0,0.0,0.0
2022-04-12 00:00:00-04:00,9.760000228881836,9.760000228881836,9.760000228881836,9.760000228881836,600,0.0,0.0
2022-04-13 00:00:00-04:00,9.760000228881836,9.760000228881836,9.760000228881836,9.760000228881836,0,0.0,0.0
2022-04-14 00:00:00-04:00,9.729999542236328,9.760000228881836,9.699999809265137,9.710000038146973,183700,0.0,0.0
2022-04-18 00:00:00-04:00,9.710000038146973,9.710000038146973,9.710000038146973,9.710000038146973,0,0.0,0.0
2022-04-19 00:00:00-04:00,9.720000267028809,9.720000267028809,9.720000267028809,9.720000267028809,600,0.0,0.0
2022-04-20 00:00:00-04:00,9.720000267028809,9.720000267028809,9.720000267028809,9.720000267028809,0,0.0,0.0
2022-04-21 00:00:00-04:00,9.720000267028809,9.720000267028809,9.720000267028809,9.720000267028809,0,0.0,0.0
2022-04-22 00:00:00-04:00,9.720000267028809,9.720000267028809,9.720000267028809,9.720000267028809,0,0.0,0.0
2022-04-25 00:00:00-04:00,9.75,9.75,9.75,9.75,118000,0.0,0.0
2022-04-26 00:00:00-04:00,9.75,9.75,9.75,9.75,0,0.0,0.0
2022-04-27 00:00:00-04:00,9.739999771118164,9.739999771118164,9.739999771118164,9.739999771118164,1000,0.0,0.0
2022-04-28 00:00:00-04:00,9.739999771118164,9.739999771118164,9.739999771118164,9.739999771118164,0,0.0,0.0
2022-04-29 00:00:00-04:00,9.739999771118164,9.739999771118164,9.739999771118164,9.739999771118164,0,0.0,0.0
2022-05-02 00:00:00-04:00,9.720000267028809,9.720000267028809,9.720000267028809,9.720000267028809,5700,0.0,0.0
2022-05-03 00:00:00-04:00,9.720000267028809,9.720000267028809,9.720000267028809,9.720000267028809,0,0.0,0.0
2022-05-04 00:00:00-04:00,9.75,9.75,9.75,9.75,200,0.0,0.0
2022-05-05 00:00:00-04:00,9.710000038146973,9.720000267028809,9.699999809265137,9.720000267028809,112000,0.0,0.0
2022-05-06 00:00:00-04:00,9.699999809265137,9.699999809265137,9.6899995803833,9.6899995803833,241600,0.0,0.0
2022-05-09 00:00:00-04:00,9.710000038146973,9.710000038146973,9.699999809265137,9.699999809265137,87100,0.0,0.0
2022-05-10 00:00:00-04:00,9.699999809265137,9.699999809265137,9.670000076293945,9.699999809265137,300,0.0,0.0
2022-05-11 00:00:00-04:00,9.699999809265137,9.699999809265137,9.699999809265137,9.699999809265137,0,0.0,0.0
2022-05-12 00:00:00-04:00,9.640000343322754,9.640000343322754,9.640000343322754,9.640000343322754,9300,0.0,0.0
2022-05-13 00:00:00-04:00,9.640000343322754,9.640000343322754,9.619999885559082,9.630000114440918,766600,0.0,0.0
2022-05-16 00:00:00-04:00,9.630000114440918,9.630000114440918,9.630000114440918,9.630000114440918,2000,0.0,0.0
2022-05-17 00:00:00-04:00,9.640000343322754,9.640000343322754,9.640000343322754,9.640000343322754,4400,0.0,0.0
2022-05-18 00:00:00-04:00,9.640000343322754,9.65999984741211,9.640000343322754,9.649999618530273,21300,0.0,0.0
2022-05-19 00:00:00-04:00,9.649999618530273,9.649999618530273,9.649999618530273,9.649999618530273,0,0.0,0.0
2022-05-20 00:00:00-04:00,9.649999618530273,9.649999618530273,9.649999618530273,9.649999618530273,0,0.0,0.0
2022-05-23 00:00:00-04:00,9.649999618530273,9.649999618530273,9.649999618530273,9.649999618530273,0,0.0,0.0
2022-05-24 00:00:00-04:00,9.649999618530273,9.649999618530273,9.649999618530273,9.649999618530273,0,0.0,0.0
2022-05-25 00:00:00-04:00,9.670000076293945,9.670000076293945,9.670000076293945,9.670000076293945,600,0.0,0.0
2022-05-26 00:00:00-04:00,9.699999809265137,9.699999809265137,9.699999809265137,9.699999809265137,50100,0.0,0.0
2022-05-27 00:00:00-04:00,9.6899995803833,9.694999694824219,9.670000076293945,9.694999694824219,143000,0.0,0.0
2022-05-31 00:00:00-04:00,9.694999694824219,9.694999694824219,9.694999694824219,9.694999694824219,0,0.0,0.0
2022-06-01 00:00:00-04:00,9.670000076293945,9.680000305175781,9.65999984741211,9.65999984741211,46800,0.0,0.0
2022-06-02 00:00:00-04:00,9.649999618530273,9.649999618530273,9.649999618530273,9.649999618530273,14300,0.0,0.0
2022-06-03 00:00:00-04:00,9.649999618530273,9.649999618530273,9.649999618530273,9.649999618530273,0,0.0,0.0
2022-06-06 00:00:00-04:00,9.649999618530273,9.649999618530273,9.649999618530273,9.649999618530273,0,0.0,0.0
2022-06-07 00:00:00-04:00,9.649999618530273,9.649999618530273,9.649999618530273,9.649999618530273,0,0.0,0.0
2022-06-08 00:00:00-04:00,9.649999618530273,9.649999618530273,9.649999618530273,9.649999618530273,0,0.0,0.0
2022-06-09 00:00:00-04:00,9.649999618530273,9.649999618530273,9.649999618530273,9.649999618530273,0,0.0,0.0
2022-06-10 00:00:00-04:00,9.649999618530273,9.649999618530273,9.649999618530273,9.649999618530273,0,0.0,0.0
2022-06-13 00:00:00-04:00,9.649999618530273,9.649999618530273,9.649999618530273,9.649999618530273,0,0.0,0.0
2022-06-14 00:00:00-04:00,9.649999618530273,9.649999618530273,9.649999618530273,9.649999618530273,0,0.0,0.0
2022-06-15 00:00:00-04:00,9.65999984741211,9.65999984741211,9.65999984741211,9.65999984741211,600100,0.0,0.0
2022-06-16 00:00:00-04:00,9.6899995803833,9.6899995803833,9.6899995803833,9.6899995803833,16000,0.0,0.0
2022-06-17 00:00:00-04:00,9.6899995803833,9.6899995803833,9.6899995803833,9.6899995803833,98800,0.0,0.0
2022-06-21 00:00:00-04:00,9.720000267028809,9.720000267028809,9.699999809265137,9.699999809265137,300,0.0,0.0
2022-06-22 00:00:00-04:00,9.699999809265137,9.699999809265137,9.699999809265137,9.699999809265137,0,0.0,0.0
2022-06-23 00:00:00-04:00,9.699999809265137,9.699999809265137,9.699999809265137,9.699999809265137,0,0.0,0.0
2022-06-24 00:00:00-04:00,9.699999809265137,9.699999809265137,9.699999809265137,9.699999809265137,0,0.0,0.0
2022-06-27 00:00:00-04:00,9.699999809265137,9.699999809265137,9.699999809265137,9.699999809265137,0,0.0,0.0
2022-06-28 00:00:00-04:00,9.649999618530273,9.649999618530273,9.649999618530273,9.649999618530273,9100,0.0,0.0
2022-06-29 00:00:00-04:00,9.6899995803833,9.690999984741211,9.6899995803833,9.690999984741211,111200,0.0,0.0
2022-06-30 00:00:00-04:00,9.690999984741211,9.690999984741211,9.690999984741211,9.690999984741211,0,0.0,0.0
2022-07-01 00:00:00-04:00,9.690999984741211,9.690999984741211,9.690999984741211,9.690999984741211,0,0.0,0.0
2022-07-05 00:00:00-04:00,9.690999984741211,9.690999984741211,9.690999984741211,9.690999984741211,0,0.0,0.0
2022-07-06 00:00:00-04:00,9.690999984741211,9.690999984741211,9.690999984741211,9.690999984741211,0,0.0,0.0
2022-07-07 00:00:00-04:00,9.690999984741211,9.690999984741211,9.690999984741211,9.690999984741211,0,0.0,0.0
2022-07-08 00:00:00-04:00,9.65999984741211,9.65999984741211,9.65999984741211,9.65999984741211,500,0.0,0.0
2022-07-11 00:00:00-04:00,9.65999984741211,9.65999984741211,9.65999984741211,9.65999984741211,0,0.0,0.0
2022-07-12 00:00:00-04:00,9.6899995803833,9.699999809265137,9.6899995803833,9.694999694824219,10600,0.0,0.0
2022-07-13 00:00:00-04:00,9.720000267028809,9.720000267028809,9.720000267028809,9.720000267028809,2600,0.0,0.0
2022-07-14 00:00:00-04:00,9.699999809265137,9.710000038146973,9.6899995803833,9.6899995803833,1500,0.0,0.0
2022-07-15 00:00:00-04:00,9.6899995803833,9.6899995803833,9.6899995803833,9.6899995803833,0,0.0,0.0
2022-07-18 00:00:00-04:00,9.6899995803833,9.6899995803833,9.6899995803833,9.6899995803833,0,0.0,0.0
2022-07-19 00:00:00-04:00,9.710000038146973,9.710000038146973,9.710000038146973,9.710000038146973,4500,0.0,0.0
2022-07-20 00:00:00-04:00,9.710000038146973,9.710000038146973,9.710000038146973,9.710000038146973,0,0.0,0.0
2022-07-21 00:00:00-04:00,9.710000038146973,9.710000038146973,9.710000038146973,9.710000038146973,0,0.0,0.0
2022-07-22 00:00:00-04:00,9.710000038146973,9.710000038146973,9.710000038146973,9.710000038146973,0,0.0,0.0
2022-07-25 00:00:00-04:00,9.710000038146973,9.710000038146973,9.710000038146973,9.710000038146973,0,0.0,0.0
2022-07-26 00:00:00-04:00,9.710000038146973,9.710000038146973,9.710000038146973,9.710000038146973,0,0.0,0.0
2022-07-27 00:00:00-04:00,9.710000038146973,9.710000038146973,9.710000038146973,9.710000038146973,51100,0.0,0.0
2022-07-28 00:00:00-04:00,9.720000267028809,9.720000267028809,9.710000038146973,9.710000038146973,1500,0.0,0.0
2022-07-29 00:00:00-04:00,9.710000038146973,9.710000038146973,9.710000038146973,9.710000038146973,0,0.0,0.0
2022-08-01 00:00:00-04:00,9.710000038146973,9.710000038146973,9.710000038146973,9.710000038146973,0,0.0,0.0
2022-08-02 00:00:00-04:00,9.710000038146973,9.710000038146973,9.710000038146973,9.710000038146973,0,0.0,0.0
2022-08-03 00:00:00-04:00,9.729999542236328,9.729999542236328,9.729999542236328,9.729999542236328,3600,0.0,0.0
2022-08-04 00:00:00-04:00,9.729999542236328,9.729999542236328,9.729999542236328,9.729999542236328,0,0.0,0.0
2022-08-05 00:00:00-04:00,9.729999542236328,9.729999542236328,9.729999542236328,9.729999542236328,0,0.0,0.0
2022-08-08 00:00:00-04:00,9.729999542236328,9.729999542236328,9.729999542236328,9.729999542236328,0,0.0,0.0
2022-08-09 00:00:00-04:00,9.710000038146973,9.760000228881836,9.710000038146973,9.760000228881836,927800,0.0,0.0
2022-08-10 00:00:00-04:00,9.739999771118164,9.739999771118164,9.739999771118164,9.739999771118164,300,0.0,0.0
2022-08-11 00:00:00-04:00,9.739999771118164,9.739999771118164,9.739999771118164,9.739999771118164,3000,0.0,0.0
2022-08-12 00:00:00-04:00,9.739999771118164,9.739999771118164,9.739999771118164,9.739999771118164,100,0.0,0.0
2022-08-15 00:00:00-04:00,9.739999771118164,9.739999771118164,9.739999771118164,9.739999771118164,0,0.0,0.0
2022-08-16 00:00:00-04:00,9.739999771118164,9.739999771118164,9.739999771118164,9.739999771118164,0,0.0,0.0
2022-08-17 00:00:00-04:00,9.739999771118164,9.739999771118164,9.739999771118164,9.739999771118164,0,0.0,0.0
2022-08-18 00:00:00-04:00,9.75,9.779999732971191,9.699999809265137,9.760000228881836,289500,0.0,0.0
2022-08-19 00:00:00-04:00,9.760000228881836,9.760000228881836,9.760000228881836,9.760000228881836,1500,0.0,0.0
2022-08-22 00:00:00-04:00,9.75,9.75,9.699999809265137,9.729999542236328,36900,0.0,0.0
2022-08-23 00:00:00-04:00,9.739999771118164,9.770000457763672,9.729999542236328,9.75,3400,0.0,0.0
2022-08-24 00:00:00-04:00,9.760000228881836,9.770000457763672,9.710000038146973,9.710000038146973,660100,0.0,0.0
2022-08-25 00:00:00-04:00,9.75,9.75,9.739999771118164,9.75,5000,0.0,0.0
2022-08-26 00:00:00-04:00,9.75,9.75,9.75,9.75,0,0.0,0.0
2022-08-29 00:00:00-04:00,9.729999542236328,9.729999542236328,9.710000038146973,9.710000038146973,1200,0.0,0.0
2022-08-30 00:00:00-04:00,9.710000038146973,9.710000038146973,9.710000038146973,9.710000038146973,0,0.0,0.0
2022-08-31 00:00:00-04:00,9.710000038146973,9.710000038146973,9.710000038146973,9.710000038146973,0,0.0,0.0
2022-09-01 00:00:00-04:00,9.710000038146973,9.710000038146973,9.710000038146973,9.710000038146973,0,0.0,0.0
2022-09-02 00:00:00-04:00,9.710000038146973,9.710000038146973,9.710000038146973,9.710000038146973,0,0.0,0.0
2022-09-06 00:00:00-04:00,9.710000038146973,9.710000038146973,9.710000038146973,9.710000038146973,0,0.0,0.0
2022-09-07 00:00:00-04:00,9.710000038146973,9.710000038146973,9.710000038146973,9.710000038146973,0,0.0,0.0
2022-09-08 00:00:00-04:00,9.710000038146973,9.710000038146973,9.710000038146973,9.710000038146973,0,0.0,0.0
2022-09-09 00:00:00-04:00,9.710000038146973,9.710000038146973,9.710000038146973,9.710000038146973,0,0.0,0.0
2022-09-12 00:00:00-04:00,9.729999542236328,9.75,9.710000038146973,9.710000038146973,1750700,0.0,0.0
2022-09-13 00:00:00-04:00,9.699999809265137,9.75,9.699999809265137,9.75,1200,0.0,0.0
2022-09-14 00:00:00-04:00,9.710000038146973,9.729999542236328,9.710000038146973,9.710000038146973,11000,0.0,0.0
2022-09-15 00:00:00-04:00,9.710000038146973,9.710000038146973,9.710000038146973,9.710000038146973,0,0.0,0.0
2022-09-16 00:00:00-04:00,9.699999809265137,9.718000411987305,9.699999809265137,9.710000038146973,51300,0.0,0.0
2022-09-19 00:00:00-04:00,9.699999809265137,9.710000038146973,9.699999809265137,9.710000038146973,800,0.0,0.0
2022-09-20 00:00:00-04:00,9.710000038146973,9.710000038146973,9.710000038146973,9.710000038146973,0,0.0,0.0
2022-09-21 00:00:00-04:00,9.710000038146973,9.710000038146973,9.710000038146973,9.710000038146973,11000,0.0,0.0
2022-09-22 00:00:00-04:00,9.720000267028809,9.720000267028809,9.710000038146973,9.710000038146973,250000,0.0,0.0
2022-09-23 00:00:00-04:00,9.680000305175781,9.680000305175781,9.680000305175781,9.680000305175781,500,0.0,0.0
2022-09-26 00:00:00-04:00,9.699999809265137,9.699999809265137,9.694999694824219,9.699999809265137,21800,0.0,0.0
2022-09-27 00:00:00-04:00,9.720000267028809,9.720000267028809,9.699999809265137,9.699999809265137,8900,0.0,0.0
2022-09-28 00:00:00-04:00,9.699999809265137,9.699999809265137,9.699999809265137,9.699999809265137,0,0.0,0.0
2022-09-29 00:00:00-04:00,9.680000305175781,9.680000305175781,9.680000305175781,9.680000305175781,200,0.0,0.0
2022-09-30 00:00:00-04:00,9.710000038146973,9.720000267028809,9.704999923706055,9.720000267028809,30300,0.0,0.0
2022-10-03 00:00:00-04:00,9.729999542236328,9.729999542236328,9.699999809265137,9.699999809265137,2100,0.0,0.0
2022-10-04 00:00:00-04:00,9.699999809265137,9.699999809265137,9.699999809265137,9.699999809265137,0,0.0,0.0
2022-10-05 00:00:00-04:00,9.720000267028809,9.720000267028809,9.720000267028809,9.720000267028809,12400,0.0,0.0
2022-10-06 00:00:00-04:00,9.720000267028809,9.739999771118164,9.720000267028809,9.729999542236328,285800,0.0,0.0
2022-10-07 00:00:00-04:00,9.720000267028809,9.720000267028809,9.720000267028809,9.720000267028809,2500,0.0,0.0
2022-10-10 00:00:00-04:00,9.710000038146973,9.720000267028809,9.699999809265137,9.699999809265137,5000,0.0,0.0
2022-10-11 00:00:00-04:00,9.739999771118164,9.739999771118164,9.739999771118164,9.739999771118164,21100,0.0,0.0
2022-10-12 00:00:00-04:00,9.729999542236328,9.729999542236328,9.729999542236328,9.729999542236328,300,0.0,0.0
2022-10-13 00:00:00-04:00,9.739999771118164,9.760000228881836,9.739999771118164,9.75,1800,0.0,0.0
2022-10-14 00:00:00-04:00,9.739999771118164,9.739999771118164,9.739999771118164,9.739999771118164,71600,0.0,0.0
2022-10-17 00:00:00-04:00,9.739999771118164,9.739999771118164,9.739999771118164,9.739999771118164,0,0.0,0.0
2022-10-18 00:00:00-04:00,9.739999771118164,9.739999771118164,9.739999771118164,9.739999771118164,0,0.0,0.0
2022-10-19 00:00:00-04:00,9.739999771118164,9.739999771118164,9.739999771118164,9.739999771118164,0,0.0,0.0
2022-10-20 00:00:00-04:00,9.949999809265137,9.949999809265137,9.791999816894531,9.819999694824219,5500,0.0,0.0
2022-10-21 00:00:00-04:00,9.819999694824219,9.819999694824219,9.779999732971191,9.779999732971191,4800,0.0,0.0
2022-10-24 00:00:00-04:00,9.770000457763672,9.770000457763672,9.739999771118164,9.739999771118164,10000,0.0,0.0
2022-10-25 00:00:00-04:00,9.770000457763672,9.789999961853027,9.770000457763672,9.789999961853027,2800,0.0,0.0
2022-10-26 00:00:00-04:00,9.800000190734863,9.850000381469727,9.779999732971191,9.779999732971191,12900,0.0,0.0
2022-10-27 00:00:00-04:00,9.770000457763672,9.770000457763672,9.75,9.75,21000,0.0,0.0
2022-10-28 00:00:00-04:00,9.770000457763672,9.779999732971191,9.765000343322754,9.770000457763672,9900,0.0,0.0
2022-10-31 00:00:00-04:00,9.739999771118164,9.795000076293945,9.739999771118164,9.75,230700,0.0,0.0
2022-11-01 00:00:00-04:00,9.795000076293945,9.8100004196167,9.75,9.760000228881836,67800,0.0,0.0
2022-11-02 00:00:00-04:00,9.800000190734863,9.800000190734863,9.800000190734863,9.800000190734863,2300,0.0,0.0
2022-11-03 00:00:00-04:00,9.800000190734863,9.800000190734863,9.800000190734863,9.800000190734863,0,0.0,0.0
2022-11-04 00:00:00-04:00,9.800000190734863,9.800000190734863,9.800000190734863,9.800000190734863,0,0.0,0.0
2022-11-07 00:00:00-05:00,9.800000190734863,9.800000190734863,9.800000190734863,9.800000190734863,0,0.0,0.0
2022-11-08 00:00:00-05:00,9.779999732971191,9.779999732971191,9.75,9.765000343322754,1580400,0.0,0.0
2022-11-09 00:00:00-05:00,9.760000228881836,9.800000190734863,9.739999771118164,9.770000457763672,158300,0.0,0.0
2022-11-10 00:00:00-05:00,9.779999732971191,9.800000190734863,9.779999732971191,9.800000190734863,208400,0.0,0.0
2022-11-11 00:00:00-05:00,9.800000190734863,9.800000190734863,9.800000190734863,9.800000190734863,0,0.0,0.0
2022-11-14 00:00:00-05:00,9.8100004196167,9.819999694824219,9.800000190734863,9.8100004196167,48400,0.0,0.0
2022-11-15 00:00:00-05:00,9.819999694824219,9.84000015258789,9.819999694824219,9.829999923706055,22900,0.0,0.0
2022-11-16 00:00:00-05:00,9.819999694824219,9.835000038146973,9.819999694824219,9.829999923706055,403600,0.0,0.0
2022-11-17 00:00:00-05:00,9.819999694824219,9.819999694824219,9.8100004196167,9.8100004196167,76400,0.0,0.0
2022-11-18 00:00:00-05:00,9.819999694824219,9.819999694824219,9.819999694824219,9.819999694824219,10900,0.0,0.0
2022-11-21 00:00:00-05:00,9.819999694824219,9.819999694824219,9.800000190734863,9.8149995803833,72400,0.0,0.0
2022-11-22 00:00:00-05:00,9.819999694824219,9.819999694824219,9.819999694824219,9.819999694824219,700,0.0,0.0
2022-11-23 00:00:00-05:00,9.8100004196167,9.8100004196167,9.8100004196167,9.8100004196167,200,0.0,0.0
2022-11-25 00:00:00-05:00,9.8100004196167,9.8100004196167,9.8100004196167,9.8100004196167,600,0.0,0.0
2022-11-28 00:00:00-05:00,9.84000015258789,9.850000381469727,9.819999694824219,9.819999694824219,5100,0.0,0.0
2022-11-29 00:00:00-05:00,9.819999694824219,9.819999694824219,9.819999694824219,9.819999694824219,0,0.0,0.0
2022-11-30 00:00:00-05:00,9.819999694824219,9.850000381469727,9.819999694824219,9.850000381469727,66300,0.0,0.0
2022-12-01 00:00:00-05:00,9.84000015258789,9.859999656677246,9.84000015258789,9.850000381469727,44100,0.0,0.0
2022-12-02 00:00:00-05:00,9.8100004196167,9.859999656677246,9.8100004196167,9.859999656677246,200200,0.0,0.0
2022-12-05 00:00:00-05:00,9.859999656677246,9.890000343322754,9.859999656677246,9.880000114440918,32900,0.0,0.0
2022-12-06 00:00:00-05:00,9.873000144958496,9.9399995803833,9.859999656677246,9.9399995803833,17100,0.0,0.0
2022-12-07 00:00:00-05:00,9.9399995803833,9.9399995803833,9.9399995803833,9.9399995803833,0,0.0,0.0
2022-12-08 00:00:00-05:00,9.890000343322754,9.90999984741211,9.862000465393066,9.880000114440918,2300,0.0,0.0
2022-12-09 00:00:00-05:00,9.880000114440918,9.880000114440918,9.880000114440918,9.880000114440918,0,0.0,0.0
2022-12-12 00:00:00-05:00,9.859999656677246,9.890000343322754,9.859999656677246,9.880000114440918,299500,0.0,0.0
2022-12-13 00:00:00-05:00,9.880000114440918,9.880000114440918,9.880000114440918,9.880000114440918,200,0.0,0.0
2022-12-14 00:00:00-05:00,9.890000343322754,9.890000343322754,9.890000343322754,9.890000343322754,1200,0.0,0.0
2022-12-15 00:00:00-05:00,9.890000343322754,9.899999618530273,9.890000343322754,9.899999618530273,5800,0.0,0.0
2022-12-16 00:00:00-05:00,9.890000343322754,9.930000305175781,9.890000343322754,9.930000305175781,100200,0.0,0.0
2022-12-19 00:00:00-05:00,9.960000038146973,9.960000038146973,9.90999984741211,9.90999984741211,4700,0.0,0.0
2022-12-20 00:00:00-05:00,9.90999984741211,9.90999984741211,9.90999984741211,9.90999984741211,0,0.0,0.0
2022-12-21 00:00:00-05:00,9.90999984741211,9.90999984741211,9.90999984741211,9.90999984741211,0,0.0,0.0
2022-12-22 00:00:00-05:00,9.90999984741211,9.90999984741211,9.90999984741211,9.90999984741211,0,0.0,0.0
2022-12-23 00:00:00-05:00,9.90999984741211,9.920000076293945,9.890000343322754,9.895999908447266,5400,0.0,0.0
2022-12-27 00:00:00-05:00,9.895999908447266,9.895999908447266,9.895999908447266,9.895999908447266,0,0.0,0.0
2022-12-28 00:00:00-05:00,9.895999908447266,9.895999908447266,9.895999908447266,9.895999908447266,0,0.0,0.0
2022-12-29 00:00:00-05:00,9.895999908447266,9.895999908447266,9.895999908447266,9.895999908447266,0,0.0,0.0
2022-12-30 00:00:00-05:00,9.895999908447266,9.895999908447266,9.895999908447266,9.895999908447266,0,0.0,0.0
2023-01-03 00:00:00-05:00,9.932999610900879,9.970000267028809,9.90999984741211,9.944999694824219,35300,0.0,0.0
2023-01-04 00:00:00-05:00,9.930000305175781,9.960000038146973,9.930000305175781,9.960000038146973,51300,0.0,0.0
2023-01-05 00:00:00-05:00,9.960000038146973,9.960000038146973,9.9399995803833,9.949999809265137,523900,0.0,0.0
2023-01-06 00:00:00-05:00,9.960000038146973,9.970000267028809,9.9399995803833,9.960000038146973,2107300,0.0,0.0
2023-01-09 00:00:00-05:00,9.949999809265137,9.96500015258789,9.949999809265137,9.960000038146973,156800,0.0,0.0
2023-01-10 00:00:00-05:00,9.970000267028809,9.970000267028809,9.96500015258789,9.96500015258789,5300,0.0,0.0
2023-01-11 00:00:00-05:00,9.970000267028809,9.970000267028809,9.960000038146973,9.970000267028809,149500,0.0,0.0
2023-01-12 00:00:00-05:00,9.970000267028809,9.970000267028809,9.960000038146973,9.960000038146973,34100,0.0,0.0
2023-01-13 00:00:00-05:00,9.970000267028809,9.979999542236328,9.960000038146973,9.970000267028809,3882000,0.0,0.0
2023-01-17 00:00:00-05:00,9.979999542236328,9.989999771118164,9.979999542236328,9.989999771118164,1000,0.0,0.0
2023-01-18 00:00:00-05:00,9.989999771118164,10.0,9.989999771118164,9.994000434875488,51900,0.0,0.0
2023-01-19 00:00:00-05:00,9.994999885559082,9.994999885559082,9.989999771118164,9.989999771118164,15900,0.0,0.0
2023-01-20 00:00:00-05:00,9.989999771118164,9.989999771118164,9.989999771118164,9.989999771118164,50000,0.0,0.0
2023-01-23 00:00:00-05:00,9.979999542236328,9.979999542236328,9.979999542236328,9.979999542236328,200,0.0,0.0
2023-01-24 00:00:00-05:00,9.979999542236328,9.979999542236328,9.979999542236328,9.979999542236328,0,0.0,0.0
2023-01-25 00:00:00-05:00,9.979999542236328,10.0,9.979999542236328,9.979999542236328,19100,0.0,0.0
2023-01-26 00:00:00-05:00,10.0,10.0,9.989999771118164,10.0,5700,0.0,0.0
2023-01-27 00:00:00-05:00,10.0,10.0,10.0,10.0,2100,0.0,0.0
2023-01-30 00:00:00-05:00,10.0,10.0,10.0,10.0,0,0.0,0.0
2023-01-31 00:00:00-05:00,10.0,10.0,9.994999885559082,9.994999885559082,800,0.0,0.0
2023-02-01 00:00:00-05:00,9.994999885559082,9.994999885559082,9.994999885559082,9.994999885559082,0,0.0,0.0
2023-02-02 00:00:00-05:00,10.0,10.020000457763672,9.989999771118164,10.020000457763672,1046000,0.0,0.0
2023-02-03 00:00:00-05:00,10.079999923706055,10.079999923706055,10.079999923706055,10.079999923706055,700,0.0,0.0
2023-02-06 00:00:00-05:00,10.079999923706055,10.079999923706055,10.079999923706055,10.079999923706055,0,0.0,0.0
2023-02-07 00:00:00-05:00,10.0,10.0,10.0,10.0,50600,0.0,0.0
2023-02-08 00:00:00-05:00,10.0,10.041999816894531,10.0,10.041999816894531,54800,0.0,0.0
2023-02-09 00:00:00-05:00,10.039999961853027,10.050000190734863,10.039999961853027,10.050000190734863,300,0.0,0.0
2023-02-10 00:00:00-05:00,10.050000190734863,10.050000190734863,10.050000190734863,10.050000190734863,0,0.0,0.0
2023-02-13 00:00:00-05:00,10.069999694824219,10.069999694824219,10.069999694824219,10.069999694824219,200,0.0,0.0
2023-02-14 00:00:00-05:00,10.039999961853027,10.0600004196167,10.039999961853027,10.039999961853027,2500,0.0,0.0
2023-02-15 00:00:00-05:00,10.069999694824219,10.069999694824219,10.069999694824219,10.069999694824219,2600,0.0,0.0
2023-02-16 00:00:00-05:00,10.069999694824219,10.069999694824219,10.069999694824219,10.069999694824219,100,0.0,0.0
2023-02-17 00:00:00-05:00,10.069999694824219,10.069999694824219,10.069999694824219,10.069999694824219,100,0.0,0.0
2023-02-21 00:00:00-05:00,10.069999694824219,10.069999694824219,10.069999694824219,10.069999694824219,0,0.0,0.0
2023-02-22 00:00:00-05:00,10.069999694824219,10.069999694824219,10.069999694824219,10.069999694824219,0,0.0,0.0
2023-02-23 00:00:00-05:00,10.069999694824219,10.069999694824219,10.069999694824219,10.069999694824219,0,0.0,0.0
2023-02-24 00:00:00-05:00,10.069999694824219,10.069999694824219,10.069999694824219,10.069999694824219,0,0.0,0.0
2023-02-27 00:00:00-05:00,10.069999694824219,10.069999694824219,10.069999694824219,10.069999694824219,0,0.0,0.0
2023-02-28 00:00:00-05:00,10.029999732971191,10.029999732971191,10.029999732971191,10.029999732971191,4000,0.0,0.0
2023-03-01 00:00:00-05:00,10.029999732971191,10.050000190734863,10.029999732971191,10.050000190734863,3800,0.0,0.0
2023-03-02 00:00:00-05:00,10.050000190734863,10.0600004196167,10.020000457763672,10.020000457763672,17400,0.0,0.0
2023-03-03 00:00:00-05:00,10.069999694824219,10.069999694824219,10.03499984741211,10.039999961853027,2700,0.0,0.0
2023-03-06 00:00:00-05:00,10.039999961853027,10.039999961853027,10.039999961853027,10.039999961853027,0,0.0,0.0
2023-03-07 00:00:00-05:00,10.039999961853027,10.039999961853027,10.039999961853027,10.039999961853027,10300,0.0,0.0
2023-03-08 00:00:00-05:00,10.039999961853027,10.050000190734863,10.039999961853027,10.039999961853027,36400,0.0,0.0
2023-03-09 00:00:00-05:00,10.039999961853027,10.050000190734863,10.039999961853027,10.050000190734863,500,0.0,0.0
2023-03-10 00:00:00-05:00,10.039999961853027,10.055000305175781,10.039999961853027,10.050000190734863,84100,0.0,0.0
2023-03-13 00:00:00-04:00,10.050000190734863,10.055000305175781,10.050000190734863,10.055000305175781,300,0.0,0.0
2023-03-14 00:00:00-04:00,10.0600004196167,10.0600004196167,10.050000190734863,10.0600004196167,51500,0.0,0.0
2023-03-15 00:00:00-04:00,10.0600004196167,10.0649995803833,10.0600004196167,10.0600004196167,147200,0.0,0.0
2023-03-16 00:00:00-04:00,10.0600004196167,10.0600004196167,10.0600004196167,10.0600004196167,1400,0.0,0.0
2023-03-17 00:00:00-04:00,10.0600004196167,10.069999694824219,10.0600004196167,10.0649995803833,8700,0.0,0.0
2023-03-20 00:00:00-04:00,10.079999923706055,10.079999923706055,10.069999694824219,10.079999923706055,8800,0.0,0.0
2023-03-21 00:00:00-04:00,10.079999923706055,10.079999923706055,10.079999923706055,10.079999923706055,200,0.0,0.0
2023-03-22 00:00:00-04:00,10.079999923706055,10.079999923706055,10.079999923706055,10.079999923706055,600,0.0,0.0
2023-03-23 00:00:00-04:00,10.079999923706055,10.079999923706055,10.079999923706055,10.079999923706055,0,0.0,0.0
2023-03-24 00:00:00-04:00,10.079999923706055,10.079999923706055,10.079999923706055,10.079999923706055,0,0.0,0.0
2023-03-27 00:00:00-04:00,10.140000343322754,10.140000343322754,10.140000343322754,10.140000343322754,2000,0.0,0.0
2023-03-28 00:00:00-04:00,10.140000343322754,10.140000343322754,10.140000343322754,10.140000343322754,0,0.0,0.0
2023-03-29 00:00:00-04:00,10.149999618530273,10.149999618530273,10.149999618530273,10.149999618530273,200,0.0,0.0
2023-03-30 00:00:00-04:00,10.149999618530273,10.149999618530273,10.149999618530273,10.149999618530273,0,0.0,0.0
2023-03-31 00:00:00-04:00,10.149999618530273,10.210000038146973,10.109999656677246,10.210000038146973,10500,0.0,0.0
2023-04-03 00:00:00-04:00,10.119999885559082,10.119999885559082,10.100000381469727,10.119999885559082,7700,0.0,0.0
2023-04-04 00:00:00-04:00,10.09000015258789,10.119999885559082,10.069999694824219,10.069999694824219,37500,0.0,0.0
2023-04-05 00:00:00-04:00,10.100000381469727,10.109999656677246,10.050000190734863,10.050000190734863,207200,0.0,0.0
2023-04-06 00:00:00-04:00,10.09000015258789,10.109999656677246,10.09000015258789,10.100000381469727,220500,0.0,0.0
2023-04-10 00:00:00-04:00,10.100000381469727,10.100000381469727,10.100000381469727,10.100000381469727,0,0.0,0.0
2023-04-11 00:00:00-04:00,10.100000381469727,10.100000381469727,10.09000015258789,10.09000015258789,25300,0.0,0.0
2023-04-12 00:00:00-04:00,10.09000015258789,10.100000381469727,10.09000015258789,10.09000015258789,66300,0.0,0.0
2023-04-13 00:00:00-04:00,10.09000015258789,10.09000015258789,10.09000015258789,10.09000015258789,1400,0.0,0.0
2023-04-14 00:00:00-04:00,10.095000267028809,10.100000381469727,10.095000267028809,10.100000381469727,9700,0.0,0.0
2023-04-17 00:00:00-04:00,10.104999542236328,10.109999656677246,10.100000381469727,10.109999656677246,18700,0.0,0.0
2023-04-18 00:00:00-04:00,10.109999656677246,10.109999656677246,10.109999656677246,10.109999656677246,1100100,0.0,0.0
2023-04-19 00:00:00-04:00,10.114999771118164,10.140000343322754,10.114999771118164,10.140000343322754,14400,0.0,0.0
2023-04-20 00:00:00-04:00,10.140000343322754,10.140000343322754,10.140000343322754,10.140000343322754,0,0.0,0.0
2023-04-21 00:00:00-04:00,10.140000343322754,10.140000343322754,10.140000343322754,10.140000343322754,0,0.0,0.0
2023-04-24 00:00:00-04:00,10.109999656677246,10.119999885559082,10.109999656677246,10.114999771118164,7900,0.0,0.0
2023-04-25 00:00:00-04:00,10.114999771118164,10.114999771118164,10.100000381469727,10.100000381469727,41600,0.0,0.0
2023-04-26 00:00:00-04:00,10.109999656677246,10.119999885559082,10.109999656677246,10.109999656677246,456100,0.0,0.0
2023-04-27 00:00:00-04:00,10.109999656677246,10.119999885559082,10.109999656677246,10.109999656677246,17500,0.0,0.0
2023-04-28 00:00:00-04:00,10.125,10.130000114440918,10.109999656677246,10.119999885559082,408000,0.0,0.0
2023-05-01 00:00:00-04:00,10.119999885559082,10.119999885559082,10.119999885559082,10.119999885559082,0,0.0,0.0
2023-05-02 00:00:00-04:00,10.119999885559082,10.130000114440918,10.119999885559082,10.119999885559082,311600,0.0,0.0
2023-05-03 00:00:00-04:00,10.119999885559082,10.140000343322754,10.119999885559082,10.130000114440918,110600,0.0,0.0
2023-05-04 00:00:00-04:00,10.130000114440918,10.130000114440918,10.130000114440918,10.130000114440918,0,0.0,0.0
2023-05-05 00:00:00-04:00,10.119999885559082,10.119999885559082,10.119999885559082,10.119999885559082,1300,0.0,0.0
2023-05-08 00:00:00-04:00,10.119999885559082,10.140000343322754,10.119999885559082,10.130000114440918,711400,0.0,0.0
2023-05-09 00:00:00-04:00,10.140000343322754,10.149999618530273,10.130000114440918,10.130000114440918,381200,0.0,0.0
2023-05-10 00:00:00-04:00,10.140000343322754,10.149999618530273,10.130000114440918,10.140000343322754,77300,0.0,0.0
2023-05-11 00:00:00-04:00,10.140000343322754,10.170000076293945,10.140000343322754,10.140000343322754,30800,0.0,0.0
2023-05-12 00:00:00-04:00,10.140000343322754,10.149999618530273,10.140000343322754,10.140000343322754,13800,0.0,0.0
2023-05-15 00:00:00-04:00,10.149999618530273,10.1899995803833,10.140000343322754,10.149999618530273,75200,0.0,0.0
2023-05-16 00:00:00-04:00,10.149999618530273,10.170000076293945,10.140000343322754,10.149999618530273,141300,0.0,0.0
2023-05-17 00:00:00-04:00,10.149999618530273,10.15999984741211,10.145000457763672,10.154999732971191,369500,0.0,0.0
2023-05-18 00:00:00-04:00,10.154999732971191,10.15999984741211,10.149999618530273,10.15999984741211,159500,0.0,0.0
2023-05-19 00:00:00-04:00,10.149999618530273,10.149999618530273,10.149999618530273,10.149999618530273,100,0.0,0.0
2023-05-22 00:00:00-04:00,10.15999984741211,10.15999984741211,10.15999984741211,10.15999984741211,900,0.0,0.0
2023-05-23 00:00:00-04:00,10.170000076293945,10.170000076293945,10.149999618530273,10.170000076293945,56900,0.0,0.0
2023-05-24 00:00:00-04:00,10.15999984741211,10.170000076293945,10.15999984741211,10.15999984741211,77200,0.0,0.0
2023-05-25 00:00:00-04:00,10.399999618530273,10.399999618530273,10.15999984741211,10.15999984741211,687000,0.0,0.0
2023-05-26 00:00:00-04:00,10.239999771118164,10.239999771118164,10.15999984741211,10.15999984741211,2900,0.0,0.0
2023-05-30 00:00:00-04:00,10.15999984741211,10.15999984741211,10.15999984741211,10.15999984741211,200,0.0,0.0
2023-05-31 00:00:00-04:00,10.180000305175781,10.180000305175781,10.180000305175781,10.180000305175781,200,0.0,0.0
2023-06-01 00:00:00-04:00,10.180000305175781,10.180000305175781,10.180000305175781,10.180000305175781,0,0.0,0.0
2023-06-02 00:00:00-04:00,10.180000305175781,10.180000305175781,10.180000305175781,10.180000305175781,0,0.0,0.0
2023-06-05 00:00:00-04:00,10.180000305175781,10.279999732971191,10.170000076293945,10.180000305175781,22000,0.0,0.0
2023-06-06 00:00:00-04:00,10.350000381469727,10.604999542236328,10.175000190734863,10.1899995803833,17400,0.0,0.0
2023-06-07 00:00:00-04:00,10.399999618530273,10.5,10.180000305175781,10.197999954223633,37000,0.0,0.0
2023-06-08 00:00:00-04:00,10.1850004196167,10.1850004196167,10.1850004196167,10.1850004196167,200,0.0,0.0
2023-06-09 00:00:00-04:00,10.1899995803833,10.1899995803833,10.180000305175781,10.1850004196167,96500,0.0,0.0
2023-06-12 00:00:00-04:00,10.1899995803833,10.1899995803833,10.170000076293945,10.180000305175781,22300,0.0,0.0
2023-06-13 00:00:00-04:00,10.180000305175781,10.199999809265137,10.180000305175781,10.199999809265137,11500,0.0,0.0
2023-06-14 00:00:00-04:00,10.1899995803833,10.1899995803833,10.180000305175781,10.1899995803833,45600,0.0,0.0
2023-06-15 00:00:00-04:00,10.180000305175781,10.1899995803833,10.180000305175781,10.1899995803833,37100,0.0,0.0
2023-06-16 00:00:00-04:00,10.1899995803833,10.1899995803833,10.1899995803833,10.1899995803833,14200,0.0,0.0
2023-06-20 00:00:00-04:00,10.199999809265137,10.199999809265137,10.180000305175781,10.1899995803833,369800,0.0,0.0
2023-06-21 00:00:00-04:00,10.199999809265137,10.199999809265137,10.180000305175781,10.1899995803833,128500,0.0,0.0
2023-06-22 00:00:00-04:00,10.1899995803833,10.194999694824219,10.1899995803833,10.1899995803833,555000,0.0,0.0
2023-06-23 00:00:00-04:00,10.194999694824219,10.194999694824219,10.1899995803833,10.194999694824219,700,0.0,0.0
2023-06-26 00:00:00-04:00,10.194999694824219,10.194999694824219,10.194999694824219,10.194999694824219,0,0.0,0.0
2023-06-27 00:00:00-04:00,10.194999694824219,10.210000038146973,10.194999694824219,10.210000038146973,304800,0.0,0.0
2023-06-28 00:00:00-04:00,10.204999923706055,10.210000038146973,10.199999809265137,10.199999809265137,36700,0.0,0.0
2023-06-29 00:00:00-04:00,10.199999809265137,10.220000267028809,10.199999809265137,10.220000267028809,645700,0.0,0.0
2023-06-30 00:00:00-04:00,10.210000038146973,10.210000038146973,10.210000038146973,10.210000038146973,9700,0.0,0.0
2023-07-03 00:00:00-04:00,10.220000267028809,10.220000267028809,10.220000267028809,10.220000267028809,20000,0.0,0.0
2023-07-05 00:00:00-04:00,10.225000381469727,10.225000381469727,10.220000267028809,10.220000267028809,1100,0.0,0.0
2023-07-06 00:00:00-04:00,10.220000267028809,10.22599983215332,10.220000267028809,10.22599983215332,1033000,0.0,0.0
2023-07-07 00:00:00-04:00,10.220000267028809,10.220000267028809,10.220000267028809,10.220000267028809,1500,0.0,0.0
2023-07-10 00:00:00-04:00,10.220000267028809,10.229999542236328,10.220000267028809,10.229999542236328,1500,0.0,0.0
2023-07-11 00:00:00-04:00,10.199999809265137,10.229999542236328,10.199999809265137,10.220000267028809,35700,0.0,0.0
2023-07-12 00:00:00-04:00,10.220000267028809,10.220000267028809,10.220000267028809,10.220000267028809,13800,0.0,0.0
2023-07-13 00:00:00-04:00,10.220000267028809,10.22700023651123,10.220000267028809,10.22700023651123,900,0.0,0.0
2023-07-14 00:00:00-04:00,10.22700023651123,10.22700023651123,10.22700023651123,10.22700023651123,0,0.0,0.0
2023-07-17 00:00:00-04:00,10.22599983215332,10.22599983215332,10.225000381469727,10.225000381469727,1500,0.0,0.0
2023-07-18 00:00:00-04:00,10.229999542236328,10.25,10.229999542236328,10.25,716390,0.0,0.0
