Date,Open,High,Low,Close,Volume,Dividends,Stock Splits
2023-04-14 00:00:00-04:00,4.0,4.099999904632568,3.4800000190734863,4.0,1558500,0.0,0.0
2023-04-17 00:00:00-04:00,3.75,4.190000057220459,3.75,3.759999990463257,1420600,0.0,0.0
2023-04-18 00:00:00-04:00,3.6500000953674316,3.8499999046325684,3.640000104904175,3.640000104904175,74500,0.0,0.0
2023-04-19 00:00:00-04:00,3.5,3.690000057220459,3.5,3.5,53400,0.0,0.0
2023-04-20 00:00:00-04:00,3.450000047683716,3.450000047683716,3.259999990463257,3.3299999237060547,55900,0.0,0.0
2023-04-21 00:00:00-04:00,3.5,3.5999999046325684,3.2950000762939453,3.299999952316284,42500,0.0,0.0
2023-04-24 00:00:00-04:00,3.4200000762939453,3.566999912261963,3.2100000381469727,3.299999952316284,86100,0.0,0.0
2023-04-25 00:00:00-04:00,3.25,3.4600000381469727,3.2300000190734863,3.25,46200,0.0,0.0
2023-04-26 00:00:00-04:00,3.25,3.5899999141693115,3.25,3.371000051498413,84100,0.0,0.0
2023-04-27 00:00:00-04:00,3.4000000953674316,3.5999999046325684,3.3499999046325684,3.4600000381469727,126300,0.0,0.0
2023-04-28 00:00:00-04:00,3.569999933242798,3.5999999046325684,3.3499999046325684,3.3499999046325684,56600,0.0,0.0
2023-05-01 00:00:00-04:00,3.430000066757202,3.690000057220459,3.359999895095825,3.430000066757202,31700,0.0,0.0
2023-05-02 00:00:00-04:00,3.559999942779541,3.8910000324249268,3.3499999046325684,3.7200000286102295,345400,0.0,0.0
2023-05-03 00:00:00-04:00,3.9700000286102295,4.0,3.5799999237060547,3.619999885559082,210500,0.0,0.0
2023-05-04 00:00:00-04:00,3.5799999237060547,3.7899999618530273,3.549999952316284,3.677999973297119,33400,0.0,0.0
2023-05-05 00:00:00-04:00,3.9000000953674316,3.9000000953674316,3.5950000286102295,3.7799999713897705,15600,0.0,0.0
2023-05-08 00:00:00-04:00,3.7219998836517334,4.710000038146973,3.7200000286102295,4.409999847412109,1041000,0.0,0.0
2023-05-09 00:00:00-04:00,3.9000000953674316,4.800000190734863,3.319999933242798,3.549999952316284,587100,0.0,0.0
2023-05-10 00:00:00-04:00,3.3299999237060547,3.3359999656677246,2.880000114440918,2.999000072479248,163800,0.0,0.0
2023-05-11 00:00:00-04:00,3.0,3.450000047683716,2.809999942779541,2.809999942779541,218200,0.0,0.0
2023-05-12 00:00:00-04:00,2.9000000953674316,3.299999952316284,2.359999895095825,2.930000066757202,148600,0.0,0.0
2023-05-15 00:00:00-04:00,2.930000066757202,3.490999937057495,2.8450000286102295,3.0799999237060547,257600,0.0,0.0
2023-05-16 00:00:00-04:00,3.066999912261963,3.319999933242798,2.8499999046325684,2.9800000190734863,76100,0.0,0.0
2023-05-17 00:00:00-04:00,2.9200000762939453,3.2869999408721924,2.9200000762939453,3.059999942779541,106000,0.0,0.0
2023-05-18 00:00:00-04:00,3.0299999713897705,3.1600000858306885,2.7950000762939453,2.9600000381469727,120100,0.0,0.0
2023-05-19 00:00:00-04:00,3.049999952316284,3.0999999046325684,2.8299999237060547,2.9000000953674316,99000,0.0,0.0
2023-05-22 00:00:00-04:00,2.930000066757202,3.140000104904175,2.799999952316284,2.8399999141693115,54900,0.0,0.0
2023-05-23 00:00:00-04:00,2.930000066757202,3.0199999809265137,2.799999952316284,2.9200000762939453,25500,0.0,0.0
2023-05-24 00:00:00-04:00,2.9100000858306885,2.9260001182556152,2.799999952316284,2.799999952316284,5500,0.0,0.0
2023-05-25 00:00:00-04:00,2.890000104904175,2.930000066757202,2.680000066757202,2.75,87100,0.0,0.0
2023-05-26 00:00:00-04:00,2.799999952316284,2.9200000762939453,2.680000066757202,2.680000066757202,23500,0.0,0.0
2023-05-30 00:00:00-04:00,2.9200000762939453,2.9200000762939453,2.7100000381469727,2.7820000648498535,35100,0.0,0.0
2023-05-31 00:00:00-04:00,2.7799999713897705,2.8399999141693115,2.7300000190734863,2.7300000190734863,26000,0.0,0.0
2023-06-01 00:00:00-04:00,2.7799999713897705,2.799999952316284,2.680000066757202,2.7100000381469727,14700,0.0,0.0
2023-06-02 00:00:00-04:00,2.740000009536743,2.809999942779541,2.740000009536743,2.740000009536743,11200,0.0,0.0
2023-06-05 00:00:00-04:00,2.819000005722046,2.819000005722046,2.680000066757202,2.747999906539917,16700,0.0,0.0
2023-06-06 00:00:00-04:00,2.8389999866485596,2.8499999046325684,2.686000108718872,2.7899999618530273,24800,0.0,0.0
2023-06-07 00:00:00-04:00,2.7899999618530273,2.8299999237060547,2.7899999618530273,2.799999952316284,11900,0.0,0.0
2023-06-08 00:00:00-04:00,2.75,2.8499999046325684,2.75,2.7699999809265137,7000,0.0,0.0
2023-06-09 00:00:00-04:00,2.8399999141693115,2.8889999389648438,2.799999952316284,2.88100004196167,4600,0.0,0.0
2023-06-12 00:00:00-04:00,2.990000009536743,3.569999933242798,2.871000051498413,3.0799999237060547,127100,0.0,0.0
2023-06-13 00:00:00-04:00,3.0799999237060547,3.2709999084472656,2.9800000190734863,2.9800000190734863,70900,0.0,0.0
2023-06-14 00:00:00-04:00,2.9700000286102295,2.993000030517578,2.759999990463257,2.802999973297119,39100,0.0,0.0
2023-06-15 00:00:00-04:00,2.8299999237060547,3.5999999046325684,2.5199999809265137,2.8399999141693115,296800,0.0,0.0
2023-06-16 00:00:00-04:00,2.8399999141693115,2.888000011444092,2.740000009536743,2.880000114440918,18600,0.0,0.0
2023-06-20 00:00:00-04:00,3.1500000953674316,3.1500000953674316,2.740000009536743,2.869999885559082,21200,0.0,0.0
2023-06-21 00:00:00-04:00,2.869999885559082,2.869999885559082,2.700000047683716,2.799999952316284,10400,0.0,0.0
2023-06-22 00:00:00-04:00,2.559999942779541,2.9100000858306885,2.559999942779541,2.9100000858306885,22300,0.0,0.0
2023-06-23 00:00:00-04:00,2.7899999618530273,2.890000104904175,2.680000066757202,2.7799999713897705,10700,0.0,0.0
2023-06-26 00:00:00-04:00,2.811000108718872,3.0199999809265137,2.799999952316284,2.869999885559082,15800,0.0,0.0
2023-06-27 00:00:00-04:00,2.880000114440918,3.0899999141693115,2.8499999046325684,2.8499999046325684,10800,0.0,0.0
2023-06-28 00:00:00-04:00,2.875,3.431999921798706,2.799999952316284,3.049999952316284,101900,0.0,0.0
2023-06-29 00:00:00-04:00,3.069999933242798,3.3589999675750732,3.059999942779541,3.0899999141693115,62200,0.0,0.0
2023-06-30 00:00:00-04:00,3.234999895095825,3.2799999713897705,2.930000066757202,3.049999952316284,17400,0.0,0.0
2023-07-03 00:00:00-04:00,3.0299999713897705,3.180000066757202,2.940000057220459,3.1700000762939453,16100,0.0,0.0
2023-07-05 00:00:00-04:00,3.200000047683716,3.200000047683716,2.930000066757202,3.069000005722046,15800,0.0,0.0
2023-07-06 00:00:00-04:00,3.1640000343322754,3.440000057220459,2.990000009536743,3.259999990463257,83300,0.0,0.0
2023-07-07 00:00:00-04:00,3.200000047683716,3.4700000286102295,3.1500000953674316,3.2699999809265137,28200,0.0,0.0
2023-07-10 00:00:00-04:00,3.359999895095825,3.490000009536743,3.13100004196167,3.490000009536743,2613700,0.0,0.0
2023-07-11 00:00:00-04:00,7.420000076293945,9.25,5.5,5.639999866485596,21901700,0.0,0.0
2023-07-12 00:00:00-04:00,5.099999904632568,5.449999809265137,4.019999980926514,4.159999847412109,884400,0.0,0.0
2023-07-13 00:00:00-04:00,4.199999809265137,5.75,4.099999904632568,4.409999847412109,666200,0.0,0.0
2023-07-14 00:00:00-04:00,4.800000190734863,4.800000190734863,4.25,4.340000152587891,108300,0.0,0.0
2023-07-17 00:00:00-04:00,4.130000114440918,4.400000095367432,4.099999904632568,4.300000190734863,97100,0.0,0.0
2023-07-18 00:00:00-04:00,4.130000114440918,4.400000095367432,4.130000114440918,4.260000228881836,46920,0.0,0.0
