Date,Open,High,Low,Close,Volume,Dividends,Stock Splits,Capital Gains
2009-09-08 00:00:00-04:00,17.5,17.8799991607666,17.110000610351562,17.65999984741211,10650,0.0,0.0,0.0
2009-09-09 00:00:00-04:00,17.6200008392334,17.8700008392334,17.559999465942383,17.667499542236328,2900,0.0,0.0,0.0
2009-09-10 00:00:00-04:00,18.0,18.0,17.600000381469727,17.860000610351562,5513,0.0,0.0,0.0
2009-09-11 00:00:00-04:00,17.81999969482422,18.069000244140625,17.81999969482422,17.899999618530273,4072,0.0,0.0,0.0
2009-09-14 00:00:00-04:00,17.90999984741211,18.5,17.809999465942383,18.299999237060547,12311,0.0,0.0,0.0
2009-09-15 00:00:00-04:00,18.989999771118164,18.989999771118164,18.0,18.440000534057617,10876,0.0,0.0,0.0
2009-09-16 00:00:00-04:00,18.489999771118164,19.040000915527344,18.489999771118164,19.040000915527344,9513,0.0,0.0,0.0
2009-09-17 00:00:00-04:00,19.0,19.18000030517578,18.979999542236328,18.979999542236328,7490,0.0,0.0,0.0
2009-09-18 00:00:00-04:00,19.170000076293945,19.200000762939453,18.786800384521484,18.786800384521484,9591,0.0,0.0,0.0
2009-09-21 00:00:00-04:00,18.729999542236328,18.899999618530273,18.729999542236328,18.899999618530273,5612,0.0,0.0,0.0
2009-09-22 00:00:00-04:00,18.748899459838867,19.200000762939453,18.748899459838867,19.190000534057617,5600,0.0,0.0,0.0
2009-09-23 00:00:00-04:00,19.649999618530273,19.649999618530273,18.8799991607666,18.8799991607666,6620,0.0,0.0,0.0
2009-09-24 00:00:00-04:00,19.06999969482422,19.860000610351562,18.420000076293945,18.47010040283203,12638,0.0,0.0,0.0
2009-09-25 00:00:00-04:00,18.40999984741211,18.54400062561035,18.110000610351562,18.290000915527344,13075,0.0,0.0,0.0
2009-09-28 00:00:00-04:00,18.56999969482422,18.760000228881836,18.280000686645508,18.729000091552734,4720,0.0,0.0,0.0
2009-09-29 00:00:00-04:00,18.700000762939453,18.700000762939453,18.350000381469727,18.700000762939453,12641,0.0,0.0,0.0
2009-09-30 00:00:00-04:00,18.600000381469727,18.700000762939453,18.510000228881836,18.510000228881836,6352,0.0,0.0,0.0
2009-10-01 00:00:00-04:00,18.510000228881836,18.510000228881836,18.141700744628906,18.18600082397461,6241,0.0,0.0,0.0
2009-10-02 00:00:00-04:00,18.190000534057617,18.68000030517578,18.110000610351562,18.110000610351562,3488,0.0,0.0,0.0
2009-10-05 00:00:00-04:00,18.600000381469727,18.600000381469727,18.431100845336914,18.540000915527344,1450,0.0,0.0,0.0
2009-10-06 00:00:00-04:00,18.700000762939453,18.959999084472656,18.65999984741211,18.65999984741211,2971,0.0,0.0,0.0
2009-10-07 00:00:00-04:00,19.5,19.5,18.224000930786133,18.600000381469727,35439,0.0,0.0,0.0
2009-10-08 00:00:00-04:00,18.889999389648438,18.929899215698242,18.510000228881836,18.929899215698242,6175,0.0,0.0,0.0
2009-10-09 00:00:00-04:00,19.0,19.100000381469727,18.84000015258789,18.858999252319336,4935,0.0,0.0,0.0
2009-10-12 00:00:00-04:00,18.770000457763672,18.829999923706055,18.229999542236328,18.770000457763672,11512,0.0,0.0,0.0
2009-10-13 00:00:00-04:00,18.93000030517578,19.600000381469727,18.93000030517578,19.09000015258789,8425,0.0,0.0,0.0
2009-10-14 00:00:00-04:00,19.600000381469727,19.850000381469727,19.440000534057617,19.75,22902,0.0,0.0,0.0
2009-10-15 00:00:00-04:00,19.5,19.739999771118164,19.400100708007812,19.71500015258789,4999,0.0,0.0,0.0
2009-10-16 00:00:00-04:00,19.899999618530273,19.90999984741211,19.420000076293945,19.420000076293945,5414,0.0,0.0,0.0
2009-10-19 00:00:00-04:00,19.899999618530273,19.979999542236328,19.59000015258789,19.760000228881836,9290,0.0,0.0,0.0
2009-10-20 00:00:00-04:00,19.989999771118164,19.989999771118164,19.5,19.719999313354492,8225,0.0,0.0,0.0
2009-10-21 00:00:00-04:00,19.68000030517578,19.739999771118164,19.43000030517578,19.719999313354492,3098,0.0,0.0,0.0
2009-10-22 00:00:00-04:00,19.530000686645508,19.68000030517578,19.405000686645508,19.65999984741211,2700,0.0,0.0,0.0
2009-10-23 00:00:00-04:00,19.600000381469727,19.600000381469727,19.59000015258789,19.600000381469727,900,0.0,0.0,0.0
2009-10-26 00:00:00-04:00,19.729999542236328,19.739999771118164,19.280000686645508,19.3700008392334,5917,0.0,0.0,0.0
2009-10-27 00:00:00-04:00,19.440000534057617,19.459999084472656,18.329999923706055,18.829999923706055,6100,0.0,0.0,0.0
2009-10-28 00:00:00-04:00,18.649999618530273,18.649999618530273,18.010000228881836,18.170000076293945,14191,0.0,0.0,0.0
2009-10-29 00:00:00-04:00,18.010000228881836,18.780000686645508,18.010000228881836,18.31999969482422,7870,0.0,0.0,0.0
2009-10-30 00:00:00-04:00,18.399999618530273,18.399999618530273,18.0,18.0,7822,0.0,0.0,0.0
2009-11-02 00:00:00-05:00,18.0,18.360000610351562,18.0,18.020000457763672,5200,0.0,0.0,0.0
2009-11-03 00:00:00-05:00,18.06999969482422,18.159900665283203,17.75,18.030099868774414,10650,0.0,0.0,0.0
2009-11-04 00:00:00-05:00,18.299999237060547,18.389999389648438,18.190000534057617,18.389999389648438,3874,0.0,0.0,0.0
2009-11-05 00:00:00-05:00,18.540000915527344,18.57990074157715,18.392000198364258,18.57990074157715,2278,0.0,0.0,0.0
2009-11-06 00:00:00-05:00,18.599899291992188,18.600000381469727,18.420000076293945,18.510000228881836,3600,0.0,0.0,0.0
2009-11-09 00:00:00-05:00,18.079999923706055,19.250099182128906,18.079999923706055,19.18000030517578,14792,0.0,0.0,0.0
2009-11-10 00:00:00-05:00,19.1200008392334,19.18000030517578,18.720800399780273,19.020000457763672,5695,0.0,0.0,0.0
2009-11-11 00:00:00-05:00,19.200000762939453,19.610000610351562,19.200000762939453,19.5,6661,0.0,0.0,0.0
2017-09-21 00:00:00-04:00,12.720000267028809,12.880000114440918,12.279999732971191,12.679900169372559,14158,0.0,0.0,0.0
2017-09-22 00:00:00-04:00,12.65999984741211,12.845399856567383,12.5600004196167,12.600000381469727,17998,0.0,0.0,0.0
2017-09-25 00:00:00-04:00,12.5,12.600000381469727,12.38479995727539,12.5,9242,0.0,0.0,0.0
2017-09-26 00:00:00-04:00,12.539999961853027,12.723999977111816,12.199999809265137,12.319999694824219,6493,0.0,0.0,0.0
2017-09-27 00:00:00-04:00,12.479999542236328,12.6899995803833,12.289999961853027,12.329999923706055,3413,0.0,0.0,0.0
2017-09-28 00:00:00-04:00,12.300000190734863,12.35509967803955,12.300000190734863,12.329999923706055,1864,0.0,0.0,0.0
2017-09-29 00:00:00-04:00,12.260000228881836,12.390000343322754,12.239999771118164,12.390000343322754,3634,0.0,0.0,0.0
2017-10-02 00:00:00-04:00,12.390000343322754,12.390000343322754,12.390000343322754,12.390000343322754,0,0.0,0.0,0.0
2017-10-03 00:00:00-04:00,12.34000015258789,12.34000015258789,12.34000015258789,12.34000015258789,182,0.0,0.0,0.0
2017-10-04 00:00:00-04:00,12.399999618530273,12.424799919128418,12.390000343322754,12.390000343322754,5978,0.0,0.0,0.0
2017-10-05 00:00:00-04:00,12.458100318908691,12.458100318908691,12.458100318908691,12.458100318908691,476,0.0,0.0,0.0
2017-10-06 00:00:00-04:00,12.545299530029297,12.600000381469727,12.545299530029297,12.59000015258789,3200,0.0,0.0,0.0
2017-10-09 00:00:00-04:00,12.644000053405762,12.644000053405762,12.470999717712402,12.470999717712402,301,0.0,0.0,0.0
2017-10-10 00:00:00-04:00,12.470999717712402,12.470999717712402,12.470999717712402,12.470999717712402,0,0.0,0.0,0.0
2017-10-11 00:00:00-04:00,12.515000343322754,12.520000457763672,12.515000343322754,12.520000457763672,631,0.0,0.0,0.0
2017-10-12 00:00:00-04:00,12.520000457763672,12.520000457763672,12.520000457763672,12.520000457763672,0,0.0,0.0,0.0
2017-10-13 00:00:00-04:00,12.6899995803833,12.6899995803833,12.6899995803833,12.6899995803833,679,0.0,0.0,0.0
2017-10-16 00:00:00-04:00,12.789999961853027,12.884499549865723,12.699999809265137,12.699999809265137,5065,0.0,0.0,0.0
2017-10-17 00:00:00-04:00,12.699999809265137,12.699999809265137,12.699999809265137,12.699999809265137,0,0.0,0.0,0.0
2017-10-18 00:00:00-04:00,12.699999809265137,12.699999809265137,12.699999809265137,12.699999809265137,0,0.0,0.0,0.0
2017-10-19 00:00:00-04:00,12.569999694824219,12.704999923706055,12.545000076293945,12.704999923706055,469,0.0,0.0,0.0
2017-10-20 00:00:00-04:00,12.704999923706055,12.704999923706055,12.704999923706055,12.704999923706055,0,0.0,0.0,0.0
2017-10-23 00:00:00-04:00,12.5600004196167,12.770000457763672,12.550100326538086,12.550100326538086,2084,0.0,0.0,0.0
2017-10-24 00:00:00-04:00,12.550100326538086,12.550100326538086,12.550100326538086,12.550100326538086,0,0.0,0.0,0.0
2017-10-25 00:00:00-04:00,12.550100326538086,12.550100326538086,12.550100326538086,12.550100326538086,0,0.0,0.0,0.0
2017-10-26 00:00:00-04:00,12.550100326538086,12.550100326538086,12.550100326538086,12.550100326538086,0,0.0,0.0,0.0
2017-10-27 00:00:00-04:00,12.649999618530273,12.708800315856934,12.649999618530273,12.708800315856934,952,0.0,0.0,0.0
2017-10-30 00:00:00-04:00,12.569999694824219,12.90999984741211,12.569999694824219,12.90999984741211,3395,0.0,0.0,0.0
2017-10-31 00:00:00-04:00,12.958999633789062,12.960000038146973,12.930000305175781,12.9399995803833,900,0.0,0.0,0.0
2017-11-01 00:00:00-04:00,12.960000038146973,12.960000038146973,12.890000343322754,12.899200439453125,17552,0.0,0.0,0.0
2017-11-02 00:00:00-04:00,12.899200439453125,12.899200439453125,12.899200439453125,12.899200439453125,0,0.0,0.0,0.0
2017-11-03 00:00:00-04:00,12.880000114440918,12.880000114440918,12.537500381469727,12.8100004196167,922,0.0,0.0,0.0
2017-11-06 00:00:00-05:00,12.710100173950195,12.710100173950195,12.710100173950195,12.710100173950195,414,0.0,0.0,0.0
2017-11-07 00:00:00-05:00,12.800000190734863,12.819999694824219,12.729999542236328,12.729999542236328,3861,0.0,0.0,0.0
2017-11-08 00:00:00-05:00,12.6899995803833,12.729999542236328,12.369999885559082,12.710000038146973,12473,0.0,0.0,0.0
2017-11-09 00:00:00-05:00,12.579999923706055,12.632100105285645,12.579999923706055,12.609999656677246,2575,0.0,0.0,0.0
2017-11-10 00:00:00-05:00,12.40999984741211,12.569999694824219,12.40999984741211,12.569999694824219,1668,0.0,0.0,0.0
2017-11-13 00:00:00-05:00,12.390000343322754,12.679200172424316,12.390000343322754,12.679200172424316,1121,0.0,0.0,0.0
2017-11-14 00:00:00-05:00,12.640000343322754,12.640000343322754,12.470000267028809,12.484999656677246,1616,0.0,0.0,0.0
2017-11-15 00:00:00-05:00,12.420000076293945,12.541299819946289,12.390000343322754,12.390000343322754,2927,0.0,0.0,0.0
2017-11-16 00:00:00-05:00,12.5,12.5,12.479999542236328,12.48009967803955,2092,0.0,0.0,0.0
2017-11-17 00:00:00-05:00,12.65999984741211,12.65999984741211,12.449999809265137,12.470000267028809,2605,0.0,0.0,0.0
2017-11-20 00:00:00-05:00,12.489999771118164,12.75,12.445899963378906,12.75,1369,0.0,0.0,0.0
2017-11-21 00:00:00-05:00,12.75,12.75,12.75,12.75,100,0.0,0.0,0.0
2017-11-22 00:00:00-05:00,12.819899559020996,12.819999694824219,12.600000381469727,12.699999809265137,3418,0.0,0.0,0.0
2017-11-24 00:00:00-05:00,12.699999809265137,12.699999809265137,12.699999809265137,12.699999809265137,0,0.0,0.0,0.0
2017-11-27 00:00:00-05:00,12.710100173950195,12.710100173950195,12.710100173950195,12.710100173950195,575,0.0,0.0,0.0
2017-11-28 00:00:00-05:00,12.710100173950195,12.710100173950195,12.710100173950195,12.710100173950195,0,0.0,0.0,0.0
2017-11-29 00:00:00-05:00,12.899999618530273,12.899999618530273,12.5600004196167,12.570099830627441,14492,0.0,0.0,0.0
2017-11-30 00:00:00-05:00,12.474900245666504,12.474900245666504,12.474900245666504,12.474900245666504,388,0.0,0.0,0.0
2017-12-01 00:00:00-05:00,12.371000289916992,12.390000343322754,12.370100021362305,12.370800018310547,1250,0.0,0.0,0.0
2017-12-04 00:00:00-05:00,12.520999908447266,12.520999908447266,12.520999908447266,12.520999908447266,402,0.0,0.0,0.0
2017-12-05 00:00:00-05:00,12.520999908447266,12.520999908447266,12.520999908447266,12.520999908447266,0,0.0,0.0,0.0
2017-12-06 00:00:00-05:00,12.380000114440918,12.380000114440918,12.380000114440918,12.380000114440918,706,0.0,0.0,0.0
2017-12-07 00:00:00-05:00,12.34469985961914,12.34469985961914,12.340399742126465,12.340399742126465,728,0.0,0.0,0.0
2017-12-08 00:00:00-05:00,12.350000381469727,12.356200218200684,12.25,12.284199714660645,6715,0.0,0.0,0.0
2017-12-11 00:00:00-05:00,12.34000015258789,12.484700202941895,12.3100004196167,12.4399995803833,6200,0.0,0.0,0.0
2017-12-12 00:00:00-05:00,12.4399995803833,12.4399995803833,12.4399995803833,12.4399995803833,0,0.0,0.0,0.0
2017-12-13 00:00:00-05:00,12.499899864196777,12.527999877929688,12.446000099182129,12.446000099182129,3523,0.0,0.0,0.0
2017-12-14 00:00:00-05:00,12.446000099182129,12.446000099182129,12.446000099182129,12.446000099182129,0,0.0,0.0,0.0
2017-12-15 00:00:00-05:00,12.430000305175781,12.449999809265137,12.380000114440918,12.40999984741211,77154,0.0,0.0,0.0
2017-12-18 00:00:00-05:00,12.409899711608887,12.495599746704102,12.40820026397705,12.43970012664795,1904,0.0,0.0,0.0
2017-12-19 00:00:00-05:00,12.350000381469727,12.350000381469727,12.350000381469727,12.350000381469727,280,0.0,0.0,0.0
2017-12-20 00:00:00-05:00,12.5,12.785200119018555,12.420000076293945,12.470000267028809,9039,0.0,0.0,0.0
2017-12-21 00:00:00-05:00,12.449999809265137,12.552000045776367,12.420000076293945,12.422599792480469,1784,0.0,0.0,0.0
2017-12-22 00:00:00-05:00,12.380000114440918,12.514900207519531,12.380000114440918,12.449999809265137,12342,0.0,0.0,0.0
2017-12-26 00:00:00-05:00,12.296799659729004,12.4399995803833,12.296799659729004,12.4399995803833,320,0.0,0.0,0.0
2017-12-27 00:00:00-05:00,12.4399995803833,12.517499923706055,12.4399995803833,12.517499923706055,2210,0.0,0.0,0.0
2017-12-28 00:00:00-05:00,12.135299682617188,12.135299682617188,12.135299682617188,12.135299682617188,2053,0.0,0.0,0.0
2017-12-29 00:00:00-05:00,12.310099601745605,12.369999885559082,12.3100004196167,12.369999885559082,13902,0.0,0.0,0.0
2018-01-02 00:00:00-05:00,12.4399995803833,12.5,12.4399995803833,12.5,11541,0.0,0.0,0.0
2018-01-03 00:00:00-05:00,12.6899995803833,12.6899995803833,12.6899995803833,12.6899995803833,115,0.0,0.0,0.0
2018-01-04 00:00:00-05:00,12.779999732971191,12.829999923706055,12.739999771118164,12.829999923706055,4211,0.0,0.0,0.0
2018-01-05 00:00:00-05:00,12.989999771118164,13.229999542236328,12.913299560546875,13.149999618530273,6082,0.0,0.0,0.0
2018-01-08 00:00:00-05:00,13.149999618530273,13.21310043334961,13.029999732971191,13.170000076293945,5163,0.0,0.0,0.0
2018-01-09 00:00:00-05:00,13.25,13.25,13.100000381469727,13.22599983215332,8080,0.0,0.0,0.0
2018-01-10 00:00:00-05:00,13.090999603271484,13.219900131225586,12.791000366210938,13.140000343322754,5123,0.0,0.0,0.0
2018-01-11 00:00:00-05:00,13.229999542236328,13.229999542236328,13.010000228881836,13.04990005493164,12196,0.0,0.0,0.0
2018-01-12 00:00:00-05:00,13.039999961853027,13.039999961853027,12.920000076293945,13.029999732971191,13091,0.0,0.0,0.0
2018-01-16 00:00:00-05:00,13.239999771118164,13.329999923706055,13.050000190734863,13.289999961853027,23096,0.0,0.0,0.0
2018-01-17 00:00:00-05:00,13.25160026550293,13.279999732971191,13.050100326538086,13.162500381469727,2140,0.0,0.0,0.0
2018-01-18 00:00:00-05:00,13.25,13.25,13.199999809265137,13.199999809265137,1065,0.0,0.0,0.0
2018-01-19 00:00:00-05:00,13.25,13.25,13.25,13.25,336,0.0,0.0,0.0
2018-01-22 00:00:00-05:00,13.25,13.25,13.25,13.25,0,0.0,0.0,0.0
2018-01-23 00:00:00-05:00,13.289999961853027,13.569999694824219,13.289999961853027,13.569999694824219,4783,0.0,0.0,0.0
2018-01-24 00:00:00-05:00,13.579999923706055,13.600000381469727,13.569999694824219,13.600000381469727,1152,0.0,0.0,0.0
2018-01-25 00:00:00-05:00,13.420000076293945,13.569899559020996,13.420000076293945,13.420000076293945,3282,0.0,0.0,0.0
2018-01-26 00:00:00-05:00,13.59000015258789,13.654000282287598,13.319999694824219,13.654000282287598,3134,0.0,0.0,0.0
2018-01-29 00:00:00-05:00,13.581000328063965,13.581000328063965,13.569999694824219,13.569999694824219,632,0.0,0.0,0.0
2018-01-30 00:00:00-05:00,13.420000076293945,13.520000457763672,13.420000076293945,13.520000457763672,400,0.0,0.0,0.0
2018-01-31 00:00:00-05:00,13.520000457763672,13.520000457763672,13.520000457763672,13.520000457763672,0,0.0,0.0,0.0
2018-02-01 00:00:00-05:00,13.446900367736816,13.460000038146973,13.446900367736816,13.449999809265137,1300,0.0,0.0,0.0
2018-02-02 00:00:00-05:00,13.430000305175781,13.430000305175781,13.350000381469727,13.350000381469727,1312,0.0,0.0,0.0
2018-02-05 00:00:00-05:00,13.237500190734863,13.329999923706055,12.9399995803833,12.9399995803833,3735,0.0,0.0,0.0
2018-02-06 00:00:00-05:00,13.011799812316895,13.011799812316895,11.979999542236328,12.84000015258789,4981,0.0,0.0,0.0
2018-02-07 00:00:00-05:00,12.763299942016602,12.84000015258789,12.763299942016602,12.84000015258789,455,0.0,0.0,0.0
2018-02-08 00:00:00-05:00,12.649999618530273,12.715200424194336,12.600000381469727,12.600000381469727,2010,0.0,0.0,0.0
2018-02-09 00:00:00-05:00,12.359999656677246,12.5,12.350000381469727,12.380000114440918,5749,0.0,0.0,0.0
2018-02-12 00:00:00-05:00,12.5600004196167,12.6899995803833,12.5600004196167,12.6899995803833,875,0.0,0.0,0.0
2018-02-13 00:00:00-05:00,12.679900169372559,12.800000190734863,12.616999626159668,12.800000190734863,3578,0.0,0.0,0.0
2018-02-14 00:00:00-05:00,12.670000076293945,13.0600004196167,12.670000076293945,13.0600004196167,3030,0.0,0.0,0.0
2018-02-15 00:00:00-05:00,13.0,13.0,13.0,13.0,1139,0.0,0.0,0.0
2018-02-16 00:00:00-05:00,12.890000343322754,13.029999732971191,12.890000343322754,13.029999732971191,526,0.0,0.0,0.0
2018-02-20 00:00:00-05:00,13.029999732971191,13.029999732971191,13.029999732971191,13.029999732971191,0,0.0,0.0,0.0
2018-02-21 00:00:00-05:00,12.865699768066406,12.865699768066406,12.865699768066406,12.865699768066406,1159,0.0,0.0,0.0
2018-02-22 00:00:00-05:00,12.943300247192383,12.943300247192383,12.943300247192383,12.943300247192383,533,0.0,0.0,0.0
2018-02-23 00:00:00-05:00,12.939900398254395,13.020000457763672,12.914999961853027,13.020000457763672,3331,0.0,0.0,0.0
2018-02-26 00:00:00-05:00,13.029999732971191,13.089900016784668,13.029999732971191,13.088899612426758,1167,0.0,0.0,0.0
2018-02-27 00:00:00-05:00,13.088899612426758,13.088899612426758,13.088899612426758,13.088899612426758,0,0.0,0.0,0.0
2018-02-28 00:00:00-05:00,12.780099868774414,12.850000381469727,12.779999732971191,12.850000381469727,1929,0.0,0.0,0.0
2018-03-01 00:00:00-05:00,12.637399673461914,12.749899864196777,12.637399673461914,12.739999771118164,1904,0.0,0.0,0.0
2018-03-02 00:00:00-05:00,12.699899673461914,12.699999809265137,12.651000022888184,12.699999809265137,1684,0.0,0.0,0.0
2018-03-05 00:00:00-05:00,12.699999809265137,12.699999809265137,12.210000038146973,12.630000114440918,47841,0.0,0.0,0.0
2018-03-06 00:00:00-05:00,12.75,12.880000114440918,12.720000267028809,12.779800415039062,5077,0.0,0.0,0.0
2018-03-07 00:00:00-05:00,12.670000076293945,12.670000076293945,12.660599708557129,12.660599708557129,1203,0.0,0.0,0.0
2018-03-08 00:00:00-05:00,12.710000038146973,12.796600341796875,12.710000038146973,12.760000228881836,3379,0.0,0.0,0.0
2018-03-09 00:00:00-05:00,12.649999618530273,12.930000305175781,12.649999618530273,12.899999618530273,8745,0.0,0.0,0.0
2018-03-12 00:00:00-04:00,12.964799880981445,13.029999732971191,12.964799880981445,13.0,3804,0.0,0.0,0.0
2018-03-13 00:00:00-04:00,13.0,13.04520034790039,12.84000015258789,12.9399995803833,15459,0.0,0.0,0.0
2018-03-14 00:00:00-04:00,12.960000038146973,13.120200157165527,12.960000038146973,13.09000015258789,875,0.0,0.0,0.0
2018-03-15 00:00:00-04:00,12.970000267028809,12.970000267028809,12.970000267028809,12.970000267028809,519,0.0,0.0,0.0
2018-03-16 00:00:00-04:00,13.038000106811523,13.038000106811523,13.038000106811523,13.038000106811523,448,0.0,0.0,0.0
2018-03-19 00:00:00-04:00,12.760000228881836,12.770000457763672,12.760000228881836,12.760000228881836,749,0.0,0.0,0.0
2018-03-20 00:00:00-04:00,12.760000228881836,12.760000228881836,12.760000228881836,12.760000228881836,0,0.0,0.0,0.0
2018-03-21 00:00:00-04:00,12.775500297546387,12.839900016784668,12.775500297546387,12.839900016784668,1052,0.0,0.0,0.0
2018-03-22 00:00:00-04:00,12.720000267028809,12.720000267028809,12.524999618530273,12.524999618530273,700,0.0,0.0,0.0
2018-03-23 00:00:00-04:00,12.479999542236328,12.568400382995605,12.479999542236328,12.489999771118164,1540,0.0,0.0,0.0
2018-03-26 00:00:00-04:00,12.489999771118164,12.489999771118164,12.489999771118164,12.489999771118164,0,0.0,0.0,0.0
2018-03-27 00:00:00-04:00,12.720000267028809,12.739999771118164,12.569999694824219,12.609999656677246,9581,0.0,0.0,0.0
2018-03-28 00:00:00-04:00,12.529999732971191,12.529999732971191,12.51099967956543,12.51099967956543,340,0.0,0.0,0.0
2018-03-29 00:00:00-04:00,12.609999656677246,12.69849967956543,12.479100227355957,12.579999923706055,3493,0.0,0.0,0.0
2018-04-02 00:00:00-04:00,12.630000114440918,12.630000114440918,12.479999542236328,12.489999771118164,3541,0.0,0.0,0.0
2018-04-03 00:00:00-04:00,12.649999618530273,12.720000267028809,12.649999618530273,12.720000267028809,3726,0.0,0.0,0.0
2018-04-04 00:00:00-04:00,12.720000267028809,12.720000267028809,12.720000267028809,12.720000267028809,0,0.0,0.0,0.0
2018-04-05 00:00:00-04:00,12.75,13.0600004196167,12.75,13.0600004196167,2091,0.0,0.0,0.0
2018-04-06 00:00:00-04:00,12.88010025024414,12.88010025024414,12.720000267028809,12.732000350952148,2337,0.0,0.0,0.0
2018-04-09 00:00:00-04:00,12.739999771118164,12.781200408935547,12.739999771118164,12.779999732971191,2332,0.0,0.0,0.0
2018-04-10 00:00:00-04:00,13.109999656677246,13.390000343322754,12.979700088500977,13.25,22071,0.0,0.0,0.0
2018-04-11 00:00:00-04:00,13.1899995803833,13.399999618530273,13.029999732971191,13.399999618530273,9084,0.0,0.0,0.0
2018-04-12 00:00:00-04:00,13.390000343322754,13.390000343322754,13.279999732971191,13.3100004196167,11452,0.0,0.0,0.0
2018-04-13 00:00:00-04:00,13.310999870300293,13.319999694824219,13.229999542236328,13.260000228881836,7840,0.0,0.0,0.0
2018-04-16 00:00:00-04:00,13.319999694824219,13.319999694824219,13.220000267028809,13.220000267028809,34549,0.0,0.0,0.0
2018-04-17 00:00:00-04:00,13.130000114440918,13.239399909973145,13.130000114440918,13.199999809265137,35250,0.0,0.0,0.0
2018-04-18 00:00:00-04:00,11.069999694824219,11.09000015258789,10.729999542236328,11.09000015258789,28327,0.0,0.0,0.0
2018-04-19 00:00:00-04:00,10.961600303649902,11.100000381469727,10.961600303649902,11.050000190734863,11857,0.0,0.0,0.0
2018-04-20 00:00:00-04:00,11.0,11.170999526977539,10.9399995803833,10.9399995803833,6386,0.0,0.0,0.0
2018-04-23 00:00:00-04:00,11.079999923706055,11.350000381469727,10.960000038146973,11.079999923706055,11778,0.0,0.0,0.0
2018-04-24 00:00:00-04:00,11.069999694824219,11.079999923706055,10.930000305175781,11.010000228881836,13739,0.0,0.0,0.0
2018-04-25 00:00:00-04:00,11.119999885559082,11.319999694824219,10.8100004196167,10.920000076293945,24040,0.0,0.0,0.0
2018-04-26 00:00:00-04:00,10.859999656677246,11.09000015258789,10.859999656677246,10.90999984741211,25236,0.0,0.0,0.0
2018-04-27 00:00:00-04:00,10.90999984741211,11.035300254821777,10.880000114440918,10.920000076293945,4188,0.0,0.0,0.0
2018-04-30 00:00:00-04:00,10.920000076293945,10.920000076293945,10.920000076293945,10.920000076293945,0,0.0,0.0,0.0
