Date,Open,High,Low,Close,Volume,Dividends,Stock Splits
2020-03-25 00:00:00-04:00,8.550000190734863,8.550000190734863,8.550000190734863,8.550000190734863,0,0.0,0.0
2020-03-26 00:00:00-04:00,8.550000190734863,8.550000190734863,8.550000190734863,8.550000190734863,0,0.0,0.0
2020-03-27 00:00:00-04:00,9.979999542236328,10.0,9.979999542236328,10.0,400,0.0,0.0
2020-03-30 00:00:00-04:00,10.0,10.0,10.0,10.0,0,0.0,0.0
2020-03-31 00:00:00-04:00,10.0,10.0,10.0,10.0,0,0.0,0.0
2020-04-01 00:00:00-04:00,10.0,10.0,10.0,10.0,0,0.0,0.0
2020-04-02 00:00:00-04:00,10.0,10.0,10.0,10.0,0,0.0,0.0
2020-04-03 00:00:00-04:00,10.0,10.0,10.0,10.0,0,0.0,0.0
2020-04-06 00:00:00-04:00,9.779999732971191,9.779999732971191,9.779999732971191,9.779999732971191,800,0.0,0.0
2020-04-07 00:00:00-04:00,9.932000160217285,9.932000160217285,9.779999732971191,9.779999732971191,300,0.0,0.0
2020-04-08 00:00:00-04:00,9.779999732971191,9.779999732971191,9.779999732971191,9.779999732971191,0,0.0,0.0
2020-04-09 00:00:00-04:00,9.779999732971191,9.779999732971191,9.779999732971191,9.779999732971191,0,0.0,0.0
2020-04-13 00:00:00-04:00,9.779999732971191,9.779999732971191,9.779999732971191,9.779999732971191,0,0.0,0.0
2020-04-14 00:00:00-04:00,9.779999732971191,9.779999732971191,9.779999732971191,9.779999732971191,0,0.0,0.0
2020-04-15 00:00:00-04:00,9.779999732971191,9.779999732971191,9.779999732971191,9.779999732971191,0,0.0,0.0
2020-04-16 00:00:00-04:00,9.779999732971191,9.779999732971191,9.779999732971191,9.779999732971191,0,0.0,0.0
2020-04-17 00:00:00-04:00,9.779999732971191,9.779999732971191,9.779999732971191,9.779999732971191,0,0.0,0.0
2020-04-20 00:00:00-04:00,9.779999732971191,9.779999732971191,9.779999732971191,9.779999732971191,0,0.0,0.0
2020-04-21 00:00:00-04:00,9.779999732971191,9.779999732971191,9.779999732971191,9.779999732971191,0,0.0,0.0
2020-04-22 00:00:00-04:00,9.6899995803833,9.699999809265137,9.6899995803833,9.699999809265137,200,0.0,0.0
2020-04-23 00:00:00-04:00,9.699999809265137,9.699999809265137,9.699999809265137,9.699999809265137,0,0.0,0.0
2020-04-24 00:00:00-04:00,9.699999809265137,9.699999809265137,9.699999809265137,9.699999809265137,0,0.0,0.0
2020-04-27 00:00:00-04:00,9.75,9.75,9.75,9.75,19800,0.0,0.0
2020-04-28 00:00:00-04:00,9.75,9.75,9.75,9.75,0,0.0,0.0
2020-04-29 00:00:00-04:00,9.75,9.75,9.75,9.75,0,0.0,0.0
2020-04-30 00:00:00-04:00,9.800000190734863,9.800000190734863,9.800000190734863,9.800000190734863,100,0.0,0.0
2020-05-01 00:00:00-04:00,9.75,9.75,9.75,9.75,100,0.0,0.0
2020-05-04 00:00:00-04:00,9.75,9.75,9.75,9.75,0,0.0,0.0
2020-05-05 00:00:00-04:00,9.75,9.75,9.75,9.75,0,0.0,0.0
2020-05-06 00:00:00-04:00,9.800000190734863,9.800000190734863,9.800000190734863,9.800000190734863,100,0.0,0.0
2020-05-07 00:00:00-04:00,9.800000190734863,9.800000190734863,9.800000190734863,9.800000190734863,0,0.0,0.0
2020-05-08 00:00:00-04:00,9.800000190734863,9.800000190734863,9.800000190734863,9.800000190734863,0,0.0,0.0
2020-05-11 00:00:00-04:00,9.800000190734863,9.800000190734863,9.800000190734863,9.800000190734863,0,0.0,0.0
2020-05-12 00:00:00-04:00,9.789999961853027,9.789999961853027,9.789999961853027,9.789999961853027,200,0.0,0.0
2020-05-13 00:00:00-04:00,9.75,9.75,9.75,9.75,30000,0.0,0.0
2020-05-14 00:00:00-04:00,9.75,9.75,9.75,9.75,0,0.0,0.0
2020-05-15 00:00:00-04:00,9.725000381469727,9.725000381469727,9.725000381469727,9.725000381469727,100,0.0,0.0
2020-05-18 00:00:00-04:00,9.75,9.75,9.725000381469727,9.725000381469727,4100,0.0,0.0
2020-05-19 00:00:00-04:00,9.75,9.770000457763672,9.739999771118164,9.739999771118164,1000,0.0,0.0
2020-05-20 00:00:00-04:00,9.739999771118164,9.739999771118164,9.739999771118164,9.739999771118164,0,0.0,0.0
2020-05-21 00:00:00-04:00,9.529999732971191,9.699999809265137,9.529999732971191,9.699999809265137,300,0.0,0.0
2020-05-22 00:00:00-04:00,9.699999809265137,9.699999809265137,9.699999809265137,9.699999809265137,0,0.0,0.0
2020-05-26 00:00:00-04:00,9.699999809265137,9.699999809265137,9.699999809265137,9.699999809265137,0,0.0,0.0
2020-05-27 00:00:00-04:00,9.699999809265137,9.699999809265137,9.699999809265137,9.699999809265137,0,0.0,0.0
2020-05-28 00:00:00-04:00,9.699999809265137,9.699999809265137,9.699999809265137,9.699999809265137,0,0.0,0.0
2020-05-29 00:00:00-04:00,9.699999809265137,9.699999809265137,9.699999809265137,9.699999809265137,0,0.0,0.0
2020-06-01 00:00:00-04:00,9.699999809265137,9.699999809265137,9.699999809265137,9.699999809265137,0,0.0,0.0
2020-06-02 00:00:00-04:00,9.699999809265137,9.699999809265137,9.699999809265137,9.699999809265137,200,0.0,0.0
2020-06-03 00:00:00-04:00,9.720000267028809,9.739999771118164,9.720000267028809,9.739999771118164,250400,0.0,0.0
2020-06-04 00:00:00-04:00,9.739999771118164,9.829999923706055,9.739999771118164,9.79699993133545,556900,0.0,0.0
2020-06-05 00:00:00-04:00,9.829999923706055,9.829999923706055,9.760000228881836,9.760000228881836,35200,0.0,0.0
2020-06-08 00:00:00-04:00,9.699999809265137,9.779999732971191,9.699999809265137,9.779999732971191,500,0.0,0.0
2020-06-09 00:00:00-04:00,9.75,9.850000381469727,9.75,9.850000381469727,500,0.0,0.0
2020-06-10 00:00:00-04:00,9.850000381469727,9.850000381469727,9.850000381469727,9.850000381469727,0,0.0,0.0
2020-06-11 00:00:00-04:00,9.829999923706055,9.829999923706055,9.829999923706055,9.829999923706055,200,0.0,0.0
2020-06-12 00:00:00-04:00,9.800000190734863,9.800000190734863,9.800000190734863,9.800000190734863,100,0.0,0.0
2020-06-15 00:00:00-04:00,9.729999542236328,9.729999542236328,9.729999542236328,9.729999542236328,100,0.0,0.0
2020-06-16 00:00:00-04:00,9.75,9.75,9.75,9.75,100,0.0,0.0
2020-06-17 00:00:00-04:00,9.75,9.75,9.75,9.75,0,0.0,0.0
2020-06-18 00:00:00-04:00,9.75,9.75,9.75,9.75,0,0.0,0.0
2020-06-19 00:00:00-04:00,9.800000190734863,9.800000190734863,9.800000190734863,9.800000190734863,75000,0.0,0.0
2020-06-22 00:00:00-04:00,9.800000190734863,9.800000190734863,9.800000190734863,9.800000190734863,0,0.0,0.0
2020-06-23 00:00:00-04:00,9.800000190734863,9.800000190734863,9.800000190734863,9.800000190734863,0,0.0,0.0
2020-06-24 00:00:00-04:00,9.800000190734863,9.800000190734863,9.800000190734863,9.800000190734863,0,0.0,0.0
2020-06-25 00:00:00-04:00,9.899999618530273,9.899999618530273,9.899999618530273,9.899999618530273,3800,0.0,0.0
2020-06-26 00:00:00-04:00,9.930000305175781,9.930000305175781,9.84000015258789,9.84000015258789,300,0.0,0.0
2020-06-29 00:00:00-04:00,9.899999618530273,10.100000381469727,9.850000381469727,9.949999809265137,175000,0.0,0.0
2020-06-30 00:00:00-04:00,9.899999618530273,9.930000305175781,9.899999618530273,9.914999961853027,77300,0.0,0.0
2020-07-01 00:00:00-04:00,10.020000457763672,10.020000457763672,9.779999732971191,9.949999809265137,53800,0.0,0.0
2020-07-02 00:00:00-04:00,10.010000228881836,10.09000015258789,9.989999771118164,10.09000015258789,4100,0.0,0.0
2020-07-06 00:00:00-04:00,10.09000015258789,10.09000015258789,10.020000457763672,10.020000457763672,1700,0.0,0.0
2020-07-07 00:00:00-04:00,9.949999809265137,10.029999732971191,9.829999923706055,10.029999732971191,2600,0.0,0.0
2020-07-08 00:00:00-04:00,10.149999618530273,10.149999618530273,10.039999961853027,10.039999961853027,900,0.0,0.0
2020-07-09 00:00:00-04:00,10.039999961853027,10.039999961853027,10.039999961853027,10.039999961853027,200,0.0,0.0
2020-07-10 00:00:00-04:00,10.15999984741211,10.225000381469727,10.074000358581543,10.225000381469727,30400,0.0,0.0
2020-07-13 00:00:00-04:00,10.510000228881836,10.510000228881836,10.1899995803833,10.1899995803833,25100,0.0,0.0
2020-07-14 00:00:00-04:00,10.479999542236328,10.479999542236328,10.199999809265137,10.199999809265137,1200,0.0,0.0
2020-07-15 00:00:00-04:00,10.199999809265137,10.199999809265137,10.081999778747559,10.081999778747559,1300,0.0,0.0
2020-07-16 00:00:00-04:00,10.163000106811523,10.255999565124512,10.149999618530273,10.149999618530273,2100,0.0,0.0
2020-07-17 00:00:00-04:00,10.3100004196167,10.319999694824219,10.149999618530273,10.154999732971191,2100,0.0,0.0
2020-07-20 00:00:00-04:00,10.109999656677246,10.25,10.100000381469727,10.229999542236328,2600,0.0,0.0
2020-07-21 00:00:00-04:00,10.350000381469727,10.350000381469727,10.1899995803833,10.225000381469727,16900,0.0,0.0
2020-07-22 00:00:00-04:00,10.119999885559082,10.25,10.119999885559082,10.25,4700,0.0,0.0
2020-07-23 00:00:00-04:00,10.1850004196167,10.220000267028809,10.130000114440918,10.149999618530273,50000,0.0,0.0
2020-07-24 00:00:00-04:00,10.09000015258789,10.152000427246094,10.079999923706055,10.114999771118164,3300,0.0,0.0
2020-07-27 00:00:00-04:00,10.220000267028809,10.300000190734863,10.15999984741211,10.25,2500,0.0,0.0
2020-07-28 00:00:00-04:00,10.260000228881836,10.350000381469727,10.199999809265137,10.25,10700,0.0,0.0
2020-07-29 00:00:00-04:00,10.210000038146973,10.25,10.199999809265137,10.239999771118164,101300,0.0,0.0
2020-07-30 00:00:00-04:00,10.199999809265137,10.199999809265137,10.109999656677246,10.175000190734863,6300,0.0,0.0
2020-07-31 00:00:00-04:00,10.119999885559082,10.140999794006348,10.119999885559082,10.119999885559082,7100,0.0,0.0
2020-08-03 00:00:00-04:00,10.100000381469727,10.100000381469727,10.079999923706055,10.079999923706055,162700,0.0,0.0
2020-08-04 00:00:00-04:00,10.079999923706055,10.079999923706055,10.079999923706055,10.079999923706055,100,0.0,0.0
2020-08-05 00:00:00-04:00,10.09000015258789,10.130000114440918,10.079999923706055,10.079999923706055,12600,0.0,0.0
2020-08-06 00:00:00-04:00,10.079999923706055,10.079999923706055,10.050000190734863,10.050000190734863,4000,0.0,0.0
2020-08-07 00:00:00-04:00,10.029999732971191,10.050000190734863,9.979999542236328,10.0,93600,0.0,0.0
2020-08-10 00:00:00-04:00,10.0600004196167,10.0600004196167,9.979000091552734,9.993000030517578,45200,0.0,0.0
2020-08-11 00:00:00-04:00,10.050000190734863,10.050000190734863,10.050000190734863,10.050000190734863,7200,0.0,0.0
2020-08-12 00:00:00-04:00,10.25,10.25,10.15999984741211,10.1850004196167,700,0.0,0.0
2020-08-13 00:00:00-04:00,9.949999809265137,9.989999771118164,9.949999809265137,9.989999771118164,2200,0.0,0.0
2020-08-14 00:00:00-04:00,10.09000015258789,10.100000381469727,10.039999961853027,10.0600004196167,1500,0.0,0.0
2020-08-17 00:00:00-04:00,10.005000114440918,10.005000114440918,10.005000114440918,10.005000114440918,2500,0.0,0.0
2020-08-18 00:00:00-04:00,10.005000114440918,10.005000114440918,10.005000114440918,10.005000114440918,0,0.0,0.0
2020-08-19 00:00:00-04:00,9.949999809265137,9.970000267028809,9.949999809265137,9.970000267028809,700,0.0,0.0
2020-08-20 00:00:00-04:00,9.949999809265137,9.949999809265137,9.9399995803833,9.9399995803833,1300,0.0,0.0
2020-08-21 00:00:00-04:00,10.09000015258789,10.09000015258789,9.949999809265137,9.960000038146973,1600,0.0,0.0
2020-08-24 00:00:00-04:00,9.920000076293945,9.949999809265137,9.920000076293945,9.949999809265137,400,0.0,0.0
2020-08-25 00:00:00-04:00,9.98900032043457,9.98900032043457,9.98900032043457,9.98900032043457,200,0.0,0.0
2020-08-26 00:00:00-04:00,9.949999809265137,9.949999809265137,9.920000076293945,9.920000076293945,600,0.0,0.0
2020-08-27 00:00:00-04:00,9.920000076293945,10.0,9.920000076293945,9.920000076293945,204000,0.0,0.0
2020-08-28 00:00:00-04:00,9.920000076293945,9.920000076293945,9.920000076293945,9.920000076293945,300200,0.0,0.0
2020-08-31 00:00:00-04:00,9.920000076293945,9.920000076293945,9.920000076293945,9.920000076293945,5200,0.0,0.0
2020-09-01 00:00:00-04:00,9.920000076293945,9.960000038146973,9.920000076293945,9.949999809265137,800,0.0,0.0
2020-09-02 00:00:00-04:00,9.949999809265137,9.949999809265137,9.949999809265137,9.949999809265137,0,0.0,0.0
2020-09-03 00:00:00-04:00,10.029999732971191,10.029999732971191,9.949999809265137,9.949999809265137,1100,0.0,0.0
2020-09-04 00:00:00-04:00,10.0,10.0600004196167,10.0,10.0,400,0.0,0.0
2020-09-08 00:00:00-04:00,10.071999549865723,10.071999549865723,10.0,10.0,8800,0.0,0.0
2020-09-09 00:00:00-04:00,9.979999542236328,9.979999542236328,9.960000038146973,9.979999542236328,2100,0.0,0.0
2020-09-10 00:00:00-04:00,10.09000015258789,10.09000015258789,10.029999732971191,10.050000190734863,2400,0.0,0.0
2020-09-11 00:00:00-04:00,10.100000381469727,10.100000381469727,9.949999809265137,10.0,248000,0.0,0.0
2020-09-14 00:00:00-04:00,10.119999885559082,10.119999885559082,9.920000076293945,9.949999809265137,6100,0.0,0.0
2020-09-15 00:00:00-04:00,10.050000190734863,10.09000015258789,9.979999542236328,10.039999961853027,478700,0.0,0.0
2020-09-16 00:00:00-04:00,10.109999656677246,10.109999656677246,10.050000190734863,10.050000190734863,2200,0.0,0.0
2020-09-17 00:00:00-04:00,9.951000213623047,9.951000213623047,9.951000213623047,9.951000213623047,600,0.0,0.0
2020-09-18 00:00:00-04:00,9.979999542236328,10.0600004196167,9.979999542236328,10.039999961853027,10700,0.0,0.0
2020-09-21 00:00:00-04:00,10.109999656677246,10.109999656677246,10.020000457763672,10.050000190734863,15700,0.0,0.0
2020-09-22 00:00:00-04:00,10.010000228881836,10.024999618530273,9.989999771118164,10.024999618530273,1600,0.0,0.0
2020-09-23 00:00:00-04:00,10.140000343322754,10.140000343322754,10.0,10.020000457763672,58900,0.0,0.0
2020-09-24 00:00:00-04:00,10.010000228881836,10.010000228881836,9.979999542236328,9.979999542236328,23900,0.0,0.0
2020-09-25 00:00:00-04:00,9.970000267028809,9.989999771118164,9.970000267028809,9.989999771118164,3600,0.0,0.0
2020-09-28 00:00:00-04:00,10.149999618530273,10.149999618530273,9.989999771118164,10.039999961853027,2400,0.0,0.0
2020-09-29 00:00:00-04:00,10.130000114440918,10.170000076293945,10.079999923706055,10.170000076293945,20200,0.0,0.0
2020-09-30 00:00:00-04:00,10.199999809265137,10.199999809265137,10.020000457763672,10.020000457763672,10300,0.0,0.0
2020-10-01 00:00:00-04:00,10.100000381469727,10.100000381469727,9.979999542236328,10.050000190734863,196500,0.0,0.0
2020-10-02 00:00:00-04:00,10.130000114440918,10.130000114440918,9.989999771118164,9.989999771118164,3200,0.0,0.0
2020-10-05 00:00:00-04:00,9.989999771118164,10.010000228881836,9.979000091552734,10.010000228881836,437300,0.0,0.0
2020-10-06 00:00:00-04:00,10.140000343322754,10.140000343322754,9.9399995803833,10.0,161200,0.0,0.0
2020-10-07 00:00:00-04:00,10.0,10.045000076293945,10.0,10.0,252800,0.0,0.0
2020-10-08 00:00:00-04:00,10.15999984741211,10.15999984741211,9.989999771118164,9.989999771118164,2500,0.0,0.0
2020-10-09 00:00:00-04:00,10.0,10.069999694824219,9.970000267028809,9.99899959564209,61500,0.0,0.0
2020-10-12 00:00:00-04:00,9.982000350952148,10.085000038146973,9.982000350952148,10.085000038146973,600,0.0,0.0
2020-10-13 00:00:00-04:00,10.085000038146973,10.085000038146973,10.085000038146973,10.085000038146973,0,0.0,0.0
2020-10-14 00:00:00-04:00,10.0,10.09000015258789,10.0,10.020000457763672,300,0.0,0.0
2020-10-15 00:00:00-04:00,10.045000076293945,10.045000076293945,10.010000228881836,10.010000228881836,500,0.0,0.0
2020-10-16 00:00:00-04:00,9.994999885559082,9.994999885559082,9.994999885559082,9.994999885559082,400,0.0,0.0
2020-10-19 00:00:00-04:00,10.0,10.0,9.850000381469727,9.96500015258789,7600,0.0,0.0
2020-10-20 00:00:00-04:00,9.970999717712402,10.029999732971191,9.970000267028809,9.979999542236328,400,0.0,0.0
2020-10-21 00:00:00-04:00,9.960000038146973,9.979999542236328,9.949999809265137,9.979999542236328,22400,0.0,0.0
2020-10-22 00:00:00-04:00,10.0,10.0,9.949999809265137,9.970000267028809,61900,0.0,0.0
2020-10-23 00:00:00-04:00,9.970000267028809,9.970000267028809,9.970000267028809,9.970000267028809,0,0.0,0.0
2020-10-26 00:00:00-04:00,9.949999809265137,10.020000457763672,9.949999809265137,10.020000457763672,2000,0.0,0.0
2020-10-27 00:00:00-04:00,9.960000038146973,9.979999542236328,9.949999809265137,9.949999809265137,127700,0.0,0.0
2020-10-28 00:00:00-04:00,9.949999809265137,9.949999809265137,9.920000076293945,9.930000305175781,9400,0.0,0.0
2020-10-29 00:00:00-04:00,9.949999809265137,9.979999542236328,9.949999809265137,9.979999542236328,14200,0.0,0.0
2020-10-30 00:00:00-04:00,9.979999542236328,9.979999542236328,9.920000076293945,9.920000076293945,26100,0.0,0.0
2020-11-02 00:00:00-05:00,9.970000267028809,9.970000267028809,9.970000267028809,9.970000267028809,100,0.0,0.0
2020-11-03 00:00:00-05:00,9.954999923706055,9.958999633789062,9.920000076293945,9.920000076293945,53700,0.0,0.0
2020-11-04 00:00:00-05:00,9.920000076293945,10.0,9.920000076293945,10.0,5400,0.0,0.0
2020-11-05 00:00:00-05:00,10.0,10.0,10.0,10.0,0,0.0,0.0
2020-11-06 00:00:00-05:00,9.960000038146973,10.0,9.920000076293945,9.920000076293945,27900,0.0,0.0
2020-11-09 00:00:00-05:00,10.039999961853027,10.039999961853027,9.920000076293945,9.949999809265137,486900,0.0,0.0
2020-11-10 00:00:00-05:00,9.979999542236328,9.979999542236328,9.954999923706055,9.960000038146973,1400,0.0,0.0
2020-11-11 00:00:00-05:00,9.96500015258789,9.96500015258789,9.920000076293945,9.930000305175781,700,0.0,0.0
2020-11-12 00:00:00-05:00,9.96500015258789,9.96500015258789,9.920000076293945,9.920000076293945,500,0.0,0.0
2020-11-13 00:00:00-05:00,9.975000381469727,9.975000381469727,9.930000305175781,9.930000305175781,9100,0.0,0.0
2020-11-16 00:00:00-05:00,9.9399995803833,9.970000267028809,9.9399995803833,9.960000038146973,10500,0.0,0.0
2020-11-17 00:00:00-05:00,9.970000267028809,9.970000267028809,9.960000038146973,9.960000038146973,1400,0.0,0.0
2020-11-18 00:00:00-05:00,9.979999542236328,9.979999542236328,9.949999809265137,9.979999542236328,1600,0.0,0.0
2020-11-19 00:00:00-05:00,9.9399995803833,10.0,9.9399995803833,9.979999542236328,13600,0.0,0.0
2020-11-20 00:00:00-05:00,10.039999961853027,10.039999961853027,9.927000045776367,9.96500015258789,5200,0.0,0.0
2020-11-23 00:00:00-05:00,9.9399995803833,9.984999656677246,9.9399995803833,9.984999656677246,1000,0.0,0.0
2020-11-24 00:00:00-05:00,10.029999732971191,10.140000343322754,10.015000343322754,10.109000205993652,37400,0.0,0.0
2020-11-25 00:00:00-05:00,10.0600004196167,10.095000267028809,10.0,10.085000038146973,12500,0.0,0.0
2020-11-27 00:00:00-05:00,10.149999618530273,10.149999618530273,10.029999732971191,10.09000015258789,11100,0.0,0.0
2020-11-30 00:00:00-05:00,10.010000228881836,10.109999656677246,10.010000228881836,10.100000381469727,1500,0.0,0.0
2020-12-01 00:00:00-05:00,10.125,10.149999618530273,9.9399995803833,10.100000381469727,5800,0.0,0.0
2020-12-02 00:00:00-05:00,10.050999641418457,10.050999641418457,10.010000228881836,10.010000228881836,1600,0.0,0.0
2020-12-03 00:00:00-05:00,10.0,10.100000381469727,9.960000038146973,10.100000381469727,15300,0.0,0.0
2020-12-04 00:00:00-05:00,10.100000381469727,10.149999618530273,10.100000381469727,10.140000343322754,6000,0.0,0.0
2020-12-07 00:00:00-05:00,10.149999618530273,10.149999618530273,10.069999694824219,10.140000343322754,30500,0.0,0.0
2020-12-08 00:00:00-05:00,10.121999740600586,10.149999618530273,10.09000015258789,10.09000015258789,67200,0.0,0.0
2020-12-09 00:00:00-05:00,10.149999618530273,10.149999618530273,10.100000381469727,10.100000381469727,3600,0.0,0.0
2020-12-10 00:00:00-05:00,10.109999656677246,10.190999984741211,10.079999923706055,10.164999961853027,68000,0.0,0.0
2020-12-11 00:00:00-05:00,10.175000190734863,10.199999809265137,10.15999984741211,10.1899995803833,6300,0.0,0.0
2020-12-14 00:00:00-05:00,10.25,10.25,10.149999618530273,10.180000305175781,27400,0.0,0.0
2020-12-15 00:00:00-05:00,10.210000038146973,10.218999862670898,10.130000114440918,10.180000305175781,25300,0.0,0.0
2020-12-16 00:00:00-05:00,10.190999984741211,10.220000267028809,10.180000305175781,10.199999809265137,7500,0.0,0.0
2020-12-17 00:00:00-05:00,10.220000267028809,10.220000267028809,10.199999809265137,10.199999809265137,6600,0.0,0.0
2020-12-18 00:00:00-05:00,10.220000267028809,10.25,10.220000267028809,10.25,39000,0.0,0.0
2020-12-21 00:00:00-05:00,10.25,10.25,10.208999633789062,10.210000038146973,12200,0.0,0.0
2020-12-22 00:00:00-05:00,10.25,10.388999938964844,10.220000267028809,10.350000381469727,530300,0.0,0.0
2020-12-23 00:00:00-05:00,10.34000015258789,10.489999771118164,10.34000015258789,10.437999725341797,230400,0.0,0.0
2020-12-24 00:00:00-05:00,10.5,10.5,10.399999618530273,10.449999809265137,26400,0.0,0.0
2020-12-28 00:00:00-05:00,10.460000038146973,10.5,10.425000190734863,10.430000305175781,21200,0.0,0.0
2020-12-29 00:00:00-05:00,10.449999809265137,10.489999771118164,10.270000457763672,10.300000190734863,86800,0.0,0.0
2020-12-30 00:00:00-05:00,10.350000381469727,10.479999542236328,10.270000457763672,10.460000038146973,12800,0.0,0.0
2020-12-31 00:00:00-05:00,10.399999618530273,10.399999618530273,10.119999885559082,10.119999885559082,82900,0.0,0.0
2021-01-04 00:00:00-05:00,10.25,10.390000343322754,10.25,10.380000114440918,20100,0.0,0.0
2021-01-05 00:00:00-05:00,10.380000114440918,10.5,10.300999641418457,10.460000038146973,80600,0.0,0.0
2021-01-06 00:00:00-05:00,10.380000114440918,10.479999542236328,10.369999885559082,10.399999618530273,12000,0.0,0.0
2021-01-07 00:00:00-05:00,10.369999885559082,10.479999542236328,10.359999656677246,10.430000305175781,18600,0.0,0.0
2021-01-08 00:00:00-05:00,10.430000305175781,10.5,10.350000381469727,10.380000114440918,47200,0.0,0.0
2021-01-11 00:00:00-05:00,10.34000015258789,10.428999900817871,10.300000190734863,10.390000343322754,17900,0.0,0.0
2021-01-12 00:00:00-05:00,10.390000343322754,10.569999694824219,10.295000076293945,10.329999923706055,94400,0.0,0.0
2021-01-13 00:00:00-05:00,10.369999885559082,10.5,10.329999923706055,10.5,130500,0.0,0.0
2021-01-14 00:00:00-05:00,10.550000190734863,10.9399995803833,10.550000190734863,10.829999923706055,103400,0.0,0.0
2021-01-15 00:00:00-05:00,10.899999618530273,10.899999618530273,10.6899995803833,10.75,69300,0.0,0.0
2021-01-19 00:00:00-05:00,10.84000015258789,10.869999885559082,10.479999542236328,10.600000381469727,255800,0.0,0.0
2021-01-20 00:00:00-05:00,10.699999809265137,10.743000030517578,10.600000381469727,10.649999618530273,83900,0.0,0.0
2021-01-21 00:00:00-05:00,10.729999542236328,10.88599967956543,10.640000343322754,10.84000015258789,158500,0.0,0.0
2021-01-22 00:00:00-05:00,10.920000076293945,10.920000076293945,10.75,10.800000190734863,316700,0.0,0.0
2021-01-25 00:00:00-05:00,10.899999618530273,11.0,10.779999732971191,10.899999618530273,181500,0.0,0.0
2021-01-26 00:00:00-05:00,10.949999809265137,10.949999809265137,10.760000228881836,10.760000228881836,109900,0.0,0.0
2021-01-27 00:00:00-05:00,10.5,10.604999542236328,10.039999961853027,10.300000190734863,374400,0.0,0.0
2021-01-28 00:00:00-05:00,10.40999984741211,10.609999656677246,10.3100004196167,10.399999618530273,140000,0.0,0.0
2021-01-29 00:00:00-05:00,10.380000114440918,10.579999923706055,10.350000381469727,10.5,101800,0.0,0.0
2021-02-01 00:00:00-05:00,10.640000343322754,10.729999542236328,10.510000228881836,10.569999694824219,27500,0.0,0.0
2021-02-02 00:00:00-05:00,10.569999694824219,10.75,10.569999694824219,10.729999542236328,174400,0.0,0.0
2021-02-03 00:00:00-05:00,10.899999618530273,10.989999771118164,10.710000038146973,10.989999771118164,167800,0.0,0.0
2021-02-04 00:00:00-05:00,11.010000228881836,11.199999809265137,10.9399995803833,11.149999618530273,175200,0.0,0.0
2021-02-05 00:00:00-05:00,11.199999809265137,11.390000343322754,11.050000190734863,11.140000343322754,386700,0.0,0.0
2021-02-08 00:00:00-05:00,11.300000190734863,11.399999618530273,11.15999984741211,11.220000267028809,416000,0.0,0.0
2021-02-09 00:00:00-05:00,11.25,11.380000114440918,11.029999732971191,11.1899995803833,258400,0.0,0.0
2021-02-10 00:00:00-05:00,11.25,11.25,10.899999618530273,11.149999618530273,112800,0.0,0.0
2021-02-11 00:00:00-05:00,11.149999618530273,11.149999618530273,10.850000381469727,10.970000267028809,105400,0.0,0.0
2021-02-12 00:00:00-05:00,10.859999656677246,10.97599983215332,10.8100004196167,10.869999885559082,66300,0.0,0.0
2021-02-16 00:00:00-05:00,11.0,11.010000228881836,10.680000305175781,10.720000267028809,163600,0.0,0.0
2021-02-17 00:00:00-05:00,10.739999771118164,10.789999961853027,10.609999656677246,10.710000038146973,115900,0.0,0.0
2021-02-18 00:00:00-05:00,10.6899995803833,11.050000190734863,10.649999618530273,10.819999694824219,87700,0.0,0.0
2021-02-19 00:00:00-05:00,10.899999618530273,10.949999809265137,10.829999923706055,10.850000381469727,286800,0.0,0.0
2021-02-22 00:00:00-05:00,10.949999809265137,10.949999809265137,10.829999923706055,10.920000076293945,65500,0.0,0.0
2021-02-23 00:00:00-05:00,10.609999656677246,10.850000381469727,10.399999618530273,10.850000381469727,116900,0.0,0.0
2021-02-24 00:00:00-05:00,10.649999618530273,10.869999885559082,10.649999618530273,10.829999923706055,44800,0.0,0.0
2021-02-25 00:00:00-05:00,10.864999771118164,10.864999771118164,10.449999809265137,10.529999732971191,77100,0.0,0.0
2021-02-26 00:00:00-05:00,10.430000305175781,10.572999954223633,10.300000190734863,10.350000381469727,87300,0.0,0.0
2021-03-01 00:00:00-05:00,10.420000076293945,10.739999771118164,10.420000076293945,10.470000267028809,71900,0.0,0.0
2021-03-02 00:00:00-05:00,10.569999694824219,10.59000015258789,10.149999618530273,10.210000038146973,93000,0.0,0.0
2021-03-03 00:00:00-05:00,10.279999732971191,10.300000190734863,9.970000267028809,10.0,251200,0.0,0.0
2021-03-04 00:00:00-05:00,10.079999923706055,10.079999923706055,9.899999618530273,9.930000305175781,365900,0.0,0.0
2021-03-05 00:00:00-05:00,10.020000457763672,10.180000305175781,9.930000305175781,10.149999618530273,118900,0.0,0.0
2021-03-08 00:00:00-05:00,10.050000190734863,10.119999885559082,9.944999694824219,10.020000457763672,129900,0.0,0.0
2021-03-09 00:00:00-05:00,10.100000381469727,10.109999656677246,10.020000457763672,10.039999961853027,19500,0.0,0.0
2021-03-10 00:00:00-05:00,10.199999809265137,10.199999809265137,10.0,10.170000076293945,403000,0.0,0.0
2021-03-11 00:00:00-05:00,10.149999618530273,10.170000076293945,10.0600004196167,10.119999885559082,116600,0.0,0.0
2021-03-12 00:00:00-05:00,10.0,10.100000381469727,9.989999771118164,10.039999961853027,82800,0.0,0.0
2021-03-15 00:00:00-04:00,10.100000381469727,10.380000114440918,9.920999526977539,10.229999542236328,2584300,0.0,0.0
2021-03-16 00:00:00-04:00,10.25,10.289999961853027,9.979999542236328,10.119999885559082,360800,0.0,0.0
2021-03-17 00:00:00-04:00,10.09000015258789,10.149999618530273,9.979999542236328,10.050000190734863,222000,0.0,0.0
2021-03-18 00:00:00-04:00,10.140000343322754,10.140000343322754,9.90999984741211,9.970000267028809,882800,0.0,0.0
2021-03-19 00:00:00-04:00,10.039999961853027,10.229999542236328,9.949999809265137,9.979999542236328,1272300,0.0,0.0
2021-03-22 00:00:00-04:00,10.0,10.086000442504883,9.970000267028809,9.989999771118164,148100,0.0,0.0
2021-03-23 00:00:00-04:00,9.949999809265137,10.039999961853027,9.930000305175781,10.0,120900,0.0,0.0
2021-03-24 00:00:00-04:00,10.020000457763672,10.020000457763672,9.920000076293945,9.989999771118164,283700,0.0,0.0
2021-03-25 00:00:00-04:00,9.949999809265137,9.951000213623047,9.90999984741211,9.9399995803833,67400,0.0,0.0
2021-03-26 00:00:00-04:00,9.920000076293945,10.0,9.920000076293945,9.979999542236328,285100,0.0,0.0
2021-03-29 00:00:00-04:00,9.989999771118164,9.989999771118164,9.960000038146973,9.979999542236328,30700,0.0,0.0
2021-03-30 00:00:00-04:00,9.960000038146973,9.979999542236328,9.930000305175781,9.9399995803833,269100,0.0,0.0
2021-03-31 00:00:00-04:00,9.930000305175781,9.970000267028809,9.930000305175781,9.9399995803833,67100,0.0,0.0
2021-04-01 00:00:00-04:00,9.970000267028809,9.979999542236328,9.9399995803833,9.9399995803833,41500,0.0,0.0
2021-04-05 00:00:00-04:00,9.979999542236328,10.199999809265137,9.965999603271484,10.010000228881836,175300,0.0,0.0
2021-04-06 00:00:00-04:00,10.0,10.100000381469727,9.979999542236328,10.0,97100,0.0,0.0
2021-04-07 00:00:00-04:00,10.0,10.0,9.949999809265137,9.949999809265137,62500,0.0,0.0
2021-04-08 00:00:00-04:00,9.960000038146973,9.989999771118164,9.949999809265137,9.960000038146973,59700,0.0,0.0
2021-04-09 00:00:00-04:00,9.949999809265137,9.989999771118164,9.9399995803833,9.960000038146973,112800,0.0,0.0
2021-04-12 00:00:00-04:00,9.970000267028809,9.989999771118164,9.9399995803833,9.970000267028809,81600,0.0,0.0
2021-04-13 00:00:00-04:00,9.989999771118164,9.989999771118164,9.9399995803833,9.960000038146973,28700,0.0,0.0
2021-04-14 00:00:00-04:00,9.930000305175781,9.960000038146973,9.920000076293945,9.930000305175781,30300,0.0,0.0
2021-04-15 00:00:00-04:00,9.930000305175781,9.960000038146973,9.90999984741211,9.920000076293945,53900,0.0,0.0
2021-04-16 00:00:00-04:00,9.930000305175781,9.9399995803833,9.899999618530273,9.920000076293945,95100,0.0,0.0
2021-04-19 00:00:00-04:00,9.899999618530273,9.979999542236328,9.899999618530273,9.930000305175781,162900,0.0,0.0
2021-04-20 00:00:00-04:00,9.899999618530273,9.949999809265137,9.899999618530273,9.920000076293945,450300,0.0,0.0
2021-04-21 00:00:00-04:00,9.899999618530273,9.9399995803833,9.899999618530273,9.930000305175781,31000,0.0,0.0
2021-04-22 00:00:00-04:00,9.930000305175781,9.960000038146973,9.90999984741211,9.920000076293945,40400,0.0,0.0
2021-04-23 00:00:00-04:00,9.979999542236328,9.979999542236328,9.90999984741211,9.920000076293945,43200,0.0,0.0
2021-04-26 00:00:00-04:00,9.930000305175781,9.949999809265137,9.920000076293945,9.930000305175781,16100,0.0,0.0
2021-04-27 00:00:00-04:00,9.930000305175781,9.960000038146973,9.880000114440918,9.960000038146973,302400,0.0,0.0
2021-04-28 00:00:00-04:00,9.930000305175781,9.960000038146973,9.930000305175781,9.9399995803833,18300,0.0,0.0
2021-04-29 00:00:00-04:00,9.979999542236328,9.979999542236328,9.930000305175781,9.960000038146973,24300,0.0,0.0
2021-04-30 00:00:00-04:00,9.930000305175781,9.960000038146973,9.930000305175781,9.960000038146973,12700,0.0,0.0
2021-05-03 00:00:00-04:00,9.960000038146973,9.960000038146973,9.920000076293945,9.949999809265137,67500,0.0,0.0
2021-05-04 00:00:00-04:00,9.9399995803833,9.949999809265137,9.920000076293945,9.949999809265137,91000,0.0,0.0
2021-05-05 00:00:00-04:00,9.930000305175781,9.970000267028809,9.930000305175781,9.949999809265137,61000,0.0,0.0
2021-05-06 00:00:00-04:00,9.930000305175781,9.970000267028809,9.930000305175781,9.970000267028809,44800,0.0,0.0
2021-05-07 00:00:00-04:00,9.970000267028809,9.970000267028809,9.949999809265137,9.949999809265137,13800,0.0,0.0
2021-05-10 00:00:00-04:00,9.970000267028809,9.989999771118164,9.90999984741211,9.920000076293945,89100,0.0,0.0
2021-05-11 00:00:00-04:00,9.920000076293945,10.0,9.920000076293945,9.979999542236328,311400,0.0,0.0
2021-05-12 00:00:00-04:00,9.979999542236328,10.0,9.979999542236328,9.989999771118164,50900,0.0,0.0
2021-05-13 00:00:00-04:00,10.0,10.005000114440918,9.970000267028809,10.0,204800,0.0,0.0
2021-05-14 00:00:00-04:00,10.0,10.0,9.930000305175781,9.949999809265137,99700,0.0,0.0
2021-05-17 00:00:00-04:00,9.989999771118164,9.989999771118164,9.930000305175781,9.930000305175781,27600,0.0,0.0
2021-05-18 00:00:00-04:00,9.930000305175781,9.989999771118164,9.930000305175781,9.930000305175781,56800,0.0,0.0
2021-05-19 00:00:00-04:00,9.9399995803833,10.0,9.930000305175781,9.949999809265137,36000,0.0,0.0
2021-05-20 00:00:00-04:00,9.930000305175781,9.979999542236328,9.930000305175781,9.949999809265137,7900,0.0,0.0
2021-05-21 00:00:00-04:00,9.960000038146973,9.960000038146973,9.9399995803833,9.949999809265137,12900,0.0,0.0
2021-05-24 00:00:00-04:00,10.0,10.0,9.949999809265137,9.970000267028809,12300,0.0,0.0
2021-05-25 00:00:00-04:00,10.010000228881836,10.010000228881836,9.954999923706055,9.960000038146973,13700,0.0,0.0
2021-05-26 00:00:00-04:00,9.949999809265137,10.0,9.930000305175781,9.930000305175781,37400,0.0,0.0
2021-05-27 00:00:00-04:00,9.930000305175781,9.960000038146973,9.930000305175781,9.949999809265137,24200,0.0,0.0
2021-05-28 00:00:00-04:00,9.949999809265137,9.960000038146973,9.9399995803833,9.949999809265137,19000,0.0,0.0
2021-06-01 00:00:00-04:00,9.9399995803833,9.970000267028809,9.9399995803833,9.970000267028809,95900,0.0,0.0
2021-06-02 00:00:00-04:00,9.960000038146973,9.960000038146973,9.9399995803833,9.949999809265137,8000,0.0,0.0
2021-06-03 00:00:00-04:00,9.960000038146973,9.960000038146973,9.9399995803833,9.9399995803833,16000,0.0,0.0
2021-06-04 00:00:00-04:00,9.9399995803833,9.949999809265137,9.9399995803833,9.949999809265137,7100,0.0,0.0
2021-06-07 00:00:00-04:00,9.949999809265137,9.970000267028809,9.9399995803833,9.970000267028809,48400,0.0,0.0
2021-06-08 00:00:00-04:00,9.970000267028809,9.970000267028809,9.954999923706055,9.970000267028809,140800,0.0,0.0
2021-06-09 00:00:00-04:00,9.960000038146973,9.989999771118164,9.960000038146973,9.970000267028809,28700,0.0,0.0
2021-06-10 00:00:00-04:00,9.970000267028809,9.970000267028809,9.949999809265137,9.960000038146973,23400,0.0,0.0
2021-06-11 00:00:00-04:00,9.960000038146973,9.989999771118164,9.960000038146973,9.960000038146973,41200,0.0,0.0
2021-06-14 00:00:00-04:00,9.970000267028809,9.970000267028809,9.949999809265137,9.949999809265137,49400,0.0,0.0
2021-06-15 00:00:00-04:00,9.949999809265137,9.989999771118164,9.949999809265137,9.979999542236328,80600,0.0,0.0
2021-06-16 00:00:00-04:00,9.970000267028809,9.979999542236328,9.9399995803833,9.949999809265137,52700,0.0,0.0
2021-06-17 00:00:00-04:00,9.949999809265137,9.960000038146973,9.9399995803833,9.9399995803833,222900,0.0,0.0
2021-06-18 00:00:00-04:00,9.9399995803833,9.960000038146973,9.9399995803833,9.949999809265137,36300,0.0,0.0
2021-06-21 00:00:00-04:00,9.970000267028809,9.979999542236328,9.949999809265137,9.960000038146973,25500,0.0,0.0
2021-06-22 00:00:00-04:00,9.960000038146973,9.979999542236328,9.960000038146973,9.960000038146973,47500,0.0,0.0
2021-06-23 00:00:00-04:00,9.960000038146973,9.979999542236328,9.960000038146973,9.970000267028809,62700,0.0,0.0
2021-06-24 00:00:00-04:00,9.979999542236328,9.979999542236328,9.960000038146973,9.970000267028809,9200,0.0,0.0
2021-06-25 00:00:00-04:00,9.970000267028809,9.979999542236328,9.970000267028809,9.970000267028809,17200,0.0,0.0
2021-06-28 00:00:00-04:00,9.970000267028809,9.979999542236328,9.970000267028809,9.970000267028809,24400,0.0,0.0
2021-06-29 00:00:00-04:00,9.979999542236328,9.979999542236328,9.960000038146973,9.970000267028809,49500,0.0,0.0
2021-06-30 00:00:00-04:00,9.960000038146973,9.989999771118164,9.960000038146973,9.989999771118164,271200,0.0,0.0
2021-07-01 00:00:00-04:00,9.989999771118164,10.0,9.979999542236328,9.989999771118164,745100,0.0,0.0
2021-07-02 00:00:00-04:00,10.0,10.0,9.982000350952148,9.989999771118164,209700,0.0,0.0
2021-07-06 00:00:00-04:00,9.989999771118164,9.989999771118164,9.970000267028809,9.979999542236328,23000,0.0,0.0
2021-07-07 00:00:00-04:00,9.989999771118164,10.0,9.979999542236328,9.979999542236328,33200,0.0,0.0
2021-07-08 00:00:00-04:00,9.989999771118164,9.989999771118164,9.979999542236328,9.979999542236328,9100,0.0,0.0
2021-07-09 00:00:00-04:00,9.970000267028809,9.989999771118164,9.970000267028809,9.989999771118164,25100,0.0,0.0
2021-07-12 00:00:00-04:00,10.0,10.0,9.970000267028809,9.989999771118164,18900,0.0,0.0
2021-07-13 00:00:00-04:00,9.970000267028809,10.0,9.960000038146973,9.989999771118164,66000,0.0,0.0
2021-07-14 00:00:00-04:00,9.960000038146973,10.0,9.960000038146973,9.979999542236328,23500,0.0,0.0
2021-07-15 00:00:00-04:00,9.970000267028809,10.0,9.970000267028809,9.989999771118164,19900,0.0,0.0
2021-07-16 00:00:00-04:00,9.989999771118164,10.0,9.949999809265137,9.970000267028809,964100,0.0,0.0
2021-07-19 00:00:00-04:00,9.989999771118164,10.069999694824219,9.970000267028809,10.039999961853027,890600,0.0,0.0
2021-07-20 00:00:00-04:00,9.949999809265137,10.0,9.949999809265137,10.0,53100,0.0,0.0
2021-07-21 00:00:00-04:00,10.020000457763672,10.020000457763672,9.970000267028809,9.970000267028809,28800,0.0,0.0
2021-07-22 00:00:00-04:00,9.970000267028809,9.989999771118164,9.970000267028809,9.970000267028809,9700,0.0,0.0
2021-07-23 00:00:00-04:00,9.970000267028809,9.989999771118164,9.970000267028809,9.970000267028809,28900,0.0,0.0
2021-07-26 00:00:00-04:00,10.0,10.0,9.960000038146973,9.960000038146973,44100,0.0,0.0
2021-07-27 00:00:00-04:00,9.960000038146973,9.979999542236328,9.960000038146973,9.970000267028809,166600,0.0,0.0
2021-07-28 00:00:00-04:00,9.949999809265137,9.970000267028809,9.949999809265137,9.970000267028809,65000,0.0,0.0
2021-07-29 00:00:00-04:00,9.960000038146973,9.970000267028809,9.960000038146973,9.970000267028809,16300,0.0,0.0
2021-07-30 00:00:00-04:00,9.960000038146973,9.968999862670898,9.960000038146973,9.960000038146973,12400,0.0,0.0
2021-08-02 00:00:00-04:00,9.960000038146973,9.979999542236328,9.960000038146973,9.970000267028809,27000,0.0,0.0
2021-08-03 00:00:00-04:00,9.989999771118164,9.989999771118164,9.970000267028809,9.975000381469727,106500,0.0,0.0
2021-08-04 00:00:00-04:00,9.960000038146973,9.979999542236328,9.960000038146973,9.970000267028809,35500,0.0,0.0
2021-08-05 00:00:00-04:00,10.0,10.0,9.970000267028809,9.970000267028809,559600,0.0,0.0
2021-08-06 00:00:00-04:00,9.970000267028809,10.020000457763672,9.970000267028809,10.020000457763672,116800,0.0,0.0
2021-08-09 00:00:00-04:00,10.0,10.0,9.989999771118164,9.989999771118164,38800,0.0,0.0
2021-08-10 00:00:00-04:00,10.0,10.010000228881836,10.0,10.0,138400,0.0,0.0
2021-08-11 00:00:00-04:00,10.020000457763672,10.020000457763672,10.0,10.0,104500,0.0,0.0
2021-08-12 00:00:00-04:00,10.020000457763672,10.020000457763672,10.0,10.010000228881836,1838500,0.0,0.0
2021-08-13 00:00:00-04:00,10.010000228881836,10.010000228881836,10.0,10.0,213800,0.0,0.0
2021-08-16 00:00:00-04:00,10.010000228881836,10.010000228881836,9.989999771118164,10.0,603300,0.0,0.0
2021-08-17 00:00:00-04:00,10.020000457763672,10.020000457763672,10.0,10.010000228881836,814700,0.0,0.0
2021-08-18 00:00:00-04:00,10.020000457763672,10.020000457763672,10.0,10.0,66100,0.0,0.0
2021-08-19 00:00:00-04:00,10.010000228881836,10.010000228881836,10.0,10.0,163300,0.0,0.0
2021-08-20 00:00:00-04:00,10.010000228881836,10.010000228881836,10.0,10.010000228881836,186100,0.0,0.0
2021-08-23 00:00:00-04:00,9.869999885559082,9.869999885559082,9.5,9.640000343322754,103600,0.0,0.0
2021-08-24 00:00:00-04:00,9.619999885559082,10.130000114440918,9.364999771118164,9.890000343322754,188300,0.0,0.0
2021-08-25 00:00:00-04:00,10.020000457763672,10.399999618530273,9.600000381469727,10.130000114440918,168100,0.0,0.0
2021-08-26 00:00:00-04:00,10.729999542236328,13.289999961853027,9.989999771118164,12.850000381469727,4776600,0.0,0.0
2021-08-27 00:00:00-04:00,13.4399995803833,18.40999984741211,11.770000457763672,12.59000015258789,3257900,0.0,0.0
2021-08-30 00:00:00-04:00,12.75,15.5,10.84000015258789,14.0,3059300,0.0,0.0
2021-08-31 00:00:00-04:00,13.770000457763672,14.039999961853027,13.039999961853027,13.430000305175781,937700,0.0,0.0
2021-09-01 00:00:00-04:00,14.100000381469727,14.359999656677246,13.239999771118164,13.270000457763672,613300,0.0,0.0
2021-09-02 00:00:00-04:00,13.5,14.447999954223633,12.1899995803833,13.5,1052400,0.0,0.0
2021-09-03 00:00:00-04:00,14.0,18.56999969482422,13.989999771118164,16.65999984741211,6093600,0.0,0.0
2021-09-07 00:00:00-04:00,27.90999984741211,29.959999084472656,18.950000762939453,19.59000015258789,33550900,0.0,0.0
2021-09-08 00:00:00-04:00,19.190000534057617,19.489999771118164,16.75,18.84000015258789,5183600,0.0,0.0
2021-09-09 00:00:00-04:00,19.290000915527344,19.540000915527344,17.25,17.309999465942383,1800400,0.0,0.0
2021-09-10 00:00:00-04:00,17.899999618530273,24.399999618530273,17.726999282836914,21.56999969482422,11547400,0.0,0.0
2021-09-13 00:00:00-04:00,20.709999084472656,23.229999542236328,19.100000381469727,19.389999389648438,5406800,0.0,0.0
2021-09-14 00:00:00-04:00,20.350000381469727,23.850000381469727,19.5,23.31999969482422,8504800,0.0,0.0
2021-09-15 00:00:00-04:00,27.350000381469727,32.720001220703125,24.450000762939453,32.130001068115234,57260800,0.0,0.0
2021-09-16 00:00:00-04:00,43.939998626708984,47.5,35.02199935913086,41.400001525878906,59565900,0.0,0.0
2021-09-17 00:00:00-04:00,37.2599983215332,37.63999938964844,29.1200008392334,30.260000228881836,16022500,0.0,0.0
2021-09-20 00:00:00-04:00,27.950000762939453,33.849998474121094,26.18000030517578,33.34000015258789,13916400,0.0,0.0
2021-09-21 00:00:00-04:00,32.31999969482422,34.83000183105469,30.110000610351562,30.959999084472656,6674700,0.0,0.0
2021-09-22 00:00:00-04:00,30.600000381469727,31.809999465942383,29.110000610351562,29.40999984741211,3680500,0.0,0.0
2021-09-23 00:00:00-04:00,29.0,29.549999237060547,23.610000610351562,23.790000915527344,5379200,0.0,0.0
2021-09-24 00:00:00-04:00,23.399999618530273,26.239999771118164,23.299999237060547,25.760000228881836,6084500,0.0,0.0
2021-09-27 00:00:00-04:00,25.27199935913086,26.65999984741211,23.618000030517578,25.829999923706055,7518700,0.0,0.0
2021-09-28 00:00:00-04:00,25.06999969482422,27.389999389648438,24.350000381469727,26.360000610351562,5139600,0.0,0.0
2021-09-29 00:00:00-04:00,25.350000381469727,25.600000381469727,19.65999984741211,20.030000686645508,6437300,0.0,0.0
2021-09-30 00:00:00-04:00,19.90999984741211,20.100000381469727,16.139999389648438,17.049999237060547,9706000,0.0,0.0
2021-10-01 00:00:00-04:00,14.710000038146973,15.15999984741211,12.510000228881836,14.079999923706055,14803900,0.0,0.0
2021-10-04 00:00:00-04:00,13.5600004196167,14.0600004196167,12.649999618530273,12.989999771118164,3894400,0.0,0.0
2021-10-05 00:00:00-04:00,13.180000305175781,15.199999809265137,12.829999923706055,13.420000076293945,8406600,0.0,0.0
2021-10-06 00:00:00-04:00,13.170000076293945,13.75,12.880000114440918,12.989999771118164,3893900,0.0,0.0
2021-10-07 00:00:00-04:00,13.149999618530273,13.479999542236328,12.420000076293945,12.449999809265137,3626300,0.0,0.0
2021-10-08 00:00:00-04:00,12.470000267028809,12.579999923706055,11.84000015258789,12.0,2299800,0.0,0.0
2021-10-11 00:00:00-04:00,11.949999809265137,12.569999694824219,11.550000190734863,11.9399995803833,2152700,0.0,0.0
2021-10-12 00:00:00-04:00,11.890000343322754,12.149999618530273,11.479999542236328,11.569999694824219,1583400,0.0,0.0
2021-10-13 00:00:00-04:00,11.649999618530273,11.739999771118164,10.970000267028809,11.079999923706055,2476800,0.0,0.0
2021-10-14 00:00:00-04:00,11.039999961853027,11.15999984741211,10.5,10.869999885559082,2947000,0.0,0.0
2021-10-15 00:00:00-04:00,10.859999656677246,11.420000076293945,10.6899995803833,10.90999984741211,3360700,0.0,0.0
2021-10-18 00:00:00-04:00,10.729999542236328,10.869999885559082,9.970000267028809,10.069999694824219,3325300,0.0,0.0
2021-10-19 00:00:00-04:00,10.0,11.59000015258789,9.75,11.40999984741211,7123100,0.0,0.0
2021-10-20 00:00:00-04:00,11.09000015258789,11.366999626159668,10.569999694824219,10.680000305175781,2437400,0.0,0.0
2021-10-21 00:00:00-04:00,10.630000114440918,11.574000358581543,10.210000038146973,10.270000457763672,3635900,0.0,0.0
2021-10-22 00:00:00-04:00,10.029999732971191,10.319999694824219,9.75,9.8100004196167,2690400,0.0,0.0
2021-10-25 00:00:00-04:00,9.850000381469727,10.470000267028809,9.510000228881836,10.369999885559082,2061400,0.0,0.0
2021-10-26 00:00:00-04:00,10.170000076293945,11.300000190734863,10.010000228881836,10.300000190734863,2545500,0.0,0.0
2021-10-27 00:00:00-04:00,10.600000381469727,17.0,10.40999984741211,16.34000015258789,78326800,0.0,0.0
2021-10-28 00:00:00-04:00,13.819999694824219,14.220000267028809,11.75,12.390000343322754,22100500,0.0,0.0
2021-10-29 00:00:00-04:00,11.890000343322754,13.59000015258789,11.829999923706055,12.399999618530273,11528200,0.0,0.0
2021-11-01 00:00:00-04:00,12.399999618530273,12.989999771118164,11.630000114440918,11.979999542236328,5017900,0.0,0.0
2021-11-02 00:00:00-04:00,11.739999771118164,12.779999732971191,11.550000190734863,12.0,3914400,0.0,0.0
2021-11-03 00:00:00-04:00,11.880000114440918,12.899999618530273,11.880000114440918,12.220000267028809,4578800,0.0,0.0
2021-11-04 00:00:00-04:00,12.210000038146973,12.649999618530273,11.75,11.800000190734863,2311700,0.0,0.0
2021-11-05 00:00:00-04:00,11.850000381469727,11.850000381469727,11.039999961853027,11.220000267028809,2259500,0.0,0.0
2021-11-08 00:00:00-05:00,11.359999656677246,11.4399995803833,10.859999656677246,11.229999542236328,2604800,0.0,0.0
2021-11-09 00:00:00-05:00,11.180000305175781,11.430000305175781,10.869999885559082,11.289999961853027,1652600,0.0,0.0
2021-11-10 00:00:00-05:00,11.039999961853027,11.579999923706055,10.449999809265137,10.770000457763672,3679800,0.0,0.0
2021-11-11 00:00:00-05:00,10.640000343322754,10.789999961853027,10.460000038146973,10.630000114440918,1239200,0.0,0.0
2021-11-12 00:00:00-05:00,10.65999984741211,10.729999542236328,10.25,10.449999809265137,1991000,0.0,0.0
2021-11-15 00:00:00-05:00,10.4399995803833,10.75,10.109999656677246,10.550000190734863,1656400,0.0,0.0
2021-11-16 00:00:00-05:00,10.350000381469727,10.850000381469727,10.319999694824219,10.779999732971191,1466100,0.0,0.0
2021-11-17 00:00:00-05:00,10.75,11.069999694824219,10.444000244140625,10.470000267028809,939800,0.0,0.0
2021-11-18 00:00:00-05:00,10.649999618530273,10.6899995803833,9.899999618530273,10.079999923706055,1266100,0.0,0.0
2021-11-19 00:00:00-05:00,10.170000076293945,10.680000305175781,10.100000381469727,10.520000457763672,1186300,0.0,0.0
2021-11-22 00:00:00-05:00,10.4399995803833,10.479999542236328,9.420000076293945,9.640000343322754,2415700,0.0,0.0
2021-11-23 00:00:00-05:00,9.600000381469727,9.710000038146973,9.0,9.1899995803833,1457000,0.0,0.0
2021-11-24 00:00:00-05:00,8.9399995803833,9.449999809265137,8.819999694824219,9.270000457763672,1353100,0.0,0.0
2021-11-26 00:00:00-05:00,9.180000305175781,9.239999771118164,8.850000381469727,9.079999923706055,716100,0.0,0.0
2021-11-29 00:00:00-05:00,9.020000457763672,9.09000015258789,8.380000114440918,8.539999961853027,1676300,0.0,0.0
2021-11-30 00:00:00-05:00,8.460000038146973,8.609999656677246,7.829999923706055,8.039999961853027,1543500,0.0,0.0
2021-12-01 00:00:00-05:00,8.199999809265137,8.199999809265137,7.230000019073486,7.300000190734863,1300700,0.0,0.0
2021-12-02 00:00:00-05:00,7.300000190734863,7.729000091552734,7.190000057220459,7.559999942779541,1475500,0.0,0.0
2021-12-03 00:00:00-05:00,7.670000076293945,7.78000020980835,6.940000057220459,7.429999828338623,1579700,0.0,0.0
2021-12-06 00:00:00-05:00,7.300000190734863,7.550000190734863,6.900000095367432,7.289999961853027,1840600,0.0,0.0
2021-12-07 00:00:00-05:00,7.5,8.517000198364258,7.46999979019165,8.180000305175781,1943300,0.0,0.0
2021-12-08 00:00:00-05:00,8.279999732971191,8.399999618530273,7.869999885559082,8.050000190734863,1207100,0.0,0.0
2021-12-09 00:00:00-05:00,8.100000381469727,8.100000381469727,7.300000190734863,7.389999866485596,1818500,0.0,0.0
2021-12-10 00:00:00-05:00,7.5,7.599999904632568,6.96999979019165,7.150000095367432,1383700,0.0,0.0
2021-12-13 00:00:00-05:00,7.079999923706055,7.369999885559082,6.599999904632568,6.659999847412109,1947900,0.0,0.0
2021-12-14 00:00:00-05:00,6.550000190734863,6.800000190734863,6.449999809265137,6.659999847412109,1161500,0.0,0.0
2021-12-15 00:00:00-05:00,6.699999809265137,7.079999923706055,6.320000171661377,6.800000190734863,4010900,0.0,0.0
2021-12-16 00:00:00-05:00,4.909999847412109,5.5,4.639999866485596,4.659999847412109,8281400,0.0,0.0
2021-12-17 00:00:00-05:00,4.679999828338623,4.679999828338623,4.289999961853027,4.320000171661377,5354400,0.0,0.0
2021-12-20 00:00:00-05:00,4.079999923706055,4.639999866485596,3.9800000190734863,4.360000133514404,4201900,0.0,0.0
2021-12-21 00:00:00-05:00,4.369999885559082,4.699999809265137,4.190000057220459,4.519999980926514,2193400,0.0,0.0
2021-12-22 00:00:00-05:00,4.5,4.909999847412109,4.429999828338623,4.679999828338623,1821600,0.0,0.0
2021-12-23 00:00:00-05:00,4.590000152587891,4.829999923706055,4.550000190734863,4.730000019073486,922600,0.0,0.0
2021-12-27 00:00:00-05:00,4.679999828338623,4.71999979019165,4.320000171661377,4.360000133514404,1207500,0.0,0.0
2021-12-28 00:00:00-05:00,4.340000152587891,4.340000152587891,4.070000171661377,4.079999923706055,1073000,0.0,0.0
2021-12-29 00:00:00-05:00,4.090000152587891,4.247000217437744,3.880000114440918,4.079999923706055,1159300,0.0,0.0
2021-12-30 00:00:00-05:00,4.039999961853027,4.269999980926514,3.9860000610351562,4.179999828338623,1134000,0.0,0.0
2021-12-31 00:00:00-05:00,4.139999866485596,4.429999828338623,4.079999923706055,4.199999809265137,1453500,0.0,0.0
2022-01-03 00:00:00-05:00,4.210000038146973,4.284999847412109,4.050000190734863,4.25,813400,0.0,0.0
2022-01-04 00:00:00-05:00,4.389999866485596,4.429999828338623,3.950000047683716,4.150000095367432,1181200,0.0,0.0
2022-01-05 00:00:00-05:00,4.110000133514404,4.130000114440918,3.7100000381469727,3.819999933242798,1282000,0.0,0.0
2022-01-06 00:00:00-05:00,3.799999952316284,3.878000020980835,3.5299999713897705,3.6700000762939453,729700,0.0,0.0
2022-01-07 00:00:00-05:00,3.640000104904175,3.75,3.5199999809265137,3.609999895095825,695000,0.0,0.0
2022-01-10 00:00:00-05:00,3.5999999046325684,3.630000114440918,3.2750000953674316,3.5299999713897705,1264100,0.0,0.0
2022-01-11 00:00:00-05:00,3.430000066757202,4.050000190734863,3.3499999046325684,3.8499999046325684,1749900,0.0,0.0
2022-01-12 00:00:00-05:00,3.8499999046325684,3.9700000286102295,3.619999885559082,3.6500000953674316,777600,0.0,0.0
2022-01-13 00:00:00-05:00,3.700000047683716,3.7279999256134033,3.299999952316284,3.319999933242798,886200,0.0,0.0
2022-01-14 00:00:00-05:00,3.3499999046325684,3.5250000953674316,3.2219998836517334,3.4600000381469727,887100,0.0,0.0
2022-01-18 00:00:00-05:00,3.4100000858306885,3.680000066757202,3.309999942779541,3.369999885559082,1008200,0.0,0.0
2022-01-19 00:00:00-05:00,3.4100000858306885,3.4639999866485596,3.259999990463257,3.3399999141693115,775500,0.0,0.0
2022-01-20 00:00:00-05:00,3.430000066757202,3.680000066757202,3.380000114440918,3.4600000381469727,874200,0.0,0.0
2022-01-21 00:00:00-05:00,3.390000104904175,3.5290000438690186,3.1600000858306885,3.190000057220459,1179700,0.0,0.0
2022-01-24 00:00:00-05:00,3.0799999237060547,3.0999999046325684,2.6500000953674316,3.0799999237060547,1415600,0.0,0.0
2022-01-25 00:00:00-05:00,2.9700000286102295,3.1480000019073486,2.9000000953674316,3.059999942779541,945900,0.0,0.0
2022-01-26 00:00:00-05:00,3.190000057220459,3.2899999618530273,2.9609999656677246,2.9800000190734863,974400,0.0,0.0
2022-01-27 00:00:00-05:00,2.990000009536743,3.0399999618530273,2.740000009536743,2.799999952316284,703100,0.0,0.0
2022-01-28 00:00:00-05:00,2.809999942779541,3.0199999809265137,2.680000066757202,2.9700000286102295,828300,0.0,0.0
2022-01-31 00:00:00-05:00,3.059999942779541,3.4100000858306885,3.0199999809265137,3.4100000858306885,860500,0.0,0.0
2022-02-01 00:00:00-05:00,3.440000057220459,3.497999906539917,3.2100000381469727,3.440000057220459,701700,0.0,0.0
2022-02-02 00:00:00-05:00,3.5399999618530273,3.5399999618530273,3.130000114440918,3.1500000953674316,524000,0.0,0.0
2022-02-03 00:00:00-05:00,3.0999999046325684,3.177000045776367,2.930000066757202,2.9800000190734863,656500,0.0,0.0
2022-02-04 00:00:00-05:00,3.049999952316284,3.2899999618530273,2.930000066757202,3.2799999713897705,810600,0.0,0.0
2022-02-07 00:00:00-05:00,3.25,3.510999917984009,3.177000045776367,3.490000009536743,633500,0.0,0.0
2022-02-08 00:00:00-05:00,3.450000047683716,3.569000005722046,3.2699999809265137,3.440000057220459,1349200,0.0,0.0
2022-02-09 00:00:00-05:00,3.4700000286102295,3.690999984741211,3.380000114440918,3.509999990463257,4740800,0.0,0.0
2022-02-10 00:00:00-05:00,4.260000228881836,4.920000076293945,4.190000057220459,4.320000171661377,68383400,0.0,0.0
2022-02-11 00:00:00-05:00,4.070000171661377,4.110000133514404,3.700000047683716,3.799999952316284,6138700,0.0,0.0
2022-02-14 00:00:00-05:00,3.700000047683716,3.7699999809265137,3.5199999809265137,3.7100000381469727,2350900,0.0,0.0
2022-02-15 00:00:00-05:00,3.799999952316284,4.110000133514404,3.6600000858306885,4.070000171661377,2659300,0.0,0.0
2022-02-16 00:00:00-05:00,3.990000009536743,4.068999767303467,3.799999952316284,3.890000104904175,1620000,0.0,0.0
2022-02-17 00:00:00-05:00,3.880000114440918,4.440000057220459,3.859999895095825,3.990000009536743,3542500,0.0,0.0
2022-02-18 00:00:00-05:00,3.990000009536743,4.039999961853027,3.5889999866485596,3.690000057220459,1558100,0.0,0.0
2022-02-22 00:00:00-05:00,3.640000104904175,4.449999809265137,3.630000114440918,4.150000095367432,3245200,0.0,0.0
2022-02-23 00:00:00-05:00,4.309999942779541,4.400000095367432,3.9000000953674316,4.090000152587891,1742700,0.0,0.0
2022-02-24 00:00:00-05:00,3.8499999046325684,6.170000076293945,3.809999942779541,5.199999809265137,28322100,0.0,0.0
2022-02-25 00:00:00-05:00,5.099999904632568,7.119999885559082,5.059999942779541,6.110000133514404,53116900,0.0,0.0
2022-02-28 00:00:00-05:00,5.769999980926514,5.920000076293945,4.5,4.659999847412109,17571400,0.0,0.0
2022-03-01 00:00:00-05:00,4.670000076293945,5.440000057220459,4.659999847412109,4.869999885559082,9453200,0.0,0.0
2022-03-02 00:00:00-05:00,5.0,5.570000171661377,4.730000019073486,5.5,7392500,0.0,0.0
2022-03-03 00:00:00-05:00,5.320000171661377,5.684999942779541,5.059999942779541,5.329999923706055,6028600,0.0,0.0
2022-03-04 00:00:00-05:00,5.090000152587891,5.2729997634887695,4.590000152587891,4.809999942779541,3819700,0.0,0.0
2022-03-07 00:00:00-05:00,4.659999847412109,4.690000057220459,4.124000072479248,4.329999923706055,5346800,0.0,0.0
2022-03-08 00:00:00-05:00,4.21999979019165,5.380000114440918,3.940000057220459,4.760000228881836,16956800,0.0,0.0
2022-03-09 00:00:00-05:00,4.690000057220459,5.090000152587891,4.449999809265137,4.639999866485596,7543900,0.0,0.0
2022-03-10 00:00:00-05:00,4.699999809265137,5.110000133514404,4.400000095367432,4.480000019073486,5473700,0.0,0.0
2022-03-11 00:00:00-05:00,4.360000133514404,4.579999923706055,4.010000228881836,4.019999980926514,2185200,0.0,0.0
2022-03-14 00:00:00-04:00,4.0,4.211999893188477,3.809999942779541,4.039999961853027,3358200,0.0,0.0
2022-03-15 00:00:00-04:00,3.9800000190734863,4.099999904632568,3.5999999046325684,3.7100000381469727,3134800,0.0,0.0
2022-03-16 00:00:00-04:00,3.759999990463257,3.890000104904175,3.609999895095825,3.7200000286102295,2656800,0.0,0.0
2022-03-17 00:00:00-04:00,3.680000066757202,3.9000000953674316,3.5199999809265137,3.809999942779541,4722700,0.0,0.0
2022-03-18 00:00:00-04:00,3.640000104904175,4.139999866485596,3.619999885559082,4.0,3828700,0.0,0.0
2022-03-21 00:00:00-04:00,3.9800000190734863,4.820000171661377,3.890000104904175,4.579999923706055,10536200,0.0,0.0
2022-03-22 00:00:00-04:00,4.369999885559082,4.869999885559082,4.260000228881836,4.639999866485596,7010400,0.0,0.0
2022-03-23 00:00:00-04:00,4.539999961853027,4.78000020980835,4.139999866485596,4.199999809265137,4712100,0.0,0.0
2022-03-24 00:00:00-04:00,4.210000038146973,4.360000133514404,4.090000152587891,4.25,1653800,0.0,0.0
2022-03-25 00:00:00-04:00,4.199999809265137,4.199999809265137,3.759999990463257,3.930000066757202,1785100,0.0,0.0
2022-03-28 00:00:00-04:00,3.9100000858306885,4.110000133514404,3.859999895095825,3.869999885559082,2179800,0.0,0.0
2022-03-29 00:00:00-04:00,3.880000114440918,4.297999858856201,3.809999942779541,4.110000133514404,2322300,0.0,0.0
2022-03-30 00:00:00-04:00,4.050000190734863,4.420000076293945,3.9200000762939453,3.9800000190734863,2479100,0.0,0.0
2022-03-31 00:00:00-04:00,4.0,4.006999969482422,3.759999990463257,3.799999952316284,1657500,0.0,0.0
2022-04-01 00:00:00-04:00,3.8299999237060547,3.8299999237060547,3.5769999027252197,3.690000057220459,2792700,0.0,0.0
2022-04-04 00:00:00-04:00,3.7200000286102295,3.888000011444092,3.700000047683716,3.75,1543100,0.0,0.0
2022-04-05 00:00:00-04:00,3.700000047683716,3.809999942779541,3.5799999237060547,3.7200000286102295,1147800,0.0,0.0
2022-04-06 00:00:00-04:00,3.509999990463257,3.5899999141693115,3.3299999237060547,3.5799999237060547,2680500,0.0,0.0
2022-04-07 00:00:00-04:00,3.1600000858306885,3.4000000953674316,3.0209999084472656,3.4000000953674316,2558300,0.0,0.0
2022-04-08 00:00:00-04:00,3.3499999046325684,3.509999990463257,3.1600000858306885,3.440000057220459,920400,0.0,0.0
2022-04-11 00:00:00-04:00,3.25,3.2799999713897705,3.0959999561309814,3.109999895095825,1252000,0.0,0.0
2022-04-12 00:00:00-04:00,3.1600000858306885,3.3489999771118164,3.0299999713897705,3.069999933242798,1455200,0.0,0.0
2022-04-13 00:00:00-04:00,3.049999952316284,3.309999942779541,2.9800000190734863,3.25,1354900,0.0,0.0
2022-04-14 00:00:00-04:00,3.2699999809265137,3.2799999713897705,3.119999885559082,3.140000104904175,826700,0.0,0.0
2022-04-18 00:00:00-04:00,3.109999895095825,3.119999885559082,2.9000000953674316,3.0299999713897705,2159600,0.0,0.0
2022-04-19 00:00:00-04:00,3.0299999713897705,3.2899999618530273,2.984999895095825,3.2200000286102295,1506600,0.0,0.0
2022-04-20 00:00:00-04:00,3.069999933242798,3.1600000858306885,2.930000066757202,3.069999933242798,1322400,0.0,0.0
2022-04-21 00:00:00-04:00,3.0799999237060547,3.180999994277954,2.859999895095825,2.890000104904175,1024000,0.0,0.0
2022-04-22 00:00:00-04:00,2.8499999046325684,2.9800000190734863,2.7699999809265137,2.7799999713897705,828600,0.0,0.0
2022-04-25 00:00:00-04:00,2.690000057220459,2.869999885559082,2.609999895095825,2.809999942779541,1410800,0.0,0.0
2022-04-26 00:00:00-04:00,2.799999952316284,2.819000005722046,2.6500000953674316,2.7300000190734863,887600,0.0,0.0
2022-04-27 00:00:00-04:00,2.7100000381469727,2.811000108718872,2.6449999809265137,2.680000066757202,908600,0.0,0.0
2022-04-28 00:00:00-04:00,2.740000009536743,2.7899999618530273,2.549999952316284,2.7300000190734863,950200,0.0,0.0
2022-04-29 00:00:00-04:00,2.690000057220459,2.8499999046325684,2.640000104904175,2.680000066757202,640800,0.0,0.0
2022-05-02 00:00:00-04:00,2.6600000858306885,2.9200000762939453,2.630000114440918,2.809999942779541,933500,0.0,0.0
2022-05-03 00:00:00-04:00,2.759999990463257,2.940000057220459,2.680000066757202,2.9000000953674316,1285900,0.0,0.0
2022-05-04 00:00:00-04:00,2.799999952316284,3.119999885559082,2.7200000286102295,3.119999885559082,968600,0.0,0.0
2022-05-05 00:00:00-04:00,3.069999933242798,3.069999933242798,2.8299999237060547,2.9800000190734863,884000,0.0,0.0
2022-05-06 00:00:00-04:00,2.9000000953674316,2.9100000858306885,2.759999990463257,2.8499999046325684,678600,0.0,0.0
2022-05-09 00:00:00-04:00,2.700000047683716,2.7899999618530273,2.4800000190734863,2.5299999713897705,865400,0.0,0.0
2022-05-10 00:00:00-04:00,2.5899999141693115,2.619999885559082,2.2809998989105225,2.3399999141693115,1445300,0.0,0.0
2022-05-11 00:00:00-04:00,2.2899999618530273,2.5199999809265137,2.2200000286102295,2.25,934900,0.0,0.0
2022-05-12 00:00:00-04:00,2.180000066757202,2.4100000858306885,2.0299999713897705,2.3399999141693115,1223900,0.0,0.0
2022-05-13 00:00:00-04:00,2.430000066757202,2.6549999713897705,2.3989999294281006,2.509999990463257,663400,0.0,0.0
2022-05-16 00:00:00-04:00,2.5299999713897705,2.640000104904175,2.390000104904175,2.5399999618530273,897600,0.0,0.0
2022-05-17 00:00:00-04:00,2.630000114440918,2.765000104904175,2.5399999618530273,2.6700000762939453,891300,0.0,0.0
2022-05-18 00:00:00-04:00,2.5899999141693115,2.8299999237060547,2.509999990463257,2.630000114440918,1073400,0.0,0.0
2022-05-19 00:00:00-04:00,2.549999952316284,2.7990000247955322,2.549999952316284,2.680000066757202,515600,0.0,0.0
2022-05-20 00:00:00-04:00,2.700000047683716,2.759999990463257,2.5799999237060547,2.6700000762939453,656400,0.0,0.0
2022-05-23 00:00:00-04:00,2.619999885559082,2.8399999141693115,2.559999942779541,2.799999952316284,741400,0.0,0.0
2022-05-24 00:00:00-04:00,2.700000047683716,2.7799999713897705,2.5899999141693115,2.6600000858306885,1014000,0.0,0.0
2022-05-25 00:00:00-04:00,2.6700000762939453,3.0399999618530273,2.630000114440918,2.880000114440918,1149800,0.0,0.0
2022-05-26 00:00:00-04:00,2.759999990463257,3.049999952316284,2.740999937057495,2.930000066757202,481100,0.0,0.0
2022-05-27 00:00:00-04:00,2.990000009536743,3.200000047683716,2.990000009536743,3.119999885559082,664500,0.0,0.0
2022-05-31 00:00:00-04:00,3.1700000762939453,3.365000009536743,3.065000057220459,3.2899999618530273,1094800,0.0,0.0
2022-06-01 00:00:00-04:00,3.2100000381469727,3.380000114440918,3.1700000762939453,3.2100000381469727,833700,0.0,0.0
2022-06-02 00:00:00-04:00,3.180000066757202,3.244999885559082,2.9000000953674316,2.990000009536743,1360300,0.0,0.0
2022-06-03 00:00:00-04:00,2.880000114440918,3.0199999809265137,2.809999942779541,2.890000104904175,1076000,0.0,0.0
2022-06-06 00:00:00-04:00,2.9600000381469727,3.0299999713897705,2.740000009536743,2.759999990463257,2419500,0.0,0.0
2022-06-07 00:00:00-04:00,2.7300000190734863,2.7699999809265137,2.5799999237060547,2.7699999809265137,1383000,0.0,0.0
2022-06-08 00:00:00-04:00,2.7300000190734863,3.0299999713897705,2.700000047683716,2.759999990463257,1181800,0.0,0.0
2022-06-09 00:00:00-04:00,2.6700000762939453,2.759999990463257,2.5999999046325684,2.640000104904175,750500,0.0,0.0
2022-06-10 00:00:00-04:00,2.549999952316284,2.5899999141693115,2.430000066757202,2.450000047683716,837000,0.0,0.0
2022-06-13 00:00:00-04:00,2.390000104904175,2.7200000286102295,2.325000047683716,2.380000114440918,2286600,0.0,0.0
2022-06-14 00:00:00-04:00,2.4100000858306885,2.5999999046325684,2.2899999618530273,2.549999952316284,2218500,0.0,0.0
2022-06-15 00:00:00-04:00,2.140000104904175,2.3299999237060547,2.0999999046325684,2.240000009536743,2415500,0.0,0.0
2022-06-16 00:00:00-04:00,2.109999895095825,2.2699999809265137,2.059999942779541,2.259999990463257,1225500,0.0,0.0
2022-06-17 00:00:00-04:00,2.2300000190734863,2.7200000286102295,2.2100000381469727,2.5399999618530273,2196500,0.0,0.0
2022-06-21 00:00:00-04:00,2.5399999618530273,2.759999990463257,2.5399999618530273,2.5999999046325684,1151600,0.0,0.0
2022-06-22 00:00:00-04:00,2.5399999618530273,2.759999990463257,2.5399999618530273,2.6700000762939453,982600,0.0,0.0
2022-06-23 00:00:00-04:00,2.6600000858306885,2.950000047683716,2.5820000171661377,2.950000047683716,1306600,0.0,0.0
2022-06-24 00:00:00-04:00,2.9700000286102295,3.059999942779541,2.7300000190734863,2.759999990463257,7712100,0.0,0.0
2022-06-27 00:00:00-04:00,2.75,2.859999895095825,2.5399999618530273,2.5999999046325684,1326900,0.0,0.0
2022-06-28 00:00:00-04:00,2.619999885559082,2.6649999618530273,2.359999895095825,2.390000104904175,742300,0.0,0.0
2022-06-29 00:00:00-04:00,2.359999895095825,2.4690001010894775,2.1500000953674316,2.190000057220459,1598700,0.0,0.0
2022-06-30 00:00:00-04:00,2.180000066757202,2.240000009536743,2.140000104904175,2.2100000381469727,453900,0.0,0.0
2022-07-01 00:00:00-04:00,2.1700000762939453,2.200000047683716,2.0299999713897705,2.109999895095825,986100,0.0,0.0
2022-07-05 00:00:00-04:00,2.049999952316284,2.369999885559082,1.9900000095367432,2.3499999046325684,1005700,0.0,0.0
2022-07-06 00:00:00-04:00,2.359999895095825,2.4200000762939453,2.2709999084472656,2.3499999046325684,872900,0.0,0.0
2022-07-07 00:00:00-04:00,2.390000104904175,2.6500000953674316,2.3499999046325684,2.5799999237060547,789200,0.0,0.0
2022-07-08 00:00:00-04:00,2.549999952316284,2.619999885559082,2.505000114440918,2.569999933242798,314400,0.0,0.0
2022-07-11 00:00:00-04:00,2.5199999809265137,2.549999952316284,2.369999885559082,2.390000104904175,566800,0.0,0.0
2022-07-12 00:00:00-04:00,2.359999895095825,2.490000009536743,2.259999990463257,2.4000000953674316,561700,0.0,0.0
2022-07-13 00:00:00-04:00,2.3499999046325684,2.4800000190734863,2.3010001182556152,2.4800000190734863,320300,0.0,0.0
2022-07-14 00:00:00-04:00,2.4200000762939453,2.4600000381469727,2.309999942779541,2.450000047683716,351400,0.0,0.0
2022-07-15 00:00:00-04:00,2.4800000190734863,2.489000082015991,2.3499999046325684,2.440000057220459,793000,0.0,0.0
2022-07-18 00:00:00-04:00,2.515000104904175,2.5899999141693115,2.390000104904175,2.4100000858306885,478300,0.0,0.0
2022-07-19 00:00:00-04:00,2.4700000286102295,2.509999990463257,2.319999933242798,2.4200000762939453,451100,0.0,0.0
2022-07-20 00:00:00-04:00,2.430000066757202,2.5899999141693115,2.4100000858306885,2.490000009536743,462300,0.0,0.0
2022-07-21 00:00:00-04:00,2.4800000190734863,2.5329999923706055,2.380000114440918,2.509999990463257,405600,0.0,0.0
2022-07-22 00:00:00-04:00,2.5,2.5,2.2200000286102295,2.2300000190734863,861300,0.0,0.0
2022-07-25 00:00:00-04:00,2.25,2.2699999809265137,2.240000009536743,2.25,363900,0.0,0.0
2022-07-26 00:00:00-04:00,2.200000047683716,2.200000047683716,2.0299999713897705,2.0399999618530273,1139700,0.0,0.0
2022-07-27 00:00:00-04:00,2.0199999809265137,2.140000104904175,2.009999990463257,2.0899999141693115,827000,0.0,0.0
2022-07-28 00:00:00-04:00,2.130000114440918,2.184999942779541,2.0399999618530273,2.180000066757202,642700,0.0,0.0
2022-07-29 00:00:00-04:00,2.1700000762939453,2.265000104904175,2.109999895095825,2.2200000286102295,484100,0.0,0.0
2022-08-01 00:00:00-04:00,2.1500000953674316,2.299999952316284,2.13100004196167,2.2300000190734863,473200,0.0,0.0
2022-08-02 00:00:00-04:00,2.240000009536743,2.4639999866485596,2.2300000190734863,2.3499999046325684,1069900,0.0,0.0
2022-08-03 00:00:00-04:00,2.3399999141693115,2.484999895095825,2.2699999809265137,2.4000000953674316,1153500,0.0,0.0
2022-08-04 00:00:00-04:00,2.4100000858306885,2.444999933242798,2.315000057220459,2.359999895095825,435200,0.0,0.0
2022-08-05 00:00:00-04:00,2.4100000858306885,2.4200000762939453,2.2899999618530273,2.4100000858306885,551400,0.0,0.0
2022-08-08 00:00:00-04:00,2.4100000858306885,2.690000057220459,2.4010000228881836,2.5799999237060547,1041400,0.0,0.0
2022-08-09 00:00:00-04:00,2.509999990463257,2.5199999809265137,2.322000026702881,2.4700000286102295,854300,0.0,0.0
2022-08-10 00:00:00-04:00,2.509999990463257,2.6600000858306885,2.509999990463257,2.5999999046325684,589200,0.0,0.0
2022-08-11 00:00:00-04:00,2.5899999141693115,2.7300000190734863,2.4700000286102295,2.559999942779541,672000,0.0,0.0
2022-08-12 00:00:00-04:00,2.569999933242798,2.609999895095825,2.5199999809265137,2.5899999141693115,453600,0.0,0.0
2022-08-15 00:00:00-04:00,2.5899999141693115,2.609999895095825,2.5,2.5399999618530273,448400,0.0,0.0
2022-08-16 00:00:00-04:00,2.5199999809265137,2.559000015258789,2.380000114440918,2.4100000858306885,711400,0.0,0.0
2022-08-17 00:00:00-04:00,2.380000114440918,2.4100000858306885,2.2799999713897705,2.3299999237060547,493300,0.0,0.0
2022-08-18 00:00:00-04:00,2.2799999713897705,2.3399999141693115,2.240000009536743,2.309999942779541,207000,0.0,0.0
2022-08-19 00:00:00-04:00,2.299999952316284,2.299999952316284,2.1549999713897705,2.1700000762939453,466000,0.0,0.0
2022-08-22 00:00:00-04:00,2.119999885559082,2.1700000762939453,2.069999933242798,2.0999999046325684,477600,0.0,0.0
2022-08-23 00:00:00-04:00,2.0799999237060547,2.1600000858306885,2.049999952316284,2.0799999237060547,420800,0.0,0.0
2022-08-24 00:00:00-04:00,2.119999885559082,2.1500000953674316,2.069999933242798,2.109999895095825,476200,0.0,0.0
2022-08-25 00:00:00-04:00,2.140000104904175,2.2750000953674316,2.075000047683716,2.200000047683716,877700,0.0,0.0
2022-08-26 00:00:00-04:00,2.2200000286102295,2.2200000286102295,2.1050000190734863,2.119999885559082,386100,0.0,0.0
2022-08-29 00:00:00-04:00,2.0999999046325684,2.128999948501587,2.009999990463257,2.0199999809265137,617200,0.0,0.0
2022-08-30 00:00:00-04:00,2.0399999618530273,2.069999933242798,1.9900000095367432,2.0299999713897705,315100,0.0,0.0
2022-08-31 00:00:00-04:00,2.0399999618530273,2.0799999237060547,2.0,2.0199999809265137,613900,0.0,0.0
2022-09-01 00:00:00-04:00,2.0299999713897705,2.0299999713897705,1.850000023841858,1.9199999570846558,940000,0.0,0.0
2022-09-02 00:00:00-04:00,1.899999976158142,2.0199999809265137,1.8350000381469727,1.9800000190734863,696200,0.0,0.0
2022-09-06 00:00:00-04:00,1.9600000381469727,2.0299999713897705,1.909999966621399,1.9800000190734863,665400,0.0,0.0
2022-09-07 00:00:00-04:00,1.9900000095367432,2.0199999809265137,1.899999976158142,2.009999990463257,447600,0.0,0.0
2022-09-08 00:00:00-04:00,2.009999990463257,2.180000066757202,1.9809999465942383,2.140000104904175,488000,0.0,0.0
2022-09-09 00:00:00-04:00,2.1700000762939453,2.25,2.1510000228881836,2.2200000286102295,519500,0.0,0.0
2022-09-12 00:00:00-04:00,2.259999990463257,2.380000114440918,2.240000009536743,2.369999885559082,585800,0.0,0.0
2022-09-13 00:00:00-04:00,2.190000057220459,2.315000057220459,2.130000114440918,2.1700000762939453,1042500,0.0,0.0
2022-09-14 00:00:00-04:00,2.140000104904175,2.2699999809265137,2.061000108718872,2.200000047683716,1200000,0.0,0.0
2022-09-15 00:00:00-04:00,1.2000000476837158,1.3700000047683716,1.1100000143051147,1.2200000286102295,11990300,0.0,0.0
2022-09-16 00:00:00-04:00,1.1799999475479126,1.409999966621399,1.149999976158142,1.2000000476837158,5129400,0.0,0.0
2022-09-19 00:00:00-04:00,1.2000000476837158,1.2200000286102295,1.1299999952316284,1.149999976158142,1944500,0.0,0.0
2022-09-20 00:00:00-04:00,1.1299999952316284,1.1390000581741333,0.984000027179718,1.0099999904632568,2220100,0.0,0.0
2022-09-21 00:00:00-04:00,1.0,1.0099999904632568,0.8999999761581421,0.9049999713897705,2951200,0.0,0.0
2022-09-22 00:00:00-04:00,0.859000027179718,0.9390000104904175,0.8399999737739563,0.8650000095367432,1281700,0.0,0.0
2022-09-23 00:00:00-04:00,0.8500000238418579,0.8889999985694885,0.8199999928474426,0.8560000061988831,1033500,0.0,0.0
2022-09-26 00:00:00-04:00,0.8299999833106995,0.8500000238418579,0.7609999775886536,0.7680000066757202,1031000,0.0,0.0
2022-09-27 00:00:00-04:00,0.7400000095367432,0.8090000152587891,0.7400000095367432,0.7900000214576721,619300,0.0,0.0
2022-09-28 00:00:00-04:00,0.7319999933242798,0.7900000214576721,0.7319999933242798,0.7839999794960022,523100,0.0,0.0
2022-09-29 00:00:00-04:00,0.7799999713897705,0.7799999713897705,0.7059999704360962,0.7070000171661377,553900,0.0,0.0
2022-09-30 00:00:00-04:00,0.7110000252723694,0.7300000190734863,0.6890000104904175,0.6890000104904175,398900,0.0,0.0
2022-10-03 00:00:00-04:00,0.699999988079071,0.7110000252723694,0.6610000133514404,0.671999990940094,431000,0.0,0.0
2022-10-04 00:00:00-04:00,0.6800000071525574,0.7250000238418579,0.6800000071525574,0.722000002861023,827300,0.0,0.0
2022-10-05 00:00:00-04:00,0.7039999961853027,0.7120000123977661,0.6299999952316284,0.6309999823570251,1231600,0.0,0.0
2022-10-06 00:00:00-04:00,0.6100000143051147,0.6449999809265137,0.6100000143051147,0.6309999823570251,517000,0.0,0.0
2022-10-07 00:00:00-04:00,0.6299999952316284,0.6299999952316284,0.5609999895095825,0.5630000233650208,644300,0.0,0.0
2022-10-10 00:00:00-04:00,0.5400000214576721,0.6840000152587891,0.5320000052452087,0.621999979019165,4762300,0.0,0.0
2022-10-11 00:00:00-04:00,0.6299999952316284,0.6299999952316284,0.5600000023841858,0.5640000104904175,869800,0.0,0.0
2022-10-12 00:00:00-04:00,0.5680000185966492,0.5680000185966492,0.5329999923706055,0.5569999814033508,676800,0.0,0.0
2022-10-13 00:00:00-04:00,0.5289999842643738,0.5479999780654907,0.5049999952316284,0.5299999713897705,935400,0.0,0.0
2022-10-14 00:00:00-04:00,0.5460000038146973,0.5550000071525574,0.5139999985694885,0.5379999876022339,537900,0.0,0.0
2022-10-17 00:00:00-04:00,0.5400000214576721,0.5950000286102295,0.5400000214576721,0.5809999704360962,523200,0.0,0.0
2022-10-18 00:00:00-04:00,0.5989999771118164,0.6370000243186951,0.5899999737739563,0.6259999871253967,525300,0.0,0.0
2022-10-19 00:00:00-04:00,0.6299999952316284,0.6330000162124634,0.6000000238418579,0.6129999756813049,587700,0.0,0.0
2022-10-20 00:00:00-04:00,0.5509999990463257,0.6600000262260437,0.5509999990463257,0.6570000052452087,735300,0.0,0.0
2022-10-21 00:00:00-04:00,0.6549999713897705,0.7170000076293945,0.6330000162124634,0.6549999713897705,884100,0.0,0.0
2022-10-24 00:00:00-04:00,0.6700000166893005,0.6700000166893005,0.5830000042915344,0.5899999737739563,424200,0.0,0.0
2022-10-25 00:00:00-04:00,0.5849999785423279,0.6899999976158142,0.5609999895095825,0.6840000152587891,734800,0.0,0.0
2022-10-26 00:00:00-04:00,0.6600000262260437,0.75,0.6499999761581421,0.6759999990463257,781500,0.0,0.0
2022-10-27 00:00:00-04:00,0.6499999761581421,0.6899999976158142,0.6309999823570251,0.6320000290870667,639700,0.0,0.0
2022-10-28 00:00:00-04:00,0.6600000262260437,0.6600000262260437,0.625,0.6460000276565552,197400,0.0,0.0
2022-10-31 00:00:00-04:00,0.6570000052452087,0.7200000286102295,0.6499999761581421,0.7099999785423279,575500,0.0,0.0
2022-11-01 00:00:00-04:00,0.699999988079071,0.8500000238418579,0.699999988079071,0.8339999914169312,938700,0.0,0.0
2022-11-02 00:00:00-04:00,0.843999981880188,0.8460000157356262,0.7210000157356262,0.7260000109672546,535200,0.0,0.0
2022-11-03 00:00:00-04:00,0.7250000238418579,0.7400000095367432,0.6489999890327454,0.6600000262260437,633400,0.0,0.0
2022-11-04 00:00:00-04:00,0.6740000247955322,0.7120000123977661,0.6299999952316284,0.6359999775886536,491300,0.0,0.0
2022-11-07 00:00:00-05:00,0.6370000243186951,0.6539999842643738,0.6169999837875366,0.625,254300,0.0,0.0
2022-11-08 00:00:00-05:00,0.6299999952316284,0.6600000262260437,0.6200000047683716,0.6259999871253967,208700,0.0,0.0
2022-11-09 00:00:00-05:00,0.6200000047683716,0.6439999938011169,0.5600000023841858,0.5759999752044678,287000,0.0,0.0
2022-11-10 00:00:00-05:00,0.6100000143051147,0.6499999761581421,0.5849999785423279,0.6200000047683716,595000,0.0,0.0
2022-11-11 00:00:00-05:00,0.6299999952316284,0.6899999976158142,0.6290000081062317,0.6480000019073486,518800,0.0,0.0
2022-11-14 00:00:00-05:00,0.6499999761581421,0.6779999732971191,0.6200000047683716,0.656000018119812,472900,0.0,0.0
2022-11-15 00:00:00-05:00,0.6499999761581421,0.6570000052452087,0.5799999833106995,0.6079999804496765,802700,0.0,0.0
2022-11-16 00:00:00-05:00,0.5899999737739563,0.6200000047683716,0.5899999737739563,0.6119999885559082,318500,0.0,0.0
2022-11-17 00:00:00-05:00,0.5899999737739563,0.6100000143051147,0.5429999828338623,0.6010000109672546,582500,0.0,0.0
2022-11-18 00:00:00-05:00,0.6299999952316284,0.6299999952316284,0.5820000171661377,0.5830000042915344,221000,0.0,0.0
2022-11-21 00:00:00-05:00,0.5799999833106995,0.5899999737739563,0.5440000295639038,0.5440000295639038,443100,0.0,0.0
2022-11-22 00:00:00-05:00,0.5400000214576721,0.5400000214576721,0.5120000243186951,0.5360000133514404,301200,0.0,0.0
2022-11-23 00:00:00-05:00,0.5400000214576721,0.550000011920929,0.5130000114440918,0.5260000228881836,743200,0.0,0.0
2022-11-25 00:00:00-05:00,0.5189999938011169,0.5389999747276306,0.49900001287460327,0.49900001287460327,744000,0.0,0.0
2022-11-28 00:00:00-05:00,0.5,0.5070000290870667,0.44999998807907104,0.46000000834465027,1360000,0.0,0.0
2022-11-29 00:00:00-05:00,0.4620000123977661,0.5699999928474426,0.41999998688697815,0.44600000977516174,3920300,0.0,0.0
2022-11-30 00:00:00-05:00,0.41999998688697815,0.4569999873638153,0.4059999883174896,0.43700000643730164,1156300,0.0,0.0
2022-12-01 00:00:00-05:00,0.4050000011920929,0.4320000112056732,0.4050000011920929,0.42800000309944153,1033900,0.0,0.0
2022-12-02 00:00:00-05:00,0.4399999976158142,0.4399999976158142,0.41100001335144043,0.4309999942779541,733000,0.0,0.0
2022-12-05 00:00:00-05:00,0.4000000059604645,0.42399999499320984,0.39500001072883606,0.39800000190734863,1083900,0.0,0.0
2022-12-06 00:00:00-05:00,0.4000000059604645,0.4129999876022339,0.35199999809265137,0.35600000619888306,1353000,0.0,0.0
2022-12-07 00:00:00-05:00,0.3529999852180481,0.3700000047683716,0.31200000643730164,0.32199999690055847,1253200,0.0,0.0
2022-12-08 00:00:00-05:00,0.30000001192092896,0.3179999887943268,0.28999999165534973,0.2930000126361847,1481100,0.0,0.0
2022-12-09 00:00:00-05:00,0.30000001192092896,0.41100001335144043,0.29600000381469727,0.30399999022483826,4367000,0.0,0.0
2022-12-12 00:00:00-05:00,0.30300000309944153,0.3100000023841858,0.2800000011920929,0.29499998688697815,1539000,0.0,0.0
2022-12-13 00:00:00-05:00,0.2809999883174896,0.3050000071525574,0.25600001215934753,0.2800000011920929,1706700,0.0,0.0
2022-12-14 00:00:00-05:00,0.25200000405311584,0.2750000059604645,0.25200000405311584,0.2720000147819519,1289400,0.0,0.0
2022-12-15 00:00:00-05:00,0.25,0.2720000147819519,0.25,0.2590000033378601,2171600,0.0,0.0
2022-12-16 00:00:00-05:00,0.25999999046325684,0.27000001072883606,0.25099998712539673,0.27000001072883606,1629900,0.0,0.0
2022-12-19 00:00:00-05:00,0.23999999463558197,0.24300000071525574,0.20000000298023224,0.20900000631809235,3864200,0.0,0.0
2022-12-20 00:00:00-05:00,0.20000000298023224,0.21799999475479126,0.19499999284744263,0.19499999284744263,2493500,0.0,0.0
2022-12-21 00:00:00-05:00,0.20000000298023224,0.20999999344348907,0.19499999284744263,0.20000000298023224,1929100,0.0,0.0
2022-12-22 00:00:00-05:00,0.2150000035762787,0.23899999260902405,0.20000000298023224,0.22499999403953552,2192500,0.0,0.0
2022-12-23 00:00:00-05:00,0.22100000083446503,0.23199999332427979,0.21400000154972076,0.21799999475479126,1371600,0.0,0.0
2022-12-27 00:00:00-05:00,0.26499998569488525,0.3199999928474426,0.22300000488758087,0.23600000143051147,7394400,0.0,0.0
2022-12-28 00:00:00-05:00,0.22699999809265137,0.24799999594688416,0.2029999941587448,0.21299999952316284,2017200,0.0,0.0
2022-12-29 00:00:00-05:00,0.20999999344348907,0.23499999940395355,0.20999999344348907,0.23000000417232513,845800,0.0,0.0
2022-12-30 00:00:00-05:00,0.22300000488758087,0.25999999046325684,0.210999995470047,0.23000000417232513,1984100,0.0,0.0
2023-01-03 00:00:00-05:00,0.2160000056028366,0.3100000023841858,0.2160000056028366,0.3100000023841858,1281900,0.0,0.0
2023-01-04 00:00:00-05:00,0.27900001406669617,0.28999999165534973,0.24699999392032623,0.2750000059604645,1277300,0.0,0.0
2023-01-05 00:00:00-05:00,0.26899999380111694,0.3070000112056732,0.23999999463558197,0.2549999952316284,1751900,0.0,0.0
2023-01-06 00:00:00-05:00,0.25999999046325684,0.2669999897480011,0.23999999463558197,0.24300000071525574,1176600,0.0,0.0
2023-01-09 00:00:00-05:00,0.2529999911785126,0.27000001072883606,0.25,0.2630000114440918,666200,0.0,0.0
2023-01-10 00:00:00-05:00,0.2800000011920929,0.2980000078678131,0.25600001215934753,0.28299999237060547,775700,0.0,0.0
2023-01-11 00:00:00-05:00,0.28700000047683716,0.33000001311302185,0.2750000059604645,0.3100000023841858,3331900,0.0,0.0
2023-01-12 00:00:00-05:00,0.3149999976158142,0.3319999873638153,0.27900001406669617,0.30399999022483826,2346100,0.0,0.0
2023-01-13 00:00:00-05:00,0.3009999990463257,0.4950000047683716,0.28999999165534973,0.41999998688697815,14263100,0.0,0.0
2023-01-17 00:00:00-05:00,0.414000004529953,0.41999998688697815,0.36000001430511475,0.4090000092983246,2782200,0.0,0.0
2023-01-18 00:00:00-05:00,0.38999998569488525,0.4490000009536743,0.3790000081062317,0.3799999952316284,1447700,0.0,0.0
2023-01-19 00:00:00-05:00,0.38199999928474426,0.4000000059604645,0.3330000042915344,0.35100001096725464,949500,0.0,0.0
2023-01-20 00:00:00-05:00,0.36899998784065247,0.3790000081062317,0.3499999940395355,0.35499998927116394,1034400,0.0,0.0
2023-01-23 00:00:00-05:00,0.3580000102519989,0.38999998569488525,0.3499999940395355,0.35199999809265137,927200,0.0,0.0
2023-01-24 00:00:00-05:00,0.35199999809265137,0.5809999704360962,0.35199999809265137,0.4320000112056732,13262600,0.0,0.0
2023-01-25 00:00:00-05:00,0.4390000104904175,0.4449999928474426,0.37599998712539673,0.4180000126361847,2052800,0.0,0.0
2023-01-26 00:00:00-05:00,0.4399999976158142,0.5099999904632568,0.42100000381469727,0.45100000500679016,4619700,0.0,0.0
2023-01-27 00:00:00-05:00,0.41999998688697815,0.48500001430511475,0.4050000011920929,0.4300000071525574,2966400,0.0,0.0
2023-01-30 00:00:00-05:00,0.421999990940094,0.4300000071525574,0.4099999964237213,0.42399999499320984,771800,0.0,0.0
2023-01-31 00:00:00-05:00,0.42500001192092896,0.4350000023841858,0.39500001072883606,0.39899998903274536,1660600,0.0,0.0
2023-02-01 00:00:00-05:00,0.4009999930858612,0.4099999964237213,0.3659999966621399,0.3799999952316284,1287300,0.0,0.0
2023-02-02 00:00:00-05:00,0.375,0.41999998688697815,0.3610000014305115,0.3799999952316284,1619400,0.0,0.0
2023-02-03 00:00:00-05:00,0.38999998569488525,0.4300000071525574,0.38100001215934753,0.4259999990463257,2055400,0.0,0.0
2023-02-06 00:00:00-05:00,0.44999998807907104,0.5889999866485596,0.43299999833106995,0.5659999847412109,8564800,0.0,0.0
2023-02-07 00:00:00-05:00,0.6399999856948853,0.6600000262260437,0.5080000162124634,0.5130000114440918,9571700,0.0,0.0
2023-02-08 00:00:00-05:00,0.5299999713897705,0.546999990940094,0.4699999988079071,0.4740000069141388,2378500,0.0,0.0
2023-02-09 00:00:00-05:00,0.4880000054836273,0.5099999904632568,0.4480000138282776,0.46399998664855957,1733600,0.0,0.0
2023-02-10 00:00:00-05:00,0.46000000834465027,0.49000000953674316,0.4169999957084656,0.4860000014305115,1353400,0.0,0.0
2023-02-13 00:00:00-05:00,0.49000000953674316,0.5,0.4699999988079071,0.48500001430511475,914900,0.0,0.0
2023-02-14 00:00:00-05:00,0.49000000953674316,0.49000000953674316,0.43700000643730164,0.47200000286102295,771100,0.0,0.0
2023-02-15 00:00:00-05:00,0.4690000116825104,0.48899999260902405,0.4449999928474426,0.48100000619888306,602800,0.0,0.0
2023-02-16 00:00:00-05:00,0.4790000021457672,0.49000000953674316,0.4519999921321869,0.4569999873638153,735400,0.0,0.0
2023-02-17 00:00:00-05:00,0.46399998664855957,0.4650000035762787,0.41999998688697815,0.4429999887943268,1195000,0.0,0.0
2023-02-21 00:00:00-05:00,0.4399999976158142,0.45500001311302185,0.3779999911785126,0.4480000138282776,1576000,0.0,0.0
2023-02-22 00:00:00-05:00,0.45399999618530273,0.46000000834465027,0.4300000071525574,0.4359999895095825,438500,0.0,0.0
2023-02-23 00:00:00-05:00,0.4300000071525574,0.4300000071525574,0.4000000059604645,0.42800000309944153,819700,0.0,0.0
2023-02-24 00:00:00-05:00,0.41100001335144043,0.4860000014305115,0.4020000100135803,0.4779999852180481,1695100,0.0,0.0
2023-02-27 00:00:00-05:00,0.47999998927116394,0.49000000953674316,0.44999998807907104,0.46299999952316284,474900,0.0,0.0
2023-02-28 00:00:00-05:00,0.44999998807907104,0.5350000262260437,0.44999998807907104,0.47600001096725464,1416700,0.0,0.0
2023-03-01 00:00:00-05:00,0.48500001430511475,0.5329999923706055,0.47999998927116394,0.5149999856948853,1078100,0.0,0.0
2023-03-02 00:00:00-05:00,0.5230000019073486,0.5230000019073486,0.44999998807907104,0.4620000123977661,768500,0.0,0.0
2023-03-03 00:00:00-05:00,0.4699999988079071,0.5,0.46000000834465027,0.49000000953674316,682800,0.0,0.0
2023-03-06 00:00:00-05:00,0.4970000088214874,0.5,0.44999998807907104,0.453000009059906,562400,0.0,0.0
2023-03-07 00:00:00-05:00,0.45100000500679016,0.4650000035762787,0.4300000071525574,0.4350000023841858,423400,0.0,0.0
2023-03-08 00:00:00-05:00,0.43799999356269836,0.43799999356269836,0.38999998569488525,0.4000000059604645,802600,0.0,0.0
2023-03-09 00:00:00-05:00,0.40299999713897705,0.40299999713897705,0.35600000619888306,0.35600000619888306,1113600,0.0,0.0
2023-03-10 00:00:00-05:00,0.36000001430511475,0.3779999911785126,0.3330000042915344,0.33799999952316284,555200,0.0,0.0
2023-03-13 00:00:00-04:00,0.3400000035762787,0.3499999940395355,0.3160000145435333,0.33000001311302185,646500,0.0,0.0
2023-03-14 00:00:00-04:00,0.36000001430511475,0.36000001430511475,0.32100000977516174,0.3269999921321869,558500,0.0,0.0
2023-03-15 00:00:00-04:00,0.3400000035762787,0.3440000116825104,0.3019999861717224,0.30300000309944153,700300,0.0,0.0
2023-03-16 00:00:00-04:00,0.3009999990463257,0.33500000834465027,0.29100000858306885,0.3190000057220459,943800,0.0,0.0
2023-03-17 00:00:00-04:00,0.3199999928474426,0.46000000834465027,0.3059999942779541,0.46000000834465027,1484100,0.0,0.0
2023-03-20 00:00:00-04:00,0.33000001311302185,0.375,0.3009999990463257,0.35899999737739563,1355500,0.0,0.0
2023-03-21 00:00:00-04:00,0.36399999260902405,0.38999998569488525,0.36399999260902405,0.3799999952316284,536300,0.0,0.0
2023-03-22 00:00:00-04:00,0.3779999911785126,0.41999998688697815,0.35199999809265137,0.3610000014305115,566400,0.0,0.0
2023-03-23 00:00:00-04:00,0.3610000014305115,0.3799999952316284,0.3319999873638153,0.3409999907016754,632300,0.0,0.0
2023-03-24 00:00:00-04:00,0.3400000035762787,0.3499999940395355,0.3100000023841858,0.3190000057220459,366700,0.0,0.0
2023-03-27 00:00:00-04:00,0.3319999873638153,0.3319999873638153,0.3199999928474426,0.3240000009536743,219200,0.0,0.0
2023-03-28 00:00:00-04:00,0.3230000138282776,0.3400000035762787,0.3199999928474426,0.3240000009536743,160400,0.0,0.0
2023-03-29 00:00:00-04:00,0.33000001311302185,0.3440000116825104,0.3199999928474426,0.3199999928474426,212200,0.0,0.0
2023-03-30 00:00:00-04:00,0.32499998807907104,0.3499999940395355,0.3240000009536743,0.3330000042915344,524400,0.0,0.0
2023-03-31 00:00:00-04:00,0.3499999940395355,0.36000001430511475,0.33000001311302185,0.35199999809265137,419400,0.0,0.0
2023-04-03 00:00:00-04:00,0.35600000619888306,0.35600000619888306,0.32100000977516174,0.34200000762939453,334500,0.0,0.0
2023-04-04 00:00:00-04:00,0.3400000035762787,0.35899999737739563,0.31200000643730164,0.35899999737739563,391700,0.0,0.0
2023-04-05 00:00:00-04:00,0.3479999899864197,0.3479999899864197,0.3100000023841858,0.3190000057220459,363200,0.0,0.0
2023-04-06 00:00:00-04:00,0.3100000023841858,0.33899998664855957,0.3100000023841858,0.33000001311302185,410300,0.0,0.0
2023-04-10 00:00:00-04:00,0.3230000138282776,0.3370000123977661,0.3009999990463257,0.31700000166893005,644300,0.0,0.0
2023-04-11 00:00:00-04:00,0.3100000023841858,0.3199999928474426,0.3019999861717224,0.3109999895095825,406200,0.0,0.0
2023-04-12 00:00:00-04:00,0.32199999690055847,0.328000009059906,0.3019999861717224,0.3019999861717224,429500,0.0,0.0
2023-04-13 00:00:00-04:00,0.33000001311302185,0.33000001311302185,0.2919999957084656,0.3089999854564667,1072300,0.0,0.0
2023-04-14 00:00:00-04:00,0.3019999861717224,0.3100000023841858,0.29100000858306885,0.29600000381469727,340300,0.0,0.0
2023-04-17 00:00:00-04:00,0.3050000071525574,0.3070000112056732,0.25999999046325684,0.27399998903274536,1220500,0.0,0.0
2023-04-18 00:00:00-04:00,0.2800000011920929,0.29100000858306885,0.26499998569488525,0.2669999897480011,397700,0.0,0.0
2023-04-19 00:00:00-04:00,0.2720000147819519,0.28700000047683716,0.26100000739097595,0.2669999897480011,226100,0.0,0.0
2023-04-20 00:00:00-04:00,0.2619999945163727,0.2750000059604645,0.25099998712539673,0.25999999046325684,325500,0.0,0.0
2023-04-21 00:00:00-04:00,0.25999999046325684,0.25999999046325684,0.25,0.2590000033378601,387900,0.0,0.0
2023-04-24 00:00:00-04:00,0.2630000114440918,0.2630000114440918,0.24500000476837158,0.25,523200,0.0,0.0
2023-04-25 00:00:00-04:00,0.25,0.30000001192092896,0.25,0.2750000059604645,673400,0.0,0.0
2023-04-26 00:00:00-04:00,0.2770000100135803,0.27900001406669617,0.25,0.2639999985694885,417200,0.0,0.0
2023-04-27 00:00:00-04:00,0.25699999928474426,0.2809999883174896,0.25099998712539673,0.2759999930858612,394700,0.0,0.0
2023-04-28 00:00:00-04:00,0.27000001072883606,0.2800000011920929,0.26499998569488525,0.27799999713897705,185600,0.0,0.0
2023-05-01 00:00:00-04:00,0.28700000047683716,0.30000001192092896,0.28200000524520874,0.29600000381469727,497700,0.0,0.0
2023-05-02 00:00:00-04:00,0.2930000126361847,0.2930000126361847,0.2750000059604645,0.2770000100135803,266400,0.0,0.0
2023-05-03 00:00:00-04:00,0.27900001406669617,0.32499998807907104,0.27000001072883606,0.296999990940094,674000,0.0,0.0
2023-05-04 00:00:00-04:00,0.2770000100135803,0.3100000023841858,0.2770000100135803,0.3100000023841858,261100,0.0,0.0
2023-05-05 00:00:00-04:00,0.3199999928474426,0.3199999928474426,0.28999999165534973,0.29600000381469727,434600,0.0,0.0
2023-05-08 00:00:00-04:00,0.30000001192092896,0.33000001311302185,0.28999999165534973,0.33000001311302185,468600,0.0,0.0
2023-05-09 00:00:00-04:00,0.3199999928474426,0.3479999899864197,0.31299999356269836,0.33000001311302185,440800,0.0,0.0
2023-05-10 00:00:00-04:00,0.3199999928474426,0.3400000035762787,0.3009999990463257,0.32100000977516174,439700,0.0,0.0
2023-05-11 00:00:00-04:00,0.31299999356269836,0.33899998664855957,0.29499998688697815,0.30000001192092896,362200,0.0,0.0
2023-05-12 00:00:00-04:00,0.30000001192092896,0.30300000309944153,0.27000001072883606,0.2750000059604645,295700,0.0,0.0
2023-05-15 00:00:00-04:00,0.2800000011920929,0.289000004529953,0.2800000011920929,0.28600001335144043,113200,0.0,0.0
2023-05-16 00:00:00-04:00,0.2840000092983246,0.2840000092983246,0.27000001072883606,0.27300000190734863,191200,0.0,0.0
2023-05-17 00:00:00-04:00,0.2770000100135803,0.2770000100135803,0.25,0.2720000147819519,622800,0.0,0.0
2023-05-18 00:00:00-04:00,0.2879999876022339,0.2879999876022339,0.22200000286102295,0.23899999260902405,1406900,0.0,0.0
2023-05-19 00:00:00-04:00,0.25,0.25,0.1899999976158142,0.20000000298023224,3115500,0.0,0.0
2023-05-22 00:00:00-04:00,0.20000000298023224,0.21699999272823334,0.20000000298023224,0.21400000154972076,1083500,0.0,0.0
2023-05-23 00:00:00-04:00,0.21799999475479126,0.21799999475479126,0.19499999284744263,0.2150000035762787,908600,0.0,0.0
2023-05-24 00:00:00-04:00,0.210999995470047,0.24500000476837158,0.1979999989271164,0.2290000021457672,2435800,0.0,0.0
2023-05-25 00:00:00-04:00,0.2070000022649765,0.21299999952316284,0.19499999284744263,0.19699999690055847,2252900,0.0,0.0
2023-05-26 00:00:00-04:00,0.19300000369548798,0.2669999897480011,0.1899999976158142,0.2619999945163727,8633400,0.0,0.0
2023-05-30 00:00:00-04:00,0.20999999344348907,0.25699999928474426,0.20999999344348907,0.2290000021457672,2942700,0.0,0.0
2023-05-31 00:00:00-04:00,0.2290000021457672,0.2370000034570694,0.2199999988079071,0.22599999606609344,932000,0.0,0.0
2023-06-01 00:00:00-04:00,0.23100000619888306,0.23100000619888306,0.19499999284744263,0.20100000500679016,1442800,0.0,0.0
2023-06-02 00:00:00-04:00,0.20100000500679016,0.210999995470047,0.19499999284744263,0.2029999941587448,948600,0.0,0.0
2023-06-05 00:00:00-04:00,0.20800000429153442,0.21699999272823334,0.1899999976158142,0.1899999976158142,1011600,0.0,0.0
2023-06-06 00:00:00-04:00,0.1979999989271164,0.20000000298023224,0.1899999976158142,0.1899999976158142,1545600,0.0,0.0
2023-06-07 00:00:00-04:00,0.19599999487400055,0.19699999690055847,0.17499999701976776,0.18000000715255737,2122200,0.0,0.0
2023-06-08 00:00:00-04:00,0.18000000715255737,0.1850000023841858,0.16699999570846558,0.18000000715255737,2176000,0.0,0.0
2023-06-09 00:00:00-04:00,0.17800000309944153,0.17800000309944153,0.16300000250339508,0.17499999701976776,2576700,0.0,0.0
2023-06-12 00:00:00-04:00,0.17000000178813934,0.17399999499320984,0.16200000047683716,0.16200000047683716,1693900,0.0,0.0
2023-06-13 00:00:00-04:00,0.16200000047683716,0.16899999976158142,0.1459999978542328,0.15299999713897705,4002800,0.0,0.0
2023-06-14 00:00:00-04:00,0.15000000596046448,0.15399999916553497,0.1459999978542328,0.14800000190734863,1875000,0.0,0.0
2023-06-15 00:00:00-04:00,0.14300000667572021,0.1599999964237213,0.13600000739097595,0.14399999380111694,7343000,0.0,0.0
2023-06-16 00:00:00-04:00,0.15000000596046448,0.38600000739097595,0.14399999380111694,0.20999999344348907,99139700,0.0,0.0
2023-06-20 00:00:00-04:00,0.20900000631809235,0.23000000417232513,0.19499999284744263,0.2199999988079071,7444100,0.0,0.0
2023-06-21 00:00:00-04:00,0.20600000023841858,0.20900000631809235,0.164000004529953,0.16599999368190765,4579600,0.0,0.0
2023-06-22 00:00:00-04:00,0.16099999845027924,0.21899999678134918,0.16099999845027924,0.1940000057220459,6419300,0.0,0.0
2023-06-23 00:00:00-04:00,0.19200000166893005,0.2939999997615814,0.1720000058412552,0.20800000429153442,29764100,0.0,0.0
2023-06-26 00:00:00-04:00,0.21899999678134918,0.257999986410141,0.18000000715255737,0.18000000715255737,5772800,0.0,0.0
2023-06-27 00:00:00-04:00,0.19200000166893005,0.23399999737739563,0.19200000166893005,0.20000000298023224,12424800,0.0,0.0
2023-06-28 00:00:00-04:00,0.21799999475479126,0.2549999952316284,0.20999999344348907,0.2199999988079071,8831300,0.0,0.0
2023-06-29 00:00:00-04:00,0.2199999988079071,0.2280000001192093,0.20000000298023224,0.2070000022649765,3429300,0.0,0.0
2023-06-30 00:00:00-04:00,0.20999999344348907,0.2160000056028366,0.20000000298023224,0.20900000631809235,1872200,0.0,0.0
2023-07-03 00:00:00-04:00,0.20900000631809235,0.20900000631809235,0.19499999284744263,0.1979999989271164,1180900,0.0,0.0
2023-07-05 00:00:00-04:00,0.23100000619888306,0.25,0.20499999821186066,0.20999999344348907,3711500,0.0,0.0
2023-07-06 00:00:00-04:00,0.21199999749660492,0.2150000035762787,0.19499999284744263,0.19499999284744263,2119800,0.0,0.0
2023-07-07 00:00:00-04:00,0.19599999487400055,0.2199999988079071,0.19499999284744263,0.210999995470047,1367600,0.0,0.0
2023-07-10 00:00:00-04:00,0.2150000035762787,0.22699999809265137,0.2070000022649765,0.22699999809265137,1652300,0.0,0.0
2023-07-11 00:00:00-04:00,0.23000000417232513,0.23000000417232513,0.2150000035762787,0.2199999988079071,1128000,0.0,0.0
2023-07-12 00:00:00-04:00,0.2280000001192093,0.2280000001192093,0.19599999487400055,0.20800000429153442,2413600,0.0,0.0
2023-07-13 00:00:00-04:00,0.20499999821186066,0.20800000429153442,0.19099999964237213,0.19900000095367432,2372900,0.0,0.0
2023-07-14 00:00:00-04:00,0.20000000298023224,0.2029999941587448,0.18799999356269836,0.1899999976158142,1630700,0.0,0.0
2023-07-17 00:00:00-04:00,0.1899999976158142,0.20000000298023224,0.18000000715255737,0.18000000715255737,2236300,0.0,0.0
2023-07-18 00:00:00-04:00,0.16200000047683716,0.1679999977350235,0.13840000331401825,0.15620000660419464,5741876,0.0,0.0
