Date,Open,High,Low,Close,Volume,Dividends,Stock Splits
2022-09-30 00:00:00-04:00,5.0,5.5,2.559999942779541,2.5799999237060547,7078100,0.0,0.0
2022-10-03 00:00:00-04:00,2.549999952316284,2.869999885559082,2.25,2.4200000762939453,1711000,0.0,0.0
2022-10-04 00:00:00-04:00,2.359999895095825,2.640000104904175,2.319999933242798,2.369999885559082,830800,0.0,0.0
2022-10-05 00:00:00-04:00,2.359999895095825,2.440000057220459,2.259999990463257,2.2799999713897705,688000,0.0,0.0
2022-10-06 00:00:00-04:00,2.2699999809265137,2.559999942779541,2.130000114440918,2.359999895095825,1383700,0.0,0.0
2022-10-07 00:00:00-04:00,2.3299999237060547,2.4200000762939453,2.259999990463257,2.259999990463257,413500,0.0,0.0
2022-10-10 00:00:00-04:00,2.2799999713897705,2.2799999713897705,1.8200000524520874,1.8700000047683716,667400,0.0,0.0
2022-10-11 00:00:00-04:00,2.690000057220459,3.299999952316284,2.5999999046325684,2.700000047683716,69119800,0.0,0.0
2022-10-12 00:00:00-04:00,2.490000009536743,3.109999895095825,2.4000000953674316,2.930000066757202,9444100,0.0,0.0
2022-10-13 00:00:00-04:00,4.03000020980835,4.489999771118164,3.8299999237060547,4.130000114440918,45511900,0.0,0.0
2022-10-14 00:00:00-04:00,5.039999961853027,5.25,4.559999942779541,4.909999847412109,25953900,0.0,0.0
2022-10-17 00:00:00-04:00,4.880000114440918,4.949999809265137,3.559999942779541,3.940000057220459,3466400,0.0,0.0
2022-10-18 00:00:00-04:00,4.179999828338623,4.25,3.509999990463257,3.549999952316284,3450100,0.0,0.0
2022-10-19 00:00:00-04:00,3.440000057220459,3.890000104904175,3.440000057220459,3.740000009536743,1924300,0.0,0.0
2022-10-20 00:00:00-04:00,3.680000066757202,3.734999895095825,3.3399999141693115,3.430000066757202,912100,0.0,0.0
2022-10-21 00:00:00-04:00,3.2899999618530273,3.5999999046325684,3.259999990463257,3.440000057220459,399000,0.0,0.0
2022-10-24 00:00:00-04:00,3.3299999237060547,3.5,2.890000104904175,2.9100000858306885,740700,0.0,0.0
2022-10-25 00:00:00-04:00,2.809999942779541,3.0,2.7100000381469727,2.7699999809265137,566700,0.0,0.0
2022-10-26 00:00:00-04:00,2.7200000286102295,2.880000114440918,2.625,2.7200000286102295,468400,0.0,0.0
2022-10-27 00:00:00-04:00,2.8299999237060547,3.2200000286102295,2.809999942779541,2.8399999141693115,2568800,0.0,0.0
2022-10-28 00:00:00-04:00,2.859999895095825,2.9649999141693115,2.559999942779541,2.690000057220459,692000,0.0,0.0
2022-10-31 00:00:00-04:00,2.5999999046325684,2.8399999141693115,2.569999933242798,2.809999942779541,339500,0.0,0.0
2022-11-01 00:00:00-04:00,2.9000000953674316,2.990000009536743,2.759999990463257,2.9700000286102295,301100,0.0,0.0
2022-11-02 00:00:00-04:00,2.9700000286102295,3.240000009536743,2.8499999046325684,3.0299999713897705,678200,0.0,0.0
2022-11-03 00:00:00-04:00,3.0399999618530273,3.5199999809265137,3.0399999618530273,3.4200000762939453,1413500,0.0,0.0
2022-11-04 00:00:00-04:00,3.4200000762939453,3.430000066757202,3.0,3.049999952316284,431000,0.0,0.0
2022-11-07 00:00:00-05:00,3.009999990463257,3.5199999809265137,3.009999990463257,3.490000009536743,453700,0.0,0.0
2022-11-08 00:00:00-05:00,3.3399999141693115,3.390000104904175,3.130000114440918,3.3499999046325684,362200,0.0,0.0
2022-11-09 00:00:00-05:00,3.3399999141693115,3.496000051498413,3.1510000228881836,3.2049999237060547,399300,0.0,0.0
2022-11-10 00:00:00-05:00,3.2799999713897705,3.3399999141693115,2.819999933242798,2.8499999046325684,632500,0.0,0.0
2022-11-11 00:00:00-05:00,2.8499999046325684,2.9200000762939453,2.759999990463257,2.7799999713897705,279800,0.0,0.0
2022-11-14 00:00:00-05:00,2.7699999809265137,2.799999952316284,2.3910000324249268,2.5,449100,0.0,0.0
2022-11-15 00:00:00-05:00,2.619999885559082,2.680000066757202,2.450000047683716,2.4600000381469727,159900,0.0,0.0
2022-11-16 00:00:00-05:00,2.490000009536743,2.549999952316284,2.2699999809265137,2.3299999237060547,216200,0.0,0.0
2022-11-17 00:00:00-05:00,2.4000000953674316,2.5999999046325684,2.3299999237060547,2.430000066757202,609900,0.0,0.0
2022-11-18 00:00:00-05:00,2.549999952316284,2.549999952316284,2.4000000953674316,2.4200000762939453,121400,0.0,0.0
2022-11-21 00:00:00-05:00,2.390000104904175,2.4000000953674316,2.25,2.2699999809265137,139300,0.0,0.0
2022-11-22 00:00:00-05:00,2.359999895095825,2.359999895095825,2.240000009536743,2.2699999809265137,66100,0.0,0.0
2022-11-23 00:00:00-05:00,2.2799999713897705,2.3499999046325684,2.259999990463257,2.2899999618530273,46300,0.0,0.0
2022-11-25 00:00:00-05:00,2.3299999237060547,2.3299999237060547,2.200000047683716,2.2230000495910645,43100,0.0,0.0
2022-11-28 00:00:00-05:00,2.2300000190734863,2.325000047683716,1.9800000190734863,2.009999990463257,282700,0.0,0.0
2022-11-29 00:00:00-05:00,2.109999895095825,2.1600000858306885,2.0190000534057617,2.117000102996826,243900,0.0,0.0
2022-11-30 00:00:00-05:00,2.1600000858306885,2.2100000381469727,2.049999952316284,2.069999933242798,192700,0.0,0.0
2022-12-01 00:00:00-05:00,2.130000114440918,2.1500000953674316,2.0299999713897705,2.130000114440918,128000,0.0,0.0
2022-12-02 00:00:00-05:00,2.130000114440918,2.2799999713897705,2.059999942779541,2.259999990463257,112600,0.0,0.0
2022-12-05 00:00:00-05:00,2.2699999809265137,2.315000057220459,2.069000005722046,2.119999885559082,169200,0.0,0.0
2022-12-06 00:00:00-05:00,2.1600000858306885,2.2100000381469727,1.9730000495910645,2.0299999713897705,190400,0.0,0.0
2022-12-07 00:00:00-05:00,2.009999990463257,2.059999942779541,1.9199999570846558,1.9500000476837158,186500,0.0,0.0
2022-12-08 00:00:00-05:00,2.009999990463257,2.046999931335449,1.9600000381469727,1.9900000095367432,72500,0.0,0.0
2022-12-09 00:00:00-05:00,2.0,2.075000047683716,1.850000023841858,1.8799999952316284,117200,0.0,0.0
2022-12-12 00:00:00-05:00,1.8799999952316284,1.9900000095367432,1.850000023841858,1.899999976158142,100900,0.0,0.0
2022-12-13 00:00:00-05:00,1.899999976158142,1.9700000286102295,1.840000033378601,1.850000023841858,91900,0.0,0.0
2022-12-14 00:00:00-05:00,1.850000023841858,1.8990000486373901,1.8300000429153442,1.8600000143051147,120200,0.0,0.0
2022-12-15 00:00:00-05:00,1.840000033378601,1.8799999952316284,1.7999999523162842,1.8200000524520874,83900,0.0,0.0
2022-12-16 00:00:00-05:00,1.8600000143051147,1.8799999952316284,1.809999942779541,1.8200000524520874,119100,0.0,0.0
2022-12-19 00:00:00-05:00,1.8200000524520874,1.8200000524520874,1.649999976158142,1.6699999570846558,131500,0.0,0.0
2022-12-20 00:00:00-05:00,1.659999966621399,1.7000000476837158,1.5,1.534999966621399,227100,0.0,0.0
2022-12-21 00:00:00-05:00,1.8200000524520874,2.390000104904175,1.8200000524520874,1.9900000095367432,53608300,0.0,0.0
2022-12-22 00:00:00-05:00,1.9199999570846558,2.1700000762939453,1.809999942779541,2.140000104904175,1477400,0.0,0.0
2022-12-23 00:00:00-05:00,2.190000057220459,2.440000057220459,1.940000057220459,2.4100000858306885,1166600,0.0,0.0
2022-12-27 00:00:00-05:00,2.3299999237060547,2.440000057220459,2.0899999141693115,2.140000104904175,491900,0.0,0.0
2022-12-28 00:00:00-05:00,2.0899999141693115,2.2100000381469727,1.899999976158142,1.899999976158142,351800,0.0,0.0
2022-12-29 00:00:00-05:00,1.9199999570846558,2.0899999141693115,1.9199999570846558,2.049999952316284,189400,0.0,0.0
2022-12-30 00:00:00-05:00,2.0799999237060547,2.0799999237060547,1.9600000381469727,2.0399999618530273,183800,0.0,0.0
2023-01-03 00:00:00-05:00,2.049999952316284,2.190000057220459,2.0199999809265137,2.0299999713897705,144100,0.0,0.0
2023-01-04 00:00:00-05:00,2.0999999046325684,2.2699999809265137,2.009999990463257,2.2200000286102295,311100,0.0,0.0
2023-01-05 00:00:00-05:00,2.259999990463257,2.299999952316284,2.0820000171661377,2.140000104904175,120900,0.0,0.0
2023-01-06 00:00:00-05:00,2.1600000858306885,2.359999895095825,2.069999933242798,2.2699999809265137,261500,0.0,0.0
2023-01-09 00:00:00-05:00,2.2799999713897705,2.440000057220459,2.2300000190734863,2.4100000858306885,288500,0.0,0.0
2023-01-10 00:00:00-05:00,2.5299999713897705,2.5309998989105225,2.319999933242798,2.5299999713897705,716400,0.0,0.0
2023-01-11 00:00:00-05:00,2.9600000381469727,4.119999885559082,2.8499999046325684,3.5,18685700,0.0,0.0
2023-01-12 00:00:00-05:00,3.359999895095825,3.6700000762939453,3.299999952316284,3.609999895095825,915200,0.0,0.0
2023-01-13 00:00:00-05:00,3.680000066757202,3.700000047683716,3.3010001182556152,3.4100000858306885,530300,0.0,0.0
2023-01-17 00:00:00-05:00,3.4200000762939453,3.7899999618530273,3.4200000762939453,3.640000104904175,490900,0.0,0.0
2023-01-18 00:00:00-05:00,3.819999933242798,4.360000133514404,3.6689999103546143,4.25,1182000,0.0,0.0
2023-01-19 00:00:00-05:00,4.170000076293945,4.199999809265137,3.5399999618530273,3.7300000190734863,543200,0.0,0.0
2023-01-20 00:00:00-05:00,3.7100000381469727,4.067999839782715,3.509999990463257,4.059999942779541,386200,0.0,0.0
2023-01-23 00:00:00-05:00,4.099999904632568,4.875,4.079999923706055,4.809999942779541,694300,0.0,0.0
2023-01-24 00:00:00-05:00,4.699999809265137,4.989999771118164,4.260000228881836,4.5,473700,0.0,0.0
2023-01-25 00:00:00-05:00,4.440000057220459,4.683000087738037,4.099999904632568,4.570000171661377,299100,0.0,0.0
2023-01-26 00:00:00-05:00,4.590000152587891,4.650000095367432,4.320000171661377,4.639999866485596,276000,0.0,0.0
2023-01-27 00:00:00-05:00,4.610000133514404,5.054999828338623,4.505000114440918,4.800000190734863,532300,0.0,0.0
2023-01-30 00:00:00-05:00,4.800000190734863,5.190000057220459,4.699999809265137,4.989999771118164,451100,0.0,0.0
2023-01-31 00:00:00-05:00,5.0,5.329999923706055,4.849999904632568,5.21999979019165,347300,0.0,0.0
2023-02-01 00:00:00-05:00,5.119999885559082,5.448999881744385,4.960000038146973,5.369999885559082,240300,0.0,0.0
2023-02-02 00:00:00-05:00,5.480000019073486,5.926000118255615,5.340000152587891,5.679999828338623,322500,0.0,0.0
2023-02-03 00:00:00-05:00,5.760000228881836,7.190000057220459,5.71999979019165,6.900000095367432,712100,0.0,0.0
2023-02-06 00:00:00-05:00,6.909999847412109,6.949999809265137,6.059999942779541,6.519999980926514,463600,0.0,0.0
2023-02-07 00:00:00-05:00,6.300000190734863,6.440000057220459,6.059999942779541,6.159999847412109,249600,0.0,0.0
2023-02-08 00:00:00-05:00,6.010000228881836,6.019999980926514,4.829999923706055,5.480000019073486,703500,0.0,0.0
2023-02-09 00:00:00-05:00,5.610000133514404,5.820000171661377,5.389999866485596,5.5,172800,0.0,0.0
2023-02-10 00:00:00-05:00,5.449999809265137,5.449999809265137,4.949999809265137,5.420000076293945,171200,0.0,0.0
2023-02-13 00:00:00-05:00,5.380000114440918,5.380000114440918,4.869999885559082,5.150000095367432,196300,0.0,0.0
2023-02-14 00:00:00-05:00,5.090000152587891,5.099999904632568,4.800000190734863,5.010000228881836,125600,0.0,0.0
2023-02-15 00:00:00-05:00,5.010000228881836,5.699999809265137,4.829999923706055,5.610000133514404,366700,0.0,0.0
2023-02-16 00:00:00-05:00,5.599999904632568,5.789999961853027,5.28000020980835,5.46999979019165,153900,0.0,0.0
2023-02-17 00:00:00-05:00,5.53000020980835,5.599999904632568,5.264999866485596,5.489999771118164,85100,0.0,0.0
2023-02-21 00:00:00-05:00,5.400000095367432,5.489999771118164,4.885000228881836,5.019999980926514,154600,0.0,0.0
2023-02-22 00:00:00-05:00,5.019999980926514,5.269999980926514,4.849999904632568,5.239999771118164,127600,0.0,0.0
2023-02-23 00:00:00-05:00,5.340000152587891,5.638000011444092,5.110000133514404,5.210000038146973,69500,0.0,0.0
2023-02-24 00:00:00-05:00,5.070000171661377,5.28000020980835,4.949999809265137,5.28000020980835,75900,0.0,0.0
2023-02-27 00:00:00-05:00,5.21999979019165,5.380000114440918,4.849999904632568,5.340000152587891,225600,0.0,0.0
2023-02-28 00:00:00-05:00,5.210000038146973,5.394999980926514,5.199999809265137,5.320000171661377,56400,0.0,0.0
2023-03-01 00:00:00-05:00,5.260000228881836,5.539999961853027,5.019999980926514,5.110000133514404,93500,0.0,0.0
2023-03-02 00:00:00-05:00,5.090000152587891,5.5,5.059999942779541,5.179999828338623,82800,0.0,0.0
2023-03-03 00:00:00-05:00,5.21999979019165,5.21999979019165,5.019999980926514,5.139999866485596,56100,0.0,0.0
2023-03-06 00:00:00-05:00,5.119999885559082,5.488999843597412,5.119999885559082,5.210000038146973,129900,0.0,0.0
2023-03-07 00:00:00-05:00,5.170000076293945,5.190000057220459,4.849999904632568,4.909999847412109,104000,0.0,0.0
2023-03-08 00:00:00-05:00,4.860000133514404,5.019999980926514,4.329999923706055,4.480000019073486,189700,0.0,0.0
2023-03-09 00:00:00-05:00,4.539999961853027,4.619999885559082,4.039999961853027,4.130000114440918,169800,0.0,0.0
2023-03-10 00:00:00-05:00,4.130000114440918,4.135000228881836,3.7750000953674316,4.019999980926514,144300,0.0,0.0
2023-03-13 00:00:00-04:00,3.9100000858306885,4.199999809265137,3.809999942779541,4.03000020980835,70200,0.0,0.0
2023-03-14 00:00:00-04:00,4.050000190734863,4.329999923706055,3.999000072479248,4.139999866485596,125300,0.0,0.0
2023-03-15 00:00:00-04:00,4.0,4.150000095367432,3.9600000381469727,4.070000171661377,88200,0.0,0.0
2023-03-16 00:00:00-04:00,4.0,4.440000057220459,3.859999895095825,4.190000057220459,79700,0.0,0.0
2023-03-17 00:00:00-04:00,4.079999923706055,4.210000038146973,3.9800000190734863,4.210000038146973,79800,0.0,0.0
2023-03-20 00:00:00-04:00,3.990000009536743,4.2220001220703125,3.9700000286102295,4.110000133514404,65700,0.0,0.0
2023-03-21 00:00:00-04:00,4.239999771118164,4.869999885559082,4.139999866485596,4.760000228881836,138000,0.0,0.0
2023-03-22 00:00:00-04:00,4.650000095367432,5.150000095367432,4.409999847412109,4.429999828338623,187500,0.0,0.0
2023-03-23 00:00:00-04:00,4.710000038146973,5.099999904632568,4.598999977111816,4.949999809265137,128700,0.0,0.0
2023-03-24 00:00:00-04:00,4.940000057220459,5.190000057220459,4.75,5.059999942779541,91400,0.0,0.0
2023-03-27 00:00:00-04:00,5.230000019073486,5.880000114440918,5.110000133514404,5.820000171661377,177400,0.0,0.0
2023-03-28 00:00:00-04:00,6.159999847412109,7.230000019073486,6.0,6.699999809265137,427500,0.0,0.0
2023-03-29 00:00:00-04:00,6.929999828338623,7.050000190734863,6.019999980926514,6.130000114440918,325800,0.0,0.0
2023-03-30 00:00:00-04:00,5.0,5.300000190734863,4.309999942779541,4.730000019073486,538400,0.0,0.0
2023-03-31 00:00:00-04:00,4.800000190734863,4.989999771118164,4.519999980926514,4.670000076293945,147800,0.0,0.0
2023-04-03 00:00:00-04:00,4.539999961853027,4.732999801635742,4.360000133514404,4.53000020980835,92100,0.0,0.0
2023-04-04 00:00:00-04:00,4.449999809265137,4.519999980926514,4.019999980926514,4.019999980926514,181800,0.0,0.0
2023-04-05 00:00:00-04:00,4.0,4.203000068664551,3.630000114440918,3.7799999713897705,209600,0.0,0.0
2023-04-06 00:00:00-04:00,3.799999952316284,3.799999952316284,3.359999895095825,3.619999885559082,168600,0.0,0.0
2023-04-10 00:00:00-04:00,3.559999942779541,4.199999809265137,3.559999942779541,4.010000228881836,114000,0.0,0.0
2023-04-11 00:00:00-04:00,4.269999980926514,4.5289998054504395,4.1620001792907715,4.400000095367432,93600,0.0,0.0
2023-04-12 00:00:00-04:00,4.539999961853027,4.561999797821045,4.010000228881836,4.079999923706055,61000,0.0,0.0
2023-04-13 00:00:00-04:00,4.28000020980835,4.519999980926514,4.050000190734863,4.28000020980835,117800,0.0,0.0
2023-04-14 00:00:00-04:00,4.340000152587891,4.489999771118164,3.9749999046325684,4.099999904632568,50900,0.0,0.0
2023-04-17 00:00:00-04:00,3.3399999141693115,3.690000057220459,2.5899999141693115,2.7899999618530273,667100,0.0,0.0
2023-04-18 00:00:00-04:00,2.819999933242798,3.1500000953674316,2.700000047683716,2.7100000381469727,286900,0.0,0.0
2023-04-19 00:00:00-04:00,2.680000066757202,2.9730000495910645,2.680000066757202,2.869999885559082,125800,0.0,0.0
2023-04-20 00:00:00-04:00,2.869999885559082,2.997999906539917,2.869999885559082,2.940000057220459,57300,0.0,0.0
2023-04-21 00:00:00-04:00,3.059999942779541,3.1070001125335693,2.740000009536743,2.809999942779541,145000,0.0,0.0
2023-04-24 00:00:00-04:00,2.8399999141693115,2.890000104904175,2.690000057220459,2.859999895095825,147100,0.0,0.0
2023-04-25 00:00:00-04:00,2.890000104904175,2.930000066757202,2.700000047683716,2.7300000190734863,47000,0.0,0.0
2023-04-26 00:00:00-04:00,2.9000000953674316,2.9749999046325684,2.740000009536743,2.930000066757202,44600,0.0,0.0
2023-04-27 00:00:00-04:00,2.930000066757202,3.2200000286102295,2.930000066757202,3.2200000286102295,98100,0.0,0.0
2023-04-28 00:00:00-04:00,3.1600000858306885,3.309999942779541,3.009999990463257,3.1500000953674316,64300,0.0,0.0
2023-05-01 00:00:00-04:00,3.200000047683716,3.200000047683716,2.990000009536743,3.069999933242798,44200,0.0,0.0
2023-05-02 00:00:00-04:00,3.0899999141693115,3.0899999141693115,2.9000000953674316,3.0399999618530273,39800,0.0,0.0
2023-05-03 00:00:00-04:00,2.9800000190734863,3.0399999618530273,2.9100000858306885,2.950000047683716,33400,0.0,0.0
2023-05-04 00:00:00-04:00,2.9000000953674316,3.0999999046325684,2.9000000953674316,2.930000066757202,32600,0.0,0.0
2023-05-05 00:00:00-04:00,3.049999952316284,3.049999952316284,2.940000057220459,3.0299999713897705,51900,0.0,0.0
2023-05-08 00:00:00-04:00,2.9800000190734863,3.119999885559082,2.890000104904175,3.0899999141693115,41700,0.0,0.0
2023-05-09 00:00:00-04:00,3.0840001106262207,3.119999885559082,2.9200000762939453,2.9800000190734863,20400,0.0,0.0
2023-05-10 00:00:00-04:00,2.990000009536743,3.7300000190734863,2.9700000286102295,3.5899999141693115,197600,0.0,0.0
2023-05-11 00:00:00-04:00,3.140000104904175,3.1600000858306885,2.7699999809265137,2.9000000953674316,106100,0.0,0.0
2023-05-12 00:00:00-04:00,2.9800000190734863,2.9800000190734863,2.9000000953674316,2.9000000953674316,28000,0.0,0.0
2023-05-15 00:00:00-04:00,2.9800000190734863,2.990000009536743,2.9000000953674316,2.9100000858306885,21300,0.0,0.0
2023-05-16 00:00:00-04:00,2.890000104904175,2.9000000953674316,2.809999942779541,2.869999885559082,45800,0.0,0.0
2023-05-17 00:00:00-04:00,2.8299999237060547,2.8499999046325684,2.7200000286102295,2.799999952316284,27300,0.0,0.0
2023-05-18 00:00:00-04:00,2.75,2.9649999141693115,2.700000047683716,2.859999895095825,31600,0.0,0.0
2023-05-19 00:00:00-04:00,2.819999933242798,3.1500000953674316,2.819999933242798,2.9800000190734863,48700,0.0,0.0
2023-05-22 00:00:00-04:00,2.990000009536743,3.059999942779541,2.940000057220459,2.9700000286102295,28400,0.0,0.0
2023-05-23 00:00:00-04:00,3.009999990463257,3.075000047683716,2.950000047683716,2.994999885559082,8200,0.0,0.0
2023-05-24 00:00:00-04:00,3.049999952316284,3.0899999141693115,2.930000066757202,2.9600000381469727,15800,0.0,0.0
2023-05-25 00:00:00-04:00,3.0399999618530273,3.0999999046325684,2.940000057220459,3.0899999141693115,41600,0.0,0.0
2023-05-26 00:00:00-04:00,3.0999999046325684,3.0999999046325684,2.9000000953674316,3.0399999618530273,19900,0.0,0.0
2023-05-30 00:00:00-04:00,3.0199999809265137,3.0899999141693115,2.9519999027252197,3.009999990463257,27200,0.0,0.0
2023-05-31 00:00:00-04:00,2.9200000762939453,3.069999933242798,2.9200000762939453,2.990000009536743,23000,0.0,0.0
2023-06-01 00:00:00-04:00,2.930000066757202,3.0999999046325684,2.930000066757202,3.0799999237060547,21700,0.0,0.0
2023-06-02 00:00:00-04:00,3.0799999237060547,3.5239999294281006,3.0429999828338623,3.3499999046325684,82600,0.0,0.0
2023-06-05 00:00:00-04:00,3.2699999809265137,3.369999885559082,3.190000057220459,3.2799999713897705,10100,0.0,0.0
2023-06-06 00:00:00-04:00,3.130000114440918,3.4600000381469727,3.109999895095825,3.4000000953674316,17600,0.0,0.0
2023-06-07 00:00:00-04:00,3.2699999809265137,3.7790000438690186,3.2699999809265137,3.5999999046325684,93100,0.0,0.0
2023-06-08 00:00:00-04:00,3.799999952316284,3.9100000858306885,3.5980000495910645,3.880000114440918,36200,0.0,0.0
2023-06-09 00:00:00-04:00,3.9000000953674316,4.170000076293945,3.7699999809265137,3.890000104904175,40100,0.0,0.0
2023-06-12 00:00:00-04:00,4.050000190734863,4.050000190734863,3.630000114440918,3.6600000858306885,46200,0.0,0.0
2023-06-13 00:00:00-04:00,3.8399999141693115,3.8399999141693115,3.5399999618530273,3.6700000762939453,22000,0.0,0.0
2023-06-14 00:00:00-04:00,3.7300000190734863,3.7300000190734863,3.3299999237060547,3.440000057220459,54600,0.0,0.0
2023-06-15 00:00:00-04:00,3.5199999809265137,3.559999942779541,3.0999999046325684,3.140000104904175,56000,0.0,0.0
2023-06-16 00:00:00-04:00,3.1600000858306885,3.3289999961853027,2.9700000286102295,3.0850000381469727,93600,0.0,0.0
2023-06-20 00:00:00-04:00,3.059999942779541,3.196000099182129,2.9000000953674316,2.9800000190734863,81200,0.0,0.0
2023-06-21 00:00:00-04:00,3.0,3.0,2.9000000953674316,2.9100000858306885,31500,0.0,0.0
2023-06-22 00:00:00-04:00,2.9800000190734863,2.984999895095825,2.819999933242798,2.9600000381469727,29700,0.0,0.0
2023-06-23 00:00:00-04:00,2.9600000381469727,3.049999952316284,2.8499999046325684,2.990000009536743,22400,0.0,0.0
2023-06-26 00:00:00-04:00,3.0299999713897705,3.0299999713897705,2.880000114440918,2.9200000762939453,10900,0.0,0.0
2023-06-27 00:00:00-04:00,2.930000066757202,3.0199999809265137,2.822000026702881,2.930000066757202,11700,0.0,0.0
2023-06-28 00:00:00-04:00,3.0,3.140000104904175,2.950000047683716,3.069999933242798,28100,0.0,0.0
2023-06-29 00:00:00-04:00,3.0510001182556152,3.1480000019073486,3.0510001182556152,3.119999885559082,10300,0.0,0.0
2023-06-30 00:00:00-04:00,3.1500000953674316,3.1500000953674316,3.049999952316284,3.0999999046325684,11600,0.0,0.0
2023-07-03 00:00:00-04:00,3.1700000762939453,3.1700000762939453,2.9700000286102295,3.0799999237060547,27900,0.0,0.0
2023-07-05 00:00:00-04:00,3.0299999713897705,3.049999952316284,2.944000005722046,2.996000051498413,46200,0.0,0.0
2023-07-06 00:00:00-04:00,3.0899999141693115,3.0899999141693115,2.8499999046325684,2.8499999046325684,28000,0.0,0.0
2023-07-07 00:00:00-04:00,3.0399999618530273,3.0399999618530273,2.8499999046325684,2.9000000953674316,11500,0.0,0.0
2023-07-10 00:00:00-04:00,2.990000009536743,3.0,2.8610000610351562,2.869999885559082,25100,0.0,0.0
2023-07-11 00:00:00-04:00,2.8499999046325684,2.930999994277954,2.75,2.930000066757202,25200,0.0,0.0
2023-07-12 00:00:00-04:00,2.9600000381469727,2.9600000381469727,2.7899999618530273,2.859999895095825,21000,0.0,0.0
2023-07-13 00:00:00-04:00,2.8399999141693115,2.869999885559082,2.7660000324249268,2.799999952316284,17400,0.0,0.0
2023-07-14 00:00:00-04:00,2.8399999141693115,2.8399999141693115,2.7300000190734863,2.740000009536743,26900,0.0,0.0
2023-07-17 00:00:00-04:00,2.700000047683716,2.8399999141693115,2.700000047683716,2.740000009536743,34600,0.0,0.0
2023-07-18 00:00:00-04:00,2.7100000381469727,2.75,2.700000047683716,2.70989990234375,9606,0.0,0.0
