Date,Open,High,Low,Close,Volume,Dividends,Stock Splits
2021-11-30 00:00:00-05:00,9.569999694824219,10.050000190734863,9.569999694824219,10.050000190734863,200,0.0,0.0
2021-12-01 00:00:00-05:00,10.020000457763672,10.020000457763672,9.697999954223633,9.699999809265137,19500,0.0,0.0
2021-12-02 00:00:00-05:00,9.699999809265137,9.699999809265137,9.699999809265137,9.699999809265137,100,0.0,0.0
2021-12-03 00:00:00-05:00,9.699999809265137,9.699999809265137,9.699999809265137,9.699999809265137,0,0.0,0.0
2021-12-06 00:00:00-05:00,9.84000015258789,9.84000015258789,9.84000015258789,9.84000015258789,100,0.0,0.0
2021-12-07 00:00:00-05:00,9.670000076293945,9.717000007629395,9.670000076293945,9.670000076293945,24200,0.0,0.0
2021-12-08 00:00:00-05:00,9.670000076293945,9.670000076293945,9.670000076293945,9.670000076293945,0,0.0,0.0
2021-12-09 00:00:00-05:00,9.65999984741211,9.680000305175781,9.640000343322754,9.670000076293945,88200,0.0,0.0
2021-12-10 00:00:00-05:00,9.65999984741211,9.65999984741211,9.640000343322754,9.640000343322754,500,0.0,0.0
2021-12-13 00:00:00-05:00,9.640000343322754,9.649999618530273,9.640000343322754,9.640000343322754,87500,0.0,0.0
2021-12-14 00:00:00-05:00,9.800000190734863,9.800000190734863,9.760000228881836,9.800000190734863,7800,0.0,0.0
2021-12-15 00:00:00-05:00,9.670000076293945,9.680000305175781,9.670000076293945,9.680000305175781,10400,0.0,0.0
2021-12-16 00:00:00-05:00,9.645000457763672,9.670000076293945,9.645000457763672,9.65999984741211,24400,0.0,0.0
2021-12-17 00:00:00-05:00,9.649999618530273,9.649999618530273,9.635000228881836,9.635000228881836,600,0.0,0.0
2021-12-20 00:00:00-05:00,9.640000343322754,9.640000343322754,9.630000114440918,9.630000114440918,2500,0.0,0.0
2021-12-21 00:00:00-05:00,9.640000343322754,9.65999984741211,9.630000114440918,9.65999984741211,5400,0.0,0.0
2021-12-22 00:00:00-05:00,9.670000076293945,9.670000076293945,9.670000076293945,9.670000076293945,200,0.0,0.0
2021-12-23 00:00:00-05:00,9.670000076293945,9.670000076293945,9.664999961853027,9.670000076293945,2000,0.0,0.0
2021-12-27 00:00:00-05:00,9.779999732971191,9.779999732971191,9.640000343322754,9.640000343322754,5600,0.0,0.0
2021-12-28 00:00:00-05:00,9.65999984741211,9.65999984741211,9.645000457763672,9.645000457763672,5100,0.0,0.0
2021-12-29 00:00:00-05:00,9.645000457763672,9.645000457763672,9.645000457763672,9.645000457763672,0,0.0,0.0
2021-12-30 00:00:00-05:00,9.649999618530273,9.649999618530273,9.649999618530273,9.649999618530273,2000,0.0,0.0
2021-12-31 00:00:00-05:00,9.65999984741211,9.65999984741211,9.640000343322754,9.640000343322754,800,0.0,0.0
2022-01-03 00:00:00-05:00,9.65999984741211,9.680000305175781,9.630000114440918,9.65999984741211,6300,0.0,0.0
2022-01-04 00:00:00-05:00,9.65999984741211,9.65999984741211,9.65999984741211,9.65999984741211,0,0.0,0.0
2022-01-05 00:00:00-05:00,9.649999618530273,9.649999618530273,9.619999885559082,9.649999618530273,49400,0.0,0.0
2022-01-06 00:00:00-05:00,9.649999618530273,9.649999618530273,9.649999618530273,9.649999618530273,389600,0.0,0.0
2022-01-07 00:00:00-05:00,9.649999618530273,9.670000076293945,9.649999618530273,9.670000076293945,2000,0.0,0.0
2022-01-10 00:00:00-05:00,9.649999618530273,9.680000305175781,9.649999618530273,9.680000305175781,1500,0.0,0.0
2022-01-11 00:00:00-05:00,9.680000305175781,9.680000305175781,9.680000305175781,9.680000305175781,8700,0.0,0.0
2022-01-12 00:00:00-05:00,9.680000305175781,9.725000381469727,9.680000305175781,9.680000305175781,205800,0.0,0.0
2022-01-13 00:00:00-05:00,9.75,9.75,9.729999542236328,9.729999542236328,2500,0.0,0.0
2022-01-14 00:00:00-05:00,9.720000267028809,9.720000267028809,9.720000267028809,9.720000267028809,200000,0.0,0.0
2022-01-18 00:00:00-05:00,9.720000267028809,9.729999542236328,9.6899995803833,9.720000267028809,1400,0.0,0.0
2022-01-19 00:00:00-05:00,9.680000305175781,9.680000305175781,9.680000305175781,9.680000305175781,5000,0.0,0.0
2022-01-20 00:00:00-05:00,9.680000305175781,9.680000305175781,9.680000305175781,9.680000305175781,0,0.0,0.0
2022-01-21 00:00:00-05:00,9.680000305175781,9.680000305175781,9.680000305175781,9.680000305175781,0,0.0,0.0
2022-01-24 00:00:00-05:00,9.65999984741211,9.65999984741211,9.65999984741211,9.65999984741211,400,0.0,0.0
2022-01-25 00:00:00-05:00,9.630000114440918,9.630000114440918,9.630000114440918,9.630000114440918,200,0.0,0.0
2022-01-26 00:00:00-05:00,9.630000114440918,9.630000114440918,9.630000114440918,9.630000114440918,1000,0.0,0.0
2022-01-27 00:00:00-05:00,9.600000381469727,9.600000381469727,9.600000381469727,9.600000381469727,200,0.0,0.0
2022-01-28 00:00:00-05:00,9.600000381469727,9.600000381469727,9.600000381469727,9.600000381469727,0,0.0,0.0
2022-01-31 00:00:00-05:00,9.600000381469727,9.600000381469727,9.600000381469727,9.600000381469727,700,0.0,0.0
2022-02-01 00:00:00-05:00,9.630000114440918,9.65999984741211,9.630000114440918,9.645000457763672,21100,0.0,0.0
2022-02-02 00:00:00-05:00,9.649999618530273,9.65999984741211,9.649999618530273,9.65999984741211,1500,0.0,0.0
2022-02-03 00:00:00-05:00,9.65999984741211,9.65999984741211,9.65999984741211,9.65999984741211,0,0.0,0.0
2022-02-04 00:00:00-05:00,9.640000343322754,9.640000343322754,9.640000343322754,9.640000343322754,400,0.0,0.0
2022-02-07 00:00:00-05:00,9.630000114440918,9.630000114440918,9.630000114440918,9.630000114440918,20000,0.0,0.0
2022-02-08 00:00:00-05:00,9.630000114440918,9.630000114440918,9.630000114440918,9.630000114440918,100,0.0,0.0
2022-02-09 00:00:00-05:00,9.649999618530273,9.649999618530273,9.640000343322754,9.649999618530273,5100,0.0,0.0
2022-02-10 00:00:00-05:00,9.649999618530273,9.649999618530273,9.649999618530273,9.649999618530273,0,0.0,0.0
2022-02-11 00:00:00-05:00,9.630000114440918,9.630000114440918,9.630000114440918,9.630000114440918,100,0.0,0.0
2022-02-14 00:00:00-05:00,9.630000114440918,9.630000114440918,9.630000114440918,9.630000114440918,0,0.0,0.0
2022-02-15 00:00:00-05:00,9.630000114440918,9.630000114440918,9.630000114440918,9.630000114440918,0,0.0,0.0
2022-02-16 00:00:00-05:00,9.630000114440918,9.630000114440918,9.630000114440918,9.630000114440918,0,0.0,0.0
2022-02-17 00:00:00-05:00,9.630000114440918,9.640000343322754,9.630000114440918,9.640000343322754,1700,0.0,0.0
2022-02-18 00:00:00-05:00,9.630000114440918,9.630000114440918,9.630000114440918,9.630000114440918,1000,0.0,0.0
2022-02-22 00:00:00-05:00,9.630000114440918,9.649999618530273,9.630000114440918,9.649999618530273,900,0.0,0.0
2022-02-23 00:00:00-05:00,9.649999618530273,9.649999618530273,9.649999618530273,9.649999618530273,0,0.0,0.0
2022-02-24 00:00:00-05:00,9.649999618530273,9.649999618530273,9.649999618530273,9.649999618530273,0,0.0,0.0
2022-02-25 00:00:00-05:00,9.649999618530273,9.649999618530273,9.649999618530273,9.649999618530273,0,0.0,0.0
2022-02-28 00:00:00-05:00,9.609999656677246,9.609999656677246,9.609999656677246,9.609999656677246,25900,0.0,0.0
2022-03-01 00:00:00-05:00,9.649999618530273,9.649999618530273,9.59000015258789,9.649999618530273,18600,0.0,0.0
2022-03-02 00:00:00-05:00,9.649999618530273,9.649999618530273,9.649999618530273,9.649999618530273,0,0.0,0.0
2022-03-03 00:00:00-05:00,9.699999809265137,9.699999809265137,9.649999618530273,9.649999618530273,1400,0.0,0.0
2022-03-04 00:00:00-05:00,9.649999618530273,9.649999618530273,9.649999618530273,9.649999618530273,0,0.0,0.0
2022-03-07 00:00:00-05:00,9.680000305175781,9.680000305175781,9.680000305175781,9.680000305175781,100,0.0,0.0
2022-03-08 00:00:00-05:00,9.678999900817871,9.678999900817871,9.654999732971191,9.654999732971191,600,0.0,0.0
2022-03-09 00:00:00-05:00,9.630000114440918,9.630000114440918,9.630000114440918,9.630000114440918,2000,0.0,0.0
2022-03-10 00:00:00-05:00,9.609999656677246,9.609999656677246,9.600000381469727,9.609999656677246,5200,0.0,0.0
2022-03-11 00:00:00-05:00,9.609999656677246,9.609999656677246,9.609999656677246,9.609999656677246,0,0.0,0.0
2022-03-14 00:00:00-04:00,9.670000076293945,9.670000076293945,9.670000076293945,9.670000076293945,100,0.0,0.0
2022-03-15 00:00:00-04:00,9.670000076293945,9.670000076293945,9.670000076293945,9.670000076293945,0,0.0,0.0
2022-03-16 00:00:00-04:00,9.670000076293945,9.670000076293945,9.670000076293945,9.670000076293945,100,0.0,0.0
2022-03-17 00:00:00-04:00,9.670000076293945,9.670000076293945,9.670000076293945,9.670000076293945,0,0.0,0.0
2022-03-18 00:00:00-04:00,9.670000076293945,9.670000076293945,9.670000076293945,9.670000076293945,0,0.0,0.0
2022-03-21 00:00:00-04:00,9.619999885559082,9.649999618530273,9.600000381469727,9.609999656677246,15100,0.0,0.0
2022-03-22 00:00:00-04:00,9.609999656677246,9.640000343322754,9.609999656677246,9.619999885559082,214500,0.0,0.0
2022-03-23 00:00:00-04:00,9.619999885559082,9.619999885559082,9.619999885559082,9.619999885559082,0,0.0,0.0
2022-03-24 00:00:00-04:00,9.640000343322754,9.640000343322754,9.640000343322754,9.640000343322754,100,0.0,0.0
2022-03-25 00:00:00-04:00,9.640000343322754,9.640000343322754,9.640000343322754,9.640000343322754,0,0.0,0.0
2022-03-28 00:00:00-04:00,9.609999656677246,9.65999984741211,9.609999656677246,9.630000114440918,300,0.0,0.0
2022-03-29 00:00:00-04:00,9.630000114440918,9.630000114440918,9.630000114440918,9.630000114440918,0,0.0,0.0
2022-03-30 00:00:00-04:00,9.630000114440918,9.65999984741211,9.630000114440918,9.649999618530273,1200,0.0,0.0
2022-03-31 00:00:00-04:00,9.600000381469727,9.640000343322754,9.600000381469727,9.640000343322754,15000,0.0,0.0
2022-04-01 00:00:00-04:00,9.640000343322754,9.640000343322754,9.640000343322754,9.640000343322754,0,0.0,0.0
2022-04-04 00:00:00-04:00,9.609999656677246,9.649999618530273,9.609999656677246,9.640000343322754,51600,0.0,0.0
2022-04-05 00:00:00-04:00,9.619999885559082,9.630000114440918,9.619999885559082,9.619999885559082,212400,0.0,0.0
2022-04-06 00:00:00-04:00,9.619999885559082,9.619999885559082,9.619999885559082,9.619999885559082,243200,0.0,0.0
2022-04-07 00:00:00-04:00,9.649999618530273,9.65999984741211,9.649999618530273,9.65999984741211,577300,0.0,0.0
2022-04-08 00:00:00-04:00,9.65999984741211,9.65999984741211,9.65999984741211,9.65999984741211,250000,0.0,0.0
2022-04-11 00:00:00-04:00,9.65999984741211,9.65999984741211,9.65999984741211,9.65999984741211,0,0.0,0.0
2022-04-12 00:00:00-04:00,9.65999984741211,9.65999984741211,9.65999984741211,9.65999984741211,0,0.0,0.0
2022-04-13 00:00:00-04:00,9.65999984741211,9.65999984741211,9.649999618530273,9.65999984741211,43400,0.0,0.0
2022-04-14 00:00:00-04:00,9.670000076293945,9.670000076293945,9.630000114440918,9.635000228881836,155200,0.0,0.0
2022-04-18 00:00:00-04:00,9.65999984741211,9.670000076293945,9.630000114440918,9.630000114440918,719500,0.0,0.0
2022-04-19 00:00:00-04:00,9.630000114440918,9.630000114440918,9.630000114440918,9.630000114440918,0,0.0,0.0
2022-04-20 00:00:00-04:00,9.654999732971191,9.670000076293945,9.654999732971191,9.670000076293945,8000,0.0,0.0
2022-04-21 00:00:00-04:00,9.680000305175781,9.680000305175781,9.680000305175781,9.680000305175781,6300,0.0,0.0
2022-04-22 00:00:00-04:00,9.680000305175781,9.680000305175781,9.680000305175781,9.680000305175781,0,0.0,0.0
2022-04-25 00:00:00-04:00,9.680000305175781,9.680000305175781,9.680000305175781,9.680000305175781,600,0.0,0.0
2022-04-26 00:00:00-04:00,9.670000076293945,9.670000076293945,9.670000076293945,9.670000076293945,116800,0.0,0.0
2022-04-27 00:00:00-04:00,9.670000076293945,9.6899995803833,9.670000076293945,9.6899995803833,686500,0.0,0.0
2022-04-28 00:00:00-04:00,9.680000305175781,9.699999809265137,9.680000305175781,9.6899995803833,279900,0.0,0.0
2022-04-29 00:00:00-04:00,9.6899995803833,9.699999809265137,9.6899995803833,9.6899995803833,222800,0.0,0.0
2022-05-02 00:00:00-04:00,9.675000190734863,9.675000190734863,9.675000190734863,9.675000190734863,7000,0.0,0.0
2022-05-03 00:00:00-04:00,9.680000305175781,9.680000305175781,9.680000305175781,9.680000305175781,1000,0.0,0.0
2022-05-04 00:00:00-04:00,9.6899995803833,9.6899995803833,9.680000305175781,9.680000305175781,160800,0.0,0.0
2022-05-05 00:00:00-04:00,9.680000305175781,9.680000305175781,9.670000076293945,9.680000305175781,76100,0.0,0.0
2022-05-06 00:00:00-04:00,9.680000305175781,9.680000305175781,9.670000076293945,9.680000305175781,64300,0.0,0.0
2022-05-09 00:00:00-04:00,9.670000076293945,9.670000076293945,9.670000076293945,9.670000076293945,65000,0.0,0.0
2022-05-10 00:00:00-04:00,9.630000114440918,9.630000114440918,9.630000114440918,9.630000114440918,200,0.0,0.0
2022-05-11 00:00:00-04:00,9.630000114440918,9.649999618530273,9.630000114440918,9.649999618530273,10400,0.0,0.0
2022-05-12 00:00:00-04:00,9.649999618530273,9.649999618530273,9.649999618530273,9.649999618530273,0,0.0,0.0
2022-05-13 00:00:00-04:00,9.649999618530273,9.649999618530273,9.649999618530273,9.649999618530273,0,0.0,0.0
2022-05-16 00:00:00-04:00,9.649999618530273,9.649999618530273,9.649999618530273,9.649999618530273,0,0.0,0.0
2022-05-17 00:00:00-04:00,9.600000381469727,9.600000381469727,9.600000381469727,9.600000381469727,1183000,0.0,0.0
2022-05-18 00:00:00-04:00,9.600000381469727,9.600000381469727,9.600000381469727,9.600000381469727,0,0.0,0.0
2022-05-19 00:00:00-04:00,9.600000381469727,9.600000381469727,9.600000381469727,9.600000381469727,50200,0.0,0.0
2022-05-20 00:00:00-04:00,9.600000381469727,9.600000381469727,9.600000381469727,9.600000381469727,0,0.0,0.0
2022-05-23 00:00:00-04:00,9.65999984741211,9.65999984741211,9.65999984741211,9.65999984741211,100,0.0,0.0
2022-05-24 00:00:00-04:00,9.65999984741211,9.65999984741211,9.65999984741211,9.65999984741211,0,0.0,0.0
2022-05-25 00:00:00-04:00,9.65999984741211,9.65999984741211,9.65999984741211,9.65999984741211,0,0.0,0.0
2022-05-26 00:00:00-04:00,9.65999984741211,9.680000305175781,9.65999984741211,9.680000305175781,30300,0.0,0.0
2022-05-27 00:00:00-04:00,9.680000305175781,9.680000305175781,9.680000305175781,9.680000305175781,0,0.0,0.0
2022-05-31 00:00:00-04:00,9.680000305175781,9.680000305175781,9.600000381469727,9.619999885559082,889400,0.0,0.0
2022-06-01 00:00:00-04:00,9.640000343322754,9.640000343322754,9.619999885559082,9.619999885559082,27900,0.0,0.0
2022-06-02 00:00:00-04:00,9.619999885559082,9.619999885559082,9.619999885559082,9.619999885559082,200,0.0,0.0
2022-06-03 00:00:00-04:00,9.619999885559082,9.619999885559082,9.619999885559082,9.619999885559082,100000,0.0,0.0
2022-06-06 00:00:00-04:00,9.619999885559082,9.640000343322754,9.609999656677246,9.640000343322754,33800,0.0,0.0
2022-06-07 00:00:00-04:00,9.649999618530273,9.649999618530273,9.649999618530273,9.649999618530273,200,0.0,0.0
2022-06-08 00:00:00-04:00,9.619999885559082,9.640000343322754,9.619999885559082,9.619999885559082,7700,0.0,0.0
2022-06-09 00:00:00-04:00,9.619999885559082,9.640000343322754,9.619999885559082,9.619999885559082,24200,0.0,0.0
2022-06-10 00:00:00-04:00,9.619999885559082,9.619999885559082,9.619999885559082,9.619999885559082,200,0.0,0.0
2022-06-13 00:00:00-04:00,9.65999984741211,9.65999984741211,9.65999984741211,9.65999984741211,300,0.0,0.0
2022-06-14 00:00:00-04:00,9.65999984741211,9.65999984741211,9.65999984741211,9.65999984741211,0,0.0,0.0
2022-06-15 00:00:00-04:00,9.640000343322754,9.649999618530273,9.640000343322754,9.649999618530273,300,0.0,0.0
2022-06-16 00:00:00-04:00,9.619999885559082,9.619999885559082,9.619999885559082,9.619999885559082,7400,0.0,0.0
2022-06-17 00:00:00-04:00,9.619999885559082,9.619999885559082,9.619999885559082,9.619999885559082,0,0.0,0.0
2022-06-21 00:00:00-04:00,9.619999885559082,9.619999885559082,9.619999885559082,9.619999885559082,0,0.0,0.0
2022-06-22 00:00:00-04:00,9.640000343322754,9.640000343322754,9.640000343322754,9.640000343322754,100,0.0,0.0
2022-06-23 00:00:00-04:00,9.640000343322754,9.640000343322754,9.640000343322754,9.640000343322754,0,0.0,0.0
2022-06-24 00:00:00-04:00,9.640000343322754,9.640000343322754,9.640000343322754,9.640000343322754,100,0.0,0.0
2022-06-27 00:00:00-04:00,9.645000457763672,9.649999618530273,9.630000114440918,9.630000114440918,7800,0.0,0.0
2022-06-28 00:00:00-04:00,9.640000343322754,9.640000343322754,9.640000343322754,9.640000343322754,200,0.0,0.0
2022-06-29 00:00:00-04:00,9.640000343322754,9.640000343322754,9.640000343322754,9.640000343322754,0,0.0,0.0
2022-06-30 00:00:00-04:00,9.640000343322754,9.654999732971191,9.630000114440918,9.630000114440918,20400,0.0,0.0
2022-07-01 00:00:00-04:00,9.630000114440918,9.630000114440918,9.630000114440918,9.630000114440918,0,0.0,0.0
2022-07-05 00:00:00-04:00,9.649999618530273,9.649999618530273,9.630000114440918,9.640000343322754,1900,0.0,0.0
2022-07-06 00:00:00-04:00,9.640000343322754,9.640000343322754,9.640000343322754,9.640000343322754,0,0.0,0.0
2022-07-07 00:00:00-04:00,9.65999984741211,9.65999984741211,9.609999656677246,9.609999656677246,400,0.0,0.0
2022-07-08 00:00:00-04:00,9.619999885559082,9.619999885559082,9.619999885559082,9.619999885559082,25000,0.0,0.0
2022-07-11 00:00:00-04:00,9.649999618530273,9.670000076293945,9.649999618530273,9.65999984741211,7300,0.0,0.0
2022-07-12 00:00:00-04:00,9.65999984741211,9.65999984741211,9.65999984741211,9.65999984741211,0,0.0,0.0
2022-07-13 00:00:00-04:00,9.65999984741211,9.65999984741211,9.65999984741211,9.65999984741211,0,0.0,0.0
2022-07-14 00:00:00-04:00,9.670000076293945,9.699999809265137,9.649999618530273,9.699999809265137,18000,0.0,0.0
2022-07-15 00:00:00-04:00,9.699999809265137,9.699999809265137,9.699999809265137,9.699999809265137,0,0.0,0.0
2022-07-18 00:00:00-04:00,9.699999809265137,9.699999809265137,9.699999809265137,9.699999809265137,0,0.0,0.0
2022-07-19 00:00:00-04:00,9.670000076293945,9.6899995803833,9.670000076293945,9.6899995803833,973000,0.0,0.0
2022-07-20 00:00:00-04:00,9.6899995803833,9.6899995803833,9.670000076293945,9.670000076293945,275500,0.0,0.0
2022-07-21 00:00:00-04:00,9.670000076293945,9.670000076293945,9.670000076293945,9.670000076293945,0,0.0,0.0
2022-07-22 00:00:00-04:00,9.670000076293945,9.670000076293945,9.670000076293945,9.670000076293945,0,0.0,0.0
2022-07-25 00:00:00-04:00,9.670000076293945,9.670000076293945,9.670000076293945,9.670000076293945,0,0.0,0.0
2022-07-26 00:00:00-04:00,9.670000076293945,9.670000076293945,9.670000076293945,9.670000076293945,0,0.0,0.0
2022-07-27 00:00:00-04:00,9.699999809265137,9.760000228881836,9.699999809265137,9.720000267028809,54000,0.0,0.0
2022-07-28 00:00:00-04:00,9.720000267028809,9.720000267028809,9.699999809265137,9.710000038146973,380300,0.0,0.0
2022-07-29 00:00:00-04:00,9.710000038146973,9.710000038146973,9.710000038146973,9.710000038146973,0,0.0,0.0
2022-08-01 00:00:00-04:00,9.720000267028809,9.720000267028809,9.699999809265137,9.710000038146973,328200,0.0,0.0
2022-08-02 00:00:00-04:00,9.710000038146973,9.729999542236328,9.710000038146973,9.729999542236328,176900,0.0,0.0
2022-08-03 00:00:00-04:00,9.729999542236328,9.729999542236328,9.729999542236328,9.729999542236328,5300,0.0,0.0
2022-08-04 00:00:00-04:00,9.649999618530273,9.649999618530273,9.649999618530273,9.649999618530273,400,0.0,0.0
2022-08-05 00:00:00-04:00,9.649999618530273,9.649999618530273,9.649999618530273,9.649999618530273,0,0.0,0.0
2022-08-08 00:00:00-04:00,9.6899995803833,9.6899995803833,9.6899995803833,9.6899995803833,200500,0.0,0.0
2022-08-09 00:00:00-04:00,9.6899995803833,9.6899995803833,9.6899995803833,9.6899995803833,18400,0.0,0.0
2022-08-10 00:00:00-04:00,9.6899995803833,9.6899995803833,9.6899995803833,9.6899995803833,0,0.0,0.0
2022-08-11 00:00:00-04:00,9.6899995803833,9.6899995803833,9.6899995803833,9.6899995803833,0,0.0,0.0
2022-08-12 00:00:00-04:00,9.6899995803833,9.6899995803833,9.6899995803833,9.6899995803833,0,0.0,0.0
2022-08-15 00:00:00-04:00,9.6899995803833,9.6899995803833,9.6899995803833,9.6899995803833,0,0.0,0.0
2022-08-16 00:00:00-04:00,9.710000038146973,9.710000038146973,9.710000038146973,9.710000038146973,1700,0.0,0.0
2022-08-17 00:00:00-04:00,9.6899995803833,9.6899995803833,9.6899995803833,9.6899995803833,275000,0.0,0.0
2022-08-18 00:00:00-04:00,9.6899995803833,9.6899995803833,9.6899995803833,9.6899995803833,0,0.0,0.0
2022-08-19 00:00:00-04:00,9.6899995803833,9.6899995803833,9.6899995803833,9.6899995803833,0,0.0,0.0
2022-08-22 00:00:00-04:00,9.640000343322754,9.640000343322754,9.640000343322754,9.640000343322754,200,0.0,0.0
2022-08-23 00:00:00-04:00,9.65999984741211,9.65999984741211,9.65999984741211,9.65999984741211,600,0.0,0.0
2022-08-24 00:00:00-04:00,9.65999984741211,9.65999984741211,9.65999984741211,9.65999984741211,600,0.0,0.0
2022-08-25 00:00:00-04:00,9.720000267028809,9.720000267028809,9.720000267028809,9.720000267028809,500000,0.0,0.0
2022-08-26 00:00:00-04:00,9.699999809265137,9.699999809265137,9.699999809265137,9.699999809265137,11300,0.0,0.0
2022-08-29 00:00:00-04:00,9.699999809265137,9.699999809265137,9.699999809265137,9.699999809265137,0,0.0,0.0
2022-08-30 00:00:00-04:00,9.699999809265137,9.710000038146973,9.699999809265137,9.710000038146973,213600,0.0,0.0
2022-08-31 00:00:00-04:00,9.710000038146973,9.710000038146973,9.710000038146973,9.710000038146973,0,0.0,0.0
2022-09-01 00:00:00-04:00,9.720000267028809,9.720000267028809,9.720000267028809,9.720000267028809,100,0.0,0.0
2022-09-02 00:00:00-04:00,9.729999542236328,9.729999542236328,9.729999542236328,9.729999542236328,600,0.0,0.0
2022-09-06 00:00:00-04:00,9.770000457763672,9.770000457763672,9.729999542236328,9.760000228881836,1050400,0.0,0.0
2022-09-07 00:00:00-04:00,9.755000114440918,9.755000114440918,9.75,9.75,3300,0.0,0.0
2022-09-08 00:00:00-04:00,9.720000267028809,9.720000267028809,9.720000267028809,9.720000267028809,3100,0.0,0.0
2022-09-09 00:00:00-04:00,9.710000038146973,9.710000038146973,9.699999809265137,9.699999809265137,2800,0.0,0.0
2022-09-12 00:00:00-04:00,9.729999542236328,9.760000228881836,9.720000267028809,9.760000228881836,2500,0.0,0.0
2022-09-13 00:00:00-04:00,9.760000228881836,9.760000228881836,9.760000228881836,9.760000228881836,0,0.0,0.0
2022-09-14 00:00:00-04:00,9.729999542236328,9.75,9.710000038146973,9.739999771118164,311500,0.0,0.0
2022-09-15 00:00:00-04:00,9.75,9.755000114440918,9.75,9.755000114440918,19300,0.0,0.0
2022-09-16 00:00:00-04:00,9.789999961853027,9.789999961853027,9.75,9.75,599900,0.0,0.0
2022-09-19 00:00:00-04:00,9.819999694824219,9.819999694824219,9.729999542236328,9.734999656677246,18500,0.0,0.0
2022-09-20 00:00:00-04:00,9.739999771118164,9.739999771118164,9.739999771118164,9.739999771118164,25000,0.0,0.0
2022-09-21 00:00:00-04:00,9.765000343322754,9.789999961853027,9.760000228881836,9.760000228881836,11200,0.0,0.0
2022-09-22 00:00:00-04:00,9.760000228881836,9.760000228881836,9.760000228881836,9.760000228881836,39000,0.0,0.0
2022-09-23 00:00:00-04:00,9.789999961853027,9.789999961853027,9.739999771118164,9.739999771118164,3700,0.0,0.0
2022-09-26 00:00:00-04:00,9.670000076293945,9.739999771118164,9.670000076293945,9.739999771118164,800,0.0,0.0
2022-09-27 00:00:00-04:00,9.739999771118164,9.739999771118164,9.710000038146973,9.729999542236328,47300,0.0,0.0
2022-09-28 00:00:00-04:00,9.739999771118164,9.760000228881836,9.739999771118164,9.739999771118164,402400,0.0,0.0
2022-09-29 00:00:00-04:00,9.760000228881836,9.770000457763672,9.720000267028809,9.729999542236328,513200,0.0,0.0
2022-09-30 00:00:00-04:00,9.760000228881836,9.770000457763672,9.739999771118164,9.755000114440918,123400,0.0,0.0
2022-10-03 00:00:00-04:00,9.84000015258789,9.84000015258789,9.739999771118164,9.739999771118164,6700,0.0,0.0
2022-10-04 00:00:00-04:00,9.739999771118164,9.770000457763672,9.739999771118164,9.770000457763672,17600,0.0,0.0
2022-10-05 00:00:00-04:00,9.760000228881836,9.779999732971191,9.760000228881836,9.779999732971191,24700,0.0,0.0
2022-10-06 00:00:00-04:00,9.779999732971191,9.779999732971191,9.779999732971191,9.779999732971191,150000,0.0,0.0
2022-10-07 00:00:00-04:00,9.779999732971191,9.779999732971191,9.779999732971191,9.779999732971191,0,0.0,0.0
2022-10-10 00:00:00-04:00,9.779999732971191,9.779999732971191,9.779999732971191,9.779999732971191,0,0.0,0.0
2022-10-11 00:00:00-04:00,9.8100004196167,9.829999923706055,9.779999732971191,9.779999732971191,1289800,0.0,0.0
2022-10-12 00:00:00-04:00,9.779999732971191,9.779999732971191,9.779999732971191,9.779999732971191,0,0.0,0.0
2022-10-13 00:00:00-04:00,9.779999732971191,9.789999961853027,9.779999732971191,9.789999961853027,111100,0.0,0.0
2022-10-14 00:00:00-04:00,9.789999961853027,9.789999961853027,9.789999961853027,9.789999961853027,0,0.0,0.0
2022-10-17 00:00:00-04:00,9.789999961853027,9.795000076293945,9.789999961853027,9.789999961853027,566000,0.0,0.0
2022-10-18 00:00:00-04:00,9.8100004196167,9.8100004196167,9.8100004196167,9.8100004196167,3100,0.0,0.0
2022-10-19 00:00:00-04:00,9.819999694824219,9.829999923706055,9.789999961853027,9.789999961853027,2200,0.0,0.0
2022-10-20 00:00:00-04:00,9.789999961853027,9.789999961853027,9.789999961853027,9.789999961853027,0,0.0,0.0
2022-10-21 00:00:00-04:00,9.789999961853027,9.789999961853027,9.789999961853027,9.789999961853027,0,0.0,0.0
2022-10-24 00:00:00-04:00,9.789999961853027,9.789999961853027,9.789999961853027,9.789999961853027,0,0.0,0.0
2022-10-25 00:00:00-04:00,9.789999961853027,9.789999961853027,9.789999961853027,9.789999961853027,53000,0.0,0.0
2022-10-26 00:00:00-04:00,9.850000381469727,9.850000381469727,9.850000381469727,9.850000381469727,100,0.0,0.0
2022-10-27 00:00:00-04:00,9.880000114440918,9.880000114440918,9.845000267028809,9.850000381469727,13400,0.0,0.0
2022-10-28 00:00:00-04:00,9.84000015258789,9.850000381469727,9.84000015258789,9.850000381469727,18500,0.0,0.0
2022-10-31 00:00:00-04:00,9.789999961853027,9.789999961853027,9.789999961853027,9.789999961853027,100,0.0,0.0
2022-11-01 00:00:00-04:00,9.829999923706055,9.835000038146973,9.8100004196167,9.835000038146973,45800,0.0,0.0
2022-11-02 00:00:00-04:00,9.819999694824219,9.819999694824219,9.819999694824219,9.819999694824219,100,0.0,0.0
2022-11-03 00:00:00-04:00,9.829999923706055,9.829999923706055,9.829999923706055,9.829999923706055,100,0.0,0.0
2022-11-04 00:00:00-04:00,9.84000015258789,9.84000015258789,9.84000015258789,9.84000015258789,3200,0.0,0.0
2022-11-07 00:00:00-05:00,9.859999656677246,9.869999885559082,9.850000381469727,9.850000381469727,36700,0.0,0.0
2022-11-08 00:00:00-05:00,9.869999885559082,9.880000114440918,9.869999885559082,9.880000114440918,89600,0.0,0.0
2022-11-09 00:00:00-05:00,9.899999618530273,9.899999618530273,9.899999618530273,9.899999618530273,100,0.0,0.0
2022-11-10 00:00:00-05:00,9.899999618530273,9.899999618530273,9.899999618530273,9.899999618530273,0,0.0,0.0
2022-11-11 00:00:00-05:00,9.880000114440918,9.880000114440918,9.880000114440918,9.880000114440918,300,0.0,0.0
2022-11-14 00:00:00-05:00,9.890000343322754,9.890000343322754,9.890000343322754,9.890000343322754,100,0.0,0.0
2022-11-15 00:00:00-05:00,9.859999656677246,9.859999656677246,9.859999656677246,9.859999656677246,800,0.0,0.0
2022-11-16 00:00:00-05:00,9.859999656677246,9.859999656677246,9.850000381469727,9.850000381469727,75200,0.0,0.0
2022-11-17 00:00:00-05:00,9.850000381469727,9.899999618530273,9.850000381469727,9.899999618530273,11500,0.0,0.0
2022-11-18 00:00:00-05:00,9.90999984741211,9.90999984741211,9.899999618530273,9.899999618530273,1400,0.0,0.0
2022-11-21 00:00:00-05:00,9.899999618530273,9.899999618530273,9.899999618530273,9.899999618530273,600,0.0,0.0
2022-11-22 00:00:00-05:00,9.899999618530273,9.90999984741211,9.899999618530273,9.90999984741211,4400,0.0,0.0
2022-11-23 00:00:00-05:00,9.90999984741211,9.90999984741211,9.90999984741211,9.90999984741211,0,0.0,0.0
2022-11-25 00:00:00-05:00,9.90999984741211,9.90999984741211,9.90999984741211,9.90999984741211,0,0.0,0.0
2022-11-28 00:00:00-05:00,9.90999984741211,9.90999984741211,9.90999984741211,9.90999984741211,0,0.0,0.0
2022-11-29 00:00:00-05:00,9.90999984741211,9.90999984741211,9.90999984741211,9.90999984741211,0,0.0,0.0
2022-11-30 00:00:00-05:00,9.920000076293945,9.920000076293945,9.920000076293945,9.920000076293945,9300,0.0,0.0
2022-12-01 00:00:00-05:00,9.920000076293945,9.920000076293945,9.920000076293945,9.920000076293945,1800,0.0,0.0
2022-12-02 00:00:00-05:00,9.90999984741211,9.9399995803833,9.90999984741211,9.9399995803833,2500,0.0,0.0
2022-12-05 00:00:00-05:00,9.970000267028809,9.970000267028809,9.920000076293945,9.920000076293945,300,0.0,0.0
2022-12-06 00:00:00-05:00,9.90999984741211,9.90999984741211,9.90999984741211,9.90999984741211,10700,0.0,0.0
2022-12-07 00:00:00-05:00,9.920999526977539,9.930000305175781,9.920999526977539,9.930000305175781,700,0.0,0.0
2022-12-08 00:00:00-05:00,9.930000305175781,9.930000305175781,9.930000305175781,9.930000305175781,0,0.0,0.0
2022-12-09 00:00:00-05:00,9.930000305175781,9.930000305175781,9.930000305175781,9.930000305175781,0,0.0,0.0
2022-12-12 00:00:00-05:00,9.9399995803833,9.960000038146973,9.9399995803833,9.9399995803833,2000,0.0,0.0
2022-12-13 00:00:00-05:00,9.930000305175781,9.949999809265137,9.930000305175781,9.9399995803833,16200,0.0,0.0
2022-12-14 00:00:00-05:00,9.9350004196167,9.960000038146973,9.9350004196167,9.960000038146973,2600,0.0,0.0
2022-12-15 00:00:00-05:00,9.949999809265137,9.949999809265137,9.949999809265137,9.949999809265137,200,0.0,0.0
2022-12-16 00:00:00-05:00,9.9399995803833,9.9399995803833,9.9399995803833,9.9399995803833,600,0.0,0.0
2022-12-19 00:00:00-05:00,9.930000305175781,9.9399995803833,9.930000305175781,9.9399995803833,200,0.0,0.0
2022-12-20 00:00:00-05:00,9.9399995803833,9.9399995803833,9.930000305175781,9.930000305175781,5700,0.0,0.0
2022-12-21 00:00:00-05:00,9.960000038146973,10.0,9.960000038146973,9.960000038146973,2200,0.0,0.0
2022-12-22 00:00:00-05:00,9.979999542236328,10.0,9.949999809265137,9.960000038146973,498600,0.0,0.0
2022-12-23 00:00:00-05:00,10.020000457763672,10.020000457763672,9.960000038146973,9.960000038146973,12600,0.0,0.0
2022-12-27 00:00:00-05:00,9.960000038146973,9.960000038146973,9.960000038146973,9.960000038146973,0,0.0,0.0
2022-12-28 00:00:00-05:00,10.050000190734863,10.050000190734863,10.050000190734863,10.050000190734863,100,0.0,0.0
2022-12-29 00:00:00-05:00,10.050000190734863,10.050000190734863,10.050000190734863,10.050000190734863,0,0.0,0.0
2022-12-30 00:00:00-05:00,10.050000190734863,10.050000190734863,9.970000267028809,10.029999732971191,3300,0.0,0.0
2023-01-03 00:00:00-05:00,10.050000190734863,10.050000190734863,10.020000457763672,10.024999618530273,2200,0.0,0.0
2023-01-04 00:00:00-05:00,10.039999961853027,10.539999961853027,10.010000228881836,10.029999732971191,25700,0.0,0.0
2023-01-05 00:00:00-05:00,10.029999732971191,10.029999732971191,10.0,10.010000228881836,83700,0.0,0.0
2023-01-06 00:00:00-05:00,10.020000457763672,10.050000190734863,10.015000343322754,10.029999732971191,609700,0.0,0.0
2023-01-09 00:00:00-05:00,10.0600004196167,10.0600004196167,10.020000457763672,10.039999961853027,1410100,0.0,0.0
2023-01-10 00:00:00-05:00,10.055000305175781,10.055000305175781,10.029999732971191,10.029999732971191,10800,0.0,0.0
2023-01-11 00:00:00-05:00,10.029999732971191,10.050000190734863,10.029999732971191,10.050000190734863,8900,0.0,0.0
2023-01-12 00:00:00-05:00,10.029999732971191,10.039999961853027,10.029999732971191,10.039999961853027,400,0.0,0.0
2023-01-13 00:00:00-05:00,10.029999732971191,10.029999732971191,10.029999732971191,10.029999732971191,300,0.0,0.0
2023-01-17 00:00:00-05:00,10.0,10.350000381469727,10.0,10.069999694824219,900,0.0,0.0
2023-01-18 00:00:00-05:00,10.069999694824219,10.069999694824219,10.069999694824219,10.069999694824219,200,0.0,0.0
2023-01-19 00:00:00-05:00,10.069999694824219,10.069999694824219,10.0600004196167,10.0600004196167,502500,0.0,0.0
2023-01-20 00:00:00-05:00,10.029999732971191,10.0600004196167,10.029999732971191,10.0600004196167,850100,0.0,0.0
2023-01-23 00:00:00-05:00,10.069999694824219,10.069999694824219,10.0600004196167,10.0600004196167,162800,0.0,0.0
2023-01-24 00:00:00-05:00,10.0600004196167,10.079999923706055,10.0600004196167,10.079999923706055,727400,0.0,0.0
2023-01-25 00:00:00-05:00,10.09000015258789,10.100000381469727,10.0600004196167,10.100000381469727,600,0.0,0.0
2023-01-26 00:00:00-05:00,10.100000381469727,10.100000381469727,10.069999694824219,10.100000381469727,2200,0.0,0.0
2023-01-27 00:00:00-05:00,10.109999656677246,10.109999656677246,10.069999694824219,10.069999694824219,1100,0.0,0.0
2023-01-30 00:00:00-05:00,10.109999656677246,10.109999656677246,10.09000015258789,10.09000015258789,6600,0.0,0.0
2023-01-31 00:00:00-05:00,10.09000015258789,10.09000015258789,10.09000015258789,10.09000015258789,17000,0.0,0.0
2023-02-01 00:00:00-05:00,10.09000015258789,10.09000015258789,10.09000015258789,10.09000015258789,0,0.0,0.0
2023-02-02 00:00:00-05:00,10.09000015258789,10.09000015258789,10.09000015258789,10.09000015258789,0,0.0,0.0
2023-02-03 00:00:00-05:00,10.09000015258789,10.09000015258789,10.09000015258789,10.09000015258789,0,0.0,0.0
2023-02-06 00:00:00-05:00,10.100000381469727,10.100000381469727,10.100000381469727,10.100000381469727,1100,0.0,0.0
2023-02-07 00:00:00-05:00,10.100000381469727,10.100000381469727,10.100000381469727,10.100000381469727,0,0.0,0.0
2023-02-08 00:00:00-05:00,10.100000381469727,10.100000381469727,10.100000381469727,10.100000381469727,0,0.0,0.0
2023-02-09 00:00:00-05:00,10.100000381469727,10.100000381469727,10.100000381469727,10.100000381469727,0,0.0,0.0
2023-02-10 00:00:00-05:00,10.109999656677246,10.109999656677246,10.109999656677246,10.109999656677246,500,0.0,0.0
2023-02-13 00:00:00-05:00,10.199999809265137,10.199999809265137,10.170000076293945,10.170000076293945,300,0.0,0.0
2023-02-14 00:00:00-05:00,10.100000381469727,10.100000381469727,10.100000381469727,10.100000381469727,1000,0.0,0.0
2023-02-15 00:00:00-05:00,10.100000381469727,10.100000381469727,10.100000381469727,10.100000381469727,0,0.0,0.0
2023-02-16 00:00:00-05:00,10.140000343322754,10.140000343322754,10.109999656677246,10.109999656677246,25100,0.0,0.0
2023-02-17 00:00:00-05:00,10.109999656677246,10.109999656677246,10.109999656677246,10.109999656677246,0,0.0,0.0
2023-02-21 00:00:00-05:00,10.109999656677246,10.109999656677246,10.109999656677246,10.109999656677246,25100,0.0,0.0
2023-02-22 00:00:00-05:00,10.140000343322754,10.140000343322754,10.130000114440918,10.140000343322754,27400,0.0,0.0
2023-02-23 00:00:00-05:00,10.109999656677246,10.149999618530273,10.109999656677246,10.149999618530273,22900,0.0,0.0
2023-02-24 00:00:00-05:00,10.140000343322754,10.149999618530273,10.140000343322754,10.149999618530273,2300,0.0,0.0
2023-02-27 00:00:00-05:00,10.130000114440918,10.154999732971191,10.130000114440918,10.154999732971191,257600,0.0,0.0
2023-02-28 00:00:00-05:00,10.154999732971191,10.154999732971191,10.154999732971191,10.154999732971191,0,0.0,0.0
2023-03-01 00:00:00-05:00,10.130000114440918,10.130000114440918,10.130000114440918,10.130000114440918,600,0.0,0.0
2023-03-02 00:00:00-05:00,10.300000190734863,10.595000267028809,10.135000228881836,10.15999984741211,22200,0.0,0.0
2023-03-03 00:00:00-05:00,10.15999984741211,10.579999923706055,10.140000343322754,10.140000343322754,32200,0.0,0.0
2023-03-06 00:00:00-05:00,10.15999984741211,10.15999984741211,10.149999618530273,10.149999618530273,31200,0.0,0.0
2023-03-07 00:00:00-05:00,10.170000076293945,10.399999618530273,10.149999618530273,10.15999984741211,25100,0.0,0.0
2023-03-08 00:00:00-05:00,10.170000076293945,10.180000305175781,10.15999984741211,10.15999984741211,154300,0.0,0.0
2023-03-09 00:00:00-05:00,10.170000076293945,10.170000076293945,10.170000076293945,10.170000076293945,300,0.0,0.0
2023-03-10 00:00:00-05:00,10.170000076293945,10.170000076293945,10.170000076293945,10.170000076293945,1100,0.0,0.0
2023-03-13 00:00:00-04:00,10.170000076293945,10.175000190734863,10.170000076293945,10.175000190734863,3600,0.0,0.0
2023-03-14 00:00:00-04:00,10.170000076293945,10.170000076293945,10.170000076293945,10.170000076293945,47500,0.0,0.0
2023-03-15 00:00:00-04:00,10.170000076293945,10.170000076293945,10.170000076293945,10.170000076293945,0,0.0,0.0
2023-03-16 00:00:00-04:00,10.260000228881836,10.260000228881836,10.170000076293945,10.170000076293945,2800,0.0,0.0
2023-03-17 00:00:00-04:00,10.170000076293945,10.170000076293945,10.170000076293945,10.170000076293945,300,0.0,0.0
2023-03-20 00:00:00-04:00,10.170000076293945,10.170000076293945,10.170000076293945,10.170000076293945,0,0.0,0.0
2023-03-21 00:00:00-04:00,10.170000076293945,10.170000076293945,10.170000076293945,10.170000076293945,0,0.0,0.0
2023-03-22 00:00:00-04:00,10.270000457763672,10.270000457763672,10.270000457763672,10.270000457763672,300,0.0,0.0
2023-03-23 00:00:00-04:00,10.199999809265137,10.28499984741211,10.170000076293945,10.170000076293945,38400,0.0,0.0
2023-03-24 00:00:00-04:00,10.170000076293945,10.170000076293945,10.170000076293945,10.170000076293945,0,0.0,0.0
2023-03-27 00:00:00-04:00,10.170000076293945,10.170000076293945,10.170000076293945,10.170000076293945,0,0.0,0.0
2023-03-28 00:00:00-04:00,10.170000076293945,10.170000076293945,10.170000076293945,10.170000076293945,0,0.0,0.0
2023-03-29 00:00:00-04:00,10.180000305175781,10.1899995803833,10.180000305175781,10.180000305175781,7800,0.0,0.0
2023-03-30 00:00:00-04:00,10.25,10.25,10.1899995803833,10.1899995803833,1067900,0.0,0.0
2023-03-31 00:00:00-04:00,10.3100004196167,10.3100004196167,10.210000038146973,10.210000038146973,600,0.0,0.0
2023-04-03 00:00:00-04:00,10.239999771118164,10.239999771118164,10.210000038146973,10.210000038146973,400,0.0,0.0
2023-04-04 00:00:00-04:00,10.210000038146973,10.210000038146973,10.210000038146973,10.210000038146973,4200,0.0,0.0
2023-04-05 00:00:00-04:00,10.210000038146973,10.210000038146973,10.210000038146973,10.210000038146973,67000,0.0,0.0
2023-04-06 00:00:00-04:00,10.210000038146973,10.210000038146973,10.170000076293945,10.210000038146973,97300,0.0,0.0
2023-04-10 00:00:00-04:00,10.210000038146973,10.210000038146973,10.210000038146973,10.210000038146973,43800,0.0,0.0
2023-04-11 00:00:00-04:00,10.210000038146973,10.210000038146973,10.204999923706055,10.210000038146973,14100,0.0,0.0
2023-04-12 00:00:00-04:00,10.210000038146973,10.210000038146973,10.210000038146973,10.210000038146973,1500,0.0,0.0
2023-04-13 00:00:00-04:00,10.15999984741211,10.220000267028809,10.15999984741211,10.220000267028809,31200,0.0,0.0
2023-04-14 00:00:00-04:00,10.220000267028809,10.239999771118164,10.220000267028809,10.229999542236328,373300,0.0,0.0
2023-04-17 00:00:00-04:00,10.229999542236328,10.229999542236328,10.229999542236328,10.229999542236328,34300,0.0,0.0
2023-04-18 00:00:00-04:00,10.229999542236328,10.239999771118164,10.229999542236328,10.229999542236328,47300,0.0,0.0
2023-04-19 00:00:00-04:00,10.229999542236328,10.239999771118164,10.229999542236328,10.229999542236328,556800,0.0,0.0
2023-04-20 00:00:00-04:00,10.229999542236328,10.229999542236328,10.229999542236328,10.229999542236328,153000,0.0,0.0
2023-04-21 00:00:00-04:00,10.229999542236328,10.229999542236328,10.229999542236328,10.229999542236328,0,0.0,0.0
2023-04-24 00:00:00-04:00,10.229999542236328,10.229999542236328,10.229999542236328,10.229999542236328,0,0.0,0.0
2023-04-25 00:00:00-04:00,10.229999542236328,10.229999542236328,10.229999542236328,10.229999542236328,63000,0.0,0.0
2023-04-26 00:00:00-04:00,10.260000228881836,10.260000228881836,10.260000228881836,10.260000228881836,100,0.0,0.0
2023-04-27 00:00:00-04:00,10.229999542236328,10.229999542236328,10.229999542236328,10.229999542236328,100,0.0,0.0
2023-04-28 00:00:00-04:00,10.229999542236328,10.229999542236328,10.229999542236328,10.229999542236328,0,0.0,0.0
2023-05-01 00:00:00-04:00,10.25,10.25,10.23799991607666,10.239999771118164,8000,0.0,0.0
2023-05-02 00:00:00-04:00,10.239999771118164,10.239999771118164,10.239999771118164,10.239999771118164,0,0.0,0.0
2023-05-03 00:00:00-04:00,10.260000228881836,10.260000228881836,10.260000228881836,10.260000228881836,25000,0.0,0.0
2023-05-04 00:00:00-04:00,10.279999732971191,10.279999732971191,10.279999732971191,10.279999732971191,800,0.0,0.0
2023-05-05 00:00:00-04:00,10.279999732971191,10.279999732971191,10.279999732971191,10.279999732971191,1100,0.0,0.0
2023-05-08 00:00:00-04:00,10.399999618530273,10.399999618530273,10.25,10.25,17500,0.0,0.0
2023-05-09 00:00:00-04:00,10.279999732971191,10.279999732971191,10.279999732971191,10.279999732971191,400,0.0,0.0
2023-05-10 00:00:00-04:00,10.319999694824219,10.319999694824219,10.279999732971191,10.279999732971191,1200,0.0,0.0
2023-05-11 00:00:00-04:00,10.289999961853027,10.289999961853027,10.25,10.25,38500,0.0,0.0
2023-05-12 00:00:00-04:00,10.25,10.279999732971191,10.25,10.279999732971191,11900,0.0,0.0
2023-05-15 00:00:00-04:00,10.279999732971191,10.279999732971191,10.279999732971191,10.279999732971191,0,0.0,0.0
2023-05-16 00:00:00-04:00,10.270000457763672,10.3100004196167,10.270000457763672,10.300000190734863,140900,0.0,0.0
2023-05-17 00:00:00-04:00,10.300000190734863,10.300000190734863,10.29800033569336,10.300000190734863,10500,0.0,0.0
2023-05-18 00:00:00-04:00,10.420000076293945,10.505000114440918,10.300000190734863,10.300000190734863,19400,0.0,0.0
2023-05-19 00:00:00-04:00,10.3100004196167,10.3100004196167,10.289999961853027,10.300000190734863,17900,0.0,0.0
2023-05-22 00:00:00-04:00,10.300000190734863,10.3100004196167,10.300000190734863,10.3100004196167,2200,0.0,0.0
2023-05-23 00:00:00-04:00,10.3100004196167,10.319999694824219,10.3100004196167,10.319999694824219,26200,0.0,0.0
2023-05-24 00:00:00-04:00,10.3100004196167,10.3100004196167,10.300000190734863,10.3100004196167,38600,0.0,0.0
2023-05-25 00:00:00-04:00,10.319999694824219,10.319999694824219,10.300000190734863,10.319999694824219,900,0.0,0.0
2023-05-26 00:00:00-04:00,10.300000190734863,10.300000190734863,10.300000190734863,10.300000190734863,3200,0.0,0.0
2023-05-30 00:00:00-04:00,10.300000190734863,10.300000190734863,10.300000190734863,10.300000190734863,0,0.0,0.0
2023-05-31 00:00:00-04:00,10.319999694824219,10.319999694824219,10.319999694824219,10.319999694824219,649300,0.0,0.0
2023-06-01 00:00:00-04:00,10.300000190734863,10.319999694824219,10.300000190734863,10.319999694824219,1800,0.0,0.0
2023-06-02 00:00:00-04:00,10.3100004196167,10.319999694824219,10.3100004196167,10.319999694824219,25400,0.0,0.0
2023-06-05 00:00:00-04:00,10.539999961853027,10.539999961853027,10.300000190734863,10.32800006866455,1800,0.0,0.0
2023-06-06 00:00:00-04:00,10.4399995803833,10.4399995803833,10.4399995803833,10.4399995803833,100,0.0,0.0
2023-06-07 00:00:00-04:00,10.4399995803833,10.4399995803833,10.4399995803833,10.4399995803833,0,0.0,0.0
2023-06-08 00:00:00-04:00,10.4399995803833,10.4399995803833,10.4399995803833,10.4399995803833,0,0.0,0.0
2023-06-09 00:00:00-04:00,10.329999923706055,10.350000381469727,10.329999923706055,10.350000381469727,26100,0.0,0.0
2023-06-12 00:00:00-04:00,10.399999618530273,10.399999618530273,10.399999618530273,10.399999618530273,100,0.0,0.0
2023-06-13 00:00:00-04:00,10.399999618530273,10.399999618530273,10.399999618530273,10.399999618530273,0,0.0,0.0
2023-06-14 00:00:00-04:00,10.350000381469727,10.359999656677246,10.350000381469727,10.350000381469727,701100,0.0,0.0
2023-06-15 00:00:00-04:00,10.470000267028809,10.470000267028809,10.350000381469727,10.359999656677246,47900,0.0,0.0
2023-06-16 00:00:00-04:00,10.319999694824219,10.380000114440918,10.319999694824219,10.380000114440918,900,0.0,0.0
2023-06-20 00:00:00-04:00,10.380000114440918,10.489999771118164,10.380000114440918,10.399999618530273,49200,0.0,0.0
2023-06-21 00:00:00-04:00,10.460000038146973,10.460000038146973,10.390000343322754,10.390000343322754,600,0.0,0.0
2023-06-22 00:00:00-04:00,10.390000343322754,10.390000343322754,10.390000343322754,10.390000343322754,0,0.0,0.0
2023-06-23 00:00:00-04:00,10.390000343322754,10.390000343322754,10.390000343322754,10.390000343322754,0,0.0,0.0
2023-06-26 00:00:00-04:00,10.399999618530273,10.399999618530273,10.390000343322754,10.390000343322754,300,0.0,0.0
2023-06-27 00:00:00-04:00,10.390000343322754,10.390000343322754,10.390000343322754,10.390000343322754,100,0.0,0.0
2023-06-28 00:00:00-04:00,10.380000114440918,10.390000343322754,10.380000114440918,10.381999969482422,3700,0.0,0.0
2023-06-29 00:00:00-04:00,10.390000343322754,10.390000343322754,10.390000343322754,10.390000343322754,400,0.0,0.0
2023-06-30 00:00:00-04:00,10.390000343322754,10.390000343322754,10.390000343322754,10.390000343322754,200,0.0,0.0
2023-07-03 00:00:00-04:00,10.380000114440918,10.380000114440918,10.380000114440918,10.380000114440918,100,0.0,0.0
2023-07-05 00:00:00-04:00,10.399999618530273,10.399999618530273,10.399999618530273,10.399999618530273,100,0.0,0.0
2023-07-06 00:00:00-04:00,10.399999618530273,10.399999618530273,10.390000343322754,10.390000343322754,1300,0.0,0.0
2023-07-07 00:00:00-04:00,10.380000114440918,10.390000343322754,10.375,10.390000343322754,3300200,0.0,0.0
2023-07-10 00:00:00-04:00,10.399999618530273,10.40999984741211,10.390000343322754,10.399999618530273,5600,0.0,0.0
2023-07-11 00:00:00-04:00,10.399999618530273,10.399999618530273,10.399999618530273,10.399999618530273,47700,0.0,0.0
2023-07-12 00:00:00-04:00,10.399999618530273,10.399999618530273,10.399999618530273,10.399999618530273,0,0.0,0.0
2023-07-13 00:00:00-04:00,10.399999618530273,10.399999618530273,10.380000114440918,10.399999618530273,1500,0.0,0.0
2023-07-14 00:00:00-04:00,10.395000457763672,10.395000457763672,10.395000457763672,10.395000457763672,600,0.0,0.0
2023-07-17 00:00:00-04:00,10.380000114440918,10.395000457763672,10.380000114440918,10.395000457763672,1500,0.0,0.0
2023-07-18 00:00:00-04:00,10.399999618530273,10.42020034790039,10.399999618530273,10.399999618530273,3302,0.0,0.0
