Date,Open,High,Low,Close,Volume,Dividends,Stock Splits,Capital Gains
2022-01-20 00:00:00-05:00,26.040000915527344,26.100000381469727,24.286699295043945,24.286699295043945,461,0.0,0.0,0.0
2022-01-21 00:00:00-05:00,23.860000610351562,24.0,23.185400009155273,23.185400009155273,810,0.0,0.0,0.0
2022-01-24 00:00:00-05:00,21.940000534057617,24.11870002746582,21.5,24.11870002746582,28889,0.0,0.0,0.0
2022-01-25 00:00:00-05:00,23.5,27.0,23.5,26.695499420166016,6939,0.0,0.0,0.0
2022-01-26 00:00:00-05:00,27.59000015258789,28.020000457763672,26.0,26.973100662231445,24155,0.0,0.0,0.0
2022-01-27 00:00:00-05:00,27.579999923706055,27.579999923706055,25.149999618530273,25.90220069885254,33483,0.0,0.0,0.0
2022-01-28 00:00:00-05:00,25.559999465942383,26.18000030517578,25.399999618530273,26.064899444580078,2858,0.0,0.0,0.0
2022-01-31 00:00:00-05:00,26.549999237060547,26.549999237060547,25.670000076293945,25.779300689697266,2989,0.0,0.0,0.0
2022-02-01 00:00:00-05:00,25.8799991607666,27.9768009185791,25.8799991607666,27.9768009185791,1330,0.0,0.0,0.0
2022-02-02 00:00:00-05:00,27.110000610351562,27.399999618530273,27.110000610351562,27.35099983215332,3421,0.0,0.0,0.0
2022-02-03 00:00:00-05:00,27.0,27.0,26.079999923706055,26.681100845336914,3004,0.0,0.0,0.0
2022-02-04 00:00:00-05:00,27.639999389648438,28.03499984741211,27.25950050354004,27.820899963378906,4264,0.0,0.0,0.0
2022-02-07 00:00:00-05:00,27.389999389648438,28.950000762939453,27.389999389648438,28.15369987487793,5196,0.0,0.0,0.0
2022-02-08 00:00:00-05:00,28.040000915527344,28.040000915527344,26.3700008392334,27.030000686645508,3228,0.0,0.0,0.0
2022-02-09 00:00:00-05:00,28.209999084472656,28.209999084472656,27.789899826049805,27.899999618530273,3095,0.0,0.0,0.0
2022-02-10 00:00:00-05:00,29.17009925842285,29.499900817871094,27.90850067138672,27.90850067138672,5211,0.0,0.0,0.0
2022-02-11 00:00:00-05:00,27.989999771118164,30.5,27.8799991607666,30.48579978942871,7025,0.0,0.0,0.0
2022-02-14 00:00:00-05:00,30.350000381469727,30.350000381469727,28.506500244140625,28.830900192260742,7130,0.0,0.0,0.0
2022-02-15 00:00:00-05:00,27.270000457763672,29.799999237060547,27.270000457763672,29.771900177001953,5385,0.0,0.0,0.0
2022-02-16 00:00:00-05:00,30.06999969482422,32.040000915527344,30.06999969482422,31.104299545288086,10045,0.0,0.0,0.0
2022-02-17 00:00:00-05:00,30.6299991607666,30.850000381469727,29.81999969482422,30.40730094909668,10717,0.0,0.0,0.0
2022-02-18 00:00:00-05:00,29.56999969482422,30.0,28.280000686645508,28.977100372314453,5247,0.0,0.0,0.0
2022-02-22 00:00:00-05:00,29.350000381469727,29.350000381469727,28.0,28.205299377441406,5795,0.0,0.0,0.0
2022-02-23 00:00:00-05:00,28.899999618530273,29.049999237060547,28.399799346923828,28.45509910583496,3228,0.0,0.0,0.0
2022-02-24 00:00:00-05:00,29.299999237060547,29.299999237060547,26.684999465942383,28.278499603271484,11460,0.0,0.0,0.0
2022-02-25 00:00:00-05:00,27.989999771118164,29.540000915527344,27.920000076293945,29.523399353027344,3679,0.0,0.0,0.0
2022-02-28 00:00:00-05:00,29.469999313354492,30.828899383544922,28.936899185180664,30.828899383544922,19762,0.0,0.0,0.0
2022-03-01 00:00:00-05:00,31.219999313354492,31.799999237060547,27.979999542236328,29.125099182128906,19644,0.0,0.0,0.0
2022-03-02 00:00:00-05:00,30.329999923706055,32.40999984741211,30.329999923706055,32.11470031738281,12529,0.0,0.0,0.0
2022-03-03 00:00:00-05:00,31.40999984741211,32.09000015258789,30.510000228881836,32.09000015258789,12406,0.0,0.0,0.0
2022-03-04 00:00:00-05:00,31.969999313354492,34.15840148925781,31.969999313354492,34.15840148925781,10821,0.0,0.0,0.0
2022-03-07 00:00:00-05:00,36.0,41.689998626708984,35.4900016784668,39.790000915527344,94276,0.0,0.0,0.0
2022-03-08 00:00:00-05:00,42.040000915527344,46.2400016784668,39.54999923706055,42.36000061035156,212812,0.0,0.0,0.0
2022-03-09 00:00:00-05:00,40.09000015258789,40.435001373291016,36.31999969482422,38.56999969482422,73282,0.0,0.0,0.0
2022-03-10 00:00:00-05:00,39.06999969482422,42.36989974975586,39.0,42.150001525878906,49050,0.0,0.0,0.0
2022-03-11 00:00:00-05:00,41.0,42.04999923706055,39.619998931884766,40.709999084472656,47532,0.0,0.0,0.0
2022-03-14 00:00:00-04:00,38.72999954223633,38.74420166015625,36.0,36.91999816894531,56575,0.0,0.0,0.0
2022-03-15 00:00:00-04:00,34.060001373291016,35.61000061035156,33.40999984741211,33.80149841308594,51891,0.0,0.0,0.0
2022-03-16 00:00:00-04:00,33.869998931884766,34.27000045776367,31.600000381469727,32.58000183105469,79660,0.0,0.0,0.0
2022-03-17 00:00:00-04:00,34.0,36.02000045776367,33.81999969482422,35.66999816894531,83820,0.0,0.0,0.0
2022-03-18 00:00:00-04:00,35.43000030517578,35.790000915527344,34.810001373291016,35.650001525878906,86688,0.0,0.0,0.0
2022-03-21 00:00:00-04:00,38.31999969482422,39.400001525878906,37.518699645996094,38.09000015258789,48424,0.0,0.0,0.0
2022-03-22 00:00:00-04:00,37.91999816894531,38.900001525878906,37.0,37.720001220703125,14328,0.0,0.0,0.0
2022-03-23 00:00:00-04:00,38.7599983215332,40.119998931884766,38.62009811401367,39.040000915527344,21388,0.0,0.0,0.0
2022-03-24 00:00:00-04:00,39.040000915527344,40.5,39.040000915527344,39.32080078125,19500,0.0,0.0,0.0
2022-03-25 00:00:00-04:00,38.849998474121094,42.33000183105469,38.849998474121094,42.290000915527344,16711,0.0,0.0,0.0
2022-03-28 00:00:00-04:00,40.27000045776367,40.27000045776367,37.880001068115234,38.619998931884766,44397,0.0,0.0,0.0
2022-03-29 00:00:00-04:00,36.77000045776367,39.75,35.060001373291016,39.63999938964844,22631,0.0,0.0,0.0
2022-03-30 00:00:00-04:00,41.04990005493164,41.30139923095703,39.470001220703125,39.869998931884766,16513,0.0,0.0,0.0
2022-03-31 00:00:00-04:00,39.79999923706055,40.480098724365234,39.02289962768555,39.02289962768555,11576,0.0,0.0,0.0
2022-04-01 00:00:00-04:00,40.900001525878906,41.0,39.64509963989258,40.57500076293945,31100,0.0,0.0,0.0
2022-04-04 00:00:00-04:00,41.900001525878906,42.2400016784668,39.380001068115234,40.641998291015625,12598,0.0,0.0,0.0
2022-04-05 00:00:00-04:00,41.54499816894531,42.2400016784668,37.880001068115234,38.01900100708008,20996,0.0,0.0,0.0
2022-04-06 00:00:00-04:00,38.619998931884766,39.18000030517578,37.29600143432617,37.89310073852539,14520,0.0,0.0,0.0
2022-04-07 00:00:00-04:00,38.95000076293945,38.95000076293945,36.279998779296875,38.44169998168945,5047,0.0,0.0,0.0
2022-04-08 00:00:00-04:00,39.0,41.625,39.0,41.474998474121094,23652,0.0,0.0,0.0
2022-04-11 00:00:00-04:00,40.1338005065918,40.40999984741211,39.22779846191406,39.22779846191406,9295,0.0,0.0,0.0
2022-04-12 00:00:00-04:00,41.22999954223633,42.78850173950195,40.58000183105469,41.102699279785156,20887,0.0,0.0,0.0
2022-04-13 00:00:00-04:00,42.7599983215332,43.33000183105469,41.43009948730469,43.16960144042969,20737,0.0,0.0,0.0
2022-04-14 00:00:00-04:00,42.619998931884766,44.56010055541992,42.45000076293945,44.31340026855469,22825,0.0,0.0,0.0
2022-04-18 00:00:00-04:00,45.08000183105469,47.060001373291016,44.31999969482422,46.2599983215332,30505,0.0,0.0,0.0
2022-04-19 00:00:00-04:00,45.52000045776367,47.2400016784668,44.60499954223633,45.17259979248047,27217,0.0,0.0,0.0
2022-04-20 00:00:00-04:00,44.900001525878906,45.0099983215332,41.790000915527344,44.04359817504883,38278,0.0,0.0,0.0
2022-04-21 00:00:00-04:00,45.130001068115234,45.377201080322266,39.29999923706055,39.88410186767578,49379,0.0,0.0,0.0
2022-04-22 00:00:00-04:00,38.08000183105469,41.02000045776367,37.90999984741211,37.90999984741211,8747,0.0,0.0,0.0
2022-04-25 00:00:00-04:00,35.869998931884766,35.869998931884766,30.829999923706055,33.68000030517578,37038,0.0,0.0,0.0
2022-04-26 00:00:00-04:00,34.0,35.900001525878906,33.790000915527344,33.790000915527344,9979,0.0,0.0,0.0
2022-04-27 00:00:00-04:00,33.959999084472656,34.88999938964844,33.577701568603516,34.286399841308594,8615,0.0,0.0,0.0
2022-04-28 00:00:00-04:00,33.28099822998047,36.0099983215332,32.69990158081055,35.86000061035156,14016,0.0,0.0,0.0
2022-04-29 00:00:00-04:00,36.560001373291016,36.560001373291016,33.099998474121094,33.3026008605957,4542,0.0,0.0,0.0
2022-05-02 00:00:00-04:00,32.63999938964844,34.090999603271484,31.81999969482422,33.41109848022461,10003,0.0,0.0,0.0
2022-05-03 00:00:00-04:00,34.209999084472656,35.679901123046875,33.97999954223633,35.35210037231445,9130,0.0,0.0,0.0
2022-05-04 00:00:00-04:00,36.95000076293945,38.690101623535156,35.119998931884766,38.58000183105469,34945,0.0,0.0,0.0
2022-05-05 00:00:00-04:00,38.7400016784668,38.95899963378906,33.779998779296875,35.79999923706055,18311,0.0,0.0,0.0
2022-05-06 00:00:00-04:00,36.48970031738281,37.09989929199219,34.97990036010742,36.55059814453125,12819,0.0,0.0,0.0
2022-05-09 00:00:00-04:00,35.29999923706055,35.29999923706055,28.700000762939453,28.700000762939453,23013,0.0,0.0,0.0
2022-05-10 00:00:00-04:00,29.799999237060547,30.86199951171875,28.0,28.970399856567383,12187,0.0,0.0,0.0
2022-05-11 00:00:00-04:00,30.020000457763672,32.529998779296875,29.75480079650879,29.75480079650879,9572,0.0,0.0,0.0
2022-05-12 00:00:00-04:00,29.139999389648438,29.50670051574707,28.159000396728516,29.50670051574707,12127,0.0,0.0,0.0
2022-05-13 00:00:00-04:00,30.8700008392334,32.599998474121094,30.8700008392334,32.34000015258789,10015,0.0,0.0,0.0
2022-05-16 00:00:00-04:00,33.58000183105469,35.20000076293945,33.58000183105469,34.630001068115234,8234,0.0,0.0,0.0
2022-05-17 00:00:00-04:00,35.807098388671875,36.470001220703125,35.5,35.85499954223633,12258,0.0,0.0,0.0
2022-05-18 00:00:00-04:00,36.15010070800781,36.470001220703125,32.599998474121094,33.391998291015625,30347,0.0,0.0,0.0
2022-05-19 00:00:00-04:00,31.799999237060547,34.099998474121094,31.799999237060547,33.36759948730469,8133,0.0,0.0,0.0
2022-05-20 00:00:00-04:00,34.36000061035156,34.36000061035156,32.25,33.15290069580078,13399,0.0,0.0,0.0
2022-05-23 00:00:00-04:00,34.70000076293945,36.76890182495117,34.70000076293945,36.734901428222656,13917,0.0,0.0,0.0
2022-05-24 00:00:00-04:00,35.40999984741211,37.400001525878906,35.279998779296875,37.005699157714844,7687,0.0,0.0,0.0
2022-05-25 00:00:00-04:00,37.36000061035156,38.65999984741211,37.22999954223633,38.400001525878906,9895,0.0,0.0,0.0
2022-05-26 00:00:00-04:00,39.540000915527344,41.185001373291016,39.540000915527344,40.790000915527344,15376,0.0,0.0,0.0
2022-05-27 00:00:00-04:00,40.52000045776367,42.3578987121582,40.52000045776367,42.207401275634766,12491,0.0,0.0,0.0
2022-05-31 00:00:00-04:00,43.68000030517578,43.95000076293945,40.11579895019531,40.11579895019531,14336,0.0,0.0,0.0
2022-06-01 00:00:00-04:00,41.119998931884766,42.36029815673828,40.63999938964844,41.790000915527344,5195,0.0,0.0,0.0
2022-06-02 00:00:00-04:00,41.32500076293945,41.95000076293945,40.62009811401367,40.85110092163086,11301,0.0,0.0,0.0
2022-06-03 00:00:00-04:00,40.79999923706055,42.680301666259766,40.540000915527344,42.680301666259766,8920,0.0,0.0,0.0
2022-06-06 00:00:00-04:00,43.380001068115234,43.45000076293945,42.0099983215332,42.90999984741211,5559,0.0,0.0,0.0
2022-06-07 00:00:00-04:00,42.72999954223633,45.54999923706055,42.439998626708984,45.44390106201172,16465,0.0,0.0,0.0
2022-06-08 00:00:00-04:00,45.970001220703125,46.679901123046875,44.22999954223633,44.90999984741211,26356,0.0,0.0,0.0
2022-06-09 00:00:00-04:00,44.04999923706055,44.18000030517578,41.79999923706055,41.810001373291016,42254,0.0,0.0,0.0
2022-06-10 00:00:00-04:00,40.71989822387695,40.71989822387695,37.540000915527344,39.36589813232422,12859,0.0,0.0,0.0
2022-06-13 00:00:00-04:00,36.36000061035156,36.36000061035156,32.86000061035156,33.86149978637695,15361,0.0,0.0,0.0
2022-06-14 00:00:00-04:00,34.3140983581543,34.720001220703125,31.3700008392334,32.41999816894531,6414,0.0,0.0,0.0
2022-06-15 00:00:00-04:00,32.29999923706055,32.689998626708984,31.100000381469727,31.175100326538086,28229,0.0,0.0,0.0
2022-06-16 00:00:00-04:00,29.049999237060547,29.049999237060547,27.565000534057617,27.670000076293945,14023,0.0,0.0,0.0
2022-06-17 00:00:00-04:00,27.63909912109375,27.75,25.200000762939453,25.36680030822754,23709,0.0,0.0,0.0
2022-06-21 00:00:00-04:00,27.829999923706055,28.54990005493164,26.469999313354492,27.770000457763672,14231,0.0,0.0,0.0
2022-06-22 00:00:00-04:00,25.139999389648438,25.689899444580078,24.290000915527344,24.992900848388672,7471,0.0,0.0,0.0
2022-06-23 00:00:00-04:00,25.25,25.25,21.5,22.175100326538086,14702,0.0,0.0,0.0
2022-06-24 00:00:00-04:00,23.030000686645508,24.450000762939453,22.43000030517578,23.7450008392334,31850,0.0,0.0,0.0
2022-06-27 00:00:00-04:00,24.75,25.559999465942383,24.20989990234375,25.559999465942383,25692,0.0,0.0,0.0
2022-06-28 00:00:00-04:00,26.940000534057617,27.58989906311035,26.030000686645508,26.639999389648438,61080,0.0,0.0,0.0
2022-06-29 00:00:00-04:00,26.974000930786133,27.260000228881836,25.415000915527344,25.704999923706055,28934,0.0,0.0,0.0
2022-06-30 00:00:00-04:00,24.31999969482422,25.559999465942383,24.170000076293945,24.530000686645508,15297,0.0,0.0,0.0
2022-07-01 00:00:00-04:00,24.989999771118164,24.989999771118164,22.799999237060547,24.309999465942383,6438,0.0,0.0,0.0
2022-07-05 00:00:00-04:00,22.989999771118164,22.989999771118164,19.959999084472656,20.649999618530273,26066,0.0,0.0,0.0
2022-07-06 00:00:00-04:00,19.981000900268555,20.41010093688965,18.639999389648438,19.803800582885742,20224,0.0,0.0,0.0
2022-07-07 00:00:00-04:00,21.880699157714844,22.549999237060547,21.639999389648438,22.010000228881836,30937,0.0,0.0,0.0
2022-07-08 00:00:00-04:00,22.420000076293945,22.420000076293945,21.819900512695312,22.229999542236328,4555,0.0,0.0,0.0
2022-07-11 00:00:00-04:00,21.329999923706055,21.770000457763672,20.795000076293945,21.280000686645508,66301,0.0,0.0,0.0
2022-07-12 00:00:00-04:00,20.18000030517578,20.190000534057617,19.260000228881836,19.760000228881836,8767,0.0,0.0,0.0
2022-07-13 00:00:00-04:00,19.43000030517578,20.31999969482422,19.230100631713867,19.399999618530273,15089,0.0,0.0,0.0
2022-07-14 00:00:00-04:00,17.989999771118164,18.1200008392334,17.408300399780273,18.079999923706055,19220,0.0,0.0,0.0
2022-07-15 00:00:00-04:00,18.860000610351562,18.870899200439453,18.1200008392334,18.65999984741211,71730,0.0,0.0,0.0
2022-07-18 00:00:00-04:00,20.0,20.75,20.0,20.34000015258789,50257,0.0,0.0,0.0
2022-07-19 00:00:00-04:00,20.299999237060547,21.90999984741211,20.299999237060547,21.843000411987305,11157,0.0,0.0,0.0
2022-07-20 00:00:00-04:00,21.1200008392334,21.520000457763672,20.360000610351562,21.520000457763672,17526,0.0,0.0,0.0
2022-07-21 00:00:00-04:00,19.469999313354492,19.829999923706055,18.909900665283203,19.829999923706055,13874,0.0,0.0,0.0
2022-07-22 00:00:00-04:00,21.010099411010742,21.149999618530273,19.559999465942383,19.75,10896,0.0,0.0,0.0
2022-07-25 00:00:00-04:00,20.5,21.708499908447266,19.93000030517578,21.708499908447266,12275,0.0,0.0,0.0
2022-07-26 00:00:00-04:00,22.68000030517578,22.804500579833984,21.15130043029785,21.3700008392334,22482,0.0,0.0,0.0
2022-07-27 00:00:00-04:00,22.040000915527344,23.639999389648438,21.649999618530273,23.540000915527344,13588,0.0,0.0,0.0
2022-07-28 00:00:00-04:00,24.059999465942383,24.149999618530273,22.549999237060547,23.450000762939453,14383,0.0,0.0,0.0
2022-07-29 00:00:00-04:00,24.530000686645508,25.844900131225586,24.299999237060547,25.690000534057617,30554,0.0,0.0,0.0
2022-08-01 00:00:00-04:00,24.43000030517578,24.59000015258789,23.5,24.389999389648438,30679,0.0,0.0,0.0
2022-08-02 00:00:00-04:00,24.440000534057617,25.530000686645508,24.440000534057617,24.969999313354492,15900,0.0,0.0,0.0
2022-08-03 00:00:00-04:00,25.6299991607666,25.6299991607666,23.200000762939453,23.600000381469727,25319,0.0,0.0,0.0
2022-08-04 00:00:00-04:00,22.8799991607666,22.90999984741211,21.110000610351562,21.170000076293945,13223,0.0,0.0,0.0
2022-08-05 00:00:00-04:00,20.90999984741211,23.139999389648438,20.90999984741211,22.190000534057617,16907,0.0,0.0,0.0
2022-08-08 00:00:00-04:00,22.3700008392334,22.659900665283203,22.290000915527344,22.440000534057617,9706,0.0,0.0,0.0
2022-08-09 00:00:00-04:00,22.979999542236328,23.799999237060547,22.61989974975586,22.8799991607666,18678,0.0,0.0,0.0
2022-08-10 00:00:00-04:00,22.75,23.5,21.709999084472656,23.200000762939453,11170,0.0,0.0,0.0
2022-08-11 00:00:00-04:00,24.309999465942383,25.399999618530273,24.309999465942383,25.030000686645508,36812,0.0,0.0,0.0
2022-08-12 00:00:00-04:00,24.40999984741211,25.71500015258789,24.350000381469727,25.70039939880371,13733,0.0,0.0,0.0
2022-08-15 00:00:00-04:00,23.850000381469727,23.850000381469727,22.459999084472656,23.719999313354492,9402,0.0,0.0,0.0
2022-08-16 00:00:00-04:00,24.3799991607666,24.469900131225586,22.709999084472656,22.959999084472656,28806,0.0,0.0,0.0
2022-08-17 00:00:00-04:00,23.299999237060547,23.308799743652344,22.799999237060547,23.139999389648438,6180,0.0,0.0,0.0
2022-08-18 00:00:00-04:00,23.739999771118164,25.389999389648438,23.739999771118164,25.309999465942383,9128,0.0,0.0,0.0
2022-08-19 00:00:00-04:00,24.809999465942383,24.809999465942383,24.390100479125977,24.540000915527344,3429,0.0,0.0,0.0
2022-08-22 00:00:00-04:00,23.110000610351562,24.45989990234375,22.850000381469727,24.270000457763672,10569,0.0,0.0,0.0
2022-08-23 00:00:00-04:00,25.3799991607666,27.350000381469727,25.3799991607666,26.639999389648438,15358,0.0,0.0,0.0
2022-08-24 00:00:00-04:00,26.8799991607666,28.030000686645508,26.709999084472656,27.780000686645508,26886,0.0,0.0,0.0
2022-08-25 00:00:00-04:00,28.364999771118164,28.760000228881836,28.059999465942383,28.40999984741211,15828,0.0,0.0,0.0
2022-08-26 00:00:00-04:00,28.0,28.21980094909668,26.469999313354492,26.979999542236328,8039,0.0,0.0,0.0
2022-08-29 00:00:00-04:00,27.75,28.5,27.75,27.989999771118164,16245,0.0,0.0,0.0
2022-08-30 00:00:00-04:00,26.739999771118164,26.739999771118164,25.079999923706055,25.280000686645508,10279,0.0,0.0,0.0
2022-08-31 00:00:00-04:00,24.09000015258789,25.8799991607666,23.829999923706055,24.739999771118164,13495,0.0,0.0,0.0
2022-09-01 00:00:00-04:00,23.739999771118164,23.979999542236328,22.5,22.950000762939453,10205,0.0,0.0,0.0
2022-09-02 00:00:00-04:00,24.770000457763672,25.441200256347656,23.959999084472656,24.969999313354492,20454,0.0,0.0,0.0
2022-09-06 00:00:00-04:00,25.6200008392334,25.6200008392334,23.969999313354492,24.200000762939453,9718,0.0,0.0,0.0
2022-09-07 00:00:00-04:00,22.940000534057617,23.690000534057617,22.209999084472656,23.56999969482422,10051,0.0,0.0,0.0
2022-09-08 00:00:00-04:00,23.30500030517578,24.190000534057617,23.30500030517578,23.75,4437,0.0,0.0,0.0
2022-09-09 00:00:00-04:00,25.56999969482422,26.280000686645508,25.049999237060547,26.100900650024414,8618,0.0,0.0,0.0
2022-09-12 00:00:00-04:00,26.609899520874023,26.86989974975586,26.100000381469727,26.850000381469727,8959,0.0,0.0,0.0
2022-09-13 00:00:00-04:00,26.36870002746582,26.700000762939453,24.360000610351562,24.549999237060547,6662,0.0,0.0,0.0
2022-09-14 00:00:00-04:00,26.329999923706055,26.610000610351562,25.479999542236328,26.374900817871094,2767,0.0,0.0,0.0
2022-09-15 00:00:00-04:00,25.25,25.3700008392334,24.915000915527344,24.940000534057617,4153,0.0,0.0,0.0
2022-09-16 00:00:00-04:00,23.489999771118164,23.709999084472656,22.558700561523438,23.280000686645508,11061,0.0,0.0,0.0
2022-09-19 00:00:00-04:00,21.84000015258789,23.850000381469727,21.56999969482422,23.642799377441406,7461,0.0,0.0,0.0
2022-09-20 00:00:00-04:00,22.770099639892578,22.770099639892578,21.815000534057617,22.303600311279297,5687,0.0,0.0,0.0
2022-09-21 00:00:00-04:00,23.440000534057617,23.440000534057617,21.498699188232422,21.498699188232422,3382,0.0,0.0,0.0
2022-09-22 00:00:00-04:00,22.6200008392334,22.6200008392334,21.289899826049805,21.289899826049805,3815,0.0,0.0,0.0
2022-09-23 00:00:00-04:00,19.450000762939453,19.450000762939453,17.399999618530273,17.506200790405273,29764,0.0,0.0,0.0
2022-09-26 00:00:00-04:00,17.34000015258789,17.829999923706055,16.68000030517578,16.68000030517578,6205,0.0,0.0,0.0
2022-09-27 00:00:00-04:00,17.290199279785156,18.299999237060547,17.139999389648438,17.34000015258789,21168,0.0,0.0,0.0
2022-09-28 00:00:00-04:00,17.709999084472656,19.040000915527344,17.709999084472656,18.930099487304688,11699,0.0,0.0,0.0
2022-09-29 00:00:00-04:00,18.389999389648438,18.853900909423828,17.6200008392334,18.853900909423828,50606,0.0,0.0,0.0
2022-09-30 00:00:00-04:00,18.479999542236328,19.399999618530273,18.40999984741211,18.772499084472656,31191,0.0,0.0,0.0
2022-10-03 00:00:00-04:00,21.0,21.520000457763672,20.65999984741211,21.3700008392334,27943,0.0,0.0,0.0
2022-10-04 00:00:00-04:00,22.18000030517578,23.010000228881836,22.12190055847168,22.98080062866211,29439,0.0,0.0,0.0
2022-10-05 00:00:00-04:00,22.75,25.229999542236328,22.75,25.1387996673584,43282,0.0,0.0,0.0
2022-10-06 00:00:00-04:00,24.68000030517578,26.06999969482422,24.68000030517578,25.767499923706055,35244,0.0,0.0,0.0
2022-10-07 00:00:00-04:00,25.920000076293945,26.290000915527344,24.845500946044922,25.432899475097656,59080,0.0,0.0,0.0
2022-10-10 00:00:00-04:00,25.440000534057617,25.714000701904297,23.799999237060547,24.190000534057617,29845,0.0,0.0,0.0
2022-10-11 00:00:00-04:00,23.219999313354492,24.459999084472656,22.8700008392334,23.79490089416504,8565,0.0,0.0,0.0
2022-10-12 00:00:00-04:00,23.350000381469727,23.850000381469727,23.350000381469727,23.723899841308594,1869,0.0,0.0,0.0
2022-10-13 00:00:00-04:00,23.070100784301758,26.280000686645508,23.070100784301758,26.246599197387695,31478,0.0,0.0,0.0
2022-10-14 00:00:00-04:00,25.639999389648438,25.639999389648438,23.776199340820312,23.776199340820312,11496,0.0,0.0,0.0
2022-10-17 00:00:00-04:00,24.600000381469727,25.509899139404297,24.549999237060547,25.04010009765625,7602,0.0,0.0,0.0
2022-10-18 00:00:00-04:00,26.0,26.18000030517578,24.93000030517578,25.738000869750977,5577,0.0,0.0,0.0
2022-10-19 00:00:00-04:00,26.3700008392334,28.200000762939453,26.3700008392334,28.200000762939453,99271,0.0,0.0,0.0
2022-10-20 00:00:00-04:00,29.1200008392334,29.170000076293945,28.429899215698242,28.68000030517578,17808,0.0,0.0,0.0
2022-10-21 00:00:00-04:00,29.3799991607666,31.950000762939453,29.170000076293945,31.68000030517578,70343,0.0,0.0,0.0
2022-10-24 00:00:00-04:00,31.84000015258789,32.8400993347168,31.040000915527344,32.65999984741211,57376,0.0,0.0,0.0
2022-10-25 00:00:00-04:00,32.709999084472656,33.36000061035156,32.18000030517578,32.92190170288086,20823,0.0,0.0,0.0
2022-10-26 00:00:00-04:00,33.9900016784668,36.380001068115234,33.9900016784668,35.44929885864258,43083,0.0,0.0,0.0
2022-10-27 00:00:00-04:00,36.79999923706055,37.560001373291016,34.9900016784668,35.25,28649,0.0,0.0,0.0
2022-10-28 00:00:00-04:00,35.689998626708984,35.689998626708984,33.18000030517578,34.43880081176758,37704,0.0,0.0,0.0
2022-10-31 00:00:00-04:00,33.93000030517578,36.77989959716797,33.80009841918945,36.5099983215332,61088,0.0,0.0,0.0
2022-11-01 00:00:00-04:00,38.29999923706055,38.29999923706055,36.351600646972656,36.351600646972656,13519,0.0,0.0,0.0
2022-11-02 00:00:00-04:00,36.29999923706055,37.339900970458984,34.56999969482422,34.84130096435547,25761,0.0,0.0,0.0
2022-11-03 00:00:00-04:00,34.11000061035156,37.03499984741211,33.99599838256836,36.959999084472656,27109,0.0,0.0,0.0
2022-11-04 00:00:00-04:00,39.25,40.04990005493164,37.599998474121094,38.45000076293945,35874,0.0,0.0,0.0
2022-11-07 00:00:00-05:00,39.33000183105469,41.310001373291016,39.119998931884766,41.209999084472656,35954,0.0,0.0,0.0
2022-11-08 00:00:00-05:00,41.08000183105469,41.540000915527344,40.36000061035156,41.19089889526367,40900,0.0,0.0,0.0
2022-11-09 00:00:00-05:00,39.869998931884766,39.869998931884766,36.58000183105469,36.86000061035156,33080,0.0,0.0,0.0
2022-11-10 00:00:00-05:00,39.0099983215332,39.0099983215332,37.33000183105469,38.529998779296875,21025,0.0,0.0,0.0
2022-11-11 00:00:00-05:00,40.2599983215332,42.04999923706055,40.2599983215332,41.16999816894531,22783,0.0,0.0,0.0
2022-11-14 00:00:00-05:00,40.599998474121094,42.21500015258789,39.61000061035156,39.650001525878906,15999,0.0,0.0,0.0
2022-11-15 00:00:00-05:00,40.29999923706055,41.380001068115234,39.650001525878906,41.213401794433594,15739,0.0,0.0,0.0
2022-11-16 00:00:00-05:00,40.66999816894531,40.79499816894531,39.279998779296875,39.380001068115234,16711,0.0,0.0,0.0
2022-11-17 00:00:00-05:00,37.529998779296875,39.099998474121094,37.380001068115234,39.099998474121094,14697,0.0,0.0,0.0
2022-11-18 00:00:00-05:00,37.79999923706055,38.669898986816406,36.56999969482422,38.529998779296875,13653,0.0,0.0,0.0
2022-11-21 00:00:00-05:00,36.66999816894531,36.70009994506836,32.599998474121094,36.45000076293945,31409,0.0,0.0,0.0
2022-11-22 00:00:00-05:00,38.08000183105469,39.0,37.5,38.84000015258789,15823,0.0,0.0,0.0
2022-11-23 00:00:00-05:00,37.560001373291016,37.560001373291016,35.93989944458008,36.72999954223633,9520,0.0,0.0,0.0
2022-11-25 00:00:00-05:00,36.400001525878906,36.929298400878906,35.900001525878906,35.91999816894531,8619,0.0,0.0,0.0
2022-11-28 00:00:00-05:00,34.040000915527344,35.54999923706055,33.630001068115234,34.380001068115234,13789,0.0,0.0,0.0
2022-11-29 00:00:00-05:00,35.189998626708984,36.20000076293945,35.189998626708984,36.04999923706055,6862,0.0,0.0,0.0
2022-11-30 00:00:00-05:00,37.13999938964844,37.380001068115234,36.0,37.33000183105469,11471,0.0,0.0,0.0
2022-12-01 00:00:00-05:00,38.17499923706055,38.17499923706055,36.91999816894531,36.93000030517578,4417,0.0,0.0,0.0
2022-12-02 00:00:00-05:00,37.75,38.2599983215332,37.45000076293945,38.13010025024414,1545,0.0,0.0,0.0
2022-12-05 00:00:00-05:00,38.86000061035156,39.31999969482422,34.2599983215332,34.435699462890625,16393,0.0,0.0,0.0
2022-12-06 00:00:00-05:00,34.399898529052734,35.28990173339844,33.369998931884766,33.70000076293945,19967,0.0,0.0,0.0
2022-12-07 00:00:00-05:00,34.25,34.48500061035156,31.950000762939453,31.979999542236328,8454,0.0,0.0,0.0
2022-12-08 00:00:00-05:00,33.81999969482422,34.025001525878906,31.84000015258789,32.0546989440918,12657,0.0,0.0,0.0
2022-12-09 00:00:00-05:00,31.25,31.558500289916992,29.290000915527344,29.290000915527344,14365,0.0,0.0,0.0
2022-12-12 00:00:00-05:00,29.579999923706055,31.940000534057617,29.579999923706055,31.901199340820312,13409,0.0,0.0,0.0
2022-12-13 00:00:00-05:00,33.65999984741211,34.709999084472656,33.34000015258789,34.60449981689453,10730,0.0,0.0,0.0
2022-12-14 00:00:00-05:00,34.8849983215332,34.8849983215332,33.81999969482422,34.090999603271484,8159,0.0,0.0,0.0
2022-12-15 00:00:00-05:00,33.470001220703125,33.77989959716797,32.72679901123047,33.52259826660156,12109,0.0,0.0,0.0
2022-12-16 00:00:00-05:00,32.14799880981445,32.5,31.559999465942383,32.47999954223633,31996,0.0,0.0,0.0
2022-12-19 00:00:00-05:00,33.060001373291016,33.060001373291016,32.349998474121094,32.55390167236328,5721,0.0,0.0,0.0
2022-12-20 00:00:00-05:00,33.529998779296875,35.117801666259766,33.529998779296875,34.95119857788086,9276,0.0,0.0,0.0
2022-12-21 00:00:00-05:00,36.45000076293945,36.64030075073242,35.31999969482422,36.341800689697266,41918,0.0,0.0,0.0
2022-12-22 00:00:00-05:00,36.38999938964844,36.38999938964844,33.0,34.189998626708984,15830,0.0,0.0,0.0
2022-12-23 00:00:00-05:00,34.66999816894531,36.73979949951172,34.56999969482422,36.73979949951172,14393,0.0,0.0,0.0
2022-12-27 00:00:00-05:00,37.263999938964844,37.564701080322266,36.52000045776367,37.23160171508789,8566,0.0,0.0,0.0
2022-12-28 00:00:00-05:00,36.790000915527344,36.790000915527344,34.47999954223633,34.95050048828125,14744,0.0,0.0,0.0
2022-12-29 00:00:00-05:00,34.459999084472656,36.72930145263672,34.459999084472656,36.72930145263672,9348,0.0,0.0,0.0
2022-12-30 00:00:00-05:00,36.27000045776367,37.23270034790039,36.220001220703125,37.23270034790039,12945,0.0,0.0,0.0
2023-01-03 00:00:00-05:00,36.790000915527344,37.019901275634766,32.78499984741211,33.68389892578125,10900,0.0,0.0,0.0
2023-01-04 00:00:00-05:00,33.189998626708984,34.29999923706055,32.779998779296875,33.86399841308594,5139,0.0,0.0,0.0
2023-01-05 00:00:00-05:00,34.38999938964844,35.5099983215332,34.38999938964844,35.099998474121094,4378,0.0,0.0,0.0
2023-01-06 00:00:00-05:00,36.900001525878906,38.31999969482422,36.50279998779297,37.380001068115234,14755,0.0,0.0,0.0
2023-01-09 00:00:00-05:00,39.29999923706055,40.540000915527344,38.900001525878906,39.116600036621094,12679,0.0,0.0,0.0
2023-01-10 00:00:00-05:00,39.099998474121094,40.7598991394043,38.31999969482422,40.57889938354492,13393,0.0,0.0,0.0
2023-01-11 00:00:00-05:00,41.5,41.5,39.59989929199219,40.42720031738281,9662,0.0,0.0,0.0
2023-01-12 00:00:00-05:00,40.93000030517578,43.66999816894531,40.88999938964844,42.37699890136719,14030,0.0,0.0,0.0
2023-01-13 00:00:00-05:00,42.709999084472656,43.15999984741211,41.20000076293945,42.95000076293945,25586,0.0,0.0,0.0
2023-01-17 00:00:00-05:00,43.25,43.720001220703125,42.809898376464844,43.50230026245117,18299,0.0,0.0,0.0
2023-01-18 00:00:00-05:00,44.040000915527344,44.880001068115234,39.984901428222656,39.984901428222656,23774,0.0,0.0,0.0
2023-01-19 00:00:00-05:00,39.66999816894531,40.429901123046875,38.66999816894531,39.885799407958984,13181,0.0,0.0,0.0
2023-01-20 00:00:00-05:00,39.5,41.29990005493164,39.400001525878906,40.884300231933594,11020,0.0,0.0,0.0
2023-01-23 00:00:00-05:00,41.08000183105469,41.11000061035156,40.21289825439453,40.56999969482422,37165,0.0,0.0,0.0
2023-01-24 00:00:00-05:00,40.630001068115234,40.630001068115234,38.500999450683594,39.939998626708984,4144,0.0,0.0,0.0
2023-01-25 00:00:00-05:00,39.48469924926758,42.2599983215332,38.43000030517578,42.028900146484375,8267,0.0,0.0,0.0
2023-01-26 00:00:00-05:00,43.38999938964844,43.38999938964844,41.029998779296875,43.0,51379,0.0,0.0,0.0
2023-01-27 00:00:00-05:00,42.9900016784668,43.529998779296875,42.14500045776367,42.23609924316406,14891,0.0,0.0,0.0
2023-01-30 00:00:00-05:00,41.66999816894531,42.31999969482422,41.45000076293945,41.49660110473633,12987,0.0,0.0,0.0
2023-01-31 00:00:00-05:00,41.5,43.29990005493164,41.5,43.25960159301758,3820,0.0,0.0,0.0
2023-02-01 00:00:00-05:00,42.61000061035156,43.290000915527344,40.16999816894531,42.600101470947266,12903,0.0,0.0,0.0
2023-02-02 00:00:00-05:00,40.939998626708984,40.939998626708984,38.380001068115234,38.977500915527344,13493,0.0,0.0,0.0
2023-02-03 00:00:00-05:00,40.5,41.849998474121094,39.361000061035156,39.45830154418945,13785,0.0,0.0,0.0
2023-02-06 00:00:00-05:00,39.229000091552734,39.69169998168945,38.52000045776367,39.69169998168945,4145,0.0,0.0,0.0
2023-02-07 00:00:00-05:00,40.29999923706055,41.577598571777344,39.98500061035156,41.577598571777344,6425,0.0,0.0,0.0
2023-02-08 00:00:00-05:00,41.97999954223633,43.0,41.349998474121094,42.880001068115234,11181,0.0,0.0,0.0
2023-02-09 00:00:00-05:00,42.01499938964844,42.01499938964844,39.70989990234375,39.7588996887207,13553,0.0,0.0,0.0
2023-02-10 00:00:00-05:00,40.189998626708984,42.790000915527344,40.189998626708984,42.75559997558594,18929,0.0,0.0,0.0
2023-02-13 00:00:00-05:00,41.279998779296875,43.56999969482422,41.209999084472656,43.24599838256836,8319,0.0,0.0,0.0
2023-02-14 00:00:00-05:00,42.099998474121094,44.20000076293945,42.099998474121094,43.20539855957031,4259,0.0,0.0,0.0
2023-02-15 00:00:00-05:00,41.86000061035156,41.86000061035156,40.310001373291016,41.79560089111328,5651,0.0,0.0,0.0
2023-02-16 00:00:00-05:00,42.709999084472656,43.470001220703125,42.210601806640625,42.210601806640625,3656,0.0,0.0,0.0
2023-02-17 00:00:00-05:00,40.540000915527344,40.540000915527344,37.68000030517578,38.418701171875,13095,0.0,0.0,0.0
2023-02-21 00:00:00-05:00,39.17390060424805,39.17390060424805,36.935001373291016,36.939998626708984,3801,0.0,0.0,0.0
2023-02-22 00:00:00-05:00,36.5,36.5,34.156700134277344,34.70349884033203,4250,0.0,0.0,0.0
2023-02-23 00:00:00-05:00,36.150001525878906,36.459999084472656,35.899898529052734,36.123600006103516,5907,0.0,0.0,0.0
2023-02-24 00:00:00-05:00,35.470001220703125,37.626399993896484,35.30820083618164,37.626399993896484,15077,0.0,0.0,0.0
2023-02-27 00:00:00-05:00,38.15999984741211,38.881500244140625,38.15999984741211,38.881500244140625,5120,0.0,0.0,0.0
2023-02-28 00:00:00-05:00,39.53990173339844,39.59000015258789,37.87919998168945,37.87919998168945,5201,0.0,0.0,0.0
2023-03-01 00:00:00-05:00,38.88999938964844,40.09989929199219,38.88999938964844,39.900001525878906,4477,0.0,0.0,0.0
2023-03-02 00:00:00-05:00,39.099998474121094,41.83000183105469,39.099998474121094,41.47999954223633,5926,0.0,0.0,0.0
2023-03-03 00:00:00-05:00,40.16999816894531,42.769901275634766,40.06999969482422,42.72079849243164,9621,0.0,0.0,0.0
2023-03-06 00:00:00-05:00,42.70000076293945,42.70000076293945,42.279998779296875,42.35319900512695,4808,0.0,0.0,0.0
2023-03-07 00:00:00-05:00,42.25,42.349998474121094,40.439998626708984,40.57500076293945,4318,0.0,0.0,0.0
2023-03-08 00:00:00-05:00,40.40999984741211,40.95000076293945,38.33060073852539,39.23749923706055,4243,0.0,0.0,0.0
2023-03-09 00:00:00-05:00,39.529998779296875,39.529998779296875,35.467098236083984,35.467098236083984,7724,0.0,0.0,0.0
2023-03-10 00:00:00-05:00,35.93000030517578,36.5099983215332,33.4900016784668,33.62089920043945,12303,0.0,0.0,0.0
2023-03-13 00:00:00-04:00,31.90999984741211,32.56999969482422,30.445499420166016,30.72480010986328,23756,0.0,0.0,0.0
2023-03-14 00:00:00-04:00,32.970001220703125,32.970001220703125,31.102699279785156,31.102699279785156,6185,0.0,0.0,0.0
2023-03-15 00:00:00-04:00,29.549999237060547,29.549999237060547,25.450000762939453,26.440099716186523,35060,0.0,0.0,0.0
2023-03-16 00:00:00-04:00,25.43000030517578,27.415000915527344,24.8799991607666,27.175199508666992,13143,0.0,0.0,0.0
2023-03-17 00:00:00-04:00,26.469999313354492,26.469999313354492,25.34000015258789,25.50200080871582,2673,0.0,0.0,0.0
2023-03-20 00:00:00-04:00,25.950000762939453,27.389999389648438,25.950000762939453,27.122400283813477,8509,0.0,0.0,0.0
2023-03-21 00:00:00-04:00,29.06999969482422,29.55500030517578,28.639999389648438,28.923500061035156,17122,0.0,0.0,0.0
2023-03-22 00:00:00-04:00,28.450000762939453,28.611900329589844,27.0,27.007400512695312,9695,0.0,0.0,0.0
2023-03-23 00:00:00-04:00,27.46500015258789,27.530000686645508,25.0,25.52199935913086,5957,0.0,0.0,0.0
2023-03-24 00:00:00-04:00,24.020000457763672,25.290000915527344,24.020000457763672,25.120800018310547,5506,0.0,0.0,0.0
2023-03-27 00:00:00-04:00,26.100000381469727,27.670000076293945,25.790000915527344,27.458200454711914,11331,0.0,0.0,0.0
2023-03-28 00:00:00-04:00,28.469999313354492,28.993000030517578,28.469999313354492,28.759599685668945,6892,0.0,0.0,0.0
2023-03-29 00:00:00-04:00,29.155000686645508,29.399999618530273,28.8799991607666,29.25279998779297,9205,0.0,0.0,0.0
2023-03-30 00:00:00-04:00,29.81999969482422,30.049999237060547,28.459999084472656,28.541200637817383,5577,0.0,0.0,0.0
2023-03-31 00:00:00-04:00,28.799999237060547,29.229999542236328,28.530000686645508,29.167299270629883,3001,0.0,0.0,0.0
2023-04-03 00:00:00-04:00,32.709999084472656,33.70000076293945,32.0,32.579200744628906,18189,0.0,0.0,0.0
2023-04-04 00:00:00-04:00,32.5,32.59000015258789,29.799999237060547,30.430200576782227,17112,0.0,0.0,0.0
2023-04-05 00:00:00-04:00,30.399999618530273,30.40999984741211,29.65999984741211,30.153099060058594,5978,0.0,0.0,0.0
2023-04-06 00:00:00-04:00,29.700000762939453,29.700000762939453,29.280000686645508,29.280000686645508,5116,0.0,0.0,0.0
2023-04-10 00:00:00-04:00,29.635000228881836,30.739900588989258,29.61639976501465,29.969499588012695,17392,0.0,0.0,0.0
2023-04-11 00:00:00-04:00,30.3799991607666,31.170000076293945,29.969999313354492,30.649999618530273,40492,0.0,0.0,0.0
2023-04-12 00:00:00-04:00,31.1200008392334,31.539899826049805,30.459999084472656,31.186500549316406,8265,0.0,0.0,0.0
2023-04-13 00:00:00-04:00,31.420000076293945,31.8799991607666,31.350000381469727,31.388599395751953,7534,0.0,0.0,0.0
2023-04-14 00:00:00-04:00,31.389999389648438,31.81999969482422,30.770000457763672,31.2450008392334,14452,0.0,0.0,0.0
2023-04-17 00:00:00-04:00,31.25,31.440000534057617,30.649999618530273,30.914600372314453,6524,0.0,0.0,0.0
2023-04-18 00:00:00-04:00,30.610000610351562,31.049999237060547,30.559999465942383,31.049999237060547,7399,0.0,0.0,0.0
2023-04-19 00:00:00-04:00,30.40999984741211,31.100000381469727,29.860000610351562,31.066999435424805,11971,0.0,0.0,0.0
2023-04-20 00:00:00-04:00,30.139999389648438,30.200000762939453,29.50189971923828,30.10110092163086,8071,0.0,0.0,0.0
2023-04-21 00:00:00-04:00,29.745800018310547,29.745800018310547,28.690099716186523,28.975299835205078,9730,0.0,0.0,0.0
2023-04-24 00:00:00-04:00,28.975299835205078,28.975299835205078,28.975299835205078,28.975299835205078,0,0.0,0.0,0.0
2023-04-25 00:00:00-04:00,28.975299835205078,28.975299835205078,28.975299835205078,28.975299835205078,0,0.0,0.0,0.0
2023-04-26 00:00:00-04:00,28.975299835205078,28.975299835205078,28.975299835205078,28.975299835205078,0,0.0,0.0,0.0
2023-04-27 00:00:00-04:00,28.975299835205078,28.975299835205078,28.975299835205078,28.975299835205078,0,0.0,0.0,0.0
2023-04-28 00:00:00-04:00,28.975299835205078,28.975299835205078,28.975299835205078,28.975299835205078,0,0.0,0.0,0.0
2023-05-01 00:00:00-04:00,28.975299835205078,28.975299835205078,28.975299835205078,28.975299835205078,0,0.0,0.0,0.0
2023-05-02 00:00:00-04:00,28.975299835205078,28.975299835205078,28.975299835205078,28.975299835205078,0,0.0,0.0,0.0
