Date,Open,High,Low,Close,Volume,Dividends,Stock Splits
2021-08-27 00:00:00-04:00,10.5,10.5,10.5,10.5,700,0.0,0.0
2021-08-30 00:00:00-04:00,10.506999969482422,10.506999969482422,10.5,10.5,24400,0.0,0.0
2021-08-31 00:00:00-04:00,10.539999961853027,10.539999961853027,10.539999961853027,10.539999961853027,500,0.0,0.0
2021-09-01 00:00:00-04:00,10.539999961853027,10.539999961853027,10.539999961853027,10.539999961853027,0,0.0,0.0
2021-09-02 00:00:00-04:00,10.539999961853027,10.539999961853027,10.539999961853027,10.539999961853027,0,0.0,0.0
2021-09-03 00:00:00-04:00,10.539999961853027,10.539999961853027,10.539999961853027,10.539999961853027,0,0.0,0.0
2021-09-07 00:00:00-04:00,10.479999542236328,10.482000350952148,10.479999542236328,10.482000350952148,3400,0.0,0.0
2021-09-08 00:00:00-04:00,10.300000190734863,10.300000190734863,10.300000190734863,10.300000190734863,9800,0.0,0.0
2021-09-09 00:00:00-04:00,10.300000190734863,10.300000190734863,10.300000190734863,10.300000190734863,0,0.0,0.0
2021-09-10 00:00:00-04:00,10.300000190734863,10.300000190734863,10.300000190734863,10.300000190734863,300,0.0,0.0
2021-09-13 00:00:00-04:00,10.444999694824219,10.744000434875488,10.355999946594238,10.600000381469727,7800,0.0,0.0
2021-09-14 00:00:00-04:00,10.600000381469727,10.600000381469727,10.600000381469727,10.600000381469727,0,0.0,0.0
2021-09-15 00:00:00-04:00,11.25,11.25,11.25,11.25,500,0.0,0.0
2021-09-16 00:00:00-04:00,11.050000190734863,11.050000190734863,11.050000190734863,11.050000190734863,400,0.0,0.0
2021-09-17 00:00:00-04:00,11.050000190734863,11.050000190734863,11.050000190734863,11.050000190734863,0,0.0,0.0
2021-09-20 00:00:00-04:00,10.5,10.5,10.5,10.5,200,0.0,0.0
2021-09-21 00:00:00-04:00,10.5,10.5,10.5,10.5,0,0.0,0.0
2021-09-22 00:00:00-04:00,10.970000267028809,14.300000190734863,10.5,10.5,550400,0.0,0.0
2021-09-23 00:00:00-04:00,10.5,11.199999809265137,10.5,11.050000190734863,123700,0.0,0.0
2021-09-24 00:00:00-04:00,11.140000343322754,11.170000076293945,10.819999694824219,10.989999771118164,20100,0.0,0.0
2021-09-27 00:00:00-04:00,11.239999771118164,11.239999771118164,10.979999542236328,11.130000114440918,37900,0.0,0.0
2021-09-28 00:00:00-04:00,11.0,11.100000381469727,10.880000114440918,11.039999961853027,49400,0.0,0.0
2021-09-29 00:00:00-04:00,11.130000114440918,11.199999809265137,10.75,11.199999809265137,53100,0.0,0.0
2021-09-30 00:00:00-04:00,11.100000381469727,11.109999656677246,10.829999923706055,11.045000076293945,14300,0.0,0.0
2021-10-01 00:00:00-04:00,11.010000228881836,11.09000015258789,10.930000305175781,11.0600004196167,17500,0.0,0.0
2021-10-04 00:00:00-04:00,11.100000381469727,11.210000038146973,11.100000381469727,11.100000381469727,18600,0.0,0.0
2021-10-05 00:00:00-04:00,11.149999618530273,11.359999656677246,11.149999618530273,11.359999656677246,83600,0.0,0.0
2021-10-06 00:00:00-04:00,11.329999923706055,11.350000381469727,11.149999618530273,11.300000190734863,45300,0.0,0.0
2021-10-07 00:00:00-04:00,11.4399995803833,11.640000343322754,11.3100004196167,11.609999656677246,26400,0.0,0.0
2021-10-08 00:00:00-04:00,11.607999801635742,11.899999618530273,11.600000381469727,11.899999618530273,31600,0.0,0.0
2021-10-11 00:00:00-04:00,11.680000305175781,11.944999694824219,11.670000076293945,11.779999732971191,3600,0.0,0.0
2021-10-12 00:00:00-04:00,11.75,11.989999771118164,11.739999771118164,11.739999771118164,45800,0.0,0.0
2021-10-13 00:00:00-04:00,11.699999809265137,11.760000228881836,11.220000267028809,11.649999618530273,18900,0.0,0.0
2021-10-14 00:00:00-04:00,11.699999809265137,11.911999702453613,11.699999809265137,11.75,9300,0.0,0.0
2021-10-15 00:00:00-04:00,11.949999809265137,11.949999809265137,11.75,11.760000228881836,9300,0.0,0.0
2021-10-18 00:00:00-04:00,11.800000190734863,11.850000381469727,11.75,11.850000381469727,10200,0.0,0.0
2021-10-19 00:00:00-04:00,11.84000015258789,11.850000381469727,11.800000190734863,11.800000190734863,1600,0.0,0.0
2021-10-20 00:00:00-04:00,11.8100004196167,11.906000137329102,11.800000190734863,11.845000267028809,11500,0.0,0.0
2021-10-21 00:00:00-04:00,11.800000190734863,11.90999984741211,11.779999732971191,11.899999618530273,43900,0.0,0.0
2021-10-22 00:00:00-04:00,11.800000190734863,12.039999961853027,11.800000190734863,12.039999961853027,44300,0.0,0.0
2021-10-25 00:00:00-04:00,12.020000457763672,12.020000457763672,11.78499984741211,11.800000190734863,7100,0.0,0.0
2021-10-26 00:00:00-04:00,11.949999809265137,12.229999542236328,11.949999809265137,12.0,36400,0.0,0.0
2021-10-27 00:00:00-04:00,12.0,12.1899995803833,12.0,12.050000190734863,29400,0.0,0.0
2021-10-28 00:00:00-04:00,12.050000190734863,12.09000015258789,12.0,12.069999694824219,8700,0.0,0.0
2021-10-29 00:00:00-04:00,12.079999923706055,12.079999923706055,12.00100040435791,12.029999732971191,14400,0.0,0.0
2021-11-01 00:00:00-04:00,12.069999694824219,12.109999656677246,11.920000076293945,12.010000228881836,23700,0.0,0.0
2021-11-02 00:00:00-04:00,12.0,12.079999923706055,11.930000305175781,12.0,63400,0.0,0.0
2021-11-03 00:00:00-04:00,12.069999694824219,12.369999885559082,12.0,12.260000228881836,50200,0.0,0.0
2021-11-04 00:00:00-04:00,12.3100004196167,12.680000305175781,12.281999588012695,12.5,58000,0.0,0.0
2021-11-05 00:00:00-04:00,12.510000228881836,12.63700008392334,12.319999694824219,12.460000038146973,22000,0.0,0.0
2021-11-08 00:00:00-05:00,12.350000381469727,12.899999618530273,12.350000381469727,12.890000343322754,31800,0.0,0.0
2021-11-09 00:00:00-05:00,12.770000457763672,13.25,12.5,13.079999923706055,48200,0.0,0.0
2021-11-10 00:00:00-05:00,13.109999656677246,13.149999618530273,12.75,12.824999809265137,43400,0.0,0.0
2021-11-11 00:00:00-05:00,12.819999694824219,13.09000015258789,12.75,13.020000457763672,60800,0.0,0.0
2021-11-12 00:00:00-05:00,12.859999656677246,13.319999694824219,12.859999656677246,13.15999984741211,116400,0.0,0.0
2021-11-15 00:00:00-05:00,13.170000076293945,13.199999809265137,12.680000305175781,12.90999984741211,49300,0.0,0.0
2021-11-16 00:00:00-05:00,12.930000305175781,13.0,12.850000381469727,12.954999923706055,16600,0.0,0.0
2021-11-17 00:00:00-05:00,12.850000381469727,12.979999542236328,12.850000381469727,12.850000381469727,18500,0.0,0.0
2021-11-18 00:00:00-05:00,12.920000076293945,12.920000076293945,12.739999771118164,12.770000457763672,58700,0.0,0.0
2021-11-19 00:00:00-05:00,12.75,12.819999694824219,12.75,12.779999732971191,36900,0.0,0.0
2021-11-22 00:00:00-05:00,12.84000015258789,12.850000381469727,12.75,12.8100004196167,29400,0.0,0.0
2021-11-23 00:00:00-05:00,12.760000228881836,12.989999771118164,12.760000228881836,12.944999694824219,36600,0.0,0.0
2021-11-24 00:00:00-05:00,12.90999984741211,13.029999732971191,12.890000343322754,12.90999984741211,49800,0.0,0.0
2021-11-26 00:00:00-05:00,12.90999984741211,12.90999984741211,12.109999656677246,12.649999618530273,26700,0.0,0.0
2021-11-29 00:00:00-05:00,13.0,13.0,12.402000427246094,12.670000076293945,48200,0.0,0.0
2021-11-30 00:00:00-05:00,12.600000381469727,12.819999694824219,12.270000457763672,12.770000457763672,86100,0.0,0.0
2021-12-01 00:00:00-05:00,12.770000457763672,12.859999656677246,12.493000030517578,12.520000457763672,25800,0.0,0.0
2021-12-02 00:00:00-05:00,12.635000228881836,12.720000267028809,12.359999656677246,12.359999656677246,28000,0.0,0.0
2021-12-03 00:00:00-05:00,12.569999694824219,12.569999694824219,11.899999618530273,11.970000267028809,16600,0.0,0.0
2021-12-06 00:00:00-05:00,11.970000267028809,12.34000015258789,11.970000267028809,12.300000190734863,4500,0.0,0.0
2021-12-07 00:00:00-05:00,12.289999961853027,12.449999809265137,12.270000457763672,12.369999885559082,5700,0.0,0.0
2021-12-08 00:00:00-05:00,12.335000038146973,12.489999771118164,12.319999694824219,12.329999923706055,5100,0.0,0.0
2021-12-09 00:00:00-05:00,12.32800006866455,12.32800006866455,12.229999542236328,12.229999542236328,1700,0.0,0.0
2021-12-10 00:00:00-05:00,12.229999542236328,12.399999618530273,12.09000015258789,12.100000381469727,5200,0.0,0.0
2021-12-13 00:00:00-05:00,11.90999984741211,11.90999984741211,11.640000343322754,11.859999656677246,14300,0.0,0.0
2021-12-14 00:00:00-05:00,11.899999618530273,11.960000038146973,11.850000381469727,11.960000038146973,9700,0.0,0.0
2021-12-15 00:00:00-05:00,11.960000038146973,12.020000457763672,11.6899995803833,11.930000305175781,5800,0.0,0.0
2021-12-16 00:00:00-05:00,11.819999694824219,12.199999809265137,11.819999694824219,11.84000015258789,4600,0.0,0.0
2021-12-17 00:00:00-05:00,11.720000267028809,11.979999542236328,11.65999984741211,11.979999542236328,12500,0.0,0.0
2021-12-20 00:00:00-05:00,11.6899995803833,11.770000457763672,11.460000038146973,11.75,10600,0.0,0.0
2021-12-21 00:00:00-05:00,11.585000038146973,11.890000343322754,11.5,11.529999732971191,63900,0.0,0.0
2021-12-22 00:00:00-05:00,11.670000076293945,11.729999542236328,11.609999656677246,11.720000267028809,52400,0.0,0.0
2021-12-23 00:00:00-05:00,11.84000015258789,11.967000007629395,11.788999557495117,11.890000343322754,3000,0.0,0.0
2021-12-27 00:00:00-05:00,11.890000343322754,11.890000343322754,11.890000343322754,11.890000343322754,0,0.0,0.0
2021-12-28 00:00:00-05:00,11.039999961853027,11.829999923706055,11.029999732971191,11.569999694824219,2900,0.0,0.0
2021-12-29 00:00:00-05:00,11.460000038146973,11.890000343322754,11.460000038146973,11.770000457763672,13700,0.0,0.0
2021-12-30 00:00:00-05:00,11.779999732971191,11.90999984741211,11.699999809265137,11.90999984741211,90000,0.0,0.0
2021-12-31 00:00:00-05:00,11.85200023651123,11.920000076293945,11.758999824523926,11.899999618530273,4900,0.0,0.0
2022-01-03 00:00:00-05:00,12.010000228881836,12.0600004196167,11.930000305175781,12.050000190734863,1000,0.0,0.0
2022-01-04 00:00:00-05:00,11.90999984741211,12.15999984741211,11.850000381469727,12.149999618530273,7300,0.0,0.0
2022-01-05 00:00:00-05:00,12.140000343322754,12.199999809265137,12.069999694824219,12.130000114440918,9100,0.0,0.0
2022-01-06 00:00:00-05:00,12.239999771118164,12.25,12.180000305175781,12.180000305175781,6900,0.0,0.0
2022-01-07 00:00:00-05:00,12.229999542236328,12.229999542236328,12.079999923706055,12.079999923706055,4900,0.0,0.0
2022-01-10 00:00:00-05:00,12.029999732971191,12.029999732971191,11.937000274658203,11.9399995803833,3800,0.0,0.0
2022-01-11 00:00:00-05:00,11.890000343322754,12.079999923706055,11.890000343322754,11.949999809265137,16900,0.0,0.0
2022-01-12 00:00:00-05:00,11.989999771118164,12.199999809265137,11.989999771118164,12.149999618530273,20400,0.0,0.0
2022-01-13 00:00:00-05:00,12.199999809265137,12.199999809265137,11.949999809265137,11.949999809265137,21300,0.0,0.0
2022-01-14 00:00:00-05:00,12.039999961853027,12.039999961853027,11.90999984741211,11.920000076293945,18600,0.0,0.0
2022-01-18 00:00:00-05:00,11.949999809265137,12.100000381469727,11.930000305175781,11.930000305175781,3500,0.0,0.0
2022-01-19 00:00:00-05:00,12.11299991607666,12.149999618530273,11.989999771118164,12.119999885559082,22200,0.0,0.0
2022-01-20 00:00:00-05:00,12.079999923706055,12.149999618530273,12.0,12.010000228881836,161800,0.0,0.0
2022-01-21 00:00:00-05:00,12.069999694824219,12.069999694824219,11.670000076293945,11.699999809265137,49500,0.0,0.0
2022-01-24 00:00:00-05:00,11.649999618530273,11.664999961853027,10.8100004196167,11.529999732971191,87600,0.0,0.0
2022-01-25 00:00:00-05:00,11.470000267028809,11.890000343322754,10.760000228881836,11.890000343322754,25100,0.0,0.0
2022-01-26 00:00:00-05:00,11.75,12.0,11.670000076293945,11.850000381469727,30800,0.0,0.0
2022-01-27 00:00:00-05:00,11.899999618530273,11.899999618530273,11.5,11.5,24900,0.0,0.0
2022-01-28 00:00:00-05:00,11.630000114440918,11.630000114440918,11.350000381469727,11.5,8200,0.0,0.0
2022-01-31 00:00:00-05:00,11.430000305175781,11.770000457763672,11.430000305175781,11.651000022888184,24000,0.0,0.0
2022-02-01 00:00:00-05:00,11.859999656677246,11.859999656677246,11.40999984741211,11.46399974822998,4300,0.0,0.0
2022-02-02 00:00:00-05:00,11.430000305175781,11.579999923706055,11.369999885559082,11.369999885559082,4400,0.0,0.0
2022-02-03 00:00:00-05:00,11.281000137329102,11.390000343322754,11.281000137329102,11.319999694824219,2900,0.0,0.0
2022-02-04 00:00:00-05:00,11.270000457763672,11.336000442504883,11.25,11.3149995803833,4700,0.0,0.0
2022-02-07 00:00:00-05:00,11.25,11.460000038146973,11.25,11.329999923706055,2400,0.0,0.0
2022-02-08 00:00:00-05:00,11.300000190734863,11.399999618530273,11.300000190734863,11.399999618530273,5100,0.0,0.0
2022-02-09 00:00:00-05:00,11.489999771118164,11.640000343322754,11.329999923706055,11.640000343322754,6600,0.0,0.0
2022-02-10 00:00:00-05:00,11.710000038146973,11.710000038146973,11.5600004196167,11.5600004196167,1000,0.0,0.0
2022-02-11 00:00:00-05:00,11.454999923706055,11.640000343322754,11.454999923706055,11.569999694824219,2900,0.0,0.0
2022-02-14 00:00:00-05:00,11.5,11.510000228881836,11.279999732971191,11.279999732971191,1900,0.0,0.0
2022-02-15 00:00:00-05:00,11.270000457763672,11.399999618530273,11.25,11.390000343322754,5500,0.0,0.0
2022-02-16 00:00:00-05:00,11.40999984741211,11.414999961853027,11.399999618530273,11.411999702453613,5500,0.0,0.0
2022-02-17 00:00:00-05:00,11.5,11.53499984741211,11.5,11.53499984741211,9000,0.0,0.0
2022-02-18 00:00:00-05:00,11.539999961853027,11.649999618530273,11.513999938964844,11.645000457763672,9400,0.0,0.0
2022-02-22 00:00:00-05:00,11.538000106811523,11.65999984741211,11.520000457763672,11.529999732971191,3700,0.0,0.0
2022-02-23 00:00:00-05:00,11.699999809265137,11.699999809265137,11.5,11.619999885559082,3600,0.0,0.0
2022-02-24 00:00:00-05:00,11.449999809265137,11.449999809265137,10.885000228881836,11.34000015258789,18700,0.0,0.0
2022-02-25 00:00:00-05:00,11.112000465393066,11.5600004196167,11.112000465393066,11.300000190734863,23500,0.0,0.0
2022-02-28 00:00:00-05:00,11.40999984741211,11.579999923706055,11.40999984741211,11.470000267028809,2800,0.0,0.0
2022-03-01 00:00:00-05:00,11.619999885559082,11.789999961853027,11.300000190734863,11.390000343322754,43400,0.0,0.0
2022-03-02 00:00:00-05:00,11.5,11.649999618530273,11.40999984741211,11.449999809265137,34800,0.0,0.0
2022-03-03 00:00:00-05:00,11.460000038146973,11.550000190734863,11.210000038146973,11.350000381469727,12200,0.0,0.0
2022-03-04 00:00:00-05:00,11.300000190734863,11.300000190734863,11.010000228881836,11.119999885559082,41300,0.0,0.0
2022-03-07 00:00:00-05:00,11.149999618530273,11.149999618530273,11.0,11.0,15800,0.0,0.0
2022-03-08 00:00:00-05:00,10.9399995803833,10.989999771118164,10.710000038146973,10.789999961853027,4600,0.0,0.0
2022-03-09 00:00:00-05:00,10.789999961853027,10.9399995803833,10.680000305175781,10.680000305175781,7300,0.0,0.0
2022-03-10 00:00:00-05:00,10.770000457763672,10.899999618530273,10.729999542236328,10.800000190734863,8500,0.0,0.0
2022-03-11 00:00:00-05:00,10.800000190734863,10.859999656677246,10.75,10.829999923706055,20000,0.0,0.0
2022-03-14 00:00:00-04:00,10.84000015258789,10.850000381469727,10.699999809265137,10.699999809265137,20400,0.0,0.0
2022-03-15 00:00:00-04:00,10.75,10.774999618530273,10.65999984741211,10.699999809265137,16300,0.0,0.0
2022-03-16 00:00:00-04:00,10.850000381469727,10.920000076293945,10.75,10.84000015258789,12000,0.0,0.0
2022-03-17 00:00:00-04:00,10.899999618530273,10.949999809265137,10.845000267028809,10.949999809265137,5100,0.0,0.0
2022-03-18 00:00:00-04:00,10.73900032043457,11.4399995803833,10.73900032043457,11.4399995803833,17400,0.0,0.0
2022-03-21 00:00:00-04:00,11.279999732971191,11.449999809265137,11.199999809265137,11.199999809265137,600,0.0,0.0
2022-03-22 00:00:00-04:00,11.149999618530273,11.149999618530273,10.949999809265137,11.149999618530273,7200,0.0,0.0
2022-03-23 00:00:00-04:00,11.09000015258789,11.09000015258789,10.720000267028809,10.899999618530273,5500,0.0,0.0
2022-03-24 00:00:00-04:00,10.850000381469727,11.0,10.850000381469727,11.0,500,0.0,0.0
2022-03-25 00:00:00-04:00,10.819999694824219,10.9399995803833,10.819999694824219,10.9399995803833,5500,0.0,0.0
2022-03-28 00:00:00-04:00,10.979999542236328,10.979999542236328,10.729999542236328,10.800000190734863,354500,0.0,0.0
2022-03-29 00:00:00-04:00,10.970000267028809,11.199999809265137,10.970000267028809,11.020000457763672,5000,0.0,0.0
2022-03-30 00:00:00-04:00,11.1899995803833,11.359999656677246,11.100000381469727,11.322999954223633,26900,0.0,0.0
2022-03-31 00:00:00-04:00,11.9399995803833,12.0,11.35099983215332,11.399999618530273,11500,0.0,0.0
2022-04-01 00:00:00-04:00,11.369999885559082,11.989999771118164,11.369999885559082,11.920000076293945,4400,0.0,0.0
2022-04-04 00:00:00-04:00,11.989999771118164,11.989999771118164,11.619999885559082,11.859999656677246,900,0.0,0.0
2022-04-05 00:00:00-04:00,11.779999732971191,11.819999694824219,11.75,11.760000228881836,2300,0.0,0.0
2022-04-06 00:00:00-04:00,11.753000259399414,11.753000259399414,11.753000259399414,11.753000259399414,800,0.0,0.0
2022-04-07 00:00:00-04:00,11.5,11.680000305175781,11.470999717712402,11.680000305175781,1600,0.0,0.0
2022-04-08 00:00:00-04:00,11.680000305175781,11.680000305175781,11.680000305175781,11.680000305175781,100,0.0,0.0
2022-04-11 00:00:00-04:00,11.5,11.699999809265137,11.210000038146973,11.210000038146973,6400,0.0,0.0
2022-04-12 00:00:00-04:00,11.210000038146973,11.300000190734863,11.079999923706055,11.079999923706055,1800,0.0,0.0
2022-04-13 00:00:00-04:00,11.050000190734863,11.15999984741211,10.880000114440918,11.149999618530273,5300,0.0,0.0
2022-04-14 00:00:00-04:00,11.0,11.234000205993652,11.0,11.107999801635742,1600,0.0,0.0
2022-04-18 00:00:00-04:00,11.149999618530273,11.149999618530273,11.029999732971191,11.029999732971191,1300,0.0,0.0
2022-04-19 00:00:00-04:00,10.869999885559082,11.079999923706055,10.829999923706055,10.930000305175781,3200,0.0,0.0
2022-04-20 00:00:00-04:00,10.895000457763672,11.039999961853027,10.880000114440918,10.975000381469727,2600,0.0,0.0
2022-04-21 00:00:00-04:00,10.869999885559082,10.902000427246094,10.829999923706055,10.829999923706055,1000,0.0,0.0
2022-04-22 00:00:00-04:00,10.84000015258789,10.869999885559082,10.829999923706055,10.829999923706055,2000,0.0,0.0
2022-04-25 00:00:00-04:00,10.829999923706055,11.0,10.65999984741211,10.65999984741211,16400,0.0,0.0
2022-04-26 00:00:00-04:00,10.65999984741211,10.729999542236328,10.5600004196167,10.699999809265137,10300,0.0,0.0
2022-04-27 00:00:00-04:00,10.699999809265137,10.720000267028809,10.039999961853027,10.109999656677246,23400,0.0,0.0
2022-04-28 00:00:00-04:00,10.25,10.529999732971191,10.109999656677246,10.25,23800,0.0,0.0
2022-04-29 00:00:00-04:00,10.199999809265137,10.270000457763672,10.109999656677246,10.220000267028809,9300,0.0,0.0
2022-05-02 00:00:00-04:00,10.0,10.100000381469727,9.90999984741211,10.024999618530273,21500,0.0,0.0
2022-05-03 00:00:00-04:00,9.90999984741211,10.09000015258789,9.90999984741211,9.90999984741211,4000,0.0,0.0
2022-05-04 00:00:00-04:00,9.850000381469727,10.020000457763672,9.8100004196167,9.920000076293945,11000,0.0,0.0
2022-05-05 00:00:00-04:00,9.859999656677246,9.899999618530273,9.680000305175781,9.800000190734863,11400,0.0,0.0
2022-05-06 00:00:00-04:00,9.770000457763672,10.08899974822998,9.609999656677246,9.609999656677246,23300,0.0,0.0
2022-05-09 00:00:00-04:00,9.5600004196167,9.5600004196167,8.880000114440918,8.949999809265137,15400,0.0,0.0
2022-05-10 00:00:00-04:00,9.0,9.03499984741211,8.399999618530273,8.479999542236328,21200,0.0,0.0
2022-05-11 00:00:00-04:00,8.449999809265137,8.550000190734863,8.3100004196167,8.3100004196167,17600,0.0,0.0
2022-05-12 00:00:00-04:00,8.3100004196167,8.3100004196167,8.022000312805176,8.119999885559082,23500,0.0,0.0
2022-05-13 00:00:00-04:00,8.289999961853027,8.390000343322754,8.100000381469727,8.390000343322754,52000,0.0,0.0
2022-05-16 00:00:00-04:00,8.3100004196167,8.579999923706055,8.3100004196167,8.569999694824219,1700,0.0,0.0
2022-05-17 00:00:00-04:00,8.640000343322754,8.920000076293945,8.600000381469727,8.600000381469727,1900,0.0,0.0
2022-05-18 00:00:00-04:00,8.550000190734863,8.770000457763672,8.5,8.770000457763672,1000,0.0,0.0
2022-05-19 00:00:00-04:00,8.5600004196167,8.90999984741211,8.5600004196167,8.90999984741211,1200,0.0,0.0
2022-05-20 00:00:00-04:00,8.8100004196167,8.90999984741211,8.8100004196167,8.8100004196167,4400,0.0,0.0
2022-05-23 00:00:00-04:00,9.170000076293945,9.170000076293945,9.093999862670898,9.093999862670898,500,0.0,0.0
2022-05-24 00:00:00-04:00,8.8100004196167,8.960000038146973,8.8100004196167,8.90999984741211,1200,0.0,0.0
2022-05-25 00:00:00-04:00,9.010000228881836,9.010000228881836,8.869999885559082,8.949999809265137,400,0.0,0.0
2022-05-26 00:00:00-04:00,8.819999694824219,8.920000076293945,8.699999809265137,8.920000076293945,13600,0.0,0.0
2022-05-27 00:00:00-04:00,8.949999809265137,9.130000114440918,8.949999809265137,9.130000114440918,6300,0.0,0.0
2022-05-31 00:00:00-04:00,9.15999984741211,9.1899995803833,9.140000343322754,9.149999618530273,3600,0.0,0.0
2022-06-01 00:00:00-04:00,8.770000457763672,8.770000457763672,8.5,8.5,7000,0.0,0.0
2022-06-02 00:00:00-04:00,8.520000457763672,8.699999809265137,8.520000457763672,8.520000457763672,16000,0.0,0.0
2022-06-03 00:00:00-04:00,8.670000076293945,8.670000076293945,8.5,8.5,9600,0.0,0.0
2022-06-06 00:00:00-04:00,8.5,8.5,8.399999618530273,8.399999618530273,8500,0.0,0.0
2022-06-07 00:00:00-04:00,8.40999984741211,8.430000305175781,8.359999656677246,8.430000305175781,19300,0.0,0.0
2022-06-08 00:00:00-04:00,8.350000381469727,8.359999656677246,8.0,8.029999732971191,15800,0.0,0.0
2022-06-09 00:00:00-04:00,8.170000076293945,8.350000381469727,8.130000114440918,8.210000038146973,9700,0.0,0.0
2022-06-10 00:00:00-04:00,8.210000038146973,8.210000038146973,8.109999656677246,8.109999656677246,11500,0.0,0.0
2022-06-13 00:00:00-04:00,8.109999656677246,8.109999656677246,7.659999847412109,7.670000076293945,13700,0.0,0.0
2022-06-14 00:00:00-04:00,7.909999847412109,8.140000343322754,7.909999847412109,8.050000190734863,38400,0.0,0.0
2022-06-15 00:00:00-04:00,8.0600004196167,8.180000305175781,7.630000114440918,7.769999980926514,11300,0.0,0.0
2022-06-16 00:00:00-04:00,7.75,7.920000076293945,7.75,7.900000095367432,21100,0.0,0.0
2022-06-17 00:00:00-04:00,7.699999809265137,7.929999828338623,7.679999828338623,7.789000034332275,3400,0.0,0.0
2022-06-21 00:00:00-04:00,7.800000190734863,8.069999694824219,7.670000076293945,7.679999828338623,14900,0.0,0.0
2022-06-22 00:00:00-04:00,7.599999904632568,7.630000114440918,7.559999942779541,7.559999942779541,17000,0.0,0.0
2022-06-23 00:00:00-04:00,7.559999942779541,7.610000133514404,7.408999919891357,7.409999847412109,8700,0.0,0.0
2022-06-24 00:00:00-04:00,7.579999923706055,7.679999828338623,7.5,7.579999923706055,2600,0.0,0.0
2022-06-27 00:00:00-04:00,7.409999847412109,7.539999961853027,7.309999942779541,7.539999961853027,15800,0.0,0.0
2022-06-28 00:00:00-04:00,7.440000057220459,7.559999942779541,7.320000171661377,7.414999961853027,10300,0.0,0.0
2022-06-29 00:00:00-04:00,7.349999904632568,7.409999847412109,7.25,7.25,16400,0.0,0.0
2022-06-30 00:00:00-04:00,7.400000095367432,7.429999828338623,7.230000019073486,7.28000020980835,9800,0.0,0.0
2022-07-01 00:00:00-04:00,7.394999980926514,7.400000095367432,7.394999980926514,7.400000095367432,1200,0.0,0.0
2022-07-05 00:00:00-04:00,7.329999923706055,7.360000133514404,7.059999942779541,7.139999866485596,24600,0.0,0.0
2022-07-06 00:00:00-04:00,7.199999809265137,7.230000019073486,7.199999809265137,7.21999979019165,2300,0.0,0.0
2022-07-07 00:00:00-04:00,7.28000020980835,7.334000110626221,7.170000076293945,7.170000076293945,11900,0.0,0.0
2022-07-08 00:00:00-04:00,7.190000057220459,7.210999965667725,7.110000133514404,7.119999885559082,2100,0.0,0.0
2022-07-11 00:00:00-04:00,7.110000133514404,7.179999828338623,7.099999904632568,7.110000133514404,5600,0.0,0.0
2022-07-12 00:00:00-04:00,7.179999828338623,7.25,7.059999942779541,7.059999942779541,4000,0.0,0.0
2022-07-13 00:00:00-04:00,7.0,7.110000133514404,7.0,7.059999942779541,8700,0.0,0.0
2022-07-14 00:00:00-04:00,7.0,7.010000228881836,6.980000019073486,7.0,20300,0.0,0.0
2022-07-15 00:00:00-04:00,7.230000019073486,7.230000019073486,7.0,7.070000171661377,11800,0.0,0.0
2022-07-18 00:00:00-04:00,7.099999904632568,7.204999923706055,7.099999904632568,7.119999885559082,3900,0.0,0.0
2022-07-19 00:00:00-04:00,7.099999904632568,7.269999980926514,7.059999942779541,7.079999923706055,2600,0.0,0.0
2022-07-20 00:00:00-04:00,6.980000019073486,7.199999809265137,6.980000019073486,7.199999809265137,17000,0.0,0.0
2022-07-21 00:00:00-04:00,7.150000095367432,7.170000076293945,7.072999954223633,7.079999923706055,29800,0.0,0.0
2022-07-22 00:00:00-04:00,7.110000133514404,7.130000114440918,7.03000020980835,7.079999923706055,25300,0.0,0.0
2022-07-25 00:00:00-04:00,7.090000152587891,7.239999771118164,7.001999855041504,7.199999809265137,6800,0.0,0.0
2022-07-26 00:00:00-04:00,7.21999979019165,7.25,7.110000133514404,7.199999809265137,40700,0.0,0.0
2022-07-27 00:00:00-04:00,7.150000095367432,7.329999923706055,7.130000114440918,7.230000019073486,30600,0.0,0.0
2022-07-28 00:00:00-04:00,7.309999942779541,7.340000152587891,7.130000114440918,7.130000114440918,12300,0.0,0.0
2022-07-29 00:00:00-04:00,7.210000038146973,7.429999828338623,7.150000095367432,7.420000076293945,76100,0.0,0.0
2022-08-01 00:00:00-04:00,7.49399995803833,7.49399995803833,7.480000019073486,7.480000019073486,1200,0.0,0.0
2022-08-02 00:00:00-04:00,7.480000019073486,7.480000019073486,7.480000019073486,7.480000019073486,0,0.0,0.0
2022-08-03 00:00:00-04:00,7.320000171661377,7.380000114440918,7.25,7.340000152587891,7100,0.0,0.0
2022-08-04 00:00:00-04:00,7.329999923706055,7.329999923706055,7.320000171661377,7.320000171661377,700,0.0,0.0
2022-08-05 00:00:00-04:00,7.306000232696533,7.335000038146973,7.25,7.329999923706055,2600,0.0,0.0
2022-08-08 00:00:00-04:00,7.380000114440918,7.380000114440918,7.380000114440918,7.380000114440918,700,0.0,0.0
2022-08-09 00:00:00-04:00,7.309999942779541,7.489999771118164,7.309999942779541,7.320000171661377,2700,0.0,0.0
2022-08-10 00:00:00-04:00,7.449999809265137,7.480000019073486,7.320000171661377,7.400000095367432,4200,0.0,0.0
2022-08-11 00:00:00-04:00,7.5,7.5,7.460000038146973,7.460000038146973,1700,0.0,0.0
2022-08-12 00:00:00-04:00,7.454999923706055,7.489999771118164,7.420000076293945,7.489999771118164,3600,0.0,0.0
2022-08-15 00:00:00-04:00,7.5,7.920000076293945,7.25,7.869999885559082,30000,0.0,0.0
2022-08-16 00:00:00-04:00,7.949999809265137,7.949999809265137,7.900000095367432,7.900000095367432,10600,0.0,0.0
2022-08-17 00:00:00-04:00,7.860000133514404,7.989999771118164,7.760000228881836,7.880000114440918,1800,0.0,0.0
2022-08-18 00:00:00-04:00,7.769999980926514,7.880000114440918,7.610000133514404,7.820000171661377,33900,0.0,0.0
2022-08-19 00:00:00-04:00,7.78000020980835,7.78000020980835,7.539999961853027,7.639999866485596,6700,0.0,0.0
2022-08-22 00:00:00-04:00,7.558000087738037,7.730000019073486,7.53000020980835,7.53000020980835,1000,0.0,0.0
2022-08-23 00:00:00-04:00,7.579999923706055,7.610000133514404,7.559999942779541,7.599999904632568,3100,0.0,0.0
2022-08-24 00:00:00-04:00,7.619999885559082,7.650000095367432,7.599999904632568,7.605000019073486,4600,0.0,0.0
2022-08-25 00:00:00-04:00,7.610000133514404,7.639999866485596,7.300000190734863,7.625,193600,0.0,0.0
2022-08-26 00:00:00-04:00,7.599999904632568,7.676000118255615,7.539999961853027,7.556000232696533,4600,0.0,0.0
2022-08-29 00:00:00-04:00,7.519999980926514,7.699999809265137,7.489999771118164,7.619999885559082,2400,0.0,0.0
2022-08-30 00:00:00-04:00,7.539999961853027,7.639999866485596,7.519999980926514,7.579999923706055,4600,0.0,0.0
2022-08-31 00:00:00-04:00,7.449999809265137,7.71999979019165,7.409999847412109,7.409999847412109,5500,0.0,0.0
2022-09-01 00:00:00-04:00,7.360000133514404,7.385000228881836,7.360000133514404,7.360000133514404,4000,0.0,0.0
2022-09-02 00:00:00-04:00,7.5,7.590000152587891,7.400000095367432,7.579999923706055,3200,0.0,0.0
2022-09-06 00:00:00-04:00,7.320000171661377,7.5,7.239999771118164,7.320000171661377,2400,0.0,0.0
2022-09-07 00:00:00-04:00,7.349999904632568,7.360000133514404,7.349999904632568,7.360000133514404,4400,0.0,0.0
2022-09-08 00:00:00-04:00,7.309999942779541,7.46999979019165,7.309999942779541,7.324999809265137,6500,0.0,0.0
2022-09-09 00:00:00-04:00,7.349999904632568,7.400000095367432,7.349999904632568,7.400000095367432,3600,0.0,0.0
2022-09-12 00:00:00-04:00,7.5,7.570000171661377,7.5,7.550000190734863,16300,0.0,0.0
2022-09-13 00:00:00-04:00,7.510000228881836,7.550000190734863,7.449999809265137,7.449999809265137,13400,0.0,0.0
2022-09-14 00:00:00-04:00,7.599999904632568,7.599999904632568,7.5,7.550000190734863,3600,0.0,0.0
2022-09-15 00:00:00-04:00,7.550000190734863,7.550000190734863,7.510000228881836,7.510000228881836,10600,0.0,0.0
2022-09-16 00:00:00-04:00,7.480000019073486,7.480000019073486,7.360000133514404,7.360000133514404,24800,0.0,0.0
2022-09-19 00:00:00-04:00,7.409999847412109,7.550000190734863,7.409999847412109,7.539999961853027,8000,0.0,0.0
2022-09-20 00:00:00-04:00,7.5,7.510000228881836,7.400000095367432,7.449999809265137,15900,0.0,0.0
2022-09-21 00:00:00-04:00,7.5,7.550000190734863,7.46999979019165,7.548999786376953,8700,0.0,0.0
2022-09-22 00:00:00-04:00,7.495999813079834,7.579999923706055,7.460000038146973,7.489999771118164,84700,0.0,0.0
2022-09-23 00:00:00-04:00,7.449999809265137,7.449999809265137,7.230000019073486,7.289999961853027,13400,0.0,0.0
2022-09-26 00:00:00-04:00,7.28000020980835,7.320000171661377,7.159999847412109,7.179999828338623,4100,0.0,0.0
2022-09-27 00:00:00-04:00,7.159999847412109,7.28000020980835,7.059999942779541,7.199999809265137,6900,0.0,0.0
2022-09-28 00:00:00-04:00,7.110000133514404,7.199999809265137,7.110000133514404,7.199999809265137,5600,0.0,0.0
2022-09-29 00:00:00-04:00,7.110000133514404,7.119999885559082,7.074999809265137,7.119999885559082,4200,0.0,0.0
2022-09-30 00:00:00-04:00,7.039999961853027,7.039999961853027,6.980000019073486,6.980000019073486,2500,0.0,0.0
2022-10-03 00:00:00-04:00,7.289999961853027,7.300000190734863,7.090000152587891,7.090000152587891,12600,0.0,0.0
2022-10-04 00:00:00-04:00,7.289999961853027,7.289999961853027,7.179999828338623,7.179999828338623,3000,0.0,0.0
2022-10-05 00:00:00-04:00,7.179999828338623,7.179999828338623,7.179999828338623,7.179999828338623,0,0.0,0.0
2022-10-06 00:00:00-04:00,7.150000095367432,7.150000095367432,7.150000095367432,7.150000095367432,2600,0.0,0.0
2022-10-07 00:00:00-04:00,7.150000095367432,7.150000095367432,7.150000095367432,7.150000095367432,0,0.0,0.0
2022-10-10 00:00:00-04:00,7.015999794006348,7.0370001792907715,7.015999794006348,7.0370001792907715,1800,0.0,0.0
2022-10-11 00:00:00-04:00,7.050000190734863,7.050000190734863,6.980000019073486,6.980000019073486,1200,0.0,0.0
2022-10-12 00:00:00-04:00,7.0,7.0,7.0,7.0,1200,0.0,0.0
2022-10-13 00:00:00-04:00,6.679999828338623,7.099999904632568,6.550000190734863,7.099999904632568,8700,0.0,0.0
2022-10-14 00:00:00-04:00,7.099999904632568,7.099999904632568,6.880000114440918,7.010000228881836,10200,0.0,0.0
2022-10-17 00:00:00-04:00,6.989999771118164,7.130000114440918,6.96999979019165,7.039999961853027,1100,0.0,0.0
2022-10-18 00:00:00-04:00,7.090000152587891,7.090000152587891,7.0,7.0,700,0.0,0.0
2022-10-19 00:00:00-04:00,6.949999809265137,6.949999809265137,6.840000152587891,6.909999847412109,4000,0.0,0.0
2022-10-20 00:00:00-04:00,6.909999847412109,6.909999847412109,6.909999847412109,6.909999847412109,0,0.0,0.0
2022-10-21 00:00:00-04:00,7.019999980926514,7.079999923706055,6.849999904632568,6.849999904632568,12300,0.0,0.0
2022-10-24 00:00:00-04:00,6.820000171661377,6.820000171661377,6.797999858856201,6.800000190734863,55500,0.0,0.0
2022-10-25 00:00:00-04:00,6.820000171661377,6.880000114440918,6.760000228881836,6.769999980926514,7600,0.0,0.0
2022-10-26 00:00:00-04:00,6.880000114440918,6.880000114440918,6.800000190734863,6.824999809265137,2500,0.0,0.0
2022-10-27 00:00:00-04:00,6.809999942779541,6.900000095367432,6.800000190734863,6.800000190734863,8000,0.0,0.0
2022-10-28 00:00:00-04:00,6.800000190734863,6.800000190734863,6.800000190734863,6.800000190734863,0,0.0,0.0
2022-10-31 00:00:00-04:00,6.934999942779541,6.934999942779541,6.934999942779541,6.934999942779541,400,0.0,0.0
2022-11-01 00:00:00-04:00,6.800000190734863,7.144999980926514,6.800000190734863,6.989999771118164,1900,0.0,0.0
2022-11-02 00:00:00-04:00,6.800000190734863,6.800000190734863,6.760000228881836,6.800000190734863,8800,0.0,0.0
2022-11-03 00:00:00-04:00,6.800000190734863,7.380000114440918,6.78000020980835,6.800000190734863,6500,0.0,0.0
2022-11-04 00:00:00-04:00,6.910999774932861,6.910999774932861,6.800000190734863,6.909999847412109,4900,0.0,0.0
2022-11-07 00:00:00-05:00,7.0,7.019999980926514,6.920000076293945,7.014999866485596,4000,0.0,0.0
2022-11-08 00:00:00-05:00,7.179999828338623,7.190000057220459,7.0,7.159999847412109,3200,0.0,0.0
2022-11-09 00:00:00-05:00,7.170000076293945,7.230000019073486,7.039999961853027,7.039999961853027,2700,0.0,0.0
2022-11-10 00:00:00-05:00,7.199999809265137,7.199999809265137,7.014999866485596,7.014999866485596,6200,0.0,0.0
2022-11-11 00:00:00-05:00,7.0,7.119999885559082,6.820000171661377,6.880000114440918,8100,0.0,0.0
2022-11-14 00:00:00-05:00,6.960000038146973,6.960000038146973,6.840000152587891,6.849999904632568,4100,0.0,0.0
2022-11-15 00:00:00-05:00,6.889999866485596,6.889999866485596,6.823999881744385,6.889999866485596,2100,0.0,0.0
2022-11-16 00:00:00-05:00,6.810999870300293,6.829999923706055,6.809999942779541,6.829999923706055,3500,0.0,0.0
2022-11-17 00:00:00-05:00,6.829999923706055,6.829999923706055,6.829999923706055,6.829999923706055,600,0.0,0.0
2022-11-18 00:00:00-05:00,6.809999942779541,6.809999942779541,6.699999809265137,6.699999809265137,10000,0.0,0.0
2022-11-21 00:00:00-05:00,6.75,6.809999942779541,6.659999847412109,6.679999828338623,13400,0.0,0.0
2022-11-22 00:00:00-05:00,6.75,6.78000020980835,6.659999847412109,6.78000020980835,9600,0.0,0.0
2022-11-23 00:00:00-05:00,6.889999866485596,6.900000095367432,6.659999847412109,6.670000076293945,5000,0.0,0.0
2022-11-25 00:00:00-05:00,6.670000076293945,6.670000076293945,6.670000076293945,6.670000076293945,0,0.0,0.0
2022-11-28 00:00:00-05:00,6.670000076293945,6.670000076293945,6.610000133514404,6.610000133514404,17600,0.0,0.0
2022-11-29 00:00:00-05:00,6.670000076293945,6.679999828338623,6.590000152587891,6.619999885559082,12400,0.0,0.0
2022-11-30 00:00:00-05:00,6.670000076293945,6.690000057220459,6.619999885559082,6.679999828338623,186600,0.0,0.0
2022-12-01 00:00:00-05:00,6.620999813079834,6.620999813079834,6.620999813079834,6.620999813079834,700,0.0,0.0
2022-12-02 00:00:00-05:00,6.679999828338623,6.679999828338623,6.679999828338623,6.679999828338623,500,0.0,0.0
2022-12-05 00:00:00-05:00,6.71999979019165,6.71999979019165,6.650000095367432,6.670000076293945,7000,0.0,0.0
2022-12-06 00:00:00-05:00,6.650000095367432,6.921999931335449,6.650000095367432,6.889999866485596,5300,0.0,0.0
2022-12-07 00:00:00-05:00,6.71999979019165,7.289999961853027,6.71999979019165,7.289999961853027,42200,0.0,0.0
2022-12-08 00:00:00-05:00,7.400000095367432,7.489999771118164,7.28000020980835,7.28000020980835,32000,0.0,0.0
2022-12-09 00:00:00-05:00,7.28000020980835,7.449999809265137,7.28000020980835,7.449999809265137,57400,0.0,0.0
2022-12-12 00:00:00-05:00,7.449999809265137,7.519999980926514,7.449999809265137,7.449999809265137,38300,0.0,0.0
2022-12-13 00:00:00-05:00,7.559999942779541,7.559999942779541,7.480000019073486,7.5,39200,0.0,0.0
2022-12-14 00:00:00-05:00,7.53000020980835,7.550000190734863,7.400000095367432,7.449999809265137,67800,0.0,0.0
2022-12-15 00:00:00-05:00,7.449999809265137,7.53000020980835,7.400000095367432,7.400000095367432,541500,0.0,0.0
2022-12-16 00:00:00-05:00,7.389999866485596,7.550000190734863,7.389999866485596,7.46999979019165,7700,0.0,0.0
2022-12-19 00:00:00-05:00,7.550000190734863,7.550000190734863,7.400000095367432,7.400000095367432,10400,0.0,0.0
2022-12-20 00:00:00-05:00,7.409999847412109,7.440000057220459,7.400000095367432,7.440000057220459,14700,0.0,0.0
2022-12-21 00:00:00-05:00,7.519999980926514,7.550000190734863,7.400000095367432,7.534999847412109,34300,0.0,0.0
2022-12-22 00:00:00-05:00,7.659999847412109,7.659999847412109,7.460000038146973,7.5,59200,0.0,0.0
2022-12-23 00:00:00-05:00,7.409999847412109,7.679999828338623,7.409999847412109,7.670000076293945,4000,0.0,0.0
2022-12-27 00:00:00-05:00,7.650000095367432,7.675000190734863,7.650000095367432,7.670000076293945,1600,0.0,0.0
2022-12-28 00:00:00-05:00,7.5,7.5,7.5,7.5,600,0.0,0.0
2022-12-29 00:00:00-05:00,7.5,7.519999980926514,7.449999809265137,7.480000019073486,65600,0.0,0.0
2022-12-30 00:00:00-05:00,7.5,7.525000095367432,7.5,7.525000095367432,122100,0.0,0.0
2023-01-03 00:00:00-05:00,7.510000228881836,7.510000228881836,7.449999809265137,7.5,8000,0.0,0.0
2023-01-04 00:00:00-05:00,7.5,7.630000114440918,7.5,7.630000114440918,1500,0.0,0.0
2023-01-05 00:00:00-05:00,7.599999904632568,7.599999904632568,7.519999980926514,7.550000190734863,9500,0.0,0.0
2023-01-06 00:00:00-05:00,7.550000190734863,7.550000190734863,7.550000190734863,7.550000190734863,1500,0.0,0.0
2023-01-09 00:00:00-05:00,7.5,7.579999923706055,7.5,7.579999923706055,3600,0.0,0.0
2023-01-10 00:00:00-05:00,7.539999961853027,7.570000171661377,7.510000228881836,7.550000190734863,3400,0.0,0.0
2023-01-11 00:00:00-05:00,7.579999923706055,7.610000133514404,7.519999980926514,7.610000133514404,12300,0.0,0.0
2023-01-12 00:00:00-05:00,7.559999942779541,7.59499979019165,7.550000190734863,7.550000190734863,1200,0.0,0.0
2023-01-13 00:00:00-05:00,7.59499979019165,7.59499979019165,7.550000190734863,7.550000190734863,19600,0.0,0.0
2023-01-17 00:00:00-05:00,7.550000190734863,7.559000015258789,7.550000190734863,7.550000190734863,2600,0.0,0.0
2023-01-18 00:00:00-05:00,7.579999923706055,7.579999923706055,7.534999847412109,7.579999923706055,9200,0.0,0.0
2023-01-19 00:00:00-05:00,7.579999923706055,7.650000095367432,7.579999923706055,7.599999904632568,2700,0.0,0.0
2023-01-20 00:00:00-05:00,7.599999904632568,7.730000019073486,7.599999904632568,7.679999828338623,51300,0.0,0.0
2023-01-23 00:00:00-05:00,7.71999979019165,7.869999885559082,7.699999809265137,7.820000171661377,6700,0.0,0.0
2023-01-24 00:00:00-05:00,7.829999923706055,7.829999923706055,7.730000019073486,7.829999923706055,800,0.0,0.0
2023-01-25 00:00:00-05:00,7.789999961853027,7.829999923706055,7.78000020980835,7.829999923706055,3200,0.0,0.0
2023-01-26 00:00:00-05:00,7.980000019073486,7.980000019073486,7.760000228881836,7.769999980926514,1400,0.0,0.0
2023-01-27 00:00:00-05:00,7.829999923706055,7.849999904632568,7.800000190734863,7.849999904632568,54600,0.0,0.0
2023-01-30 00:00:00-05:00,7.869999885559082,7.869999885559082,7.75,7.75,2000,0.0,0.0
2023-01-31 00:00:00-05:00,7.840000152587891,7.849999904632568,7.741000175476074,7.800000190734863,4300,0.0,0.0
2023-02-01 00:00:00-05:00,7.769999980926514,7.869999885559082,7.71999979019165,7.71999979019165,3900,0.0,0.0
2023-02-02 00:00:00-05:00,7.900000095367432,7.900000095367432,7.775000095367432,7.889999866485596,900,0.0,0.0
2023-02-03 00:00:00-05:00,7.650000095367432,7.800000190734863,7.650000095367432,7.800000190734863,1500,0.0,0.0
2023-02-06 00:00:00-05:00,7.760000228881836,7.849999904632568,7.75,7.840000152587891,26300,0.0,0.0
2023-02-07 00:00:00-05:00,7.800000190734863,7.880000114440918,7.708000183105469,7.809999942779541,15800,0.0,0.0
2023-02-08 00:00:00-05:00,7.875,7.875,7.5,7.764999866485596,1108200,0.0,0.0
2023-02-09 00:00:00-05:00,7.869999885559082,7.869999885559082,7.5,7.690000057220459,329400,0.0,0.0
2023-02-10 00:00:00-05:00,7.71999979019165,7.71999979019165,7.610000133514404,7.610000133514404,9200,0.0,0.0
2023-02-13 00:00:00-05:00,7.599999904632568,7.659999847412109,7.559999942779541,7.559999942779541,16500,0.0,0.0
2023-02-14 00:00:00-05:00,7.570000171661377,7.570000171661377,7.559999942779541,7.559999942779541,1100,0.0,0.0
2023-02-15 00:00:00-05:00,7.570000171661377,7.570000171661377,7.5,7.5,43600,0.0,0.0
2023-02-16 00:00:00-05:00,7.420000076293945,7.550000190734863,7.420000076293945,7.440000057220459,1400,0.0,0.0
2023-02-17 00:00:00-05:00,7.420000076293945,7.510000228881836,7.420000076293945,7.510000228881836,5800,0.0,0.0
2023-02-21 00:00:00-05:00,7.409999847412109,7.550000190734863,7.409999847412109,7.5,32300,0.0,0.0
2023-02-22 00:00:00-05:00,7.460000038146973,7.460000038146973,7.460000038146973,7.460000038146973,1900,0.0,0.0
2023-02-23 00:00:00-05:00,7.5,7.5,7.460000038146973,7.5,3500,0.0,0.0
2023-02-24 00:00:00-05:00,7.489999771118164,7.5,7.460000038146973,7.460000038146973,1100,0.0,0.0
2023-02-27 00:00:00-05:00,7.4629998207092285,7.5,7.4629998207092285,7.5,2000,0.0,0.0
2023-02-28 00:00:00-05:00,7.5,7.5,7.460000038146973,7.460000038146973,22600,0.0,0.0
2023-03-01 00:00:00-05:00,7.420000076293945,7.460999965667725,7.409999847412109,7.460000038146973,6700,0.0,0.0
2023-03-02 00:00:00-05:00,7.5,7.5,7.5,7.5,200,0.0,0.0
2023-03-03 00:00:00-05:00,7.489999771118164,7.5,7.489999771118164,7.5,200,0.0,0.0
2023-03-06 00:00:00-05:00,7.5,7.5,7.409999847412109,7.409999847412109,1900,0.0,0.0
2023-03-07 00:00:00-05:00,7.400000095367432,7.409999847412109,7.309999942779541,7.309999942779541,9800,0.0,0.0
2023-03-08 00:00:00-05:00,7.449999809265137,7.449999809265137,7.389999866485596,7.449999809265137,81100,0.0,0.0
2023-03-09 00:00:00-05:00,7.449999809265137,7.449999809265137,7.400000095367432,7.409999847412109,16200,0.0,0.0
2023-03-10 00:00:00-05:00,7.400000095367432,7.440000057220459,7.139999866485596,7.139999866485596,197900,0.0,0.0
2023-03-13 00:00:00-04:00,7.179999828338623,7.269999980926514,7.099999904632568,7.21999979019165,19700,0.0,0.0
2023-03-14 00:00:00-04:00,7.269999980926514,7.380000114440918,7.039999961853027,7.090000152587891,39600,0.0,0.0
2023-03-15 00:00:00-04:00,7.019999980926514,7.130000114440918,7.0,7.099999904632568,13500,0.0,0.0
2023-03-16 00:00:00-04:00,7.059999942779541,7.21999979019165,7.059999942779541,7.199999809265137,17500,0.0,0.0
2023-03-17 00:00:00-04:00,7.21999979019165,7.53000020980835,7.090000152587891,7.53000020980835,36600,0.0,0.0
2023-03-20 00:00:00-04:00,7.389999866485596,7.53000020980835,7.295000076293945,7.349999904632568,17200,0.0,0.0
2023-03-21 00:00:00-04:00,7.460000038146973,7.460000038146973,7.329999923706055,7.380000114440918,6200,0.0,0.0
2023-03-22 00:00:00-04:00,7.429999828338623,7.550000190734863,7.429999828338623,7.460000038146973,25500,0.0,0.0
2023-03-23 00:00:00-04:00,7.510000228881836,7.510000228881836,7.408999919891357,7.429999828338623,700,0.0,0.0
2023-03-24 00:00:00-04:00,7.460000038146973,7.460000038146973,7.313000202178955,7.340000152587891,700,0.0,0.0
2023-03-27 00:00:00-04:00,7.639999866485596,7.639999866485596,7.449999809265137,7.489999771118164,99500,0.0,0.0
2023-03-28 00:00:00-04:00,7.489999771118164,7.539999961853027,7.420000076293945,7.5,10200,0.0,0.0
2023-03-29 00:00:00-04:00,7.539999961853027,7.570000171661377,7.360000133514404,7.5,73400,0.0,0.0
2023-03-30 00:00:00-04:00,7.570000171661377,7.570000171661377,7.494999885559082,7.539999961853027,2300,0.0,0.0
2023-03-31 00:00:00-04:00,7.550000190734863,7.550000190734863,7.320000171661377,7.369999885559082,33300,0.0,0.0
2023-04-03 00:00:00-04:00,7.590000152587891,7.639999866485596,7.5,7.550000190734863,11100,0.0,0.0
2023-04-04 00:00:00-04:00,7.550000190734863,7.599999904632568,7.550000190734863,7.550000190734863,900,0.0,0.0
2023-04-05 00:00:00-04:00,7.539999961853027,7.550000190734863,7.486999988555908,7.486999988555908,1600,0.0,0.0
2023-04-06 00:00:00-04:00,7.5,7.5,7.460000038146973,7.5,4400,0.0,0.0
2023-04-10 00:00:00-04:00,7.5,7.539999961853027,7.409999847412109,7.421000003814697,22500,0.0,0.0
2023-04-11 00:00:00-04:00,7.460000038146973,7.550000190734863,7.409999847412109,7.454999923706055,28400,0.0,0.0
2023-04-12 00:00:00-04:00,7.480000019073486,7.5,7.460000038146973,7.480000019073486,9200,0.0,0.0
2023-04-13 00:00:00-04:00,7.449999809265137,7.559999942779541,7.449999809265137,7.539999961853027,20500,0.0,0.0
2023-04-14 00:00:00-04:00,7.559999942779541,7.559999942779541,7.5,7.550000190734863,1100,0.0,0.0
2023-04-17 00:00:00-04:00,7.570000171661377,7.739999771118164,7.519999980926514,7.599999904632568,23300,0.0,0.0
2023-04-18 00:00:00-04:00,7.559999942779541,7.650000095367432,7.559999942779541,7.590000152587891,29000,0.0,0.0
2023-04-19 00:00:00-04:00,7.630000114440918,7.639999866485596,7.599999904632568,7.639999866485596,2100,0.0,0.0
2023-04-20 00:00:00-04:00,7.639999866485596,7.650000095367432,7.550000190734863,7.650000095367432,4900,0.0,0.0
2023-04-21 00:00:00-04:00,7.510000228881836,7.639999866485596,7.510000228881836,7.635000228881836,4900,0.0,0.0
2023-04-24 00:00:00-04:00,7.519999980926514,7.554999828338623,7.420000076293945,7.420000076293945,6300,0.0,0.0
2023-04-25 00:00:00-04:00,7.420000076293945,7.539999961853027,7.320000171661377,7.320000171661377,7300,0.0,0.0
2023-04-26 00:00:00-04:00,7.46999979019165,7.46999979019165,7.320000171661377,7.34499979019165,5900,0.0,0.0
2023-04-27 00:00:00-04:00,7.409999847412109,7.409999847412109,7.320000171661377,7.380000114440918,3100,0.0,0.0
2023-04-28 00:00:00-04:00,7.349999904632568,7.519999980926514,7.340000152587891,7.349999904632568,3300,0.0,0.0
2023-05-01 00:00:00-04:00,7.320000171661377,7.329999923706055,7.320000171661377,7.320000171661377,3500,0.0,0.0
2023-05-02 00:00:00-04:00,7.320000171661377,7.369999885559082,7.150000095367432,7.195000171661377,7400,0.0,0.0
2023-05-03 00:00:00-04:00,7.190000057220459,7.360000133514404,7.159999847412109,7.199999809265137,3800,0.0,0.0
2023-05-04 00:00:00-04:00,7.090000152587891,7.090000152587891,6.699999809265137,6.699999809265137,13400,0.0,0.0
2023-05-05 00:00:00-04:00,6.849999904632568,6.849999904632568,6.489999771118164,6.489999771118164,19800,0.0,0.0
2023-05-08 00:00:00-04:00,6.5,6.699999809265137,6.5,6.619999885559082,42300,0.0,0.0
2023-05-09 00:00:00-04:00,6.650000095367432,6.679999828338623,6.5,6.679999828338623,4000,0.0,0.0
2023-05-10 00:00:00-04:00,6.836999893188477,6.836999893188477,6.836999893188477,6.836999893188477,300,0.0,0.0
2023-05-11 00:00:00-04:00,6.690000057220459,6.690000057220459,6.614999771118164,6.619999885559082,800,0.0,0.0
2023-05-12 00:00:00-04:00,6.599999904632568,6.599999904632568,6.599999904632568,6.599999904632568,400,0.0,0.0
2023-05-15 00:00:00-04:00,6.599999904632568,6.599999904632568,6.579999923706055,6.579999923706055,1600,0.0,0.0
2023-05-16 00:00:00-04:00,6.551000118255615,6.551000118255615,6.5,6.5,900,0.0,0.0
2023-05-17 00:00:00-04:00,6.5,6.579999923706055,6.400000095367432,6.440000057220459,8400,0.0,0.0
2023-05-18 00:00:00-04:00,6.480000019073486,6.480000019073486,6.364999771118164,6.400000095367432,4900,0.0,0.0
2023-05-19 00:00:00-04:00,6.599999904632568,6.599999904632568,6.480000019073486,6.489999771118164,2900,0.0,0.0
2023-05-22 00:00:00-04:00,6.614999771118164,6.614999771118164,6.420000076293945,6.449999809265137,5900,0.0,0.0
2023-05-23 00:00:00-04:00,6.630000114440918,6.699999809265137,6.579999923706055,6.625,33600,0.0,0.0
2023-05-24 00:00:00-04:00,6.769999980926514,6.769999980926514,6.570000171661377,6.599999904632568,6700,0.0,0.0
2023-05-25 00:00:00-04:00,6.599999904632568,6.599999904632568,6.599999904632568,6.599999904632568,6000,0.0,0.0
2023-05-26 00:00:00-04:00,6.440000057220459,7.010000228881836,6.440000057220459,7.010000228881836,3900,0.0,0.0
2023-05-30 00:00:00-04:00,7.059999942779541,7.059999942779541,6.96999979019165,7.039999961853027,2900,0.0,0.0
2023-05-31 00:00:00-04:00,7.03000020980835,7.03000020980835,7.010000228881836,7.019999980926514,1700,0.0,0.0
2023-06-01 00:00:00-04:00,7.019999980926514,7.019999980926514,7.019999980926514,7.019999980926514,0,0.0,0.0
2023-06-02 00:00:00-04:00,6.949999809265137,7.329999923706055,6.949999809265137,7.329999923706055,2200,0.0,0.0
2023-06-05 00:00:00-04:00,7.269999980926514,7.269999980926514,7.25,7.25,400,0.0,0.0
2023-06-06 00:00:00-04:00,7.300000190734863,7.300000190734863,7.199999809265137,7.199999809265137,3700,0.0,0.0
2023-06-07 00:00:00-04:00,7.949999809265137,7.949999809265137,7.340000152587891,7.460000038146973,244200,0.0,0.0
2023-06-08 00:00:00-04:00,7.389999866485596,7.53000020980835,7.349999904632568,7.449999809265137,50700,0.0,0.0
2023-06-09 00:00:00-04:00,7.5,7.539999961853027,7.269999980926514,7.445000171661377,45100,0.0,0.0
2023-06-12 00:00:00-04:00,7.449999809265137,7.480000019073486,7.260000228881836,7.4770002365112305,5400,0.0,0.0
2023-06-13 00:00:00-04:00,7.610000133514404,7.610000133514404,7.355000019073486,7.449999809265137,26000,0.0,0.0
2023-06-14 00:00:00-04:00,7.650000095367432,7.690000057220459,7.514999866485596,7.630000114440918,40100,0.0,0.0
2023-06-15 00:00:00-04:00,7.630000114440918,7.739999771118164,7.480000019073486,7.579999923706055,4800,0.0,0.0
2023-06-16 00:00:00-04:00,7.800000190734863,8.010000228881836,7.599999904632568,7.849999904632568,64400,0.0,0.0
2023-06-20 00:00:00-04:00,8.0,8.0,7.849999904632568,7.949999809265137,17600,0.0,0.0
2023-06-21 00:00:00-04:00,7.989999771118164,8.0,7.71999979019165,7.889999866485596,41200,0.0,0.0
2023-06-22 00:00:00-04:00,7.900000095367432,7.900000095367432,7.73799991607666,7.840000152587891,11900,0.0,0.0
2023-06-23 00:00:00-04:00,7.829999923706055,7.900000095367432,7.386000156402588,7.460000038146973,17700,0.0,0.0
2023-06-26 00:00:00-04:00,7.400000095367432,7.570000171661377,7.199999809265137,7.489999771118164,16100,0.0,0.0
2023-06-27 00:00:00-04:00,7.550000190734863,7.630000114440918,7.390999794006348,7.5,13500,0.0,0.0
2023-06-28 00:00:00-04:00,7.489999771118164,7.630000114440918,7.429999828338623,7.559999942779541,8800,0.0,0.0
2023-06-29 00:00:00-04:00,7.510000228881836,7.590000152587891,7.5,7.559999942779541,10800,0.0,0.0
2023-06-30 00:00:00-04:00,7.519999980926514,7.579999923706055,7.429999828338623,7.579999923706055,13600,0.0,0.0
2023-07-03 00:00:00-04:00,7.570000171661377,7.684000015258789,7.449999809265137,7.590000152587891,7100,0.0,0.0
2023-07-05 00:00:00-04:00,7.5,7.559999942779541,7.409999847412109,7.511000156402588,10600,0.0,0.0
2023-07-06 00:00:00-04:00,7.485000133514404,7.519999980926514,7.300000190734863,7.349999904632568,14700,0.0,0.0
2023-07-07 00:00:00-04:00,7.389999866485596,7.574999809265137,7.389999866485596,7.46999979019165,4100,0.0,0.0
2023-07-10 00:00:00-04:00,7.409999847412109,7.599999904632568,7.4029998779296875,7.550000190734863,7600,0.0,0.0
2023-07-11 00:00:00-04:00,7.579999923706055,7.730000019073486,7.5,7.650000095367432,6700,0.0,0.0
2023-07-12 00:00:00-04:00,7.679999828338623,7.75,7.539999961853027,7.730000019073486,16400,0.0,0.0
2023-07-13 00:00:00-04:00,7.586999893188477,7.739999771118164,7.586999893188477,7.739999771118164,3300,0.0,0.0
2023-07-14 00:00:00-04:00,7.760000228881836,7.800000190734863,7.670000076293945,7.800000190734863,2800,0.0,0.0
2023-07-17 00:00:00-04:00,7.800000190734863,7.994999885559082,7.800000190734863,7.994999885559082,18600,0.0,0.0
2023-07-18 00:00:00-04:00,7.9028000831604,8.239999771118164,7.940000057220459,8.172200202941895,8982,0.0,0.0
