Date,Open,High,Low,Close,Volume,Dividends,Stock Splits
2021-04-28 00:00:00-04:00,9.989999771118164,9.989999771118164,9.842000007629395,9.842000007629395,200,0.0,0.0
2021-04-29 00:00:00-04:00,9.989999771118164,9.989999771118164,9.819999694824219,9.819999694824219,3500,0.0,0.0
2021-04-30 00:00:00-04:00,9.819999694824219,9.819999694824219,9.819999694824219,9.819999694824219,100,0.0,0.0
2021-05-03 00:00:00-04:00,9.722000122070312,9.729999542236328,9.680000305175781,9.680000305175781,152500,0.0,0.0
2021-05-04 00:00:00-04:00,9.630000114440918,9.720000267028809,9.630000114440918,9.720000267028809,16400,0.0,0.0
2021-05-05 00:00:00-04:00,9.720000267028809,9.720000267028809,9.720000267028809,9.720000267028809,1200,0.0,0.0
2021-05-06 00:00:00-04:00,9.699999809265137,9.720000267028809,9.699999809265137,9.699999809265137,9200,0.0,0.0
2021-05-07 00:00:00-04:00,9.699999809265137,9.710000038146973,9.680000305175781,9.710000038146973,7300,0.0,0.0
2021-05-10 00:00:00-04:00,9.710000038146973,9.710000038146973,9.699999809265137,9.710000038146973,6100,0.0,0.0
2021-05-11 00:00:00-04:00,9.699999809265137,9.699999809265137,9.699999809265137,9.699999809265137,100,0.0,0.0
2021-05-12 00:00:00-04:00,9.699999809265137,9.699999809265137,9.699999809265137,9.699999809265137,70100,0.0,0.0
2021-05-13 00:00:00-04:00,9.699999809265137,9.720000267028809,9.699999809265137,9.720000267028809,1800,0.0,0.0
2021-05-14 00:00:00-04:00,9.720000267028809,9.720000267028809,9.720000267028809,9.720000267028809,200,0.0,0.0
2021-05-17 00:00:00-04:00,9.720000267028809,9.720000267028809,9.720000267028809,9.720000267028809,0,0.0,0.0
2021-05-18 00:00:00-04:00,9.670000076293945,9.670000076293945,9.670000076293945,9.670000076293945,77300,0.0,0.0
2021-05-19 00:00:00-04:00,9.670000076293945,9.670000076293945,9.670000076293945,9.670000076293945,0,0.0,0.0
2021-05-20 00:00:00-04:00,9.649999618530273,9.739999771118164,9.630000114440918,9.640000343322754,32800,0.0,0.0
2021-05-21 00:00:00-04:00,9.65999984741211,9.65999984741211,9.649999618530273,9.65999984741211,2700,0.0,0.0
2021-05-24 00:00:00-04:00,9.65999984741211,9.65999984741211,9.65999984741211,9.65999984741211,0,0.0,0.0
2021-05-25 00:00:00-04:00,9.649999618530273,9.6899995803833,9.649999618530273,9.65999984741211,13200,0.0,0.0
2021-05-26 00:00:00-04:00,9.6899995803833,9.6899995803833,9.6899995803833,9.6899995803833,100,0.0,0.0
2021-05-27 00:00:00-04:00,9.6899995803833,9.699999809265137,9.645000457763672,9.699999809265137,10000,0.0,0.0
2021-05-28 00:00:00-04:00,9.699999809265137,9.699999809265137,9.699999809265137,9.699999809265137,0,0.0,0.0
2021-06-01 00:00:00-04:00,9.699999809265137,9.699999809265137,9.699999809265137,9.699999809265137,0,0.0,0.0
2021-06-02 00:00:00-04:00,9.699999809265137,9.699999809265137,9.699999809265137,9.699999809265137,0,0.0,0.0
2021-06-03 00:00:00-04:00,9.720000267028809,9.720000267028809,9.720000267028809,9.720000267028809,1900,0.0,0.0
2021-06-04 00:00:00-04:00,9.720000267028809,9.720000267028809,9.720000267028809,9.720000267028809,0,0.0,0.0
2021-06-07 00:00:00-04:00,9.720000267028809,9.720000267028809,9.720000267028809,9.720000267028809,0,0.0,0.0
2021-06-08 00:00:00-04:00,9.720000267028809,9.720000267028809,9.720000267028809,9.720000267028809,0,0.0,0.0
2021-06-09 00:00:00-04:00,9.649999618530273,9.649999618530273,9.649999618530273,9.649999618530273,248700,0.0,0.0
2021-06-10 00:00:00-04:00,9.619999885559082,9.649999618530273,9.619999885559082,9.649999618530273,4800,0.0,0.0
2021-06-11 00:00:00-04:00,9.670000076293945,9.673999786376953,9.670000076293945,9.673999786376953,300,0.0,0.0
2021-06-14 00:00:00-04:00,9.654999732971191,9.675000190734863,9.649999618530273,9.649999618530273,4700,0.0,0.0
2021-06-15 00:00:00-04:00,9.66100025177002,9.66100025177002,9.66100025177002,9.66100025177002,200,0.0,0.0
2021-06-16 00:00:00-04:00,9.6899995803833,9.6899995803833,9.6899995803833,9.6899995803833,5000,0.0,0.0
2021-06-17 00:00:00-04:00,9.6899995803833,9.6899995803833,9.6899995803833,9.6899995803833,0,0.0,0.0
2021-06-18 00:00:00-04:00,9.6899995803833,9.6899995803833,9.6899995803833,9.6899995803833,0,0.0,0.0
2021-06-21 00:00:00-04:00,9.6899995803833,9.6899995803833,9.680000305175781,9.6899995803833,9300,0.0,0.0
2021-06-22 00:00:00-04:00,9.6899995803833,9.6899995803833,9.6899995803833,9.6899995803833,0,0.0,0.0
2021-06-23 00:00:00-04:00,9.720000267028809,9.720000267028809,9.649999618530273,9.649999618530273,18600,0.0,0.0
2021-06-24 00:00:00-04:00,9.65999984741211,9.699999809265137,9.65999984741211,9.699999809265137,7300,0.0,0.0
2021-06-25 00:00:00-04:00,9.720000267028809,9.720000267028809,9.720000267028809,9.720000267028809,1000,0.0,0.0
2021-06-28 00:00:00-04:00,9.699999809265137,9.720000267028809,9.670000076293945,9.6899995803833,98800,0.0,0.0
2021-06-29 00:00:00-04:00,9.699999809265137,9.699999809265137,9.640000343322754,9.649999618530273,121000,0.0,0.0
2021-06-30 00:00:00-04:00,9.6899995803833,9.699999809265137,9.619999885559082,9.65999984741211,45100,0.0,0.0
2021-07-01 00:00:00-04:00,9.65999984741211,9.699999809265137,9.619999885559082,9.630000114440918,29900,0.0,0.0
2021-07-02 00:00:00-04:00,9.630000114440918,9.670000076293945,9.630000114440918,9.630000114440918,16400,0.0,0.0
2021-07-06 00:00:00-04:00,9.630000114440918,9.630000114440918,9.630000114440918,9.630000114440918,100,0.0,0.0
2021-07-07 00:00:00-04:00,9.670000076293945,9.6899995803833,9.670000076293945,9.680000305175781,32500,0.0,0.0
2021-07-08 00:00:00-04:00,9.680000305175781,9.680000305175781,9.680000305175781,9.680000305175781,0,0.0,0.0
2021-07-09 00:00:00-04:00,9.720000267028809,9.720000267028809,9.640000343322754,9.649999618530273,19100,0.0,0.0
2021-07-12 00:00:00-04:00,9.680000305175781,9.680000305175781,9.680000305175781,9.680000305175781,1100,0.0,0.0
2021-07-13 00:00:00-04:00,9.680000305175781,9.680000305175781,9.640000343322754,9.640000343322754,15600,0.0,0.0
2021-07-14 00:00:00-04:00,9.640000343322754,9.65999984741211,9.630000114440918,9.640000343322754,112700,0.0,0.0
2021-07-15 00:00:00-04:00,9.640000343322754,9.640000343322754,9.640000343322754,9.640000343322754,900,0.0,0.0
2021-07-16 00:00:00-04:00,9.640000343322754,9.640000343322754,9.640000343322754,9.640000343322754,5200,0.0,0.0
2021-07-19 00:00:00-04:00,9.630000114440918,9.640000343322754,9.630000114440918,9.640000343322754,44400,0.0,0.0
2021-07-20 00:00:00-04:00,9.640000343322754,9.640000343322754,9.640000343322754,9.640000343322754,0,0.0,0.0
2021-07-21 00:00:00-04:00,9.630000114440918,9.640000343322754,9.630000114440918,9.640000343322754,3400,0.0,0.0
2021-07-22 00:00:00-04:00,9.649999618530273,9.649999618530273,9.649999618530273,9.649999618530273,600,0.0,0.0
2021-07-23 00:00:00-04:00,9.640000343322754,9.649999618530273,9.633000373840332,9.649999618530273,2700,0.0,0.0
2021-07-26 00:00:00-04:00,9.637999534606934,9.637999534606934,9.637999534606934,9.637999534606934,100,0.0,0.0
2021-07-27 00:00:00-04:00,9.640000343322754,9.729999542236328,9.640000343322754,9.680000305175781,11000,0.0,0.0
2021-07-28 00:00:00-04:00,9.640000343322754,9.640000343322754,9.640000343322754,9.640000343322754,4400,0.0,0.0
2021-07-29 00:00:00-04:00,9.640000343322754,9.640000343322754,9.640000343322754,9.640000343322754,400,0.0,0.0
2021-07-30 00:00:00-04:00,9.65999984741211,9.6899995803833,9.65999984741211,9.6899995803833,8000,0.0,0.0
2021-08-02 00:00:00-04:00,9.720000267028809,9.720000267028809,9.640000343322754,9.64900016784668,15200,0.0,0.0
2021-08-03 00:00:00-04:00,9.670000076293945,9.6899995803833,9.619999885559082,9.6899995803833,10100,0.0,0.0
2021-08-04 00:00:00-04:00,9.6899995803833,9.6899995803833,9.649999618530273,9.649999618530273,6100,0.0,0.0
2021-08-05 00:00:00-04:00,9.699999809265137,9.800000190734863,9.649999618530273,9.800000190734863,5200,0.0,0.0
2021-08-06 00:00:00-04:00,9.65999984741211,9.65999984741211,9.649999618530273,9.65999984741211,4800,0.0,0.0
2021-08-09 00:00:00-04:00,9.65999984741211,9.65999984741211,9.65999984741211,9.65999984741211,0,0.0,0.0
2021-08-10 00:00:00-04:00,9.65999984741211,9.65999984741211,9.65999984741211,9.65999984741211,0,0.0,0.0
2021-08-11 00:00:00-04:00,9.649999618530273,9.649999618530273,9.649999618530273,9.649999618530273,8200,0.0,0.0
2021-08-12 00:00:00-04:00,9.649999618530273,9.649999618530273,9.649999618530273,9.649999618530273,0,0.0,0.0
2021-08-13 00:00:00-04:00,9.649999618530273,9.649999618530273,9.649999618530273,9.649999618530273,30000,0.0,0.0
2021-08-16 00:00:00-04:00,9.649999618530273,9.670000076293945,9.630000114440918,9.630000114440918,694300,0.0,0.0
2021-08-17 00:00:00-04:00,9.649999618530273,9.649999618530273,9.649999618530273,9.649999618530273,52600,0.0,0.0
2021-08-18 00:00:00-04:00,9.649999618530273,9.649999618530273,9.649999618530273,9.649999618530273,0,0.0,0.0
2021-08-19 00:00:00-04:00,9.649999618530273,9.649999618530273,9.649999618530273,9.649999618530273,0,0.0,0.0
2021-08-20 00:00:00-04:00,9.609999656677246,9.614999771118164,9.609999656677246,9.614999771118164,600,0.0,0.0
2021-08-23 00:00:00-04:00,9.65999984741211,9.65999984741211,9.619999885559082,9.619999885559082,500,0.0,0.0
2021-08-24 00:00:00-04:00,9.640000343322754,9.640000343322754,9.619999885559082,9.619999885559082,2300,0.0,0.0
2021-08-25 00:00:00-04:00,9.630000114440918,9.630000114440918,9.630000114440918,9.630000114440918,5000,0.0,0.0
2021-08-26 00:00:00-04:00,9.609999656677246,9.640000343322754,9.609999656677246,9.635000228881836,12600,0.0,0.0
2021-08-27 00:00:00-04:00,9.619999885559082,9.640000343322754,9.609999656677246,9.609999656677246,17300,0.0,0.0
2021-08-30 00:00:00-04:00,9.609999656677246,9.609999656677246,9.609999656677246,9.609999656677246,0,0.0,0.0
2021-08-31 00:00:00-04:00,9.609999656677246,9.6899995803833,9.609999656677246,9.680000305175781,59100,0.0,0.0
2021-09-01 00:00:00-04:00,9.649999618530273,9.680000305175781,9.630000114440918,9.630000114440918,15800,0.0,0.0
2021-09-02 00:00:00-04:00,9.630000114440918,9.630000114440918,9.619999885559082,9.619999885559082,5200,0.0,0.0
2021-09-03 00:00:00-04:00,9.670000076293945,9.670000076293945,9.65999984741211,9.65999984741211,2500,0.0,0.0
2021-09-07 00:00:00-04:00,9.680000305175781,9.680000305175781,9.670000076293945,9.670000076293945,1700,0.0,0.0
2021-09-08 00:00:00-04:00,9.670000076293945,9.670000076293945,9.670000076293945,9.670000076293945,0,0.0,0.0
2021-09-09 00:00:00-04:00,9.649999618530273,9.6899995803833,9.649999618530273,9.6899995803833,5400,0.0,0.0
2021-09-10 00:00:00-04:00,9.670000076293945,9.699999809265137,9.670000076293945,9.699999809265137,19500,0.0,0.0
2021-09-13 00:00:00-04:00,9.640000343322754,9.6899995803833,9.640000343322754,9.680000305175781,2300,0.0,0.0
2021-09-14 00:00:00-04:00,9.649999618530273,9.699999809265137,9.649999618530273,9.699999809265137,14600,0.0,0.0
2021-09-15 00:00:00-04:00,9.739999771118164,9.760000228881836,9.65999984741211,9.739999771118164,10900,0.0,0.0
2021-09-16 00:00:00-04:00,9.739999771118164,9.739999771118164,9.739999771118164,9.739999771118164,0,0.0,0.0
2021-09-17 00:00:00-04:00,9.739999771118164,9.739999771118164,9.739999771118164,9.739999771118164,0,0.0,0.0
2021-09-20 00:00:00-04:00,9.65999984741211,9.670000076293945,9.649999618530273,9.670000076293945,30700,0.0,0.0
2021-09-21 00:00:00-04:00,9.670000076293945,9.670000076293945,9.670000076293945,9.670000076293945,0,0.0,0.0
2021-09-22 00:00:00-04:00,9.680000305175781,9.729999542236328,9.680000305175781,9.699999809265137,366500,0.0,0.0
2021-09-23 00:00:00-04:00,9.699999809265137,9.729999542236328,9.699999809265137,9.699999809265137,452200,0.0,0.0
2021-09-24 00:00:00-04:00,9.729999542236328,9.729999542236328,9.729999542236328,9.729999542236328,300,0.0,0.0
2021-09-27 00:00:00-04:00,9.729999542236328,9.729999542236328,9.729999542236328,9.729999542236328,0,0.0,0.0
2021-09-28 00:00:00-04:00,9.739999771118164,9.739999771118164,9.729999542236328,9.729999542236328,1200,0.0,0.0
2021-09-29 00:00:00-04:00,9.720000267028809,9.729999542236328,9.720000267028809,9.729999542236328,1800,0.0,0.0
2021-09-30 00:00:00-04:00,9.6899995803833,9.71500015258789,9.670000076293945,9.6899995803833,59300,0.0,0.0
2021-10-01 00:00:00-04:00,9.710000038146973,9.850000381469727,9.710000038146973,9.850000381469727,59200,0.0,0.0
2021-10-04 00:00:00-04:00,9.770000457763672,9.795000076293945,9.760000228881836,9.760000228881836,6600,0.0,0.0
2021-10-05 00:00:00-04:00,9.760000228881836,9.760000228881836,9.75,9.75,1100,0.0,0.0
2021-10-06 00:00:00-04:00,9.760000228881836,9.770000457763672,9.75,9.770000457763672,22900,0.0,0.0
2021-10-07 00:00:00-04:00,9.770000457763672,9.770000457763672,9.770000457763672,9.770000457763672,0,0.0,0.0
2021-10-08 00:00:00-04:00,9.75,9.75,9.75,9.75,1700,0.0,0.0
2021-10-11 00:00:00-04:00,9.744999885559082,9.744999885559082,9.744999885559082,9.744999885559082,600,0.0,0.0
2021-10-12 00:00:00-04:00,9.720000267028809,9.770000457763672,9.720000267028809,9.739999771118164,1800,0.0,0.0
2021-10-13 00:00:00-04:00,9.739999771118164,9.739999771118164,9.739999771118164,9.739999771118164,0,0.0,0.0
2021-10-14 00:00:00-04:00,9.739999771118164,9.739999771118164,9.739999771118164,9.739999771118164,0,0.0,0.0
2021-10-15 00:00:00-04:00,9.739999771118164,9.739999771118164,9.739999771118164,9.739999771118164,0,0.0,0.0
2021-10-18 00:00:00-04:00,9.739999771118164,9.739999771118164,9.739999771118164,9.739999771118164,0,0.0,0.0
2021-10-19 00:00:00-04:00,9.739999771118164,9.739999771118164,9.739999771118164,9.739999771118164,0,0.0,0.0
2021-10-20 00:00:00-04:00,9.739999771118164,9.739999771118164,9.739999771118164,9.739999771118164,0,0.0,0.0
2021-10-21 00:00:00-04:00,9.720000267028809,9.729999542236328,9.710000038146973,9.729999542236328,4400,0.0,0.0
2021-10-22 00:00:00-04:00,9.729999542236328,9.729999542236328,9.729999542236328,9.729999542236328,500,0.0,0.0
2021-10-25 00:00:00-04:00,9.75,9.75,9.75,9.75,1000,0.0,0.0
2021-10-26 00:00:00-04:00,9.75,9.75,9.710000038146973,9.710000038146973,1800,0.0,0.0
2021-10-27 00:00:00-04:00,9.710000038146973,9.710000038146973,9.680000305175781,9.710000038146973,6400,0.0,0.0
2021-10-28 00:00:00-04:00,9.710000038146973,9.710000038146973,9.710000038146973,9.710000038146973,0,0.0,0.0
2021-10-29 00:00:00-04:00,9.729999542236328,9.75,9.729999542236328,9.75,13200,0.0,0.0
2021-11-01 00:00:00-04:00,9.760000228881836,9.770000457763672,9.699999809265137,9.720000267028809,290400,0.0,0.0
2021-11-02 00:00:00-04:00,9.739999771118164,9.75,9.710000038146973,9.710000038146973,34800,0.0,0.0
2021-11-03 00:00:00-04:00,9.720000267028809,9.720000267028809,9.710000038146973,9.710000038146973,15000,0.0,0.0
2021-11-04 00:00:00-04:00,9.710000038146973,9.710000038146973,9.710000038146973,9.710000038146973,1200,0.0,0.0
2021-11-05 00:00:00-04:00,9.699999809265137,9.710000038146973,9.699999809265137,9.699999809265137,37700,0.0,0.0
2021-11-08 00:00:00-05:00,9.710000038146973,9.729999542236328,9.710000038146973,9.710000038146973,28300,0.0,0.0
2021-11-09 00:00:00-05:00,9.720000267028809,9.720000267028809,9.720000267028809,9.720000267028809,4800,0.0,0.0
2021-11-10 00:00:00-05:00,9.720000267028809,9.720000267028809,9.720000267028809,9.720000267028809,1800,0.0,0.0
2021-11-11 00:00:00-05:00,9.720000267028809,9.720000267028809,9.720000267028809,9.720000267028809,900,0.0,0.0
2021-11-12 00:00:00-05:00,9.729999542236328,9.729999542236328,9.729999542236328,9.729999542236328,6500,0.0,0.0
2021-11-15 00:00:00-05:00,9.739999771118164,9.755999565124512,9.739999771118164,9.755999565124512,12200,0.0,0.0
2021-11-16 00:00:00-05:00,9.720000267028809,9.760000228881836,9.720000267028809,9.760000228881836,3800,0.0,0.0
2021-11-17 00:00:00-05:00,9.770000457763672,9.770000457763672,9.760000228881836,9.760000228881836,500,0.0,0.0
2021-11-18 00:00:00-05:00,9.760000228881836,9.760000228881836,9.760000228881836,9.760000228881836,0,0.0,0.0
2021-11-19 00:00:00-05:00,9.729999542236328,9.770000457763672,9.729999542236328,9.770000457763672,500,0.0,0.0
2021-11-22 00:00:00-05:00,9.770000457763672,9.770000457763672,9.770000457763672,9.770000457763672,0,0.0,0.0
2021-11-23 00:00:00-05:00,9.710000038146973,9.75,9.710000038146973,9.75,1000,0.0,0.0
2021-11-24 00:00:00-05:00,9.760000228881836,9.850000381469727,9.760000228881836,9.800000190734863,321500,0.0,0.0
2021-11-26 00:00:00-05:00,9.789999961853027,9.819999694824219,9.739999771118164,9.789999961853027,42200,0.0,0.0
2021-11-29 00:00:00-05:00,9.800000190734863,9.819999694824219,9.739999771118164,9.739999771118164,20600,0.0,0.0
2021-11-30 00:00:00-05:00,9.729999542236328,9.789999961853027,9.729999542236328,9.779999732971191,139500,0.0,0.0
2021-12-01 00:00:00-05:00,9.918999671936035,9.918999671936035,9.859999656677246,9.890000343322754,4275700,0.0,0.0
2021-12-02 00:00:00-05:00,9.869999885559082,9.90999984741211,9.869999885559082,9.899999618530273,1107500,0.0,0.0
2021-12-03 00:00:00-05:00,9.899999618530273,9.920000076293945,9.859999656677246,9.880000114440918,2374200,0.0,0.0
2021-12-06 00:00:00-05:00,9.890000343322754,9.899999618530273,9.850000381469727,9.899999618530273,532800,0.0,0.0
2021-12-07 00:00:00-05:00,9.90999984741211,9.920000076293945,9.880000114440918,9.90999984741211,198000,0.0,0.0
2021-12-08 00:00:00-05:00,9.920000076293945,9.920000076293945,9.869999885559082,9.869999885559082,2800,0.0,0.0
2021-12-09 00:00:00-05:00,9.899999618530273,9.90999984741211,9.859999656677246,9.90999984741211,25100,0.0,0.0
2021-12-10 00:00:00-05:00,9.850000381469727,9.866000175476074,9.850000381469727,9.866000175476074,3100,0.0,0.0
2021-12-13 00:00:00-05:00,9.920000076293945,9.920000076293945,9.84000015258789,9.84000015258789,5900,0.0,0.0
2021-12-14 00:00:00-05:00,9.829999923706055,9.829999923706055,9.770000457763672,9.800000190734863,39500,0.0,0.0
2021-12-15 00:00:00-05:00,9.850000381469727,9.859999656677246,9.800000190734863,9.800000190734863,9800,0.0,0.0
2021-12-16 00:00:00-05:00,9.800000190734863,9.807999610900879,9.800000190734863,9.807999610900879,1300,0.0,0.0
2021-12-17 00:00:00-05:00,9.779999732971191,9.930000305175781,9.760000228881836,9.930000305175781,108000,0.0,0.0
2021-12-20 00:00:00-05:00,9.8100004196167,9.899999618530273,9.770000457763672,9.8100004196167,3800,0.0,0.0
2021-12-21 00:00:00-05:00,9.819999694824219,9.819999694824219,9.8100004196167,9.819999694824219,700,0.0,0.0
2021-12-22 00:00:00-05:00,9.8100004196167,9.84000015258789,9.8100004196167,9.829999923706055,20100,0.0,0.0
2021-12-23 00:00:00-05:00,9.829999923706055,9.829999923706055,9.829999923706055,9.829999923706055,0,0.0,0.0
2021-12-27 00:00:00-05:00,9.829999923706055,9.829999923706055,9.760000228881836,9.800000190734863,30300,0.0,0.0
2021-12-28 00:00:00-05:00,9.8100004196167,9.835000038146973,9.8100004196167,9.8100004196167,530600,0.0,0.0
2021-12-29 00:00:00-05:00,9.829999923706055,9.869999885559082,9.789999961853027,9.795000076293945,58100,0.0,0.0
2021-12-30 00:00:00-05:00,9.8100004196167,9.819999694824219,9.760000228881836,9.760000228881836,38500,0.0,0.0
2021-12-31 00:00:00-05:00,9.789999961853027,9.8149995803833,9.760000228881836,9.760000228881836,101200,0.0,0.0
2022-01-03 00:00:00-05:00,9.770000457763672,9.880000114440918,9.770000457763672,9.800000190734863,119400,0.0,0.0
2022-01-04 00:00:00-05:00,9.800000190734863,9.845000267028809,9.800000190734863,9.845000267028809,1800,0.0,0.0
2022-01-05 00:00:00-05:00,9.859999656677246,9.859999656677246,9.859999656677246,9.859999656677246,100,0.0,0.0
2022-01-06 00:00:00-05:00,9.854999542236328,9.854999542236328,9.854999542236328,9.854999542236328,100,0.0,0.0
2022-01-07 00:00:00-05:00,9.84000015258789,9.84000015258789,9.819999694824219,9.819999694824219,4900,0.0,0.0
2022-01-10 00:00:00-05:00,9.819999694824219,9.835000038146973,9.819999694824219,9.829999923706055,14700,0.0,0.0
2022-01-11 00:00:00-05:00,9.829999923706055,9.840999603271484,9.829999923706055,9.840999603271484,2200,0.0,0.0
2022-01-12 00:00:00-05:00,9.829999923706055,9.829999923706055,9.829999923706055,9.829999923706055,18400,0.0,0.0
2022-01-13 00:00:00-05:00,9.829999923706055,9.859999656677246,9.829999923706055,9.859999656677246,1800,0.0,0.0
2022-01-14 00:00:00-05:00,9.829999923706055,9.859999656677246,9.829999923706055,9.859999656677246,22900,0.0,0.0
2022-01-18 00:00:00-05:00,9.84000015258789,9.84000015258789,9.84000015258789,9.84000015258789,1300,0.0,0.0
2022-01-19 00:00:00-05:00,9.84000015258789,9.84000015258789,9.84000015258789,9.84000015258789,0,0.0,0.0
2022-01-20 00:00:00-05:00,9.859999656677246,9.880000114440918,9.859999656677246,9.880000114440918,106600,0.0,0.0
2022-01-21 00:00:00-05:00,9.859999656677246,9.949999809265137,9.859999656677246,9.949999809265137,880800,0.0,0.0
2022-01-24 00:00:00-05:00,9.859999656677246,9.890000343322754,9.8100004196167,9.850000381469727,11700,0.0,0.0
2022-01-25 00:00:00-05:00,9.829999923706055,9.880000114440918,9.829999923706055,9.869999885559082,8500,0.0,0.0
2022-01-26 00:00:00-05:00,9.850000381469727,9.859999656677246,9.789999961853027,9.800000190734863,109300,0.0,0.0
2022-01-27 00:00:00-05:00,9.800000190734863,9.90999984741211,9.800000190734863,9.90999984741211,104500,0.0,0.0
2022-01-28 00:00:00-05:00,9.890000343322754,9.930000305175781,9.84000015258789,9.84000015258789,9500,0.0,0.0
2022-01-31 00:00:00-05:00,9.800000190734863,9.880000114440918,9.800000190734863,9.869999885559082,26400,0.0,0.0
2022-02-01 00:00:00-05:00,9.904999732971191,9.954999923706055,9.899999618530273,9.899999618530273,108200,0.0,0.0
2022-02-02 00:00:00-05:00,9.920000076293945,9.920000076293945,9.890000343322754,9.890000343322754,1300,0.0,0.0
2022-02-03 00:00:00-05:00,9.899999618530273,9.899999618530273,9.869999885559082,9.869999885559082,6300,0.0,0.0
2022-02-04 00:00:00-05:00,9.869999885559082,9.869999885559082,9.859999656677246,9.869999885559082,9400,0.0,0.0
2022-02-07 00:00:00-05:00,9.869999885559082,9.890000343322754,9.859999656677246,9.880000114440918,31300,0.0,0.0
2022-02-08 00:00:00-05:00,9.880000114440918,9.90999984741211,9.880000114440918,9.899999618530273,100400,0.0,0.0
2022-02-09 00:00:00-05:00,9.899999618530273,9.899999618530273,9.899999618530273,9.899999618530273,0,0.0,0.0
2022-02-10 00:00:00-05:00,9.883000373840332,9.920000076293945,9.880000114440918,9.90999984741211,11400,0.0,0.0
2022-02-11 00:00:00-05:00,9.739999771118164,9.75,9.710000038146973,9.725000381469727,464900,0.0,0.0
2022-02-14 00:00:00-05:00,9.729999542236328,9.729999542236328,9.720000267028809,9.729999542236328,33000,0.0,0.0
2022-02-15 00:00:00-05:00,9.729999542236328,9.729999542236328,9.710000038146973,9.720000267028809,59200,0.0,0.0
2022-02-16 00:00:00-05:00,9.729999542236328,9.729999542236328,9.720000267028809,9.729999542236328,1400,0.0,0.0
2022-02-17 00:00:00-05:00,9.720000267028809,9.725000381469727,9.720000267028809,9.725000381469727,2800,0.0,0.0
2022-02-18 00:00:00-05:00,9.720000267028809,9.729999542236328,9.720000267028809,9.720000267028809,2000,0.0,0.0
2022-02-22 00:00:00-05:00,9.725000381469727,9.725000381469727,9.710000038146973,9.71500015258789,25200,0.0,0.0
2022-02-23 00:00:00-05:00,9.720000267028809,9.720000267028809,9.710000038146973,9.720000267028809,51900,0.0,0.0
2022-02-24 00:00:00-05:00,9.710000038146973,9.720000267028809,9.710000038146973,9.720000267028809,6100,0.0,0.0
2022-02-25 00:00:00-05:00,9.720000267028809,9.720000267028809,9.710000038146973,9.71500015258789,7800,0.0,0.0
2022-02-28 00:00:00-05:00,9.710000038146973,9.729999542236328,9.710000038146973,9.729999542236328,129000,0.0,0.0
2022-03-01 00:00:00-05:00,9.725000381469727,9.774999618530273,9.710000038146973,9.75,28400,0.0,0.0
2022-03-02 00:00:00-05:00,9.729999542236328,9.744999885559082,9.729999542236328,9.744999885559082,100800,0.0,0.0
2022-03-03 00:00:00-05:00,9.739999771118164,9.739999771118164,9.734999656677246,9.734999656677246,18500,0.0,0.0
2022-03-04 00:00:00-05:00,9.739999771118164,9.739999771118164,9.739999771118164,9.739999771118164,2800,0.0,0.0
2022-03-07 00:00:00-05:00,9.75,9.770000457763672,9.734000205993652,9.760000228881836,116700,0.0,0.0
2022-03-08 00:00:00-05:00,9.760000228881836,9.760000228881836,9.760000228881836,9.760000228881836,0,0.0,0.0
2022-03-09 00:00:00-05:00,9.760000228881836,9.760000228881836,9.739999771118164,9.739999771118164,3200,0.0,0.0
2022-03-10 00:00:00-05:00,9.739999771118164,9.739999771118164,9.739999771118164,9.739999771118164,16100,0.0,0.0
2022-03-11 00:00:00-05:00,9.75,9.760000228881836,9.739999771118164,9.760000228881836,9100,0.0,0.0
2022-03-14 00:00:00-04:00,9.744999885559082,9.762999534606934,9.744999885559082,9.760000228881836,18200,0.0,0.0
2022-03-15 00:00:00-04:00,9.770000457763672,9.789999961853027,9.739999771118164,9.770000457763672,166500,0.0,0.0
2022-03-16 00:00:00-04:00,9.739999771118164,9.760000228881836,9.739999771118164,9.755000114440918,18400,0.0,0.0
2022-03-17 00:00:00-04:00,9.770000457763672,9.770000457763672,9.75,9.760000228881836,357100,0.0,0.0
2022-03-18 00:00:00-04:00,9.760000228881836,9.760000228881836,9.760000228881836,9.760000228881836,0,0.0,0.0
2022-03-21 00:00:00-04:00,9.75,9.760000228881836,9.75,9.760000228881836,19100,0.0,0.0
2022-03-22 00:00:00-04:00,9.760000228881836,9.760000228881836,9.75,9.75,17000,0.0,0.0
2022-03-23 00:00:00-04:00,9.75,9.800000190734863,9.75,9.800000190734863,3400,0.0,0.0
2022-03-24 00:00:00-04:00,9.770000457763672,9.770000457763672,9.75,9.760000228881836,821700,0.0,0.0
2022-03-25 00:00:00-04:00,9.760000228881836,9.774999618530273,9.75,9.774999618530273,5900,0.0,0.0
2022-03-28 00:00:00-04:00,9.774999618530273,9.774999618530273,9.774999618530273,9.774999618530273,0,0.0,0.0
2022-03-29 00:00:00-04:00,9.755000114440918,9.760000228881836,9.755000114440918,9.760000228881836,200500,0.0,0.0
2022-03-30 00:00:00-04:00,9.729999542236328,9.75,9.729999542236328,9.75,600,0.0,0.0
2022-03-31 00:00:00-04:00,9.75,9.789999961853027,9.744999885559082,9.75,60800,0.0,0.0
2022-04-01 00:00:00-04:00,9.779999732971191,9.779999732971191,9.770000457763672,9.779999732971191,7300,0.0,0.0
2022-04-04 00:00:00-04:00,9.779999732971191,9.779999732971191,9.75,9.760000228881836,24000,0.0,0.0
2022-04-05 00:00:00-04:00,9.779999732971191,9.779999732971191,9.779999732971191,9.779999732971191,5800,0.0,0.0
2022-04-06 00:00:00-04:00,9.770000457763672,9.78499984741211,9.760000228881836,9.779999732971191,442200,0.0,0.0
2022-04-07 00:00:00-04:00,9.760000228881836,9.789999961853027,9.75,9.774999618530273,156300,0.0,0.0
2022-04-08 00:00:00-04:00,9.770999908447266,9.779999732971191,9.760000228881836,9.770000457763672,10600,0.0,0.0
2022-04-11 00:00:00-04:00,9.779999732971191,9.789999961853027,9.779999732971191,9.789999961853027,700,0.0,0.0
2022-04-12 00:00:00-04:00,9.760000228881836,9.819999694824219,9.760000228881836,9.770000457763672,5700,0.0,0.0
2022-04-13 00:00:00-04:00,9.779999732971191,9.800000190734863,9.770000457763672,9.800000190734863,3100,0.0,0.0
2022-04-14 00:00:00-04:00,9.779999732971191,9.8100004196167,9.770000457763672,9.8100004196167,10000,0.0,0.0
2022-04-18 00:00:00-04:00,9.770000457763672,9.789999961853027,9.770000457763672,9.770000457763672,56500,0.0,0.0
2022-04-19 00:00:00-04:00,9.779999732971191,9.779999732971191,9.774999618530273,9.779999732971191,34400,0.0,0.0
2022-04-20 00:00:00-04:00,9.789999961853027,9.789999961853027,9.770000457763672,9.770000457763672,13900,0.0,0.0
2022-04-21 00:00:00-04:00,9.770000457763672,9.78499984741211,9.770000457763672,9.770000457763672,35900,0.0,0.0
2022-04-22 00:00:00-04:00,9.779999732971191,9.800000190734863,9.779999732971191,9.800000190734863,10800,0.0,0.0
2022-04-25 00:00:00-04:00,9.819999694824219,9.819999694824219,9.779999732971191,9.800000190734863,11700,0.0,0.0
2022-04-26 00:00:00-04:00,9.788000106811523,9.800000190734863,9.788000106811523,9.789999961853027,700,0.0,0.0
2022-04-27 00:00:00-04:00,9.779999732971191,9.800000190734863,9.779999732971191,9.789999961853027,121100,0.0,0.0
2022-04-28 00:00:00-04:00,9.800000190734863,9.800000190734863,9.789999961853027,9.789999961853027,101600,0.0,0.0
2022-04-29 00:00:00-04:00,9.789999961853027,9.8100004196167,9.789999961853027,9.8100004196167,45500,0.0,0.0
2022-05-02 00:00:00-04:00,9.8100004196167,9.8100004196167,9.789999961853027,9.789999961853027,13900,0.0,0.0
2022-05-03 00:00:00-04:00,9.8100004196167,9.810999870300293,9.789999961853027,9.789999961853027,3800,0.0,0.0
2022-05-04 00:00:00-04:00,9.793999671936035,9.819999694824219,9.793999671936035,9.800000190734863,2500,0.0,0.0
2022-05-05 00:00:00-04:00,9.789999961853027,9.800000190734863,9.789999961853027,9.800000190734863,1200,0.0,0.0
2022-05-06 00:00:00-04:00,9.800000190734863,9.800000190734863,9.800000190734863,9.800000190734863,0,0.0,0.0
2022-05-09 00:00:00-04:00,9.8100004196167,9.8100004196167,9.789999961853027,9.789999961853027,7700,0.0,0.0
2022-05-10 00:00:00-04:00,9.789999961853027,9.789999961853027,9.789999961853027,9.789999961853027,0,0.0,0.0
2022-05-11 00:00:00-04:00,9.770000457763672,9.800000190734863,9.760000228881836,9.770000457763672,29200,0.0,0.0
2022-05-12 00:00:00-04:00,9.760000228881836,9.770000457763672,9.739999771118164,9.75,63700,0.0,0.0
2022-05-13 00:00:00-04:00,9.755000114440918,9.755000114440918,9.75,9.75,500,0.0,0.0
2022-05-16 00:00:00-04:00,9.75,9.755000114440918,9.75,9.75,4400,0.0,0.0
2022-05-17 00:00:00-04:00,9.760000228881836,9.760000228881836,9.75,9.75,500,0.0,0.0
2022-05-18 00:00:00-04:00,9.739999771118164,9.765000343322754,9.739999771118164,9.760000228881836,19500,0.0,0.0
2022-05-19 00:00:00-04:00,9.765000343322754,9.765000343322754,9.75,9.760000228881836,33900,0.0,0.0
2022-05-20 00:00:00-04:00,9.760000228881836,9.760000228881836,9.760000228881836,9.760000228881836,0,0.0,0.0
2022-05-23 00:00:00-04:00,9.760000228881836,9.760000228881836,9.75,9.760000228881836,1000,0.0,0.0
2022-05-24 00:00:00-04:00,9.765000343322754,9.765000343322754,9.760000228881836,9.760000228881836,1400,0.0,0.0
2022-05-25 00:00:00-04:00,9.760000228881836,9.760000228881836,9.75,9.760000228881836,12400,0.0,0.0
2022-05-26 00:00:00-04:00,9.75,9.760000228881836,9.75,9.760000228881836,300,0.0,0.0
2022-05-27 00:00:00-04:00,9.770000457763672,9.770000457763672,9.760000228881836,9.760000228881836,386300,0.0,0.0
2022-05-31 00:00:00-04:00,9.765000343322754,9.765000343322754,9.760000228881836,9.760000228881836,2500,0.0,0.0
2022-06-01 00:00:00-04:00,9.765000343322754,9.779999732971191,9.765000343322754,9.770000457763672,7300,0.0,0.0
2022-06-02 00:00:00-04:00,9.760000228881836,9.770000457763672,9.760000228881836,9.770000457763672,900,0.0,0.0
2022-06-03 00:00:00-04:00,9.760000228881836,9.779999732971191,9.760000228881836,9.779999732971191,1500,0.0,0.0
2022-06-06 00:00:00-04:00,9.770000457763672,9.770000457763672,9.770000457763672,9.770000457763672,800,0.0,0.0
2022-06-07 00:00:00-04:00,9.779999732971191,9.800000190734863,9.779999732971191,9.800000190734863,900,0.0,0.0
2022-06-08 00:00:00-04:00,9.789999961853027,9.789999961853027,9.779999732971191,9.789999961853027,800,0.0,0.0
2022-06-09 00:00:00-04:00,9.779999732971191,9.779999732971191,9.770000457763672,9.770000457763672,29100,0.0,0.0
2022-06-10 00:00:00-04:00,9.78499984741211,9.78499984741211,9.78499984741211,9.78499984741211,1400,0.0,0.0
2022-06-13 00:00:00-04:00,9.770000457763672,9.770000457763672,9.770000457763672,9.770000457763672,188400,0.0,0.0
2022-06-14 00:00:00-04:00,9.770000457763672,9.774999618530273,9.770000457763672,9.770000457763672,82800,0.0,0.0
2022-06-15 00:00:00-04:00,9.770000457763672,9.770000457763672,9.770000457763672,9.770000457763672,29600,0.0,0.0
2022-06-16 00:00:00-04:00,9.770000457763672,9.800000190734863,9.770000457763672,9.770000457763672,48100,0.0,0.0
2022-06-17 00:00:00-04:00,9.789999961853027,9.789999961853027,9.789999961853027,9.789999961853027,100,0.0,0.0
2022-06-21 00:00:00-04:00,9.779999732971191,9.779999732971191,9.770000457763672,9.770000457763672,700,0.0,0.0
2022-06-22 00:00:00-04:00,9.770000457763672,9.770000457763672,9.770000457763672,9.770000457763672,600,0.0,0.0
2022-06-23 00:00:00-04:00,9.789999961853027,9.789999961853027,9.789999961853027,9.789999961853027,300,0.0,0.0
2022-06-24 00:00:00-04:00,9.779999732971191,9.779999732971191,9.779999732971191,9.779999732971191,300,0.0,0.0
2022-06-27 00:00:00-04:00,9.789999961853027,9.800000190734863,9.78499984741211,9.800000190734863,1600,0.0,0.0
2022-06-28 00:00:00-04:00,9.779999732971191,9.800000190734863,9.779999732971191,9.789999961853027,16300,0.0,0.0
2022-06-29 00:00:00-04:00,9.779999732971191,9.791999816894531,9.777999877929688,9.78499984741211,6500,0.0,0.0
2022-06-30 00:00:00-04:00,9.789999961853027,9.789999961853027,9.779999732971191,9.779999732971191,48800,0.0,0.0
2022-07-01 00:00:00-04:00,9.779999732971191,9.779999732971191,9.779999732971191,9.779999732971191,0,0.0,0.0
2022-07-05 00:00:00-04:00,9.779999732971191,9.795000076293945,9.779999732971191,9.779999732971191,37800,0.0,0.0
2022-07-06 00:00:00-04:00,9.79800033569336,9.79800033569336,9.79800033569336,9.79800033569336,500,0.0,0.0
2022-07-07 00:00:00-04:00,9.795000076293945,9.800000190734863,9.795000076293945,9.800000190734863,300,0.0,0.0
2022-07-08 00:00:00-04:00,9.800000190734863,9.800000190734863,9.800000190734863,9.800000190734863,0,0.0,0.0
2022-07-11 00:00:00-04:00,9.789999961853027,9.789999961853027,9.789999961853027,9.789999961853027,600,0.0,0.0
2022-07-12 00:00:00-04:00,9.789999961853027,9.789999961853027,9.789999961853027,9.789999961853027,7800,0.0,0.0
2022-07-13 00:00:00-04:00,9.800000190734863,9.800000190734863,9.800000190734863,9.800000190734863,300,0.0,0.0
2022-07-14 00:00:00-04:00,9.789999961853027,9.800000190734863,9.789999961853027,9.789999961853027,32100,0.0,0.0
2022-07-15 00:00:00-04:00,9.789999961853027,9.789999961853027,9.789999961853027,9.789999961853027,189700,0.0,0.0
2022-07-18 00:00:00-04:00,9.800000190734863,9.800000190734863,9.789999961853027,9.789999961853027,600,0.0,0.0
2022-07-19 00:00:00-04:00,9.795000076293945,9.795000076293945,9.789999961853027,9.789999961853027,61100,0.0,0.0
2022-07-20 00:00:00-04:00,9.8100004196167,9.819999694824219,9.8100004196167,9.819999694824219,6100,0.0,0.0
2022-07-21 00:00:00-04:00,9.8100004196167,9.8100004196167,9.800000190734863,9.800000190734863,32800,0.0,0.0
2022-07-22 00:00:00-04:00,9.8149995803833,9.8149995803833,9.8149995803833,9.8149995803833,16600,0.0,0.0
2022-07-25 00:00:00-04:00,9.8100004196167,9.8100004196167,9.8100004196167,9.8100004196167,300,0.0,0.0
2022-07-26 00:00:00-04:00,9.819999694824219,9.819999694824219,9.8100004196167,9.8100004196167,11800,0.0,0.0
2022-07-27 00:00:00-04:00,9.8100004196167,9.8149995803833,9.8100004196167,9.8100004196167,334100,0.0,0.0
2022-07-28 00:00:00-04:00,9.8100004196167,9.829999923706055,9.8100004196167,9.8100004196167,195700,0.0,0.0
2022-07-29 00:00:00-04:00,9.829999923706055,9.829999923706055,9.8100004196167,9.8100004196167,418100,0.0,0.0
2022-08-01 00:00:00-04:00,9.829999923706055,9.845000267028809,9.829999923706055,9.829999923706055,8700,0.0,0.0
2022-08-02 00:00:00-04:00,9.829999923706055,9.850000381469727,9.829999923706055,9.84000015258789,4200,0.0,0.0
2022-08-03 00:00:00-04:00,9.84000015258789,9.84000015258789,9.819999694824219,9.819999694824219,13800,0.0,0.0
2022-08-04 00:00:00-04:00,9.819999694824219,9.819999694824219,9.819999694824219,9.819999694824219,0,0.0,0.0
2022-08-05 00:00:00-04:00,9.819999694824219,9.819999694824219,9.819999694824219,9.819999694824219,0,0.0,0.0
2022-08-08 00:00:00-04:00,9.819999694824219,9.84000015258789,9.819999694824219,9.819999694824219,4400,0.0,0.0
2022-08-09 00:00:00-04:00,9.819999694824219,9.819999694824219,9.819999694824219,9.819999694824219,6900,0.0,0.0
2022-08-10 00:00:00-04:00,9.819999694824219,9.819999694824219,9.819999694824219,9.819999694824219,19100,0.0,0.0
2022-08-11 00:00:00-04:00,9.819999694824219,9.819999694824219,9.819999694824219,9.819999694824219,500,0.0,0.0
2022-08-12 00:00:00-04:00,9.819999694824219,9.819999694824219,9.819999694824219,9.819999694824219,100,0.0,0.0
2022-08-15 00:00:00-04:00,9.819999694824219,9.859999656677246,9.819999694824219,9.829999923706055,48800,0.0,0.0
2022-08-16 00:00:00-04:00,9.829999923706055,9.829999923706055,9.829999923706055,9.829999923706055,3000,0.0,0.0
2022-08-17 00:00:00-04:00,9.829999923706055,9.829999923706055,9.8100004196167,9.829999923706055,16800,0.0,0.0
2022-08-18 00:00:00-04:00,9.850000381469727,9.850000381469727,9.819999694824219,9.819999694824219,1122000,0.0,0.0
2022-08-19 00:00:00-04:00,9.819999694824219,9.819999694824219,9.819999694824219,9.819999694824219,1400,0.0,0.0
2022-08-22 00:00:00-04:00,9.819999694824219,9.819999694824219,9.8100004196167,9.8100004196167,319100,0.0,0.0
2022-08-23 00:00:00-04:00,9.819999694824219,9.829999923706055,9.8100004196167,9.819999694824219,319200,0.0,0.0
2022-08-24 00:00:00-04:00,9.810999870300293,9.819999694824219,9.8100004196167,9.819999694824219,11900,0.0,0.0
2022-08-25 00:00:00-04:00,9.812999725341797,9.819999694824219,9.8100004196167,9.819999694824219,15700,0.0,0.0
2022-08-26 00:00:00-04:00,9.8100004196167,9.819999694824219,9.8100004196167,9.819999694824219,1200,0.0,0.0
2022-08-29 00:00:00-04:00,9.819999694824219,9.829999923706055,9.819999694824219,9.819999694824219,7400,0.0,0.0
2022-08-30 00:00:00-04:00,9.8100004196167,9.824999809265137,9.8100004196167,9.819999694824219,34700,0.0,0.0
2022-08-31 00:00:00-04:00,9.829999923706055,9.829999923706055,9.819999694824219,9.819999694824219,8300,0.0,0.0
2022-09-01 00:00:00-04:00,9.8100004196167,9.819999694824219,9.8100004196167,9.8100004196167,5200,0.0,0.0
2022-09-02 00:00:00-04:00,9.8100004196167,9.8100004196167,9.8100004196167,9.8100004196167,11800,0.0,0.0
2022-09-06 00:00:00-04:00,9.84000015258789,9.84000015258789,9.800000190734863,9.800000190734863,77300,0.0,0.0
2022-09-07 00:00:00-04:00,9.800000190734863,9.800000190734863,9.800000190734863,9.800000190734863,0,0.0,0.0
2022-09-08 00:00:00-04:00,9.819999694824219,9.819999694824219,9.800000190734863,9.8100004196167,62600,0.0,0.0
2022-09-09 00:00:00-04:00,9.800000190734863,9.819999694824219,9.800000190734863,9.8100004196167,1100,0.0,0.0
2022-09-12 00:00:00-04:00,9.819999694824219,9.819999694824219,9.8100004196167,9.8100004196167,2500,0.0,0.0
2022-09-13 00:00:00-04:00,9.8100004196167,9.8100004196167,9.800000190734863,9.8100004196167,226800,0.0,0.0
2022-09-14 00:00:00-04:00,9.8100004196167,9.8100004196167,9.8100004196167,9.8100004196167,0,0.0,0.0
2022-09-15 00:00:00-04:00,9.819999694824219,9.819999694824219,9.819999694824219,9.819999694824219,500,0.0,0.0
2022-09-16 00:00:00-04:00,9.8100004196167,9.8100004196167,9.8100004196167,9.8100004196167,400,0.0,0.0
2022-09-19 00:00:00-04:00,9.8100004196167,9.8100004196167,9.8100004196167,9.8100004196167,13800,0.0,0.0
2022-09-20 00:00:00-04:00,9.819999694824219,9.829999923706055,9.819999694824219,9.819999694824219,28900,0.0,0.0
2022-09-21 00:00:00-04:00,9.819999694824219,9.824999809265137,9.819999694824219,9.824999809265137,31700,0.0,0.0
2022-09-22 00:00:00-04:00,9.8149995803833,9.8149995803833,9.800000190734863,9.8149995803833,16800,0.0,0.0
2022-09-23 00:00:00-04:00,9.819999694824219,9.819999694824219,9.819999694824219,9.819999694824219,5900,0.0,0.0
2022-09-26 00:00:00-04:00,9.819999694824219,9.819999694824219,9.819999694824219,9.819999694824219,6400,0.0,0.0
2022-09-27 00:00:00-04:00,9.819999694824219,9.819999694824219,9.800000190734863,9.800000190734863,141000,0.0,0.0
2022-09-28 00:00:00-04:00,9.819999694824219,9.829999923706055,9.819999694824219,9.829999923706055,3100,0.0,0.0
2022-09-29 00:00:00-04:00,9.829999923706055,9.829999923706055,9.800000190734863,9.8100004196167,118900,0.0,0.0
2022-09-30 00:00:00-04:00,9.819999694824219,9.829999923706055,9.819999694824219,9.819999694824219,166400,0.0,0.0
2022-10-03 00:00:00-04:00,9.819999694824219,9.829999923706055,9.819999694824219,9.829999923706055,31800,0.0,0.0
2022-10-04 00:00:00-04:00,9.829999923706055,9.829999923706055,9.829999923706055,9.829999923706055,12400,0.0,0.0
2022-10-05 00:00:00-04:00,9.824999809265137,9.850000381469727,9.824999809265137,9.84000015258789,130300,0.0,0.0
2022-10-06 00:00:00-04:00,9.850000381469727,9.850000381469727,9.84000015258789,9.84000015258789,5700,0.0,0.0
2022-10-07 00:00:00-04:00,9.829999923706055,9.850000381469727,9.829999923706055,9.850000381469727,800,0.0,0.0
2022-10-10 00:00:00-04:00,9.850000381469727,9.859999656677246,9.850000381469727,9.850000381469727,22000,0.0,0.0
2022-10-11 00:00:00-04:00,9.845000267028809,9.850000381469727,9.84000015258789,9.84000015258789,46000,0.0,0.0
2022-10-12 00:00:00-04:00,9.850000381469727,9.850000381469727,9.84000015258789,9.84000015258789,1200,0.0,0.0
2022-10-13 00:00:00-04:00,9.845000267028809,9.859999656677246,9.845000267028809,9.850000381469727,110200,0.0,0.0
2022-10-14 00:00:00-04:00,9.850000381469727,9.850000381469727,9.850000381469727,9.850000381469727,200,0.0,0.0
2022-10-17 00:00:00-04:00,9.854999542236328,9.869999885559082,9.854999542236328,9.859999656677246,10000,0.0,0.0
2022-10-18 00:00:00-04:00,9.869999885559082,9.880000114440918,9.869999885559082,9.880000114440918,261400,0.0,0.0
2022-10-19 00:00:00-04:00,9.869999885559082,9.890000343322754,9.869999885559082,9.869999885559082,11600,0.0,0.0
2022-10-20 00:00:00-04:00,9.859999656677246,9.859999656677246,9.859999656677246,9.859999656677246,200,0.0,0.0
2022-10-21 00:00:00-04:00,9.869999885559082,9.880000114440918,9.869999885559082,9.869999885559082,37300,0.0,0.0
2022-10-24 00:00:00-04:00,9.869999885559082,9.899999618530273,9.869999885559082,9.899999618530273,20500,0.0,0.0
2022-10-25 00:00:00-04:00,9.90999984741211,9.90999984741211,9.899999618530273,9.899999618530273,51200,0.0,0.0
2022-10-26 00:00:00-04:00,9.899999618530273,9.899999618530273,9.899999618530273,9.899999618530273,200,0.0,0.0
2022-10-27 00:00:00-04:00,9.920000076293945,9.920000076293945,9.920000076293945,9.920000076293945,5700,0.0,0.0
2022-10-28 00:00:00-04:00,9.920000076293945,9.920000076293945,9.920000076293945,9.920000076293945,0,0.0,0.0
2022-10-31 00:00:00-04:00,9.920000076293945,9.920000076293945,9.920000076293945,9.920000076293945,0,0.0,0.0
2022-11-01 00:00:00-04:00,9.92199993133545,9.92300033569336,9.914999961853027,9.914999961853027,2400,0.0,0.0
2022-11-02 00:00:00-04:00,9.914999961853027,9.914999961853027,9.914999961853027,9.914999961853027,47200,0.0,0.0
2022-11-03 00:00:00-04:00,9.920000076293945,9.920000076293945,9.920000076293945,9.920000076293945,1700,0.0,0.0
2022-11-04 00:00:00-04:00,9.920000076293945,9.9399995803833,9.90999984741211,9.9399995803833,244800,0.0,0.0
2022-11-07 00:00:00-05:00,9.9399995803833,9.9399995803833,9.9399995803833,9.9399995803833,2000,0.0,0.0
2022-11-08 00:00:00-05:00,9.9399995803833,9.9399995803833,9.9399995803833,9.9399995803833,1600,0.0,0.0
2022-11-09 00:00:00-05:00,9.9399995803833,9.9399995803833,9.9399995803833,9.9399995803833,700,0.0,0.0
2022-11-10 00:00:00-05:00,9.9399995803833,9.9399995803833,9.9399995803833,9.9399995803833,200,0.0,0.0
2022-11-11 00:00:00-05:00,9.9399995803833,9.9399995803833,9.9399995803833,9.9399995803833,600,0.0,0.0
2022-11-14 00:00:00-05:00,9.920000076293945,9.920000076293945,9.920000076293945,9.920000076293945,100,0.0,0.0
2022-11-15 00:00:00-05:00,9.899999618530273,9.90999984741211,9.890000343322754,9.890000343322754,278500,0.0,0.0
2022-11-16 00:00:00-05:00,9.90999984741211,9.90999984741211,9.90999984741211,9.90999984741211,200,0.0,0.0
2022-11-17 00:00:00-05:00,9.890000343322754,9.890000343322754,9.890000343322754,9.890000343322754,500,0.0,0.0
2022-11-18 00:00:00-05:00,9.890000343322754,9.890000343322754,9.890000343322754,9.890000343322754,100,0.0,0.0
2022-11-21 00:00:00-05:00,9.90999984741211,9.90999984741211,9.90999984741211,9.90999984741211,300,0.0,0.0
2022-11-22 00:00:00-05:00,9.90999984741211,9.90999984741211,9.90999984741211,9.90999984741211,0,0.0,0.0
2022-11-23 00:00:00-05:00,9.90999984741211,9.90999984741211,9.90999984741211,9.90999984741211,0,0.0,0.0
2022-11-25 00:00:00-05:00,9.90999984741211,9.90999984741211,9.90999984741211,9.90999984741211,0,0.0,0.0
2022-11-28 00:00:00-05:00,9.90999984741211,9.90999984741211,9.90999984741211,9.90999984741211,800,0.0,0.0
2022-11-29 00:00:00-05:00,9.90999984741211,9.90999984741211,9.90999984741211,9.90999984741211,0,0.0,0.0
2022-11-30 00:00:00-05:00,9.90999984741211,9.949999809265137,9.90999984741211,9.949999809265137,134100,0.0,0.0
2022-12-01 00:00:00-05:00,9.9399995803833,9.9399995803833,9.9399995803833,9.9399995803833,12900,0.0,0.0
2022-12-02 00:00:00-05:00,9.979999542236328,9.979999542236328,9.979999542236328,9.979999542236328,500000,0.0,0.0
2022-12-05 00:00:00-05:00,9.960000038146973,9.960000038146973,9.949999809265137,9.949999809265137,18200,0.0,0.0
2022-12-06 00:00:00-05:00,9.954999923706055,9.970000267028809,9.949999809265137,9.970000267028809,51000,0.0,0.0
2022-12-07 00:00:00-05:00,9.954999923706055,9.960000038146973,9.949999809265137,9.960000038146973,406800,0.0,0.0
2022-12-08 00:00:00-05:00,9.960000038146973,9.960000038146973,9.949999809265137,9.949999809265137,3700,0.0,0.0
2022-12-09 00:00:00-05:00,9.970000267028809,9.970000267028809,9.951000213623047,9.960000038146973,3000,0.0,0.0
2022-12-12 00:00:00-05:00,9.960000038146973,9.960000038146973,9.960000038146973,9.960000038146973,44500,0.0,0.0
2022-12-13 00:00:00-05:00,9.960000038146973,9.970000267028809,9.960000038146973,9.96500015258789,29900,0.0,0.0
2022-12-14 00:00:00-05:00,9.960000038146973,9.979999542236328,9.960000038146973,9.979999542236328,3400,0.0,0.0
2022-12-15 00:00:00-05:00,9.960000038146973,9.979999542236328,9.960000038146973,9.960000038146973,4200,0.0,0.0
2022-12-16 00:00:00-05:00,9.960000038146973,9.960000038146973,9.960000038146973,9.960000038146973,8600,0.0,0.0
2022-12-19 00:00:00-05:00,9.960000038146973,9.960000038146973,9.960000038146973,9.960000038146973,13300,0.0,0.0
2022-12-20 00:00:00-05:00,9.963000297546387,9.963000297546387,9.960000038146973,9.960000038146973,3200,0.0,0.0
2022-12-21 00:00:00-05:00,9.960000038146973,9.960000038146973,9.960000038146973,9.960000038146973,0,0.0,0.0
2022-12-22 00:00:00-05:00,9.970000267028809,9.979999542236328,9.970000267028809,9.970000267028809,500,0.0,0.0
2022-12-23 00:00:00-05:00,9.970000267028809,10.0,9.970000267028809,10.0,352700,0.0,0.0
2022-12-27 00:00:00-05:00,9.970000267028809,10.015000343322754,9.970000267028809,10.010000228881836,42700,0.0,0.0
2022-12-28 00:00:00-05:00,10.010000228881836,10.020000457763672,10.010000228881836,10.020000457763672,83000,0.0,0.0
2022-12-29 00:00:00-05:00,10.015000343322754,10.020000457763672,10.010000228881836,10.020000457763672,100400,0.0,0.0
2022-12-30 00:00:00-05:00,10.020000457763672,10.020000457763672,10.010000228881836,10.015000343322754,83200,0.0,0.0
2023-01-03 00:00:00-05:00,10.020000457763672,10.020000457763672,10.010000228881836,10.020000457763672,59200,0.0,0.0
2023-01-04 00:00:00-05:00,10.024999618530273,10.029999732971191,10.020000457763672,10.024999618530273,133600,0.0,0.0
2023-01-05 00:00:00-05:00,10.029999732971191,10.03499984741211,10.029999732971191,10.029999732971191,883300,0.0,0.0
2023-01-06 00:00:00-05:00,10.039999961853027,10.050000190734863,10.029999732971191,10.029999732971191,8500,0.0,0.0
2023-01-09 00:00:00-05:00,10.039999961853027,10.043000221252441,10.029999732971191,10.039999961853027,30800,0.0,0.0
2023-01-10 00:00:00-05:00,10.029999732971191,10.039999961853027,10.029999732971191,10.029999732971191,72600,0.0,0.0
2023-01-11 00:00:00-05:00,10.039999961853027,10.0600004196167,10.039999961853027,10.0600004196167,27400,0.0,0.0
2023-01-12 00:00:00-05:00,10.069999694824219,10.069999694824219,10.0649995803833,10.069999694824219,712000,0.0,0.0
2023-01-13 00:00:00-05:00,10.09000015258789,10.09000015258789,10.09000015258789,10.09000015258789,3100,0.0,0.0
2023-01-17 00:00:00-05:00,10.140000343322754,10.140000343322754,10.0649995803833,10.079999923706055,860700,0.0,0.0
2023-01-18 00:00:00-05:00,10.09000015258789,10.100000381469727,10.079999923706055,10.09000015258789,68700,0.0,0.0
2023-01-19 00:00:00-05:00,10.079999923706055,10.079999923706055,10.069999694824219,10.069999694824219,949800,0.0,0.0
2023-01-20 00:00:00-05:00,10.079999923706055,10.079999923706055,10.069999694824219,10.069999694824219,791000,0.0,0.0
2023-01-23 00:00:00-05:00,10.079999923706055,10.100000381469727,10.079999923706055,10.079999923706055,55600,0.0,0.0
2023-01-24 00:00:00-05:00,10.09000015258789,10.095000267028809,10.079999923706055,10.09000015258789,2175000,0.0,0.0
2023-01-25 00:00:00-05:00,10.09000015258789,10.093000411987305,10.079999923706055,10.079999923706055,399900,0.0,0.0
2023-01-26 00:00:00-05:00,10.09000015258789,10.09000015258789,10.09000015258789,10.09000015258789,269700,0.0,0.0
2023-01-27 00:00:00-05:00,10.09000015258789,10.100000381469727,10.09000015258789,10.09000015258789,101200,0.0,0.0
2023-01-30 00:00:00-05:00,10.09000015258789,10.09000015258789,10.09000015258789,10.09000015258789,200700,0.0,0.0
2023-01-31 00:00:00-05:00,10.095000267028809,10.100000381469727,10.095000267028809,10.095000267028809,200500,0.0,0.0
2023-02-01 00:00:00-05:00,10.09000015258789,10.109999656677246,10.085000038146973,10.09000015258789,652600,0.0,0.0
2023-02-02 00:00:00-05:00,10.09000015258789,10.100000381469727,10.09000015258789,10.095000267028809,133000,0.0,0.0
2023-02-03 00:00:00-05:00,10.095000267028809,10.095000267028809,10.095000267028809,10.095000267028809,200,0.0,0.0
2023-02-06 00:00:00-05:00,10.100000381469727,10.100000381469727,10.09000015258789,10.09000015258789,59800,0.0,0.0
2023-02-07 00:00:00-05:00,10.09000015258789,10.095999717712402,10.09000015258789,10.095000267028809,56000,0.0,0.0
2023-02-08 00:00:00-05:00,10.095000267028809,10.119999885559082,10.09000015258789,10.109999656677246,1183800,0.0,0.0
2023-02-09 00:00:00-05:00,10.100000381469727,10.109999656677246,10.100000381469727,10.100000381469727,191200,0.0,0.0
2023-02-10 00:00:00-05:00,10.109999656677246,10.119999885559082,10.102999687194824,10.109999656677246,60100,0.0,0.0
2023-02-13 00:00:00-05:00,10.095000267028809,10.104999542236328,10.095000267028809,10.104999542236328,400,0.0,0.0
2023-02-14 00:00:00-05:00,10.109999656677246,10.111000061035156,10.109999656677246,10.111000061035156,12800,0.0,0.0
2023-02-15 00:00:00-05:00,10.119999885559082,10.119999885559082,10.100000381469727,10.109999656677246,288200,0.0,0.0
2023-02-16 00:00:00-05:00,10.109999656677246,10.119999885559082,10.109999656677246,10.119999885559082,35100,0.0,0.0
2023-02-17 00:00:00-05:00,10.130000114440918,10.130000114440918,10.119999885559082,10.130000114440918,210700,0.0,0.0
2023-02-21 00:00:00-05:00,10.119999885559082,10.130000114440918,10.119999885559082,10.125,12700,0.0,0.0
2023-02-22 00:00:00-05:00,10.119999885559082,10.140000343322754,10.109999656677246,10.119999885559082,837400,0.0,0.0
2023-02-23 00:00:00-05:00,10.149999618530273,10.149999618530273,10.109999656677246,10.109999656677246,403500,0.0,0.0
2023-02-24 00:00:00-05:00,10.149999618530273,10.149999618530273,10.109999656677246,10.109999656677246,180300,0.0,0.0
2023-02-27 00:00:00-05:00,10.050000190734863,10.109999656677246,10.050000190734863,10.0600004196167,116900,0.0,0.0
2023-02-28 00:00:00-05:00,10.100000381469727,10.149999618530273,10.0600004196167,10.097000122070312,102400,0.0,0.0
2023-03-01 00:00:00-05:00,10.149999618530273,10.149999618530273,10.079999923706055,10.09000015258789,11900,0.0,0.0
2023-03-02 00:00:00-05:00,10.09000015258789,10.09000015258789,10.09000015258789,10.09000015258789,0,0.0,0.0
2023-03-03 00:00:00-05:00,10.09000015258789,10.09000015258789,10.083999633789062,10.083999633789062,1000,0.0,0.0
2023-03-06 00:00:00-05:00,10.09000015258789,10.09000015258789,10.09000015258789,10.09000015258789,600,0.0,0.0
2023-03-07 00:00:00-05:00,10.09000015258789,10.09000015258789,10.09000015258789,10.09000015258789,500,0.0,0.0
2023-03-08 00:00:00-05:00,10.130000114440918,10.130000114440918,10.079999923706055,10.079999923706055,6700,0.0,0.0
2023-03-09 00:00:00-05:00,10.119999885559082,10.119999885559082,10.119999885559082,10.119999885559082,100,0.0,0.0
2023-03-10 00:00:00-05:00,10.130000114440918,10.244999885559082,10.079999923706055,10.100000381469727,9500,0.0,0.0
2023-03-13 00:00:00-04:00,10.300000190734863,10.385000228881836,10.050000190734863,10.109999656677246,32800,0.0,0.0
2023-03-14 00:00:00-04:00,10.609999656677246,10.75,10.079999923706055,10.149999618530273,77300,0.0,0.0
2023-03-15 00:00:00-04:00,10.130000114440918,10.130000114440918,10.050000190734863,10.0600004196167,10000,0.0,0.0
2023-03-16 00:00:00-04:00,10.069999694824219,10.100000381469727,10.0600004196167,10.0600004196167,33400,0.0,0.0
2023-03-17 00:00:00-04:00,10.039999961853027,10.079999923706055,10.039999961853027,10.069999694824219,8300,0.0,0.0
2023-03-20 00:00:00-04:00,10.069999694824219,10.100000381469727,10.0600004196167,10.0600004196167,15200,0.0,0.0
2023-03-21 00:00:00-04:00,10.0600004196167,10.069999694824219,10.0600004196167,10.0600004196167,3200,0.0,0.0
2023-03-22 00:00:00-04:00,10.0600004196167,10.09000015258789,10.0600004196167,10.069999694824219,7300,0.0,0.0
2023-03-23 00:00:00-04:00,10.069999694824219,10.069999694824219,10.069999694824219,10.069999694824219,3500,0.0,0.0
2023-03-24 00:00:00-04:00,10.100000381469727,10.100000381469727,10.069999694824219,10.069999694824219,7800,0.0,0.0
2023-03-27 00:00:00-04:00,10.119999885559082,10.119999885559082,10.119999885559082,10.119999885559082,500,0.0,0.0
2023-03-28 00:00:00-04:00,10.119999885559082,10.119999885559082,10.119999885559082,10.119999885559082,0,0.0,0.0
2023-03-29 00:00:00-04:00,10.086999893188477,10.086999893188477,10.079999923706055,10.079999923706055,300,0.0,0.0
2023-03-30 00:00:00-04:00,10.130000114440918,10.149999618530273,10.119999885559082,10.119999885559082,3100,0.0,0.0
2023-03-31 00:00:00-04:00,10.119999885559082,10.119999885559082,10.119999885559082,10.119999885559082,0,0.0,0.0
2023-04-03 00:00:00-04:00,10.069999694824219,10.100000381469727,10.069999694824219,10.069999694824219,5300,0.0,0.0
2023-04-04 00:00:00-04:00,10.25,10.25,10.149999618530273,10.15999984741211,500,0.0,0.0
2023-04-05 00:00:00-04:00,10.130000114440918,10.130000114440918,10.130000114440918,10.130000114440918,700,0.0,0.0
2023-04-06 00:00:00-04:00,10.069999694824219,10.069999694824219,10.069999694824219,10.069999694824219,100,0.0,0.0
2023-04-10 00:00:00-04:00,10.100000381469727,10.109999656677246,10.09000015258789,10.104999542236328,11200,0.0,0.0
2023-04-11 00:00:00-04:00,10.100000381469727,10.100000381469727,10.100000381469727,10.100000381469727,1600,0.0,0.0
2023-04-12 00:00:00-04:00,10.100000381469727,10.109999656677246,10.100000381469727,10.109999656677246,11000,0.0,0.0
2023-04-13 00:00:00-04:00,10.109999656677246,10.109999656677246,10.109999656677246,10.109999656677246,0,0.0,0.0
2023-04-14 00:00:00-04:00,10.100000381469727,10.109999656677246,10.100000381469727,10.104999542236328,10000,0.0,0.0
2023-04-17 00:00:00-04:00,10.130000114440918,10.130000114440918,10.095000267028809,10.095000267028809,5900,0.0,0.0
2023-04-18 00:00:00-04:00,10.100000381469727,10.109999656677246,10.100000381469727,10.109999656677246,72000,0.0,0.0
2023-04-19 00:00:00-04:00,10.140000343322754,10.140000343322754,10.100000381469727,10.140000343322754,7700,0.0,0.0
2023-04-20 00:00:00-04:00,10.149999618530273,10.149999618530273,10.149999618530273,10.149999618530273,50000,0.0,0.0
2023-04-21 00:00:00-04:00,10.15999984741211,10.239999771118164,10.15999984741211,10.15999984741211,6600,0.0,0.0
2023-04-24 00:00:00-04:00,10.15999984741211,10.15999984741211,10.15999984741211,10.15999984741211,0,0.0,0.0
2023-04-25 00:00:00-04:00,10.079999923706055,10.149999618530273,10.0600004196167,10.149999618530273,1500,0.0,0.0
2023-04-26 00:00:00-04:00,10.180000305175781,10.180000305175781,10.180000305175781,10.180000305175781,100,0.0,0.0
2023-04-27 00:00:00-04:00,10.180000305175781,10.180000305175781,10.149999618530273,10.180000305175781,1900,0.0,0.0
2023-04-28 00:00:00-04:00,10.100000381469727,10.109999656677246,10.100000381469727,10.100000381469727,1200,0.0,0.0
2023-05-01 00:00:00-04:00,10.109999656677246,10.140000343322754,10.109999656677246,10.140000343322754,500,0.0,0.0
2023-05-02 00:00:00-04:00,10.109999656677246,10.119999885559082,10.109999656677246,10.109999656677246,3400,0.0,0.0
2023-05-03 00:00:00-04:00,10.119999885559082,10.25,10.119999885559082,10.199999809265137,9200,0.0,0.0
2023-05-04 00:00:00-04:00,10.1899995803833,10.199999809265137,10.1899995803833,10.1899995803833,900,0.0,0.0
2023-05-05 00:00:00-04:00,10.1899995803833,10.1899995803833,10.1899995803833,10.1899995803833,600,0.0,0.0
2023-05-08 00:00:00-04:00,10.1899995803833,10.1899995803833,10.1899995803833,10.1899995803833,0,0.0,0.0
2023-05-09 00:00:00-04:00,10.1899995803833,10.25,10.1899995803833,10.220000267028809,3300,0.0,0.0
2023-05-10 00:00:00-04:00,10.25,10.25,10.25,10.25,200,0.0,0.0
2023-05-11 00:00:00-04:00,10.569999694824219,10.569999694824219,10.229999542236328,10.25,1000,0.0,0.0
2023-05-12 00:00:00-04:00,10.25,10.25,10.25,10.25,0,0.0,0.0
2023-05-15 00:00:00-04:00,10.25,10.25,10.25,10.25,0,0.0,0.0
2023-05-16 00:00:00-04:00,10.25,10.25,10.25,10.25,0,0.0,0.0
2023-05-17 00:00:00-04:00,10.109999656677246,10.109999656677246,10.109999656677246,10.109999656677246,100,0.0,0.0
2023-05-18 00:00:00-04:00,10.109999656677246,10.109999656677246,10.109999656677246,10.109999656677246,0,0.0,0.0
2023-05-19 00:00:00-04:00,10.130000114440918,10.130000114440918,10.130000114440918,10.130000114440918,200,0.0,0.0
2023-05-22 00:00:00-04:00,10.130000114440918,10.130000114440918,10.130000114440918,10.130000114440918,0,0.0,0.0
2023-05-23 00:00:00-04:00,10.130000114440918,10.130000114440918,10.130000114440918,10.130000114440918,0,0.0,0.0
2023-05-24 00:00:00-04:00,10.130000114440918,10.130000114440918,10.130000114440918,10.130000114440918,0,0.0,0.0
2023-05-25 00:00:00-04:00,10.130000114440918,10.130000114440918,10.130000114440918,10.130000114440918,500,0.0,0.0
2023-05-26 00:00:00-04:00,10.130000114440918,10.130000114440918,10.130000114440918,10.130000114440918,0,0.0,0.0
2023-05-30 00:00:00-04:00,10.130000114440918,10.130000114440918,10.130000114440918,10.130000114440918,100,0.0,0.0
2023-05-31 00:00:00-04:00,10.130000114440918,10.130000114440918,10.130000114440918,10.130000114440918,0,0.0,0.0
2023-06-01 00:00:00-04:00,10.130000114440918,10.130000114440918,10.130000114440918,10.130000114440918,0,0.0,0.0
2023-06-02 00:00:00-04:00,10.130000114440918,10.130000114440918,10.130000114440918,10.130000114440918,0,0.0,0.0
2023-06-05 00:00:00-04:00,10.149999618530273,10.149999618530273,10.149999618530273,10.149999618530273,700,0.0,0.0
2023-06-06 00:00:00-04:00,10.140000343322754,10.140000343322754,10.140000343322754,10.140000343322754,600,0.0,0.0
2023-06-07 00:00:00-04:00,10.399999618530273,10.449999809265137,10.390000343322754,10.449999809265137,1100,0.0,0.0
2023-06-08 00:00:00-04:00,10.489999771118164,10.489999771118164,10.479999542236328,10.479999542236328,400,0.0,0.0
2023-06-09 00:00:00-04:00,10.239999771118164,10.25,10.239999771118164,10.244999885559082,9400,0.0,0.0
2023-06-12 00:00:00-04:00,10.260000228881836,10.260000228881836,10.25,10.25,25300,0.0,0.0
2023-06-13 00:00:00-04:00,10.25,10.25,10.25,10.25,0,0.0,0.0
2023-06-14 00:00:00-04:00,10.25,10.25,10.25,10.25,0,0.0,0.0
2023-06-15 00:00:00-04:00,10.270000457763672,10.270000457763672,10.270000457763672,10.270000457763672,200,0.0,0.0
2023-06-16 00:00:00-04:00,10.270000457763672,10.270000457763672,10.270000457763672,10.270000457763672,0,0.0,0.0
2023-06-20 00:00:00-04:00,10.25,10.300000190734863,10.130000114440918,10.25,110100,0.0,0.0
2023-06-21 00:00:00-04:00,10.25,10.25,10.25,10.25,0,0.0,0.0
2023-06-22 00:00:00-04:00,10.25,10.25,10.25,10.25,0,0.0,0.0
2023-06-23 00:00:00-04:00,10.25,10.25,10.25,10.25,0,0.0,0.0
2023-06-26 00:00:00-04:00,10.25,10.25,10.25,10.25,0,0.0,0.0
2023-06-27 00:00:00-04:00,10.460000038146973,10.59000015258789,10.460000038146973,10.59000015258789,300,0.0,0.0
2023-06-28 00:00:00-04:00,10.300000190734863,10.300000190734863,10.300000190734863,10.300000190734863,9800,0.0,0.0
2023-06-29 00:00:00-04:00,10.300000190734863,10.300000190734863,10.300000190734863,10.300000190734863,0,0.0,0.0
2023-06-30 00:00:00-04:00,10.300000190734863,10.300000190734863,10.300000190734863,10.300000190734863,0,0.0,0.0
2023-07-03 00:00:00-04:00,10.300000190734863,10.300000190734863,10.300000190734863,10.300000190734863,0,0.0,0.0
2023-07-05 00:00:00-04:00,10.3100004196167,10.3100004196167,10.300000190734863,10.300000190734863,33300,0.0,0.0
2023-07-06 00:00:00-04:00,10.3100004196167,10.350000381469727,10.3100004196167,10.350000381469727,7200,0.0,0.0
2023-07-07 00:00:00-04:00,10.350000381469727,10.350000381469727,10.350000381469727,10.350000381469727,0,0.0,0.0
2023-07-10 00:00:00-04:00,10.350000381469727,10.350000381469727,10.350000381469727,10.350000381469727,0,0.0,0.0
2023-07-11 00:00:00-04:00,10.350000381469727,10.350000381469727,10.350000381469727,10.350000381469727,100,0.0,0.0
2023-07-12 00:00:00-04:00,10.350000381469727,10.350000381469727,10.350000381469727,10.350000381469727,0,0.0,0.0
2023-07-13 00:00:00-04:00,10.350000381469727,10.350000381469727,10.350000381469727,10.350000381469727,0,0.0,0.0
2023-07-14 00:00:00-04:00,10.350000381469727,10.350000381469727,10.350000381469727,10.350000381469727,0,0.0,0.0
2023-07-17 00:00:00-04:00,10.4399995803833,10.4399995803833,10.4399995803833,10.4399995803833,200,0.0,0.0
2023-07-18 00:00:00-04:00,10.4399995803833,10.4399995803833,10.4399995803833,10.4399995803833,0,0.0,0.0
2023-07-19 00:00:00-04:00,10.350000381469727,10.470000267028809,10.350000381469727,10.399999618530273,53300,0.0,0.0
2023-07-20 00:00:00-04:00,10.3100004196167,10.3100004196167,10.3100004196167,10.3100004196167,300,0.0,0.0
2023-07-21 00:00:00-04:00,10.3100004196167,10.3100004196167,10.3100004196167,10.3100004196167,0,0.0,0.0
2023-07-24 00:00:00-04:00,10.3100004196167,10.3100004196167,10.3100004196167,10.3100004196167,0,0.0,0.0
2023-07-25 00:00:00-04:00,10.329999923706055,10.329999923706055,10.319999694824219,10.319999694824219,2800,0.0,0.0
2023-07-26 00:00:00-04:00,10.34000015258789,10.369999885559082,10.34000015258789,10.369999885559082,9800,0.0,0.0
2023-07-27 00:00:00-04:00,10.369999885559082,10.369999885559082,10.369999885559082,10.369999885559082,0,0.0,0.0
2023-07-28 00:00:00-04:00,10.369999885559082,10.369999885559082,10.369999885559082,10.369999885559082,0,0.0,0.0
