Date,Open,High,Low,Close,Volume,Dividends,Stock Splits
2021-01-08 00:00:00-05:00,3.255000114440918,3.255000114440918,2.2950000762939453,2.2950000762939453,2553,0.0,0.0
2021-01-11 00:00:00-05:00,2.640000104904175,3.134999990463257,2.2950000762939453,2.759999990463257,73,0.0,0.0
2021-01-12 00:00:00-05:00,3.255000114440918,3.255000114440918,2.25,2.759999990463257,447,0.0,0.0
2021-01-13 00:00:00-05:00,3.1500000953674316,3.2100000381469727,3.1500000953674316,3.2100000381469727,100,0.0,0.0
2021-01-14 00:00:00-05:00,3.255000114440918,3.255000114440918,2.759999990463257,2.759999990463257,13,0.0,0.0
2021-01-15 00:00:00-05:00,2.759999990463257,2.759999990463257,2.759999990463257,2.759999990463257,0,0.0,0.0
2021-01-19 00:00:00-05:00,3.255000114440918,3.255000114440918,2.25,2.759999990463257,307,0.0,0.0
2021-01-20 00:00:00-05:00,2.25,2.865000009536743,2.25,2.865000009536743,393,0.0,0.0
2021-01-21 00:00:00-05:00,2.565000057220459,2.565000057220459,2.565000057220459,2.565000057220459,13,0.0,0.0
2021-01-22 00:00:00-05:00,2.25,2.759999990463257,2.25,2.759999990463257,53,0.0,0.0
2021-01-25 00:00:00-05:00,3.255000114440918,3.255000114440918,2.9100000858306885,3.0,993,0.0,0.0
2021-01-26 00:00:00-05:00,3.5999999046325684,3.5999999046325684,3.0,3.0,33,0.0,0.0
2021-01-27 00:00:00-05:00,2.700000047683716,2.700000047683716,2.700000047683716,2.700000047683716,93,0.0,0.0
2021-01-28 00:00:00-05:00,2.700000047683716,2.700000047683716,2.4000000953674316,2.700000047683716,120,0.0,0.0
2021-01-29 00:00:00-05:00,2.924999952316284,3.194999933242798,2.924999952316284,3.0,1220,0.0,0.0
2021-02-01 00:00:00-05:00,3.0,3.0,3.0,3.0,0,0.0,0.0
2021-02-02 00:00:00-05:00,3.299999952316284,3.299999952316284,3.0,3.0,87,0.0,0.0
2021-02-03 00:00:00-05:00,3.1500000953674316,3.1500000953674316,3.1500000953674316,3.1500000953674316,67,0.0,0.0
2021-02-04 00:00:00-05:00,3.1500000953674316,3.375,3.075000047683716,3.375,1020,0.0,0.0
2021-02-05 00:00:00-05:00,3.450000047683716,4.875,3.375,3.75,1533,0.0,0.0
2021-02-08 00:00:00-05:00,7.275000095367432,7.275000095367432,3.180000066757202,3.75,1047,0.0,0.0
2021-02-09 00:00:00-05:00,6.0,7.050000190734863,4.5,6.0,1633,0.0,0.0
2021-02-10 00:00:00-05:00,6.0,8.850000381469727,4.650000095367432,6.0,500,0.0,0.0
2021-02-11 00:00:00-05:00,7.199999809265137,7.199999809265137,5.25,5.25,2007,0.0,0.0
2021-02-12 00:00:00-05:00,6.75,6.75,5.25,6.0,213,0.0,0.0
2021-02-16 00:00:00-05:00,8.024999618530273,8.024999618530273,6.449999809265137,6.449999809265137,413,0.0,0.0
2021-02-17 00:00:00-05:00,6.449999809265137,6.449999809265137,6.150000095367432,6.449999809265137,827,0.0,0.0
2021-02-18 00:00:00-05:00,6.449999809265137,8.25,6.300000190734863,8.100000381469727,2100,0.0,0.0
2021-02-19 00:00:00-05:00,8.100000381469727,8.100000381469727,6.764999866485596,8.100000381469727,1547,0.0,0.0
2021-02-22 00:00:00-05:00,8.100000381469727,8.100000381469727,5.099999904632568,5.28000020980835,333,0.0,0.0
2021-02-23 00:00:00-05:00,5.385000228881836,5.385000228881836,5.385000228881836,5.385000228881836,67,0.0,0.0
2021-02-24 00:00:00-05:00,6.599999904632568,7.800000190734863,6.599999904632568,7.800000190734863,200,0.0,0.0
2021-02-25 00:00:00-05:00,7.800000190734863,7.800000190734863,7.800000190734863,7.800000190734863,40,0.0,0.0
2021-02-26 00:00:00-05:00,6.0,6.0,6.0,6.0,167,0.0,0.0
2021-03-01 00:00:00-05:00,6.0,7.800000190734863,6.0,7.800000190734863,20,0.0,0.0
2021-03-02 00:00:00-05:00,7.650000095367432,7.650000095367432,6.75,6.75,340,0.0,0.0
2021-03-03 00:00:00-05:00,6.75,7.800000190734863,6.300000190734863,6.75,1487,0.0,0.0
2021-03-04 00:00:00-05:00,7.724999904632568,7.724999904632568,6.900000095367432,6.900000095367432,407,0.0,0.0
2021-03-05 00:00:00-05:00,7.5,8.100000381469727,7.5,8.100000381469727,633,0.0,0.0
2021-03-08 00:00:00-05:00,8.699999809265137,8.850000381469727,8.100000381469727,8.324999809265137,3373,0.0,0.0
2021-03-09 00:00:00-05:00,8.25,8.25,8.024999618530273,8.25,4407,0.0,0.0
2021-03-10 00:00:00-05:00,8.324999809265137,8.550000190734863,8.25,8.414999961853027,2780,0.0,0.0
2021-03-11 00:00:00-05:00,8.414999961853027,8.850000381469727,7.949999809265137,8.024999618530273,967,0.0,0.0
2021-03-12 00:00:00-05:00,7.949999809265137,8.25,7.949999809265137,8.25,2820,0.0,0.0
2021-03-15 00:00:00-04:00,8.175000190734863,8.399999618530273,8.100000381469727,8.100000381469727,4340,0.0,0.0
2021-03-16 00:00:00-04:00,8.850000381469727,8.850000381469727,8.100000381469727,8.175000190734863,4640,0.0,0.0
2021-03-17 00:00:00-04:00,8.175000190734863,8.175000190734863,8.100000381469727,8.100000381469727,2400,0.0,0.0
2021-03-18 00:00:00-04:00,8.100000381469727,8.100000381469727,7.949999809265137,7.949999809265137,333,0.0,0.0
2021-03-19 00:00:00-04:00,7.949999809265137,7.949999809265137,7.875,7.949999809265137,1767,0.0,0.0
2021-03-22 00:00:00-04:00,7.949999809265137,7.949999809265137,7.889999866485596,7.889999866485596,747,0.0,0.0
2021-03-23 00:00:00-04:00,7.875,7.949999809265137,6.164999961853027,6.164999961853027,1140,0.0,0.0
2021-03-24 00:00:00-04:00,6.824999809265137,7.949999809265137,6.824999809265137,7.949999809265137,2520,0.0,0.0
2021-03-25 00:00:00-04:00,7.949999809265137,7.949999809265137,7.650000095367432,7.949999809265137,2487,0.0,0.0
2021-03-26 00:00:00-04:00,7.949999809265137,7.949999809265137,7.664999961853027,7.934999942779541,2567,0.0,0.0
2021-03-29 00:00:00-04:00,7.949999809265137,7.949999809265137,7.800000190734863,7.949999809265137,1333,0.0,0.0
2021-03-30 00:00:00-04:00,7.84499979019165,7.949999809265137,7.800000190734863,7.800000190734863,973,0.0,0.0
2021-03-31 00:00:00-04:00,7.800000190734863,7.934999942779541,7.800000190734863,7.934999942779541,1853,0.0,0.0
2021-04-01 00:00:00-04:00,7.664999961853027,7.800000190734863,7.664999961853027,7.724999904632568,360,0.0,0.0
2021-04-05 00:00:00-04:00,7.934999942779541,7.934999942779541,7.650000095367432,7.650000095367432,373,0.0,0.0
2021-04-06 00:00:00-04:00,7.949999809265137,7.949999809265137,7.650000095367432,7.650000095367432,207,0.0,0.0
2021-04-07 00:00:00-04:00,6.150000095367432,7.949999809265137,6.150000095367432,7.949999809265137,560,0.0,0.0
2021-04-08 00:00:00-04:00,6.150000095367432,7.09499979019165,6.150000095367432,6.224999904632568,607,0.0,0.0
2021-04-09 00:00:00-04:00,7.800000190734863,7.800000190734863,7.650000095367432,7.650000095367432,193,0.0,0.0
2021-04-12 00:00:00-04:00,7.650000095367432,7.650000095367432,7.650000095367432,7.650000095367432,0,0.0,0.0
2021-04-13 00:00:00-04:00,7.800000190734863,7.800000190734863,6.150000095367432,7.485000133514404,713,0.0,0.0
2021-04-14 00:00:00-04:00,7.485000133514404,7.485000133514404,6.914999961853027,7.485000133514404,533,0.0,0.0
2021-04-15 00:00:00-04:00,7.5,7.5,7.5,7.5,380,0.0,0.0
2021-04-16 00:00:00-04:00,6.840000152587891,7.5,6.840000152587891,7.5,600,0.0,0.0
2021-04-19 00:00:00-04:00,7.5,7.5,6.164999961853027,7.349999904632568,540,0.0,0.0
2021-04-20 00:00:00-04:00,7.349999904632568,7.349999904632568,7.349999904632568,7.349999904632568,0,0.0,0.0
2021-04-21 00:00:00-04:00,7.485000133514404,29.549999237060547,7.485000133514404,14.25,16093,0.0,0.0
2021-04-22 00:00:00-04:00,14.175000190734863,18.899999618530273,9.300000190734863,10.5,6793,0.0,0.0
2021-04-23 00:00:00-04:00,11.25,13.649999618530273,9.75,11.699999809265137,2053,0.0,0.0
2021-04-26 00:00:00-04:00,11.699999809265137,11.699999809265137,10.199999809265137,10.199999809265137,1287,0.0,0.0
2021-04-27 00:00:00-04:00,10.199999809265137,10.5,10.199999809265137,10.199999809265137,3900,0.0,0.0
2021-04-28 00:00:00-04:00,10.5,10.949999809265137,9.765000343322754,9.765000343322754,233,0.0,0.0
2021-04-29 00:00:00-04:00,9.75,10.350000381469727,9.75,9.75,633,0.0,0.0
2021-04-30 00:00:00-04:00,9.779999732971191,9.779999732971191,9.779999732971191,9.779999732971191,287,0.0,0.0
2021-05-03 00:00:00-04:00,9.8100004196167,9.8100004196167,9.779999732971191,9.779999732971191,413,0.0,0.0
2021-05-04 00:00:00-04:00,9.795000076293945,9.795000076293945,9.75,9.75,1880,0.0,0.0
2021-05-05 00:00:00-04:00,9.765000343322754,9.765000343322754,8.324999809265137,8.324999809265137,507,0.0,0.0
2021-05-06 00:00:00-04:00,8.324999809265137,8.324999809265137,8.324999809265137,8.324999809265137,0,0.0,0.0
2021-05-07 00:00:00-04:00,8.850000381469727,11.475000381469727,7.800000190734863,11.475000381469727,1447,0.0,0.0
2021-05-10 00:00:00-04:00,11.475000381469727,11.475000381469727,10.5,10.5,620,0.0,0.0
2021-05-11 00:00:00-04:00,9.75,9.75,9.75,9.75,213,0.0,0.0
2021-05-12 00:00:00-04:00,11.399999618530273,11.475000381469727,10.199999809265137,10.21500015258789,180,0.0,0.0
2021-05-13 00:00:00-04:00,9.449999809265137,9.75,9.449999809265137,9.75,87,0.0,0.0
2021-05-14 00:00:00-04:00,11.399999618530273,11.475000381469727,9.75,11.25,480,0.0,0.0
2021-05-17 00:00:00-04:00,11.25,11.25,10.5,10.5,687,0.0,0.0
2021-05-18 00:00:00-04:00,10.649999618530273,10.649999618530273,10.5,10.5,960,0.0,0.0
2021-05-19 00:00:00-04:00,10.5,10.5,10.5,10.5,320,0.0,0.0
2021-05-20 00:00:00-04:00,10.5,10.5,10.319999694824219,10.5,267,0.0,0.0
2021-05-21 00:00:00-04:00,10.5,10.5,9.0,9.0,407,0.0,0.0
2021-05-24 00:00:00-04:00,10.5,10.5,10.5,10.5,340,0.0,0.0
2021-05-25 00:00:00-04:00,10.5,11.25,10.5,11.25,4260,0.0,0.0
2021-05-26 00:00:00-04:00,11.354999542236328,12.0,11.354999542236328,12.0,980,0.0,0.0
2021-05-27 00:00:00-04:00,12.944999694824219,13.949999809265137,12.944999694824219,13.949999809265137,2387,0.0,0.0
2021-05-28 00:00:00-04:00,14.175000190734863,14.25,13.050000190734863,14.25,1360,0.0,0.0
2021-06-01 00:00:00-04:00,15.0,23.25,15.0,21.600000381469727,3307,0.0,0.0
2021-06-02 00:00:00-04:00,22.200000762939453,22.5,21.0,22.350000381469727,2653,0.0,0.0
2021-06-03 00:00:00-04:00,22.350000381469727,71.25,22.350000381469727,24.75,3500,0.0,0.0
2021-06-04 00:00:00-04:00,26.399999618530273,30.0,26.100000381469727,27.299999237060547,1100,0.0,0.0
2021-06-07 00:00:00-04:00,30.0,31.5,30.0,31.350000381469727,493,0.0,0.0
2021-06-08 00:00:00-04:00,32.099998474121094,32.099998474121094,30.75,30.75,967,0.0,0.0
2021-06-09 00:00:00-04:00,30.75,30.75,24.0,29.25,2513,0.0,0.0
2021-06-10 00:00:00-04:00,30.0,30.0,27.0,27.0,93,0.0,0.0
2021-06-11 00:00:00-04:00,27.0,27.0,22.5,24.0,1120,0.0,0.0
2021-06-14 00:00:00-04:00,24.299999237060547,24.299999237060547,24.0,24.0,67,0.0,0.0
2021-06-15 00:00:00-04:00,24.0,30.0,23.25,28.5,533,0.0,0.0
2021-06-16 00:00:00-04:00,28.5,28.5,24.0,25.200000762939453,460,0.0,0.0
2021-06-17 00:00:00-04:00,28.5,28.5,24.450000762939453,25.799999237060547,327,0.0,0.0
2021-06-18 00:00:00-04:00,25.049999237060547,25.799999237060547,24.450000762939453,24.75,480,0.0,0.0
2021-06-21 00:00:00-04:00,24.450000762939453,24.600000381469727,24.0,24.0,333,0.0,0.0
2021-06-22 00:00:00-04:00,24.0,24.0,20.25,20.25,2147,0.0,0.0
2021-06-23 00:00:00-04:00,21.0,23.25,15.0,17.25,2260,0.0,0.0
2021-06-24 00:00:00-04:00,15.0,18.75,15.0,18.75,380,0.0,0.0
2021-06-25 00:00:00-04:00,18.149999618530273,18.450000762939453,18.149999618530273,18.450000762939453,27,0.0,0.0
2021-06-28 00:00:00-04:00,20.850000381469727,21.0,18.450000762939453,18.600000381469727,207,0.0,0.0
2021-06-29 00:00:00-04:00,18.0,18.0,15.149999618530273,17.700000762939453,627,0.0,0.0
2021-06-30 00:00:00-04:00,18.75,18.75,14.25,14.399999618530273,633,0.0,0.0
2021-07-01 00:00:00-04:00,14.399999618530273,21.0,14.25,14.25,833,0.0,0.0
2021-07-02 00:00:00-04:00,14.399999618530273,14.850000381469727,14.100000381469727,14.850000381469727,580,0.0,0.0
2021-07-06 00:00:00-04:00,15.0,15.0,14.850000381469727,15.0,127,0.0,0.0
2021-07-07 00:00:00-04:00,18.75,18.75,14.399999618530273,14.550000190734863,93,0.0,0.0
2021-07-08 00:00:00-04:00,15.0,15.0,15.0,15.0,220,0.0,0.0
2021-07-09 00:00:00-04:00,15.0,15.600000381469727,15.0,15.600000381469727,207,0.0,0.0
2021-07-12 00:00:00-04:00,15.899999618530273,15.899999618530273,15.600000381469727,15.600000381469727,247,0.0,0.0
2021-07-13 00:00:00-04:00,15.539999961853027,15.539999961853027,15.149999618530273,15.149999618530273,13,0.0,0.0
2021-07-14 00:00:00-04:00,15.0,15.0,12.824999809265137,14.25,440,0.0,0.0
2021-07-15 00:00:00-04:00,14.100000381469727,14.25,14.100000381469727,14.25,220,0.0,0.0
2021-07-16 00:00:00-04:00,14.25,14.399999618530273,14.100000381469727,14.100000381469727,540,0.0,0.0
2021-07-19 00:00:00-04:00,14.100000381469727,14.100000381469727,14.100000381469727,14.100000381469727,7,0.0,0.0
2021-07-20 00:00:00-04:00,14.100000381469727,14.100000381469727,14.100000381469727,14.100000381469727,0,0.0,0.0
2021-07-21 00:00:00-04:00,15.0,15.0,14.25,14.25,240,0.0,0.0
2021-07-22 00:00:00-04:00,14.25,14.25,14.25,14.25,173,0.0,0.0
2021-07-23 00:00:00-04:00,14.25,14.25,14.25,14.25,320,0.0,0.0
2021-07-26 00:00:00-04:00,14.399999618530273,14.399999618530273,14.25,14.25,567,0.0,0.0
2021-07-27 00:00:00-04:00,14.25,14.25,13.574999809265137,13.574999809265137,287,0.0,0.0
2021-07-28 00:00:00-04:00,14.850000381469727,14.850000381469727,14.850000381469727,14.850000381469727,7,0.0,0.0
2021-07-29 00:00:00-04:00,14.625,14.625,14.25,14.25,113,0.0,0.0
2021-07-30 00:00:00-04:00,14.055000305175781,14.100000381469727,14.055000305175781,14.100000381469727,140,0.0,0.0
2021-08-02 00:00:00-04:00,13.949999809265137,13.949999809265137,13.949999809265137,13.949999809265137,67,0.0,0.0
2021-08-03 00:00:00-04:00,13.920000076293945,13.920000076293945,13.875,13.875,213,0.0,0.0
2021-08-04 00:00:00-04:00,13.800000190734863,13.800000190734863,11.024999618530273,11.25,367,0.0,0.0
2021-08-05 00:00:00-04:00,12.300000190734863,12.300000190734863,12.300000190734863,12.300000190734863,33,0.0,0.0
2021-08-06 00:00:00-04:00,12.300000190734863,14.25,12.300000190734863,14.25,220,0.0,0.0
2021-08-09 00:00:00-04:00,15.0,15.0,15.0,15.0,213,0.0,0.0
2021-08-10 00:00:00-04:00,15.0,15.0,15.0,15.0,200,0.0,0.0
2021-08-11 00:00:00-04:00,15.0,15.0,15.0,15.0,273,0.0,0.0
2021-08-12 00:00:00-04:00,15.0,15.0,14.25,14.25,500,0.0,0.0
2021-08-13 00:00:00-04:00,14.25,14.25,14.25,14.25,0,0.0,0.0
2021-08-16 00:00:00-04:00,15.0,15.0,13.5,13.5,20,0.0,0.0
2021-08-17 00:00:00-04:00,13.5,13.5,13.5,13.5,0,0.0,0.0
2021-08-18 00:00:00-04:00,12.75,12.75,12.75,12.75,27,0.0,0.0
2021-08-19 00:00:00-04:00,13.875,13.875,12.600000381469727,12.600000381469727,207,0.0,0.0
2021-08-20 00:00:00-04:00,15.0,15.0,15.0,15.0,27,0.0,0.0
2021-08-23 00:00:00-04:00,15.0,15.0,15.0,15.0,0,0.0,0.0
2021-08-24 00:00:00-04:00,14.699999809265137,15.0,14.25,14.25,800,0.0,0.0
2021-08-25 00:00:00-04:00,14.25,14.25,14.25,14.25,0,0.0,0.0
2021-08-26 00:00:00-04:00,14.25,14.399999618530273,14.25,14.399999618530273,73,0.0,0.0
2021-08-27 00:00:00-04:00,14.399999618530273,14.399999618530273,14.399999618530273,14.399999618530273,0,0.0,0.0
2021-08-30 00:00:00-04:00,14.399999618530273,14.399999618530273,14.399999618530273,14.399999618530273,0,0.0,0.0
2021-08-31 00:00:00-04:00,13.5,13.649999618530273,13.5,13.649999618530273,340,0.0,0.0
2021-09-01 00:00:00-04:00,13.649999618530273,13.649999618530273,13.649999618530273,13.649999618530273,0,0.0,0.0
2021-09-02 00:00:00-04:00,13.5,13.5,13.5,13.5,200,0.0,0.0
2021-09-03 00:00:00-04:00,13.125,13.125,12.029999732971191,12.029999732971191,187,0.0,0.0
2021-09-07 00:00:00-04:00,7.650000095367432,12.0,7.650000095367432,11.25,360,0.0,0.0
2021-09-08 00:00:00-04:00,11.699999809265137,11.850000381469727,11.699999809265137,11.850000381469727,20,0.0,0.0
2021-09-09 00:00:00-04:00,11.25,11.25,11.25,11.25,7,0.0,0.0
2021-09-10 00:00:00-04:00,11.25,11.25,11.25,11.25,0,0.0,0.0
2021-09-13 00:00:00-04:00,11.25,11.25,11.25,11.25,0,0.0,0.0
2021-09-14 00:00:00-04:00,11.25,11.25,11.25,11.25,0,0.0,0.0
2021-09-15 00:00:00-04:00,11.25,11.25,9.0,9.0,367,0.0,0.0
2021-09-16 00:00:00-04:00,9.0,9.0,9.0,9.0,167,0.0,0.0
2021-09-17 00:00:00-04:00,9.0,9.0,9.0,9.0,67,0.0,0.0
2021-09-20 00:00:00-04:00,8.699999809265137,8.699999809265137,8.265000343322754,8.265000343322754,47,0.0,0.0
2021-09-21 00:00:00-04:00,8.850000381469727,8.850000381469727,7.650000095367432,7.650000095367432,247,0.0,0.0
2021-09-22 00:00:00-04:00,7.650000095367432,7.650000095367432,7.650000095367432,7.650000095367432,0,0.0,0.0
2021-09-23 00:00:00-04:00,7.650000095367432,7.650000095367432,7.650000095367432,7.650000095367432,107,0.0,0.0
2021-09-24 00:00:00-04:00,11.25,11.25,7.5,7.5,240,0.0,0.0
2021-09-27 00:00:00-04:00,7.53000020980835,7.53000020980835,7.53000020980835,7.53000020980835,13,0.0,0.0
2021-09-28 00:00:00-04:00,4.320000171661377,11.220000267028809,4.320000171661377,11.220000267028809,147,0.0,0.0
2021-09-29 00:00:00-04:00,11.220000267028809,11.220000267028809,11.069999694824219,11.069999694824219,20,0.0,0.0
2021-09-30 00:00:00-04:00,4.09499979019165,11.069999694824219,4.09499979019165,11.069999694824219,33,0.0,0.0
2021-10-01 00:00:00-04:00,11.069999694824219,11.069999694824219,11.069999694824219,11.069999694824219,0,0.0,0.0
2021-10-04 00:00:00-04:00,11.25,11.25,10.875,10.875,27,0.0,0.0
2021-10-05 00:00:00-04:00,4.320000171661377,4.320000171661377,4.320000171661377,4.320000171661377,7,0.0,0.0
2021-10-06 00:00:00-04:00,4.320000171661377,10.920000076293945,4.320000171661377,10.800000190734863,33,0.0,0.0
2021-10-07 00:00:00-04:00,10.920000076293945,10.920000076293945,10.920000076293945,10.920000076293945,20,0.0,0.0
2021-10-08 00:00:00-04:00,10.800000190734863,10.800000190734863,4.5,10.800000190734863,60,0.0,0.0
2021-10-11 00:00:00-04:00,10.5,10.5,10.5,10.5,53,0.0,0.0
2021-10-12 00:00:00-04:00,10.5,10.5,10.5,10.5,7,0.0,0.0
2021-10-13 00:00:00-04:00,10.5,10.5,10.5,10.5,7,0.0,0.0
2021-10-14 00:00:00-04:00,4.800000190734863,10.800000190734863,4.800000190734863,10.800000190734863,267,0.0,0.0
2021-10-15 00:00:00-04:00,10.800000190734863,10.800000190734863,10.800000190734863,10.800000190734863,0,0.0,0.0
2021-10-18 00:00:00-04:00,9.75,9.75,9.720000267028809,9.720000267028809,80,0.0,0.0
2021-10-19 00:00:00-04:00,9.600000381469727,9.75,9.600000381469727,9.75,80,0.0,0.0
2021-10-20 00:00:00-04:00,10.800000190734863,10.800000190734863,10.800000190734863,10.800000190734863,7,0.0,0.0
2021-10-21 00:00:00-04:00,10.800000190734863,10.800000190734863,7.5,7.5,33,0.0,0.0
2021-10-22 00:00:00-04:00,9.720000267028809,9.720000267028809,7.5,7.5,87,0.0,0.0
2021-10-25 00:00:00-04:00,4.394999980926514,10.78499984741211,4.394999980926514,10.78499984741211,40,0.0,0.0
2021-10-26 00:00:00-04:00,10.78499984741211,10.78499984741211,10.78499984741211,10.78499984741211,33,0.0,0.0
2021-10-27 00:00:00-04:00,10.78499984741211,10.78499984741211,10.78499984741211,10.78499984741211,0,0.0,0.0
2021-10-28 00:00:00-04:00,9.720000267028809,9.720000267028809,9.720000267028809,9.720000267028809,13,0.0,0.0
2021-10-29 00:00:00-04:00,9.720000267028809,9.720000267028809,9.720000267028809,9.720000267028809,0,0.0,0.0
2021-11-01 00:00:00-04:00,10.635000228881836,10.78499984741211,10.635000228881836,10.78499984741211,27,0.0,0.0
2021-11-02 00:00:00-04:00,10.78499984741211,10.78499984741211,10.78499984741211,10.78499984741211,0,0.0,0.0
2021-11-03 00:00:00-04:00,10.5,10.5,10.5,10.5,20,0.0,0.0
2021-11-04 00:00:00-04:00,9.449999809265137,9.449999809265137,8.850000381469727,9.449999809265137,200,0.0,0.0
2021-11-05 00:00:00-04:00,5.699999809265137,5.849999904632568,5.699999809265137,5.849999904632568,20,0.0,0.0
2021-11-08 00:00:00-05:00,10.78499984741211,10.78499984741211,9.75,9.75,207,0.0,0.0
2021-11-09 00:00:00-05:00,9.75,9.75,9.75,9.75,0,0.0,0.0
2021-11-10 00:00:00-05:00,10.78499984741211,10.78499984741211,10.78499984741211,10.78499984741211,33,0.0,0.0
2021-11-11 00:00:00-05:00,10.199999809265137,10.199999809265137,10.199999809265137,10.199999809265137,20,0.0,0.0
2021-11-12 00:00:00-05:00,10.199999809265137,10.199999809265137,10.199999809265137,10.199999809265137,0,0.0,0.0
2021-11-15 00:00:00-05:00,10.199999809265137,10.199999809265137,9.720000267028809,10.170000076293945,133,0.0,0.0
2021-11-16 00:00:00-05:00,9.75,9.75,9.75,9.75,7,0.0,0.0
2021-11-17 00:00:00-05:00,10.199999809265137,10.199999809265137,10.199999809265137,10.199999809265137,20,0.0,0.0
2021-11-18 00:00:00-05:00,5.864999771118164,6.0,5.864999771118164,5.864999771118164,67,0.0,0.0
2021-11-19 00:00:00-05:00,9.0,9.75,9.0,9.75,60,0.0,0.0
2021-11-22 00:00:00-05:00,9.75,9.75,9.75,9.75,0,0.0,0.0
2021-11-23 00:00:00-05:00,9.75,9.75,9.75,9.75,247,0.0,0.0
2021-11-24 00:00:00-05:00,6.0,6.0,6.0,6.0,13,0.0,0.0
2021-11-26 00:00:00-05:00,6.03000020980835,10.350000381469727,6.03000020980835,10.199999809265137,187,0.0,0.0
2021-11-29 00:00:00-05:00,10.199999809265137,10.199999809265137,10.199999809265137,10.199999809265137,100,0.0,0.0
2021-11-30 00:00:00-05:00,10.199999809265137,10.199999809265137,10.199999809265137,10.199999809265137,0,0.0,0.0
2021-12-01 00:00:00-05:00,10.199999809265137,10.350000381469727,6.150000095367432,6.75,480,0.0,0.0
2021-12-02 00:00:00-05:00,10.199999809265137,10.199999809265137,9.0,9.0,20,0.0,0.0
2021-12-03 00:00:00-05:00,9.0,9.0,9.0,9.0,0,0.0,0.0
2021-12-06 00:00:00-05:00,10.199999809265137,10.199999809265137,6.75,6.75,73,0.0,0.0
2021-12-07 00:00:00-05:00,6.75,6.75,6.75,6.75,0,0.0,0.0
2021-12-08 00:00:00-05:00,10.199999809265137,10.199999809265137,6.75,6.75,2800,0.0,0.0
2021-12-09 00:00:00-05:00,7.5,7.5,6.75,7.5,827,0.0,0.0
2021-12-10 00:00:00-05:00,10.199999809265137,10.199999809265137,6.75,7.5,773,0.0,0.0
2021-12-13 00:00:00-05:00,7.5,7.5,6.449999809265137,7.5,1140,0.0,0.0
2021-12-14 00:00:00-05:00,7.5,10.125,6.150000095367432,10.125,720,0.0,0.0
2021-12-15 00:00:00-05:00,6.150000095367432,9.75,6.150000095367432,9.75,40,0.0,0.0
2021-12-16 00:00:00-05:00,6.150000095367432,7.800000190734863,6.150000095367432,7.724999904632568,713,0.0,0.0
2021-12-17 00:00:00-05:00,7.5,7.5,7.5,7.5,47,0.0,0.0
2021-12-20 00:00:00-05:00,7.5,7.5,7.5,7.5,973,0.0,0.0
2021-12-21 00:00:00-05:00,6.449999809265137,8.850000381469727,6.449999809265137,8.850000381469727,607,0.0,0.0
2021-12-22 00:00:00-05:00,9.75,9.75,9.0,9.75,513,0.0,0.0
2021-12-23 00:00:00-05:00,9.75,10.199999809265137,7.800000190734863,10.199999809265137,920,0.0,0.0
2021-12-27 00:00:00-05:00,10.199999809265137,12.149999618530273,9.975000381469727,12.149999618530273,720,0.0,0.0
2021-12-28 00:00:00-05:00,12.149999618530273,12.149999618530273,11.25,11.850000381469727,3400,0.0,0.0
2021-12-29 00:00:00-05:00,11.699999809265137,13.5,11.699999809265137,13.5,1853,0.0,0.0
2021-12-30 00:00:00-05:00,13.199999809265137,13.199999809265137,13.199999809265137,13.199999809265137,153,0.0,0.0
2021-12-31 00:00:00-05:00,13.199999809265137,13.199999809265137,12.600000381469727,12.600000381469727,320,0.0,0.0
2022-01-03 00:00:00-05:00,8.774999618530273,11.774999618530273,7.5,7.724999904632568,873,0.0,0.0
2022-01-04 00:00:00-05:00,11.175000190734863,11.175000190734863,9.645000457763672,9.645000457763672,53,0.0,0.0
2022-01-05 00:00:00-05:00,11.175000190734863,11.175000190734863,10.170000076293945,10.170000076293945,213,0.0,0.0
2022-01-06 00:00:00-05:00,10.199999809265137,10.199999809265137,10.199999809265137,10.199999809265137,47,0.0,0.0
2022-01-07 00:00:00-05:00,10.350000381469727,10.350000381469727,8.324999809265137,9.345000267028809,680,0.0,0.0
2022-01-10 00:00:00-05:00,8.324999809265137,10.350000381469727,7.920000076293945,10.350000381469727,573,0.0,0.0
2022-01-11 00:00:00-05:00,10.5600004196167,10.920000076293945,8.024999618530273,8.024999618530273,347,0.0,0.0
2022-01-12 00:00:00-05:00,8.954999923706055,9.0,8.954999923706055,9.0,293,0.0,0.0
2022-01-13 00:00:00-05:00,9.0,9.600000381469727,9.0,9.600000381469727,140,0.0,0.0
2022-01-14 00:00:00-05:00,9.600000381469727,12.675000190734863,9.0,12.675000190734863,2213,0.0,0.0
2022-01-18 00:00:00-05:00,9.824999809265137,11.324999809265137,9.75,11.100000381469727,647,0.0,0.0
2022-01-19 00:00:00-05:00,11.25,11.25,10.199999809265137,10.574999809265137,667,0.0,0.0
2022-01-20 00:00:00-05:00,10.800000190734863,10.800000190734863,10.5,10.800000190734863,213,0.0,0.0
2022-01-21 00:00:00-05:00,10.5,10.5,10.350000381469727,10.350000381469727,67,0.0,0.0
2022-01-24 00:00:00-05:00,10.5,11.550000190734863,9.75,11.550000190734863,600,0.0,0.0
2022-01-25 00:00:00-05:00,9.75,10.199999809265137,9.75,9.75,487,0.0,0.0
2022-01-26 00:00:00-05:00,9.75,10.335000038146973,9.149999618530273,9.149999618530273,493,0.0,0.0
2022-01-27 00:00:00-05:00,9.75,10.050000190734863,9.0,9.375,593,0.0,0.0
2022-01-28 00:00:00-05:00,9.449999809265137,9.75,9.375,9.75,380,0.0,0.0
2022-01-31 00:00:00-05:00,9.675000190734863,9.675000190734863,9.149999618530273,9.149999618530273,247,0.0,0.0
2022-02-01 00:00:00-05:00,9.119999885559082,9.119999885559082,8.399999618530273,8.970000267028809,573,0.0,0.0
2022-02-02 00:00:00-05:00,8.25,8.475000381469727,8.25,8.475000381469727,253,0.0,0.0
2022-02-03 00:00:00-05:00,8.25,8.3100004196167,8.25,8.25,180,0.0,0.0
2022-02-04 00:00:00-05:00,8.25,8.324999809265137,8.25,8.25,620,0.0,0.0
2022-02-07 00:00:00-05:00,8.100000381469727,8.100000381469727,7.5,7.5,567,0.0,0.0
2022-02-08 00:00:00-05:00,7.5,7.5,7.5,7.5,73,0.0,0.0
2022-02-09 00:00:00-05:00,7.5,7.5,7.5,7.5,0,0.0,0.0
2022-02-10 00:00:00-05:00,6.75,6.75,6.675000190734863,6.75,400,0.0,0.0
2022-02-11 00:00:00-05:00,6.71999979019165,6.71999979019165,6.599999904632568,6.599999904632568,440,0.0,0.0
2022-02-14 00:00:00-05:00,6.449999809265137,6.449999809265137,6.449999809265137,6.449999809265137,67,0.0,0.0
2022-02-15 00:00:00-05:00,6.300000190734863,6.300000190734863,6.300000190734863,6.300000190734863,13,0.0,0.0
2022-02-16 00:00:00-05:00,6.329999923706055,6.329999923706055,6.300000190734863,6.300000190734863,1207,0.0,0.0
2022-02-17 00:00:00-05:00,5.625,6.300000190734863,5.25,6.300000190734863,100,0.0,0.0
2022-02-18 00:00:00-05:00,6.0,6.300000190734863,6.0,6.300000190734863,467,0.0,0.0
2022-02-22 00:00:00-05:00,5.699999809265137,6.300000190734863,5.699999809265137,6.300000190734863,20,0.0,0.0
2022-02-23 00:00:00-05:00,6.150000095367432,6.150000095367432,6.0,6.0,300,0.0,0.0
2022-02-24 00:00:00-05:00,6.0,6.0,6.0,6.0,200,0.0,0.0
2022-02-25 00:00:00-05:00,6.0,6.0,6.0,6.0,33,0.0,0.0
2022-02-28 00:00:00-05:00,6.0,6.0,6.0,6.0,0,0.0,0.0
2022-03-01 00:00:00-05:00,6.0,6.0,6.0,6.0,33,0.0,0.0
2022-03-02 00:00:00-05:00,6.0,6.0,5.699999809265137,5.699999809265137,233,0.0,0.0
2022-03-03 00:00:00-05:00,5.849999904632568,5.849999904632568,5.849999904632568,5.849999904632568,67,0.0,0.0
2022-03-04 00:00:00-05:00,5.849999904632568,5.849999904632568,5.849999904632568,5.849999904632568,0,0.0,0.0
2022-03-07 00:00:00-05:00,6.150000095367432,6.150000095367432,6.150000095367432,6.150000095367432,7,0.0,0.0
2022-03-08 00:00:00-05:00,5.550000190734863,5.550000190734863,5.550000190734863,5.550000190734863,233,0.0,0.0
2022-03-09 00:00:00-05:00,5.550000190734863,5.550000190734863,5.550000190734863,5.550000190734863,0,0.0,0.0
2022-03-10 00:00:00-05:00,6.300000190734863,10.199999809265137,6.300000190734863,10.199999809265137,660,0.0,0.0
2022-03-11 00:00:00-05:00,10.199999809265137,10.199999809265137,10.199999809265137,10.199999809265137,0,0.0,0.0
2022-03-14 00:00:00-04:00,9.75,9.75,5.550000190734863,9.75,253,0.0,0.0
2022-03-15 00:00:00-04:00,9.420000076293945,9.420000076293945,9.420000076293945,9.420000076293945,33,0.0,0.0
2022-03-16 00:00:00-04:00,9.420000076293945,9.420000076293945,9.420000076293945,9.420000076293945,0,0.0,0.0
2022-03-17 00:00:00-04:00,9.420000076293945,9.420000076293945,9.420000076293945,9.420000076293945,0,0.0,0.0
2022-03-18 00:00:00-04:00,8.850000381469727,8.850000381469727,7.800000190734863,7.800000190734863,387,0.0,0.0
2022-03-21 00:00:00-04:00,7.650000095367432,7.800000190734863,7.650000095367432,7.800000190734863,93,0.0,0.0
2022-03-22 00:00:00-04:00,7.650000095367432,7.650000095367432,7.650000095367432,7.650000095367432,140,0.0,0.0
2022-03-23 00:00:00-04:00,7.650000095367432,7.650000095367432,7.650000095367432,7.650000095367432,0,0.0,0.0
2022-03-24 00:00:00-04:00,8.744999885559082,9.75,5.699999809265137,7.650000095367432,327,0.0,0.0
2022-03-25 00:00:00-04:00,7.650000095367432,7.650000095367432,6.599999904632568,7.574999809265137,593,0.0,0.0
2022-03-28 00:00:00-04:00,8.024999618530273,8.024999618530273,8.024999618530273,8.024999618530273,47,0.0,0.0
2022-03-29 00:00:00-04:00,7.695000171661377,8.399999618530273,6.824999809265137,8.399999618530273,1387,0.0,0.0
2022-03-30 00:00:00-04:00,6.0,8.25,6.0,8.25,47,0.0,0.0
2022-03-31 00:00:00-04:00,6.300000190734863,7.949999809265137,6.300000190734863,7.949999809265137,73,0.0,0.0
2022-04-01 00:00:00-04:00,6.300000190734863,8.399999618530273,5.864999771118164,7.5,1327,0.0,0.0
2022-04-04 00:00:00-04:00,5.565000057220459,8.399999618530273,5.565000057220459,7.800000190734863,720,0.0,0.0
2022-04-05 00:00:00-04:00,7.5,7.5,6.75,6.75,333,0.0,0.0
2022-04-06 00:00:00-04:00,6.449999809265137,6.75,6.449999809265137,6.75,727,0.0,0.0
2022-04-07 00:00:00-04:00,6.449999809265137,8.25,6.449999809265137,8.25,1187,0.0,0.0
2022-04-08 00:00:00-04:00,7.5,8.399999618530273,7.5,8.399999618530273,2520,0.0,0.0
2022-04-11 00:00:00-04:00,8.25,8.25,7.5,7.650000095367432,1920,0.0,0.0
2022-04-12 00:00:00-04:00,7.349999904632568,7.800000190734863,6.900000095367432,7.454999923706055,1587,0.0,0.0
2022-04-13 00:00:00-04:00,7.454999923706055,8.385000228881836,6.900000095367432,8.175000190734863,453,0.0,0.0
2022-04-14 00:00:00-04:00,8.175000190734863,8.175000190734863,8.175000190734863,8.175000190734863,0,0.0,0.0
2022-04-18 00:00:00-04:00,8.100000381469727,8.100000381469727,6.900000095367432,6.914999961853027,513,0.0,0.0
2022-04-19 00:00:00-04:00,6.900000095367432,9.0,6.900000095367432,9.0,1887,0.0,0.0
2022-04-20 00:00:00-04:00,9.0,9.0,6.449999809265137,6.449999809265137,313,0.0,0.0
2022-04-21 00:00:00-04:00,6.449999809265137,6.449999809265137,6.449999809265137,6.449999809265137,0,0.0,0.0
2022-04-22 00:00:00-04:00,6.449999809265137,6.449999809265137,6.449999809265137,6.449999809265137,0,0.0,0.0
2022-04-25 00:00:00-04:00,6.315000057220459,7.650000095367432,6.284999847412109,6.300000190734863,1113,0.0,0.0
2022-04-26 00:00:00-04:00,6.269999980926514,6.300000190734863,6.269999980926514,6.269999980926514,293,0.0,0.0
2022-04-27 00:00:00-04:00,6.269999980926514,6.269999980926514,6.269999980926514,6.269999980926514,0,0.0,0.0
2022-04-28 00:00:00-04:00,7.650000095367432,7.650000095367432,6.0,6.0,53,0.0,0.0
2022-04-29 00:00:00-04:00,7.650000095367432,7.800000190734863,7.650000095367432,7.800000190734863,87,0.0,0.0
2022-05-02 00:00:00-04:00,7.724999904632568,7.724999904632568,5.25,7.650000095367432,1007,0.0,0.0
2022-05-03 00:00:00-04:00,7.650000095367432,7.650000095367432,7.650000095367432,7.650000095367432,0,0.0,0.0
2022-05-04 00:00:00-04:00,7.650000095367432,7.650000095367432,7.650000095367432,7.650000095367432,0,0.0,0.0
2022-05-05 00:00:00-04:00,7.485000133514404,7.485000133514404,7.485000133514404,7.485000133514404,67,0.0,0.0
2022-05-06 00:00:00-04:00,7.349999904632568,7.349999904632568,7.349999904632568,7.349999904632568,67,0.0,0.0
2022-05-09 00:00:00-04:00,7.349999904632568,7.349999904632568,7.349999904632568,7.349999904632568,0,0.0,0.0
2022-05-10 00:00:00-04:00,7.349999904632568,7.349999904632568,7.349999904632568,7.349999904632568,0,0.0,0.0
2022-05-11 00:00:00-04:00,7.349999904632568,7.349999904632568,7.349999904632568,7.349999904632568,0,0.0,0.0
2022-05-12 00:00:00-04:00,7.349999904632568,7.349999904632568,7.349999904632568,7.349999904632568,0,0.0,0.0
2022-05-13 00:00:00-04:00,4.514999866485596,7.409999847412109,4.514999866485596,4.514999866485596,393,0.0,0.0
2022-05-16 00:00:00-04:00,7.349999904632568,7.349999904632568,7.349999904632568,7.349999904632568,67,0.0,0.0
2022-05-17 00:00:00-04:00,4.664999961853027,4.664999961853027,4.664999961853027,4.664999961853027,7,0.0,0.0
2022-05-18 00:00:00-04:00,7.349999904632568,7.349999904632568,3.75,3.75,440,0.0,0.0
2022-05-19 00:00:00-04:00,6.75,6.75,6.75,6.75,73,0.0,0.0
2022-05-20 00:00:00-04:00,3.059999942779541,3.059999942779541,1.2450000047683716,1.875,1647,0.0,0.0
2022-05-23 00:00:00-04:00,3.0,5.25,3.0,3.75,2360,0.0,0.0
2022-05-24 00:00:00-04:00,4.349999904632568,4.349999904632568,3.75,3.75,367,0.0,0.0
2022-05-25 00:00:00-04:00,3.375,4.46999979019165,3.375,4.46999979019165,13,0.0,0.0
2022-05-26 00:00:00-04:00,3.75,3.75,3.015000104904175,3.015000104904175,367,0.0,0.0
2022-05-27 00:00:00-04:00,8.835000038146973,8.835000038146973,4.034999847412109,8.039999961853027,87,0.0,0.0
2022-05-31 00:00:00-04:00,4.050000190734863,6.75,4.050000190734863,4.125,213,0.0,0.0
2022-06-01 00:00:00-04:00,6.675000190734863,6.675000190734863,4.349999904632568,4.349999904632568,193,0.0,0.0
2022-06-02 00:00:00-04:00,6.599999904632568,6.599999904632568,4.065000057220459,4.065000057220459,193,0.0,0.0
2022-06-03 00:00:00-04:00,5.099999904632568,5.099999904632568,4.050000190734863,4.050000190734863,73,0.0,0.0
2022-06-06 00:00:00-04:00,5.25,5.25,5.099999904632568,5.25,107,0.0,0.0
2022-06-07 00:00:00-04:00,5.25,5.25,5.25,5.25,0,0.0,0.0
2022-06-08 00:00:00-04:00,5.085000038146973,5.235000133514404,5.085000038146973,5.235000133514404,27,0.0,0.0
2022-06-09 00:00:00-04:00,5.235000133514404,5.235000133514404,5.235000133514404,5.235000133514404,20,0.0,0.0
2022-06-10 00:00:00-04:00,5.235000133514404,5.235000133514404,5.235000133514404,5.235000133514404,0,0.0,0.0
2022-06-13 00:00:00-04:00,5.235000133514404,5.235000133514404,5.235000133514404,5.235000133514404,87,0.0,0.0
2022-06-14 00:00:00-04:00,5.235000133514404,5.235000133514404,5.235000133514404,5.235000133514404,20,0.0,0.0
2022-06-15 00:00:00-04:00,5.235000133514404,5.235000133514404,5.235000133514404,5.235000133514404,7,0.0,0.0
2022-06-16 00:00:00-04:00,3.075000047683716,5.235000133514404,3.075000047683716,5.235000133514404,20,0.0,0.0
2022-06-17 00:00:00-04:00,5.099999904632568,5.099999904632568,5.099999904632568,5.099999904632568,227,0.0,0.0
2022-06-21 00:00:00-04:00,2.369999885559082,5.235000133514404,2.369999885559082,3.0899999141693115,220,0.0,0.0
2022-06-22 00:00:00-04:00,3.299999952316284,4.349999904632568,2.384999990463257,4.184999942779541,120,0.0,0.0
2022-06-23 00:00:00-04:00,4.335000038146973,4.335000038146973,4.335000038146973,4.335000038146973,13,0.0,0.0
2022-06-24 00:00:00-04:00,4.349999904632568,4.349999904632568,4.349999904632568,4.349999904632568,7,0.0,0.0
2022-06-27 00:00:00-04:00,4.349999904632568,4.349999904632568,4.349999904632568,4.349999904632568,407,0.0,0.0
2022-06-28 00:00:00-04:00,4.335000038146973,4.335000038146973,4.335000038146973,4.335000038146973,33,0.0,0.0
2022-06-29 00:00:00-04:00,4.349999904632568,4.349999904632568,1.5299999713897705,1.5299999713897705,1533,0.0,0.0
2022-06-30 00:00:00-04:00,4.349999904632568,4.349999904632568,4.349999904632568,4.349999904632568,293,0.0,0.0
2022-07-01 00:00:00-04:00,4.349999904632568,4.349999904632568,1.5449999570846558,4.335000038146973,600,0.0,0.0
2022-07-05 00:00:00-04:00,3.75,9.0,3.75,8.670000076293945,3733,0.0,0.0
2022-07-06 00:00:00-04:00,5.099999904632568,5.25,4.349999904632568,5.099999904632568,2993,0.0,0.0
2022-07-07 00:00:00-04:00,5.25,6.75,4.5,6.75,253,0.0,0.0
2022-07-08 00:00:00-04:00,6.75,6.75,4.650000095367432,6.0,1160,0.0,0.0
2022-07-11 00:00:00-04:00,4.5,6.75,4.5,6.75,727,0.0,0.0
2022-07-12 00:00:00-04:00,6.75,6.75,4.650000095367432,6.105000019073486,2213,0.0,0.0
2022-07-13 00:00:00-04:00,4.949999809265137,6.75,4.949999809265137,6.75,1013,0.0,0.0
2022-07-14 00:00:00-04:00,4.650000095367432,10.5,4.650000095367432,10.5,907,0.0,0.0
2022-07-15 00:00:00-04:00,4.559999942779541,10.5,4.559999942779541,10.5,1860,0.0,0.0
2022-07-18 00:00:00-04:00,10.5,14.699999809265137,8.295000076293945,11.100000381469727,3340,0.0,0.0
2022-07-19 00:00:00-04:00,11.399999618530273,11.399999618530273,8.085000038146973,9.899999618530273,3647,0.0,0.0
2022-07-20 00:00:00-04:00,8.25,10.350000381469727,7.949999809265137,10.350000381469727,1540,0.0,0.0
2022-07-21 00:00:00-04:00,8.25,10.350000381469727,8.25,10.350000381469727,1847,0.0,0.0
2022-07-22 00:00:00-04:00,8.25,10.350000381469727,8.25,10.350000381469727,2467,0.0,0.0
2022-07-25 00:00:00-04:00,8.25,10.800000190734863,8.25,10.800000190734863,3007,0.0,0.0
2022-07-26 00:00:00-04:00,9.555000305175781,11.25,8.25,11.25,1667,0.0,0.0
2022-07-27 00:00:00-04:00,8.399999618530273,11.100000381469727,8.399999618530273,11.100000381469727,900,0.0,0.0
2022-07-28 00:00:00-04:00,10.949999809265137,11.25,8.324999809265137,10.949999809265137,11047,0.0,0.0
2022-07-29 00:00:00-04:00,9.164999961853027,12.0,7.650000095367432,12.0,7560,0.0,0.0
2022-08-01 00:00:00-04:00,12.0,12.0,6.195000171661377,12.0,14087,0.0,0.0
2022-08-02 00:00:00-04:00,11.850000381469727,11.850000381469727,7.650000095367432,10.484999656677246,7773,0.0,0.0
2022-08-03 00:00:00-04:00,9.375,12.0,8.399999618530273,11.699999809265137,8007,0.0,0.0
2022-08-04 00:00:00-04:00,12.0,18.0,11.699999809265137,16.950000762939453,32993,0.0,0.0
2022-08-05 00:00:00-04:00,16.5,17.100000381469727,9.149999618530273,10.5,10293,0.0,0.0
2022-08-08 00:00:00-04:00,10.800000190734863,10.949999809265137,10.170000076293945,10.800000190734863,6980,0.0,0.0
2022-08-09 00:00:00-04:00,3.7200000286102295,3.75,2.809999942779541,3.6600000858306885,824000,0.0,0.0
2022-08-10 00:00:00-04:00,3.559999942779541,3.559999942779541,2.9000000953674316,3.240000009536743,195600,0.0,0.0
2022-08-11 00:00:00-04:00,3.0799999237060547,3.0799999237060547,2.180000066757202,2.75,345200,0.0,0.0
2022-08-12 00:00:00-04:00,2.569999933242798,2.809999942779541,2.3499999046325684,2.7699999809265137,107400,0.0,0.0
2022-08-15 00:00:00-04:00,2.5,2.6449999809265137,2.369999885559082,2.5,73600,0.0,0.0
2022-08-16 00:00:00-04:00,2.4000000953674316,2.690000057220459,2.4000000953674316,2.5199999809265137,31700,0.0,0.0
2022-08-17 00:00:00-04:00,2.6500000953674316,3.0,2.4200000762939453,2.430000066757202,258400,0.0,0.0
2022-08-18 00:00:00-04:00,2.559999942779541,2.7200000286102295,2.2100000381469727,2.450000047683716,111000,0.0,0.0
2022-08-19 00:00:00-04:00,2.309999942779541,2.4820001125335693,2.2100000381469727,2.3299999237060547,51700,0.0,0.0
2022-08-22 00:00:00-04:00,2.200000047683716,2.5,2.200000047683716,2.4089999198913574,61900,0.0,0.0
2022-08-23 00:00:00-04:00,2.328000068664551,2.640000104904175,2.328000068664551,2.430000066757202,96000,0.0,0.0
2022-08-24 00:00:00-04:00,2.549999952316284,2.619999885559082,2.299999952316284,2.380000114440918,93900,0.0,0.0
2022-08-25 00:00:00-04:00,2.3399999141693115,2.450000047683716,2.25,2.325000047683716,31800,0.0,0.0
2022-08-26 00:00:00-04:00,2.25,2.359999895095825,2.0,2.075000047683716,45900,0.0,0.0
2022-08-29 00:00:00-04:00,2.009999990463257,2.2300000190734863,1.8300000429153442,2.1440000534057617,181100,0.0,0.0
2022-08-30 00:00:00-04:00,2.140000104904175,2.140000104904175,1.9199999570846558,2.0350000858306885,27900,0.0,0.0
2022-08-31 00:00:00-04:00,2.0209999084472656,2.049999952316284,1.909999966621399,2.0,53400,0.0,0.0
2022-09-01 00:00:00-04:00,1.9299999475479126,2.0199999809265137,1.7599999904632568,1.7799999713897705,32600,0.0,0.0
2022-09-02 00:00:00-04:00,1.7899999618530273,2.009999990463257,1.7899999618530273,1.850000023841858,18800,0.0,0.0
2022-09-06 00:00:00-04:00,1.9600000381469727,2.2799999713897705,1.8600000143051147,2.240000009536743,43400,0.0,0.0
2022-09-07 00:00:00-04:00,2.2799999713897705,2.2799999713897705,2.0899999141693115,2.1700000762939453,32600,0.0,0.0
2022-09-08 00:00:00-04:00,2.180000066757202,2.180000066757202,1.909000039100647,2.0,26700,0.0,0.0
2022-09-09 00:00:00-04:00,2.0799999237060547,2.0999999046325684,1.9199999570846558,2.069999933242798,14200,0.0,0.0
2022-09-12 00:00:00-04:00,1.9900000095367432,2.1549999713897705,1.9800000190734863,2.0199999809265137,14000,0.0,0.0
2022-09-13 00:00:00-04:00,1.8600000143051147,2.25,1.850000023841858,1.9700000286102295,97800,0.0,0.0
2022-09-14 00:00:00-04:00,1.940000057220459,2.13700008392334,1.8899999856948853,1.899999976158142,17700,0.0,0.0
2022-09-15 00:00:00-04:00,1.8300000429153442,1.9900000095367432,1.8300000429153442,1.8600000143051147,27500,0.0,0.0
2022-09-16 00:00:00-04:00,1.809999942779541,2.0899999141693115,1.6100000143051147,1.6100000143051147,33300,0.0,0.0
2022-09-19 00:00:00-04:00,1.6100000143051147,1.7300000190734863,1.6100000143051147,1.6510000228881836,2900,0.0,0.0
2022-09-20 00:00:00-04:00,1.649999976158142,1.7200000286102295,1.5499999523162842,1.6200000047683716,68500,0.0,0.0
2022-09-21 00:00:00-04:00,1.7000000476837158,1.7699999809265137,1.5499999523162842,1.7400000095367432,54000,0.0,0.0
2022-09-22 00:00:00-04:00,1.690000057220459,1.8200000524520874,1.6089999675750732,1.7200000286102295,36900,0.0,0.0
2022-09-23 00:00:00-04:00,1.6699999570846558,1.7999999523162842,1.4199999570846558,1.4600000381469727,64600,0.0,0.0
2022-09-26 00:00:00-04:00,1.559999942779541,1.559999942779541,1.4600000381469727,1.5099999904632568,22400,0.0,0.0
2022-09-27 00:00:00-04:00,1.5069999694824219,1.6200000047683716,1.3799999952316284,1.559999942779541,43700,0.0,0.0
2022-09-28 00:00:00-04:00,1.5,1.5399999618530273,1.340000033378601,1.3700000047683716,33000,0.0,0.0
2022-09-29 00:00:00-04:00,1.3919999599456787,1.4800000190734863,1.3799999952316284,1.3799999952316284,24000,0.0,0.0
2022-09-30 00:00:00-04:00,2.0199999809265137,2.3499999046325684,1.7699999809265137,1.8899999856948853,35095500,0.0,0.0
2022-10-03 00:00:00-04:00,1.7100000381469727,1.909999966621399,1.649999976158142,1.909999966621399,689800,0.0,0.0
2022-10-04 00:00:00-04:00,1.8600000143051147,1.8899999856948853,1.7100000381469727,1.7799999713897705,456000,0.0,0.0
2022-10-05 00:00:00-04:00,1.774999976158142,1.909999966621399,1.5499999523162842,1.8600000143051147,214100,0.0,0.0
2022-10-06 00:00:00-04:00,1.7899999618530273,1.8589999675750732,1.7400000095367432,1.7699999809265137,22000,0.0,0.0
2022-10-07 00:00:00-04:00,1.6399999856948853,1.75,1.5499999523162842,1.600000023841858,54300,0.0,0.0
2022-10-10 00:00:00-04:00,1.5099999904632568,1.600000023841858,1.399999976158142,1.440000057220459,33600,0.0,0.0
2022-10-11 00:00:00-04:00,1.3799999952316284,1.600000023841858,1.3799999952316284,1.4299999475479126,31700,0.0,0.0
2022-10-12 00:00:00-04:00,1.3799999952316284,1.5800000429153442,1.3799999952316284,1.5,35100,0.0,0.0
2022-10-13 00:00:00-04:00,1.5099999904632568,1.5499999523162842,1.3940000534057617,1.4199999570846558,50300,0.0,0.0
2022-10-14 00:00:00-04:00,1.4800000190734863,1.5800000429153442,1.3899999856948853,1.4299999475479126,26500,0.0,0.0
2022-10-17 00:00:00-04:00,1.350000023841858,1.5299999713897705,1.350000023841858,1.5099999904632568,13300,0.0,0.0
2022-10-18 00:00:00-04:00,1.4800000190734863,1.5199999809265137,1.399999976158142,1.4500000476837158,50000,0.0,0.0
2022-10-19 00:00:00-04:00,1.4500000476837158,1.4500000476837158,1.3300000429153442,1.340000033378601,8400,0.0,0.0
2022-10-20 00:00:00-04:00,1.2999999523162842,1.3700000047683716,1.2599999904632568,1.350000023841858,23400,0.0,0.0
2022-10-21 00:00:00-04:00,1.3799999952316284,1.3799999952316284,1.190000057220459,1.25,22900,0.0,0.0
2022-10-24 00:00:00-04:00,1.1699999570846558,1.25,1.149999976158142,1.2200000286102295,17800,0.0,0.0
2022-10-25 00:00:00-04:00,1.2740000486373901,1.3300000429153442,1.2200000286102295,1.2799999713897705,22700,0.0,0.0
2022-10-26 00:00:00-04:00,1.2999999523162842,1.2999999523162842,1.059999942779541,1.1399999856948853,124000,0.0,0.0
2022-10-27 00:00:00-04:00,1.0800000429153442,1.149999976158142,1.059999942779541,1.090000033378601,31800,0.0,0.0
2022-10-28 00:00:00-04:00,1.1699999570846558,1.2000000476837158,1.0499999523162842,1.2000000476837158,34400,0.0,0.0
2022-10-31 00:00:00-04:00,1.2300000190734863,1.2389999628067017,1.0499999523162842,1.1399999856948853,31900,0.0,0.0
2022-11-01 00:00:00-04:00,1.1399999856948853,1.1399999856948853,1.0499999523162842,1.0499999523162842,72100,0.0,0.0
2022-11-02 00:00:00-04:00,1.090000033378601,1.090000033378601,1.0299999713897705,1.090000033378601,6700,0.0,0.0
2022-11-03 00:00:00-04:00,1.0299999713897705,1.1299999952316284,1.0299999713897705,1.090000033378601,33600,0.0,0.0
2022-11-04 00:00:00-04:00,1.0299999713897705,1.1100000143051147,1.0299999713897705,1.0800000429153442,5200,0.0,0.0
2022-11-07 00:00:00-05:00,1.0299999713897705,1.1200000047683716,1.0299999713897705,1.100000023841858,16100,0.0,0.0
2022-11-08 00:00:00-05:00,1.0549999475479126,1.090000033378601,1.0499999523162842,1.0720000267028809,5800,0.0,0.0
2022-11-09 00:00:00-05:00,1.059999942779541,1.059999942779541,1.0499999523162842,1.0499999523162842,5400,0.0,0.0
2022-11-10 00:00:00-05:00,1.0499999523162842,1.190000057220459,1.0499999523162842,1.1480000019073486,13600,0.0,0.0
2022-11-11 00:00:00-05:00,1.0609999895095825,1.149999976158142,1.059999942779541,1.100000023841858,19800,0.0,0.0
2022-11-14 00:00:00-05:00,1.100000023841858,1.100000023841858,1.059999942779541,1.059999942779541,1700,0.0,0.0
2022-11-15 00:00:00-05:00,1.100000023841858,1.1799999475479126,1.0499999523162842,1.0850000381469727,9200,0.0,0.0
2022-11-16 00:00:00-05:00,1.1799999475479126,1.2000000476837158,0.9200000166893005,0.968999981880188,35800,0.0,0.0
2022-11-17 00:00:00-05:00,0.9800000190734863,1.090000033378601,0.9559999704360962,1.0,15700,0.0,0.0
2022-11-18 00:00:00-05:00,1.0299999713897705,1.0299999713897705,0.8500000238418579,1.0199999809265137,130200,0.0,0.0
2022-11-21 00:00:00-05:00,0.9779999852180481,1.0800000429153442,0.8510000109672546,0.859000027179718,46200,0.0,0.0
2022-11-22 00:00:00-05:00,0.8600000143051147,0.8640000224113464,0.699999988079071,0.7799999713897705,73400,0.0,0.0
2022-11-23 00:00:00-05:00,0.8100000023841858,0.8700000047683716,0.7429999709129333,0.7429999709129333,36500,0.0,0.0
2022-11-25 00:00:00-05:00,0.75,0.7950000166893005,0.699999988079071,0.699999988079071,6300,0.0,0.0
2022-11-28 00:00:00-05:00,0.7850000262260437,0.7950000166893005,0.6499999761581421,0.6899999976158142,35300,0.0,0.0
2022-11-29 00:00:00-05:00,0.6899999976158142,0.75,0.5540000200271606,0.6000000238418579,141600,0.0,0.0
2022-11-30 00:00:00-05:00,0.6000000238418579,0.6299999952316284,0.6000000238418579,0.6100000143051147,26100,0.0,0.0
2022-12-01 00:00:00-05:00,0.6420000195503235,0.75,0.6420000195503235,0.6949999928474426,94300,0.0,0.0
2022-12-02 00:00:00-05:00,0.6899999976158142,0.7699999809265137,0.6899999976158142,0.7599999904632568,4100,0.0,0.0
2022-12-05 00:00:00-05:00,0.7599999904632568,0.7699999809265137,0.6800000071525574,0.7250000238418579,30200,0.0,0.0
2022-12-06 00:00:00-05:00,0.7200000286102295,0.7360000014305115,0.6000000238418579,0.6200000047683716,11000,0.0,0.0
2022-12-07 00:00:00-05:00,0.7200000286102295,0.7300000190734863,0.6800000071525574,0.7200000286102295,7500,0.0,0.0
2022-12-08 00:00:00-05:00,0.6600000262260437,0.6600000262260437,0.6449999809265137,0.6600000262260437,3900,0.0,0.0
2022-12-09 00:00:00-05:00,0.7099999785423279,0.7099999785423279,0.6800000071525574,0.6800000071525574,2900,0.0,0.0
2022-12-12 00:00:00-05:00,0.7200000286102295,0.7200000286102295,0.7200000286102295,0.7200000286102295,800,0.0,0.0
2022-12-13 00:00:00-05:00,0.6499999761581421,0.7179999947547913,0.6499999761581421,0.699999988079071,8900,0.0,0.0
2022-12-14 00:00:00-05:00,0.699999988079071,0.699999988079071,0.6000000238418579,0.6499999761581421,1600,0.0,0.0
2022-12-15 00:00:00-05:00,0.675000011920929,0.675000011920929,0.675000011920929,0.675000011920929,300,0.0,0.0
2022-12-16 00:00:00-05:00,0.6899999976158142,0.699999988079071,0.6200000047683716,0.699999988079071,8700,0.0,0.0
2022-12-19 00:00:00-05:00,0.6899999976158142,0.6899999976158142,0.6800000071525574,0.6800000071525574,14900,0.0,0.0
2022-12-20 00:00:00-05:00,0.6769999861717224,0.699999988079071,0.6000000238418579,0.699999988079071,2100,0.0,0.0
2022-12-21 00:00:00-05:00,0.6899999976158142,0.6899999976158142,0.6299999952316284,0.6299999952316284,2400,0.0,0.0
2022-12-22 00:00:00-05:00,0.6000000238418579,0.6600000262260437,0.6000000238418579,0.6299999952316284,10400,0.0,0.0
2022-12-23 00:00:00-05:00,0.6100000143051147,0.699999988079071,0.6100000143051147,0.628000020980835,4600,0.0,0.0
2022-12-27 00:00:00-05:00,0.6499999761581421,0.699999988079071,0.628000020980835,0.628000020980835,2500,0.0,0.0
2022-12-28 00:00:00-05:00,0.6299999952316284,0.6600000262260437,0.6299999952316284,0.6499999761581421,1600,0.0,0.0
2022-12-29 00:00:00-05:00,0.699999988079071,0.699999988079071,0.6309999823570251,0.6309999823570251,13600,0.0,0.0
2022-12-30 00:00:00-05:00,0.6399999856948853,0.640999972820282,0.6000000238418579,0.6200000047683716,8200,0.0,0.0
2023-01-03 00:00:00-05:00,0.621999979019165,0.6899999976158142,0.621999979019165,0.6510000228881836,3000,0.0,0.0
2023-01-04 00:00:00-05:00,0.6499999761581421,0.6990000009536743,0.6299999952316284,0.6990000009536743,13100,0.0,0.0
2023-01-05 00:00:00-05:00,0.6299999952316284,0.6990000009536743,0.6299999952316284,0.675000011920929,500,0.0,0.0
2023-01-06 00:00:00-05:00,0.6740000247955322,0.6740000247955322,0.6499999761581421,0.6740000247955322,5900,0.0,0.0
2023-01-09 00:00:00-05:00,0.6990000009536743,0.7200000286102295,0.6700000166893005,0.6710000038146973,19200,0.0,0.0
2023-01-10 00:00:00-05:00,0.7009999752044678,0.7300000190734863,0.6899999976158142,0.7099999785423279,15300,0.0,0.0
2023-01-11 00:00:00-05:00,0.7300000190734863,0.7300000190734863,0.6079999804496765,0.6499999761581421,15200,0.0,0.0
2023-01-12 00:00:00-05:00,0.6899999976158142,0.699999988079071,0.656000018119812,0.699999988079071,3800,0.0,0.0
2023-01-13 00:00:00-05:00,0.6970000267028809,0.7300000190734863,0.6899999976158142,0.699999988079071,13900,0.0,0.0
2023-01-17 00:00:00-05:00,0.6499999761581421,0.7300000190734863,0.6499999761581421,0.7300000190734863,900,0.0,0.0
2023-01-18 00:00:00-05:00,0.7300000190734863,0.7300000190734863,0.6899999976158142,0.7200000286102295,6400,0.0,0.0
2023-01-19 00:00:00-05:00,0.6700000166893005,0.6700000166893005,0.6700000166893005,0.6700000166893005,1300,0.0,0.0
2023-01-20 00:00:00-05:00,0.75,0.75,0.671999990940094,0.7450000047683716,2800,0.0,0.0
2023-01-23 00:00:00-05:00,0.8339999914169312,0.8700000047683716,0.6800000071525574,0.6899999976158142,9000,0.0,0.0
2023-01-24 00:00:00-05:00,0.800000011920929,0.8019999861717224,0.7440000176429749,0.7799999713897705,19200,0.0,0.0
2023-01-25 00:00:00-05:00,0.8500000238418579,0.8500000238418579,0.800000011920929,0.8199999928474426,11900,0.0,0.0
2023-01-26 00:00:00-05:00,0.8199999928474426,0.8849999904632568,0.7179999947547913,0.75,9800,0.0,0.0
2023-01-27 00:00:00-05:00,0.7419999837875366,0.8790000081062317,0.7419999837875366,0.75,4800,0.0,0.0
2023-01-30 00:00:00-05:00,0.800000011920929,0.800000011920929,0.7799999713897705,0.800000011920929,5900,0.0,0.0
2023-01-31 00:00:00-05:00,0.7400000095367432,0.800000011920929,0.7400000095367432,0.7900000214576721,5200,0.0,0.0
2023-02-01 00:00:00-05:00,0.7599999904632568,0.8199999928474426,0.7300000190734863,0.7900000214576721,12800,0.0,0.0
2023-02-02 00:00:00-05:00,0.7799999713897705,0.7900000214576721,0.7770000100135803,0.7900000214576721,11200,0.0,0.0
2023-02-03 00:00:00-05:00,0.800000011920929,0.8299999833106995,0.800000011920929,0.800000011920929,5700,0.0,0.0
2023-02-06 00:00:00-05:00,0.8600000143051147,0.8600000143051147,0.7799999713897705,0.800000011920929,3900,0.0,0.0
2023-02-07 00:00:00-05:00,0.7799999713897705,0.800000011920929,0.7009999752044678,0.7760000228881836,16500,0.0,0.0
2023-02-08 00:00:00-05:00,0.7900000214576721,0.7900000214576721,0.7200000286102295,0.7300000190734863,2800,0.0,0.0
2023-02-09 00:00:00-05:00,0.7300000190734863,0.7300000190734863,0.7300000190734863,0.7300000190734863,2800,0.0,0.0
2023-02-10 00:00:00-05:00,0.7300000190734863,0.7300000190734863,0.6899999976158142,0.6899999976158142,2700,0.0,0.0
2023-02-13 00:00:00-05:00,0.75,0.75,0.7200000286102295,0.7200000286102295,1500,0.0,0.0
2023-02-14 00:00:00-05:00,0.7559999823570251,0.7559999823570251,0.7200000286102295,0.7559999823570251,800,0.0,0.0
2023-02-15 00:00:00-05:00,0.7200000286102295,0.800000011920929,0.7200000286102295,0.800000011920929,2300,0.0,0.0
2023-02-16 00:00:00-05:00,0.7300000190734863,0.7400000095367432,0.7200000286102295,0.7400000095367432,5600,0.0,0.0
2023-02-17 00:00:00-05:00,0.6899999976158142,0.7990000247955322,0.6899999976158142,0.7200000286102295,7400,0.0,0.0
2023-02-21 00:00:00-05:00,0.7200000286102295,0.800000011920929,0.7200000286102295,0.7409999966621399,9000,0.0,0.0
2023-02-22 00:00:00-05:00,0.7400000095367432,0.7409999966621399,0.6909999847412109,0.6909999847412109,3600,0.0,0.0
2023-02-23 00:00:00-05:00,0.6899999976158142,0.800000011920929,0.6899999976158142,0.699999988079071,5900,0.0,0.0
2023-02-24 00:00:00-05:00,0.7990000247955322,0.7990000247955322,0.7990000247955322,0.7990000247955322,300,0.0,0.0
2023-02-27 00:00:00-05:00,0.800000011920929,0.8019999861717224,0.7200000286102295,0.75,20700,0.0,0.0
2023-02-28 00:00:00-05:00,0.7749999761581421,0.7749999761581421,0.7400000095367432,0.7400000095367432,2500,0.0,0.0
2023-03-01 00:00:00-05:00,0.7400000095367432,0.7400000095367432,0.7400000095367432,0.7400000095367432,700,0.0,0.0
2023-03-02 00:00:00-05:00,0.699999988079071,0.7599999904632568,0.6299999952316284,0.7599999904632568,4900,0.0,0.0
2023-03-03 00:00:00-05:00,0.6930000185966492,0.7599999904632568,0.6899999976158142,0.75,4500,0.0,0.0
2023-03-06 00:00:00-05:00,0.7599999904632568,0.7599999904632568,0.6610000133514404,0.6610000133514404,3600,0.0,0.0
2023-03-07 00:00:00-05:00,0.75,0.7599999904632568,0.75,0.7599999904632568,1200,0.0,0.0
2023-03-08 00:00:00-05:00,0.75,0.75,0.6610000133514404,0.699999988079071,3500,0.0,0.0
2023-03-09 00:00:00-05:00,0.7400000095367432,0.75,0.699999988079071,0.699999988079071,3800,0.0,0.0
2023-03-10 00:00:00-05:00,0.7200000286102295,0.7200000286102295,0.6800000071525574,0.6800000071525574,2400,0.0,0.0
2023-03-13 00:00:00-04:00,0.6800000071525574,0.7200000286102295,0.6800000071525574,0.7200000286102295,5400,0.0,0.0
2023-03-14 00:00:00-04:00,1.2100000381469727,1.4500000476837158,1.059999942779541,1.2899999618530273,52290000,0.0,0.0
2023-03-15 00:00:00-04:00,1.2699999809265137,1.3799999952316284,1.1699999570846558,1.2699999809265137,3777600,0.0,0.0
2023-03-16 00:00:00-04:00,1.3700000047683716,1.8300000429153442,1.2430000305175781,1.559999942779541,3027400,0.0,0.0
2023-03-17 00:00:00-04:00,1.559999942779541,1.8300000429153442,1.2400000095367432,1.5,1151400,0.0,0.0
2023-03-20 00:00:00-04:00,1.3300000429153442,1.440000057220459,1.2350000143051147,1.2400000095367432,177800,0.0,0.0
2023-03-21 00:00:00-04:00,1.190000057220459,1.2400000095367432,1.0099999904632568,1.0399999618530273,268200,0.0,0.0
2023-03-22 00:00:00-04:00,1.0,1.0,0.8799999952316284,0.9100000262260437,103500,0.0,0.0
2023-03-23 00:00:00-04:00,0.8870000243186951,0.9300000071525574,0.7799999713897705,0.7900000214576721,39400,0.0,0.0
2023-03-24 00:00:00-04:00,0.75,0.9139999747276306,0.75,0.8510000109672546,27100,0.0,0.0
2023-03-27 00:00:00-04:00,0.7929999828338623,0.8479999899864197,0.7900000214576721,0.7900000214576721,28600,0.0,0.0
2023-03-28 00:00:00-04:00,0.7620000243186951,0.8500000238418579,0.75,0.7799999713897705,26400,0.0,0.0
2023-03-29 00:00:00-04:00,0.7229999899864197,0.9100000262260437,0.7229999899864197,0.8500000238418579,30400,0.0,0.0
2023-03-30 00:00:00-04:00,0.8240000009536743,0.8700000047683716,0.8240000009536743,0.8669999837875366,16600,0.0,0.0
2023-03-31 00:00:00-04:00,0.8899999856948853,0.8899999856948853,0.8399999737739563,0.8700000047683716,32100,0.0,0.0
2023-04-03 00:00:00-04:00,0.8199999928474426,0.9100000262260437,0.8199999928474426,0.8999999761581421,23700,0.0,0.0
2023-04-04 00:00:00-04:00,0.8999999761581421,0.8999999761581421,0.8500000238418579,0.8899999856948853,11100,0.0,0.0
2023-04-05 00:00:00-04:00,0.8899999856948853,0.9100000262260437,0.8899999856948853,0.9049999713897705,13900,0.0,0.0
2023-04-06 00:00:00-04:00,0.8799999952316284,0.8999999761581421,0.8600000143051147,0.8600000143051147,15800,0.0,0.0
2023-04-10 00:00:00-04:00,0.8500000238418579,0.8989999890327454,0.7929999828338623,0.8989999890327454,9400,0.0,0.0
2023-04-11 00:00:00-04:00,0.8700000047683716,0.8989999890327454,0.8500000238418579,0.8500000238418579,23600,0.0,0.0
2023-04-12 00:00:00-04:00,0.8629999756813049,0.9390000104904175,0.8500000238418579,0.8500000238418579,31900,0.0,0.0
2023-04-13 00:00:00-04:00,0.8500000238418579,0.8999999761581421,0.7929999828338623,0.8399999737739563,17500,0.0,0.0
2023-04-14 00:00:00-04:00,0.8149999976158142,0.8149999976158142,0.7900000214576721,0.8149999976158142,12000,0.0,0.0
2023-04-17 00:00:00-04:00,0.8479999899864197,0.8500000238418579,0.7900000214576721,0.8500000238418579,1900,0.0,0.0
2023-04-18 00:00:00-04:00,0.8100000023841858,0.8899999856948853,0.7300000190734863,0.7699999809265137,22900,0.0,0.0
2023-04-19 00:00:00-04:00,0.8999999761581421,0.8999999761581421,0.7699999809265137,0.7960000038146973,10100,0.0,0.0
2023-04-20 00:00:00-04:00,0.800000011920929,0.8740000128746033,0.7599999904632568,0.800000011920929,9700,0.0,0.0
2023-04-21 00:00:00-04:00,0.8240000009536743,0.8240000009536743,0.7699999809265137,0.7940000295639038,4100,0.0,0.0
2023-04-24 00:00:00-04:00,0.828000009059906,0.828000009059906,0.7799999713897705,0.7960000038146973,10200,0.0,0.0
2023-04-25 00:00:00-04:00,0.7799999713897705,0.7799999713897705,0.7699999809265137,0.7799999713897705,5200,0.0,0.0
2023-04-26 00:00:00-04:00,0.7699999809265137,0.8539999723434448,0.7639999985694885,0.8190000057220459,4800,0.0,0.0
2023-04-27 00:00:00-04:00,0.8199999928474426,0.8199999928474426,0.8009999990463257,0.8009999990463257,1400,0.0,0.0
2023-04-28 00:00:00-04:00,0.800000011920929,0.8379999995231628,0.7300000190734863,0.7799999713897705,8600,0.0,0.0
2023-05-01 00:00:00-04:00,0.8100000023841858,0.8299999833106995,0.7300000190734863,0.8100000023841858,2600,0.0,0.0
2023-05-02 00:00:00-04:00,0.8100000023841858,0.8539999723434448,0.7749999761581421,0.8539999723434448,19300,0.0,0.0
2023-05-03 00:00:00-04:00,0.8100000023841858,0.8399999737739563,0.8100000023841858,0.8399999737739563,400,0.0,0.0
2023-05-04 00:00:00-04:00,0.7799999713897705,0.8399999737739563,0.7799999713897705,0.8399999737739563,2200,0.0,0.0
2023-05-05 00:00:00-04:00,0.7799999713897705,0.8100000023841858,0.7300000190734863,0.75,29500,0.0,0.0
2023-05-08 00:00:00-04:00,0.8399999737739563,0.8399999737739563,0.7300000190734863,0.800000011920929,4500,0.0,0.0
2023-05-09 00:00:00-04:00,0.8399999737739563,0.8399999737739563,0.75,0.75,2100,0.0,0.0
2023-05-10 00:00:00-04:00,0.7599999904632568,0.800000011920929,0.7599999904632568,0.7699999809265137,16200,0.0,0.0
2023-05-11 00:00:00-04:00,0.7590000033378601,0.7590000033378601,0.7200000286102295,0.7200000286102295,18700,0.0,0.0
2023-05-12 00:00:00-04:00,0.7200000286102295,0.7200000286102295,0.7160000205039978,0.7200000286102295,3600,0.0,0.0
2023-05-15 00:00:00-04:00,0.7400000095367432,0.7400000095367432,0.7020000219345093,0.7099999785423279,2000,0.0,0.0
2023-05-16 00:00:00-04:00,0.7480000257492065,0.7480000257492065,0.703000009059906,0.7400000095367432,2000,0.0,0.0
2023-05-17 00:00:00-04:00,0.8240000009536743,0.8240000009536743,0.7020000219345093,0.7020000219345093,4600,0.0,0.0
2023-05-18 00:00:00-04:00,0.7609999775886536,0.7609999775886536,0.7009999752044678,0.7020000219345093,2000,0.0,0.0
2023-05-19 00:00:00-04:00,0.7009999752044678,0.7429999709129333,0.699999988079071,0.699999988079071,5500,0.0,0.0
2023-05-22 00:00:00-04:00,0.699999988079071,0.7200000286102295,0.6850000023841858,0.7200000286102295,9000,0.0,0.0
2023-05-23 00:00:00-04:00,0.7200000286102295,0.7599999904632568,0.6710000038146973,0.6710000038146973,2100,0.0,0.0
2023-05-24 00:00:00-04:00,0.8050000071525574,0.8050000071525574,0.6710000038146973,0.6800000071525574,5000,0.0,0.0
2023-05-25 00:00:00-04:00,0.6399999856948853,0.7099999785423279,0.6399999856948853,0.7099999785423279,2900,0.0,0.0
2023-05-26 00:00:00-04:00,0.6650000214576721,0.7400000095367432,0.6650000214576721,0.7400000095367432,3800,0.0,0.0
2023-05-30 00:00:00-04:00,0.7289999723434448,0.7350000143051147,0.6700000166893005,0.7350000143051147,6100,0.0,0.0
2023-05-31 00:00:00-04:00,0.7250000238418579,0.7250000238418579,0.7250000238418579,0.7250000238418579,500,0.0,0.0
2023-06-01 00:00:00-04:00,0.7099999785423279,0.7179999947547913,0.699999988079071,0.7179999947547913,3400,0.0,0.0
2023-06-02 00:00:00-04:00,0.703000009059906,0.7139999866485596,0.6919999718666077,0.6930000185966492,3800,0.0,0.0
2023-06-05 00:00:00-04:00,0.7279999852180481,0.7279999852180481,0.6700000166893005,0.6899999976158142,5300,0.0,0.0
2023-06-06 00:00:00-04:00,0.699999988079071,0.699999988079071,0.6650000214576721,0.6650000214576721,5200,0.0,0.0
2023-06-07 00:00:00-04:00,0.699999988079071,0.699999988079071,0.699999988079071,0.699999988079071,3800,0.0,0.0
2023-06-08 00:00:00-04:00,0.6800000071525574,0.7300000190734863,0.6800000071525574,0.7200000286102295,9500,0.0,0.0
2023-06-09 00:00:00-04:00,0.6899999976158142,0.7300000190734863,0.6800000071525574,0.7300000190734863,3900,0.0,0.0
2023-06-12 00:00:00-04:00,0.7200000286102295,0.7300000190734863,0.7049999833106995,0.7300000190734863,4800,0.0,0.0
2023-06-13 00:00:00-04:00,0.7200000286102295,0.7609999775886536,0.7200000286102295,0.7400000095367432,2600,0.0,0.0
2023-06-14 00:00:00-04:00,0.7300000190734863,0.8230000138282776,0.699999988079071,0.7099999785423279,23100,0.0,0.0
2023-06-15 00:00:00-04:00,0.7599999904632568,0.7799999713897705,0.699999988079071,0.7400000095367432,12700,0.0,0.0
2023-06-16 00:00:00-04:00,0.7400000095367432,0.7400000095367432,0.699999988079071,0.7390000224113464,4800,0.0,0.0
2023-06-20 00:00:00-04:00,0.7400000095367432,0.75,0.6800000071525574,0.6800000071525574,71300,0.0,0.0
2023-06-21 00:00:00-04:00,0.699999988079071,0.7310000061988831,0.6830000281333923,0.7310000061988831,5300,0.0,0.0
2023-06-22 00:00:00-04:00,0.7379999756813049,0.7379999756813049,0.699999988079071,0.699999988079071,1600,0.0,0.0
2023-06-23 00:00:00-04:00,0.699999988079071,0.7070000171661377,0.699999988079071,0.7070000171661377,2300,0.0,0.0
2023-06-26 00:00:00-04:00,0.6899999976158142,0.699999988079071,0.6899999976158142,0.6899999976158142,3000,0.0,0.0
2023-06-27 00:00:00-04:00,0.6899999976158142,0.699999988079071,0.6899999976158142,0.699999988079071,2900,0.0,0.0
2023-06-28 00:00:00-04:00,0.6909999847412109,0.6949999928474426,0.6899999976158142,0.6949999928474426,6100,0.0,0.0
2023-06-29 00:00:00-04:00,0.6930000185966492,0.6930000185966492,0.6850000023841858,0.6899999976158142,2800,0.0,0.0
2023-06-30 00:00:00-04:00,0.6800000071525574,0.6830000281333923,0.6800000071525574,0.6800000071525574,5900,0.0,0.0
2023-07-03 00:00:00-04:00,0.6800000071525574,0.6830000281333923,0.6800000071525574,0.6800000071525574,17500,0.0,0.0
2023-07-05 00:00:00-04:00,0.7139999866485596,0.7139999866485596,0.6800000071525574,0.6899999976158142,3500,0.0,0.0
2023-07-06 00:00:00-04:00,0.6800000071525574,0.6800000071525574,0.6800000071525574,0.6800000071525574,8800,0.0,0.0
2023-07-07 00:00:00-04:00,0.7149999737739563,0.7149999737739563,0.6800000071525574,0.6800000071525574,400,0.0,0.0
2023-07-10 00:00:00-04:00,0.6800000071525574,0.7149999737739563,0.6800000071525574,0.699999988079071,14000,0.0,0.0
2023-07-11 00:00:00-04:00,0.7149999737739563,0.7149999737739563,0.6850000023841858,0.6850000023841858,3600,0.0,0.0
2023-07-12 00:00:00-04:00,0.6700000166893005,0.6980000138282776,0.6700000166893005,0.6899999976158142,2300,0.0,0.0
2023-07-13 00:00:00-04:00,0.699999988079071,0.800000011920929,0.6800000071525574,0.7300000190734863,1341600,0.0,0.0
2023-07-14 00:00:00-04:00,1.1100000143051147,1.2200000286102295,0.8700000047683716,1.0499999523162842,12326900,0.0,0.0
2023-07-17 00:00:00-04:00,1.0,1.0700000524520874,0.9330000281333923,1.0199999809265137,523700,0.0,0.0
2023-07-18 00:00:00-04:00,0.9599999785423279,1.0499999523162842,0.9200000166893005,1.0199999809265137,212600,0.0,0.0
2023-07-19 00:00:00-04:00,1.0099999904632568,1.0499999523162842,0.949999988079071,1.0299999713897705,105200,0.0,0.0
2023-07-20 00:00:00-04:00,0.9990000128746033,1.0800000429153442,0.9800000190734863,1.0099999904632568,157500,0.0,0.0
2023-07-21 00:00:00-04:00,0.9990000128746033,1.0499999523162842,0.9399999976158142,1.0399999618530273,57300,0.0,0.0
2023-07-24 00:00:00-04:00,1.0399999618530273,1.0399999618530273,0.9599999785423279,1.0099999904632568,83700,0.0,0.0
2023-07-25 00:00:00-04:00,0.9900000095367432,1.0099999904632568,0.9660000205039978,0.9879999756813049,26600,0.0,0.0
2023-07-26 00:00:00-04:00,0.9509999752044678,1.0299999713897705,0.9300000071525574,1.0,57100,0.0,0.0
2023-07-27 00:00:00-04:00,0.9900000095367432,1.0299999713897705,0.9700000286102295,0.9700000286102295,35500,0.0,0.0
2023-07-28 00:00:00-04:00,0.9700000286102295,1.0,0.9610000252723694,0.9810000061988831,14000,0.0,0.0
