Date,Open,High,Low,Close,Volume,Dividends,Stock Splits
2021-10-29 00:00:00-04:00,12.84000015258789,18.040000915527344,12.84000015258789,15.890000343322754,5548500,0.0,0.0
2021-11-01 00:00:00-04:00,15.0600004196167,16.850000381469727,14.5,14.5,879000,0.0,0.0
2021-11-02 00:00:00-04:00,14.65999984741211,15.630000114440918,14.5,14.989999771118164,787600,0.0,0.0
2021-11-03 00:00:00-04:00,14.90999984741211,15.279999732971191,14.609999656677246,14.819999694824219,275300,0.0,0.0
2021-11-04 00:00:00-04:00,14.899999618530273,15.0,14.260000228881836,14.329999923706055,322000,0.0,0.0
2021-11-05 00:00:00-04:00,14.34000015258789,14.680000305175781,13.835000038146973,14.34000015258789,262500,0.0,0.0
2021-11-08 00:00:00-05:00,14.4399995803833,15.899999618530273,14.380000114440918,14.989999771118164,460300,0.0,0.0
2021-11-09 00:00:00-05:00,14.989999771118164,15.0,14.449999809265137,14.710000038146973,118300,0.0,0.0
2021-11-10 00:00:00-05:00,14.819999694824219,15.84000015258789,14.680000305175781,15.350000381469727,325200,0.0,0.0
2021-11-11 00:00:00-05:00,15.510000228881836,15.510000228881836,14.699999809265137,15.0600004196167,208800,0.0,0.0
2021-11-12 00:00:00-05:00,15.020000457763672,15.239999771118164,14.369999885559082,15.170000076293945,337800,0.0,0.0
2021-11-15 00:00:00-05:00,15.170000076293945,16.950000762939453,14.960000038146973,16.59000015258789,658000,0.0,0.0
2021-11-16 00:00:00-05:00,16.59000015258789,17.520000457763672,16.059999465942383,16.170000076293945,486000,0.0,0.0
2021-11-17 00:00:00-05:00,16.469999313354492,16.899999618530273,15.720000267028809,16.8700008392334,340400,0.0,0.0
2021-11-18 00:00:00-05:00,17.0,17.270000457763672,15.149999618530273,15.180000305175781,305600,0.0,0.0
2021-11-19 00:00:00-05:00,15.220000267028809,15.699999809265137,14.699999809265137,14.930000305175781,163300,0.0,0.0
2021-11-22 00:00:00-05:00,14.9399995803833,15.82699966430664,13.260000228881836,13.609999656677246,291800,0.0,0.0
2021-11-23 00:00:00-05:00,13.899999618530273,14.4399995803833,13.149999618530273,13.949999809265137,349200,0.0,0.0
2021-11-24 00:00:00-05:00,14.029999732971191,14.140000343322754,13.319999694824219,14.020000457763672,114300,0.0,0.0
2021-11-26 00:00:00-05:00,13.670000076293945,14.25,12.0,12.050000190734863,521500,0.0,0.0
2021-11-29 00:00:00-05:00,12.699999809265137,12.800000190734863,11.25,11.899999618530273,644000,0.0,0.0
2021-11-30 00:00:00-05:00,11.729999542236328,11.78499984741211,10.75,11.300000190734863,597600,0.0,0.0
2021-12-01 00:00:00-05:00,11.579999923706055,11.789999961853027,10.170000076293945,10.220000267028809,534100,0.0,0.0
2021-12-02 00:00:00-05:00,10.510000228881836,11.079999923706055,9.829999923706055,10.460000038146973,472300,0.0,0.0
2021-12-03 00:00:00-05:00,11.210000038146973,12.029999732971191,10.4399995803833,10.720000267028809,1118700,0.0,0.0
2021-12-06 00:00:00-05:00,10.520000457763672,11.229999542236328,9.869999885559082,11.029999732971191,404100,0.0,0.0
2021-12-07 00:00:00-05:00,11.010000228881836,12.380000114440918,11.010000228881836,12.210000038146973,327600,0.0,0.0
2021-12-08 00:00:00-05:00,12.350000381469727,13.050000190734863,12.0,13.010000228881836,253500,0.0,0.0
2021-12-09 00:00:00-05:00,12.850000381469727,14.0600004196167,12.850000381469727,13.40999984741211,244300,0.0,0.0
2021-12-10 00:00:00-05:00,13.5600004196167,13.890000343322754,12.899999618530273,13.039999961853027,150400,0.0,0.0
2021-12-13 00:00:00-05:00,13.029999732971191,13.420000076293945,12.479999542236328,12.710000038146973,174400,0.0,0.0
2021-12-14 00:00:00-05:00,12.489999771118164,12.489999771118164,11.829999923706055,11.880000114440918,110900,0.0,0.0
2021-12-15 00:00:00-05:00,11.9399995803833,12.630000114440918,11.26099967956543,12.5,220700,0.0,0.0
2021-12-16 00:00:00-05:00,12.630000114440918,13.390000343322754,11.989999771118164,12.15999984741211,259700,0.0,0.0
2021-12-17 00:00:00-05:00,12.0,12.75,11.970000267028809,12.0,955000,0.0,0.0
2021-12-20 00:00:00-05:00,12.0,12.550000190734863,11.899999618530273,12.399999618530273,163300,0.0,0.0
2021-12-21 00:00:00-05:00,12.670000076293945,13.90999984741211,12.5600004196167,13.739999771118164,174100,0.0,0.0
2021-12-22 00:00:00-05:00,13.649999618530273,14.5600004196167,13.529999732971191,14.430000305175781,104400,0.0,0.0
2021-12-23 00:00:00-05:00,14.329999923706055,14.800000190734863,14.135000228881836,14.510000228881836,121600,0.0,0.0
2021-12-27 00:00:00-05:00,14.609999656677246,15.819999694824219,14.5,15.729999542236328,112700,0.0,0.0
2021-12-28 00:00:00-05:00,15.8100004196167,16.31999969482422,15.270000457763672,15.460000038146973,195200,0.0,0.0
2021-12-29 00:00:00-05:00,15.460000038146973,16.969999313354492,14.71500015258789,16.850000381469727,368900,0.0,0.0
2021-12-30 00:00:00-05:00,16.899999618530273,18.260000228881836,16.701000213623047,17.989999771118164,230500,0.0,0.0
2021-12-31 00:00:00-05:00,18.139999389648438,18.479999542236328,17.09000015258789,17.190000534057617,261200,0.0,0.0
2022-01-03 00:00:00-05:00,17.219999313354492,17.538000106811523,15.729999542236328,15.930000305175781,225100,0.0,0.0
2022-01-04 00:00:00-05:00,16.0,16.0,15.020000457763672,15.90999984741211,121000,0.0,0.0
2022-01-05 00:00:00-05:00,15.920000076293945,16.479999542236328,15.149999618530273,15.239999771118164,89500,0.0,0.0
2022-01-06 00:00:00-05:00,15.300000190734863,15.5,14.350000381469727,14.380000114440918,127800,0.0,0.0
2022-01-07 00:00:00-05:00,14.510000228881836,14.59000015258789,13.803000450134277,14.069999694824219,90800,0.0,0.0
2022-01-10 00:00:00-05:00,13.989999771118164,14.609999656677246,13.253999710083008,14.479999542236328,121900,0.0,0.0
2022-01-11 00:00:00-05:00,14.479999542236328,16.6200008392334,14.3100004196167,16.239999771118164,186900,0.0,0.0
2022-01-12 00:00:00-05:00,16.350000381469727,16.6200008392334,15.720000267028809,16.079999923706055,160700,0.0,0.0
2022-01-13 00:00:00-05:00,16.170000076293945,16.459999084472656,15.664999961853027,15.760000228881836,45100,0.0,0.0
2022-01-14 00:00:00-05:00,15.579999923706055,15.59000015258789,14.130000114440918,15.100000381469727,156400,0.0,0.0
2022-01-18 00:00:00-05:00,14.6899995803833,15.229999542236328,14.109999656677246,14.619999885559082,136800,0.0,0.0
2022-01-19 00:00:00-05:00,14.720000267028809,14.850000381469727,13.51099967956543,13.869999885559082,180800,0.0,0.0
2022-01-20 00:00:00-05:00,14.050000190734863,14.510000228881836,13.300000190734863,13.5,123600,0.0,0.0
2022-01-21 00:00:00-05:00,13.380000114440918,14.041000366210938,12.859999656677246,12.979999542236328,287600,0.0,0.0
2022-01-24 00:00:00-05:00,12.404999732971191,13.170000076293945,11.619999885559082,12.989999771118164,178100,0.0,0.0
2022-01-25 00:00:00-05:00,12.720000267028809,14.029999732971191,12.079999923706055,13.760000228881836,250600,0.0,0.0
2022-01-26 00:00:00-05:00,13.960000038146973,14.699999809265137,13.0,13.5600004196167,136700,0.0,0.0
2022-01-27 00:00:00-05:00,13.680000305175781,13.694999694824219,12.550000190734863,13.0,166200,0.0,0.0
2022-01-28 00:00:00-05:00,12.890000343322754,13.880000114440918,12.850000381469727,13.869999885559082,147600,0.0,0.0
2022-01-31 00:00:00-05:00,13.710000038146973,14.739999771118164,13.710000038146973,14.710000038146973,145600,0.0,0.0
2022-02-01 00:00:00-05:00,14.960000038146973,15.0,13.84000015258789,14.420000076293945,122900,0.0,0.0
2022-02-02 00:00:00-05:00,14.510000228881836,14.920000076293945,13.199999809265137,13.850000381469727,96700,0.0,0.0
2022-02-03 00:00:00-05:00,13.550000190734863,13.8100004196167,13.149999618530273,13.59000015258789,44500,0.0,0.0
2022-02-04 00:00:00-05:00,13.59000015258789,13.760000228881836,12.859999656677246,13.630000114440918,96300,0.0,0.0
2022-02-07 00:00:00-05:00,13.670000076293945,14.050000190734863,12.949999809265137,13.270000457763672,86300,0.0,0.0
2022-02-08 00:00:00-05:00,13.180000305175781,14.180000305175781,12.960000038146973,14.119999885559082,131700,0.0,0.0
2022-02-09 00:00:00-05:00,14.3100004196167,14.899999618530273,14.109999656677246,14.609999656677246,232100,0.0,0.0
2022-02-10 00:00:00-05:00,14.260000228881836,15.4399995803833,13.960000038146973,14.119999885559082,142000,0.0,0.0
2022-02-11 00:00:00-05:00,14.119999885559082,15.010000228881836,13.40999984741211,14.010000228881836,136200,0.0,0.0
2022-02-14 00:00:00-05:00,14.050000190734863,14.40999984741211,13.210000038146973,13.470000267028809,69700,0.0,0.0
2022-02-15 00:00:00-05:00,13.6899995803833,14.130000114440918,13.529999732971191,14.119999885559082,112800,0.0,0.0
2022-02-16 00:00:00-05:00,14.0,14.399999618530273,13.600000381469727,14.25,194100,0.0,0.0
2022-02-17 00:00:00-05:00,14.149999618530273,14.699999809265137,12.789999961853027,13.130000114440918,109300,0.0,0.0
2022-02-18 00:00:00-05:00,13.3100004196167,13.579999923706055,13.050000190734863,13.15999984741211,221500,0.0,0.0
2022-02-22 00:00:00-05:00,12.920000076293945,13.479999542236328,12.5,13.079999923706055,51200,0.0,0.0
2022-02-23 00:00:00-05:00,13.380000114440918,13.949999809265137,12.760000228881836,12.829999923706055,106200,0.0,0.0
2022-02-24 00:00:00-05:00,12.25,13.710000038146973,11.90999984741211,13.699999809265137,86200,0.0,0.0
2022-02-25 00:00:00-05:00,13.930000305175781,14.359999656677246,13.359999656677246,14.09000015258789,67800,0.0,0.0
2022-02-28 00:00:00-05:00,13.930000305175781,14.100000381469727,13.300000190734863,13.539999961853027,90300,0.0,0.0
2022-03-01 00:00:00-05:00,13.539999961853027,13.649999618530273,12.829999923706055,13.09000015258789,136200,0.0,0.0
2022-03-02 00:00:00-05:00,13.229999542236328,13.449999809265137,12.970000267028809,13.0600004196167,83900,0.0,0.0
2022-03-03 00:00:00-05:00,13.430000305175781,13.430000305175781,12.609999656677246,13.15999984741211,68400,0.0,0.0
2022-03-04 00:00:00-05:00,12.960000038146973,13.130000114440918,12.699999809265137,12.9399995803833,118500,0.0,0.0
2022-03-07 00:00:00-05:00,13.15999984741211,13.699999809265137,12.270000457763672,12.359999656677246,223600,0.0,0.0
2022-03-08 00:00:00-05:00,12.520000457763672,12.84000015258789,12.039999961853027,12.09000015258789,158300,0.0,0.0
2022-03-09 00:00:00-05:00,12.5,13.609999656677246,12.420000076293945,13.289999961853027,140800,0.0,0.0
2022-03-10 00:00:00-05:00,13.0,13.489999771118164,12.75,13.289999961853027,224800,0.0,0.0
2022-03-11 00:00:00-05:00,13.449999809265137,14.359999656677246,13.100000381469727,13.279999732971191,113400,0.0,0.0
2022-03-14 00:00:00-04:00,13.640000343322754,13.640000343322754,11.779999732971191,11.84000015258789,230900,0.0,0.0
2022-03-15 00:00:00-04:00,12.010000228881836,12.604999542236328,11.470000267028809,12.5,262900,0.0,0.0
2022-03-16 00:00:00-04:00,12.520000457763672,13.1899995803833,11.989999771118164,12.9399995803833,217000,0.0,0.0
2022-03-17 00:00:00-04:00,12.869999885559082,13.699999809265137,12.6899995803833,13.619999885559082,195200,0.0,0.0
2022-03-18 00:00:00-04:00,13.600000381469727,14.600000381469727,13.074999809265137,13.920000076293945,522200,0.0,0.0
2022-03-21 00:00:00-04:00,14.020000457763672,14.512999534606934,12.704999923706055,13.369999885559082,177900,0.0,0.0
2022-03-22 00:00:00-04:00,13.319999694824219,14.335000038146973,13.319999694824219,14.010000228881836,104100,0.0,0.0
2022-03-23 00:00:00-04:00,13.800000190734863,14.09000015258789,12.765000343322754,13.15999984741211,172400,0.0,0.0
2022-03-24 00:00:00-04:00,13.149999618530273,13.949999809265137,13.029999732971191,13.90999984741211,68100,0.0,0.0
2022-03-25 00:00:00-04:00,13.800000190734863,13.850000381469727,13.380000114440918,13.510000228881836,80900,0.0,0.0
2022-03-28 00:00:00-04:00,13.539999961853027,14.420000076293945,13.239999771118164,13.779999732971191,132200,0.0,0.0
2022-03-29 00:00:00-04:00,13.770000457763672,14.25,13.71500015258789,13.979999542236328,106700,0.0,0.0
2022-03-30 00:00:00-04:00,13.90999984741211,14.039999961853027,13.359999656677246,13.569999694824219,58500,0.0,0.0
2022-03-31 00:00:00-04:00,13.619999885559082,13.960000038146973,13.039999961853027,13.680000305175781,164700,0.0,0.0
2022-04-01 00:00:00-04:00,13.680000305175781,14.289999961853027,13.670000076293945,13.989999771118164,129300,0.0,0.0
2022-04-04 00:00:00-04:00,14.149999618530273,14.196000099182129,13.484000205993652,13.859999656677246,67200,0.0,0.0
2022-04-05 00:00:00-04:00,13.859999656677246,14.039999961853027,13.279000282287598,13.649999618530273,267300,0.0,0.0
2022-04-06 00:00:00-04:00,13.369999885559082,13.854999542236328,12.789999961853027,13.449999809265137,260800,0.0,0.0
2022-04-07 00:00:00-04:00,13.4399995803833,13.609999656677246,12.880000114440918,13.260000228881836,148000,0.0,0.0
2022-04-08 00:00:00-04:00,13.260000228881836,13.289999961853027,12.913999557495117,13.140000343322754,211300,0.0,0.0
2022-04-11 00:00:00-04:00,13.130000114440918,13.130000114440918,12.029999732971191,12.149999618530273,334500,0.0,0.0
2022-04-12 00:00:00-04:00,12.270000457763672,12.779999732971191,12.029999732971191,12.270000457763672,288800,0.0,0.0
2022-04-13 00:00:00-04:00,12.260000228881836,12.869999885559082,12.0,12.649999618530273,308700,0.0,0.0
2022-04-14 00:00:00-04:00,12.670000076293945,12.8149995803833,12.0,12.199999809265137,102900,0.0,0.0
2022-04-18 00:00:00-04:00,12.130000114440918,12.505000114440918,11.34000015258789,11.609999656677246,190900,0.0,0.0
2022-04-19 00:00:00-04:00,11.59000015258789,12.005000114440918,11.5600004196167,11.779999732971191,148300,0.0,0.0
2022-04-20 00:00:00-04:00,11.800000190734863,11.800000190734863,11.300000190734863,11.430000305175781,251400,0.0,0.0
2022-04-21 00:00:00-04:00,11.539999961853027,11.630000114440918,10.760000228881836,10.8100004196167,222200,0.0,0.0
2022-04-22 00:00:00-04:00,10.899999618530273,11.020000457763672,10.210000038146973,10.350000381469727,260000,0.0,0.0
2022-04-25 00:00:00-04:00,10.15999984741211,11.460000038146973,10.130000114440918,11.199999809265137,215300,0.0,0.0
2022-04-26 00:00:00-04:00,11.010000228881836,11.130000114440918,10.5600004196167,10.569999694824219,91100,0.0,0.0
2022-04-27 00:00:00-04:00,10.649999618530273,10.880000114440918,10.380000114440918,10.569999694824219,127400,0.0,0.0
2022-04-28 00:00:00-04:00,10.760000228881836,11.050000190734863,10.279999732971191,10.869999885559082,132900,0.0,0.0
2022-04-29 00:00:00-04:00,10.75,10.989999771118164,10.380000114440918,10.470000267028809,70200,0.0,0.0
2022-05-02 00:00:00-04:00,10.489999771118164,10.670000076293945,10.21500015258789,10.609999656677246,119100,0.0,0.0
2022-05-03 00:00:00-04:00,10.65999984741211,10.800000190734863,10.140000343322754,10.329999923706055,80600,0.0,0.0
2022-05-04 00:00:00-04:00,10.319999694824219,10.520000457763672,9.920000076293945,10.329999923706055,207000,0.0,0.0
2022-05-05 00:00:00-04:00,10.220000267028809,10.449999809265137,9.930000305175781,10.09000015258789,120300,0.0,0.0
2022-05-06 00:00:00-04:00,10.130000114440918,10.350000381469727,9.699999809265137,9.960000038146973,200400,0.0,0.0
2022-05-09 00:00:00-04:00,10.069999694824219,10.069999694824219,8.720000267028809,8.800000190734863,207200,0.0,0.0
2022-05-10 00:00:00-04:00,9.15999984741211,9.3100004196167,8.164999961853027,8.510000228881836,269100,0.0,0.0
2022-05-11 00:00:00-04:00,8.630000114440918,9.0,7.960000038146973,8.140000343322754,359800,0.0,0.0
2022-05-12 00:00:00-04:00,8.069999694824219,8.579999923706055,7.980000019073486,8.579999923706055,304900,0.0,0.0
2022-05-13 00:00:00-04:00,8.75,9.760000228881836,8.75,8.819999694824219,289500,0.0,0.0
2022-05-16 00:00:00-04:00,8.699999809265137,8.770000457763672,7.409999847412109,7.539999961853027,316900,0.0,0.0
2022-05-17 00:00:00-04:00,7.670000076293945,8.3149995803833,7.059999942779541,8.220000267028809,315600,0.0,0.0
2022-05-18 00:00:00-04:00,8.0600004196167,8.380000114440918,7.53000020980835,7.690000057220459,173900,0.0,0.0
2022-05-19 00:00:00-04:00,7.619999885559082,8.350000381469727,7.519999980926514,8.010000228881836,161400,0.0,0.0
2022-05-20 00:00:00-04:00,8.220000267028809,8.489999771118164,8.079999923706055,8.319999694824219,222800,0.0,0.0
2022-05-23 00:00:00-04:00,8.470000267028809,8.5,8.109999656677246,8.34000015258789,104700,0.0,0.0
2022-05-24 00:00:00-04:00,8.15999984741211,8.210000038146973,7.71999979019165,7.909999847412109,200500,0.0,0.0
2022-05-25 00:00:00-04:00,7.880000114440918,8.25,7.755000114440918,8.170000076293945,101500,0.0,0.0
2022-05-26 00:00:00-04:00,8.3100004196167,8.899999618530273,8.149999618530273,8.5600004196167,159400,0.0,0.0
2022-05-27 00:00:00-04:00,8.630000114440918,9.350000381469727,8.420000076293945,9.260000228881836,176200,0.0,0.0
2022-05-31 00:00:00-04:00,9.119999885559082,9.229999542236328,8.75,8.819999694824219,180000,0.0,0.0
2022-06-01 00:00:00-04:00,8.869999885559082,9.010000228881836,8.649999618530273,8.760000228881836,119000,0.0,0.0
2022-06-02 00:00:00-04:00,8.720000267028809,9.319999694824219,8.710000038146973,9.15999984741211,114100,0.0,0.0
2022-06-03 00:00:00-04:00,9.020000457763672,9.145000457763672,8.609999656677246,8.850000381469727,85000,0.0,0.0
2022-06-06 00:00:00-04:00,9.010000228881836,9.1899995803833,8.779999732971191,8.869999885559082,104800,0.0,0.0
2022-06-07 00:00:00-04:00,8.779999732971191,9.010000228881836,8.53499984741211,9.010000228881836,86400,0.0,0.0
2022-06-08 00:00:00-04:00,9.0,9.460000038146973,8.880000114440918,9.079999923706055,97000,0.0,0.0
2022-06-09 00:00:00-04:00,8.949999809265137,9.020000457763672,8.619999885559082,8.649999618530273,146400,0.0,0.0
2022-06-10 00:00:00-04:00,8.539999961853027,8.670000076293945,8.039999961853027,8.319999694824219,146200,0.0,0.0
2022-06-13 00:00:00-04:00,7.869999885559082,8.3100004196167,7.800000190734863,8.1899995803833,185100,0.0,0.0
2022-06-14 00:00:00-04:00,8.25,8.380000114440918,7.690000057220459,7.920000076293945,193800,0.0,0.0
2022-06-15 00:00:00-04:00,8.0,8.640000343322754,7.840000152587891,8.170000076293945,116700,0.0,0.0
2022-06-16 00:00:00-04:00,7.590000152587891,7.590000152587891,6.079999923706055,6.349999904632568,826100,0.0,0.0
2022-06-17 00:00:00-04:00,6.670000076293945,6.800000190734863,5.809999942779541,5.980000019073486,529700,0.0,0.0
2022-06-21 00:00:00-04:00,6.099999904632568,6.409999847412109,5.840000152587891,6.300000190734863,378000,0.0,0.0
2022-06-22 00:00:00-04:00,6.130000114440918,6.7829999923706055,6.130000114440918,6.599999904632568,176600,0.0,0.0
2022-06-23 00:00:00-04:00,6.579999923706055,6.840000152587891,6.440000057220459,6.599999904632568,83300,0.0,0.0
2022-06-24 00:00:00-04:00,6.75,7.269999980926514,6.710000038146973,6.760000228881836,822200,0.0,0.0
2022-06-27 00:00:00-04:00,6.849999904632568,7.099999904632568,6.630000114440918,6.75,171300,0.0,0.0
2022-06-28 00:00:00-04:00,6.760000228881836,6.849999904632568,6.059999942779541,6.179999828338623,275600,0.0,0.0
2022-06-29 00:00:00-04:00,6.199999809265137,6.199999809265137,5.800000190734863,6.170000076293945,197800,0.0,0.0
2022-06-30 00:00:00-04:00,6.199999809265137,6.199999809265137,5.889999866485596,5.929999828338623,83500,0.0,0.0
2022-07-01 00:00:00-04:00,5.920000076293945,6.170000076293945,5.789999961853027,6.150000095367432,66100,0.0,0.0
2022-07-05 00:00:00-04:00,5.989999771118164,6.21999979019165,5.929999828338623,6.199999809265137,80300,0.0,0.0
2022-07-06 00:00:00-04:00,6.289999961853027,6.369999885559082,5.920000076293945,5.980000019073486,152300,0.0,0.0
2022-07-07 00:00:00-04:00,6.099999904632568,7.269999980926514,6.059999942779541,6.574999809265137,520200,0.0,0.0
2022-07-08 00:00:00-04:00,6.46999979019165,6.679999828338623,6.353000164031982,6.5,116100,0.0,0.0
2022-07-11 00:00:00-04:00,6.489999771118164,6.534999847412109,6.079999923706055,6.170000076293945,133200,0.0,0.0
2022-07-12 00:00:00-04:00,6.260000228881836,6.78000020980835,6.190000057220459,6.360000133514404,108600,0.0,0.0
2022-07-13 00:00:00-04:00,6.190000057220459,6.429999828338623,6.090000152587891,6.369999885559082,98600,0.0,0.0
2022-07-14 00:00:00-04:00,6.199999809265137,6.230000019073486,5.929999828338623,6.150000095367432,165500,0.0,0.0
2022-07-15 00:00:00-04:00,6.329999923706055,6.46999979019165,6.190000057220459,6.349999904632568,53600,0.0,0.0
2022-07-18 00:00:00-04:00,6.429999828338623,6.679999828338623,6.349999904632568,6.360000133514404,82700,0.0,0.0
2022-07-19 00:00:00-04:00,6.46999979019165,6.869999885559082,6.070000171661377,6.849999904632568,101100,0.0,0.0
2022-07-20 00:00:00-04:00,6.809999942779541,7.375,6.809999942779541,7.300000190734863,237000,0.0,0.0
2022-07-21 00:00:00-04:00,7.179999828338623,7.409999847412109,7.079999923706055,7.199999809265137,77900,0.0,0.0
2022-07-22 00:00:00-04:00,7.269999980926514,7.269999980926514,6.650000095367432,6.739999771118164,70700,0.0,0.0
2022-07-25 00:00:00-04:00,6.849999904632568,7.190000057220459,6.679999828338623,7.010000228881836,73800,0.0,0.0
2022-07-26 00:00:00-04:00,7.0,7.170000076293945,6.820000171661377,6.940000057220459,63200,0.0,0.0
2022-07-27 00:00:00-04:00,6.989999771118164,7.449999809265137,6.96999979019165,7.340000152587891,90800,0.0,0.0
2022-07-28 00:00:00-04:00,7.25,7.869999885559082,7.059999942779541,7.699999809265137,113800,0.0,0.0
2022-07-29 00:00:00-04:00,7.650000095367432,7.88700008392334,7.53000020980835,7.769999980926514,90500,0.0,0.0
2022-08-01 00:00:00-04:00,7.860000133514404,8.069999694824219,7.349999904632568,7.619999885559082,199200,0.0,0.0
2022-08-02 00:00:00-04:00,7.519999980926514,8.050000190734863,7.269999980926514,7.739999771118164,66700,0.0,0.0
2022-08-03 00:00:00-04:00,7.829999923706055,8.420000076293945,7.690000057220459,8.15999984741211,129800,0.0,0.0
2022-08-04 00:00:00-04:00,8.130000114440918,8.319999694824219,8.109999656677246,8.15999984741211,42800,0.0,0.0
2022-08-05 00:00:00-04:00,8.010000228881836,8.369999885559082,7.882999897003174,8.329999923706055,123000,0.0,0.0
2022-08-08 00:00:00-04:00,8.4399995803833,9.619999885559082,8.1899995803833,9.010000228881836,370400,0.0,0.0
2022-08-09 00:00:00-04:00,8.880000114440918,9.149999618530273,8.550000190734863,8.770000457763672,360500,0.0,0.0
2022-08-10 00:00:00-04:00,9.039999961853027,9.460000038146973,8.9399995803833,9.279999732971191,93900,0.0,0.0
2022-08-11 00:00:00-04:00,9.390000343322754,9.649999618530273,8.770000457763672,8.880000114440918,239600,0.0,0.0
2022-08-12 00:00:00-04:00,10.890000343322754,11.75,10.34000015258789,11.199999809265137,689600,0.0,0.0
2022-08-15 00:00:00-04:00,11.199999809265137,11.210000038146973,10.65999984741211,10.710000038146973,150600,0.0,0.0
2022-08-16 00:00:00-04:00,10.760000228881836,11.130000114440918,10.460000038146973,10.9399995803833,133800,0.0,0.0
2022-08-17 00:00:00-04:00,10.770000457763672,11.029999732971191,10.390000343322754,10.600000381469727,128300,0.0,0.0
2022-08-18 00:00:00-04:00,10.489999771118164,10.880000114440918,10.260000228881836,10.75,87100,0.0,0.0
2022-08-19 00:00:00-04:00,10.630000114440918,11.057000160217285,10.050000190734863,10.210000038146973,92500,0.0,0.0
2022-08-22 00:00:00-04:00,10.079999923706055,10.369999885559082,9.859999656677246,9.9399995803833,113600,0.0,0.0
2022-08-23 00:00:00-04:00,10.0600004196167,10.135000228881836,9.710000038146973,9.8100004196167,88700,0.0,0.0
2022-08-24 00:00:00-04:00,9.859999656677246,10.079999923706055,9.84000015258789,9.890000343322754,129500,0.0,0.0
2022-08-25 00:00:00-04:00,9.550000190734863,9.770000457763672,9.170000076293945,9.220000267028809,157400,0.0,0.0
2022-08-26 00:00:00-04:00,9.239999771118164,9.246999740600586,8.899999618530273,8.949999809265137,85900,0.0,0.0
2022-08-29 00:00:00-04:00,8.84000015258789,9.09000015258789,8.774999618530273,8.9399995803833,80000,0.0,0.0
2022-08-30 00:00:00-04:00,9.050000190734863,9.050000190734863,8.583999633789062,8.819999694824219,117000,0.0,0.0
2022-08-31 00:00:00-04:00,8.869999885559082,8.989999771118164,8.699999809265137,8.720000267028809,42400,0.0,0.0
2022-09-01 00:00:00-04:00,8.649999618530273,8.859999656677246,8.34000015258789,8.829999923706055,65700,0.0,0.0
2022-09-02 00:00:00-04:00,8.989999771118164,8.989999771118164,8.539999961853027,8.630000114440918,60700,0.0,0.0
2022-09-06 00:00:00-04:00,8.670000076293945,8.670000076293945,8.100000381469727,8.59000015258789,97700,0.0,0.0
2022-09-07 00:00:00-04:00,8.640000343322754,8.779999732971191,8.420000076293945,8.720000267028809,80600,0.0,0.0
2022-09-08 00:00:00-04:00,8.569999694824219,9.020000457763672,8.569999694824219,9.0,51000,0.0,0.0
2022-09-09 00:00:00-04:00,9.079999923706055,9.289999961853027,9.015000343322754,9.25,66900,0.0,0.0
2022-09-12 00:00:00-04:00,9.300000190734863,9.300000190734863,9.010000228881836,9.119999885559082,45400,0.0,0.0
2022-09-13 00:00:00-04:00,8.760000228881836,8.890000343322754,8.40999984741211,8.510000228881836,66000,0.0,0.0
2022-09-14 00:00:00-04:00,8.489999771118164,8.583999633789062,8.289999961853027,8.449999809265137,39600,0.0,0.0
2022-09-15 00:00:00-04:00,8.420000076293945,8.989999771118164,8.270000457763672,8.4399995803833,47200,0.0,0.0
2022-09-16 00:00:00-04:00,8.220000267028809,8.420000076293945,8.020000457763672,8.079999923706055,107000,0.0,0.0
2022-09-19 00:00:00-04:00,8.010000228881836,8.319999694824219,7.940000057220459,8.039999961853027,65600,0.0,0.0
2022-09-20 00:00:00-04:00,7.920000076293945,8.133000373840332,7.703999996185303,7.78000020980835,57700,0.0,0.0
2022-09-21 00:00:00-04:00,7.869999885559082,7.869999885559082,7.139999866485596,7.389999866485596,182000,0.0,0.0
2022-09-22 00:00:00-04:00,7.409999847412109,7.46999979019165,6.929999828338623,7.159999847412109,154000,0.0,0.0
2022-09-23 00:00:00-04:00,7.03000020980835,7.199999809265137,6.429999828338623,6.730000019073486,159400,0.0,0.0
2022-09-26 00:00:00-04:00,6.71999979019165,7.610000133514404,6.619999885559082,6.710000038146973,76300,0.0,0.0
2022-09-27 00:00:00-04:00,6.889999866485596,6.889999866485596,6.349999904632568,6.440000057220459,131300,0.0,0.0
2022-09-28 00:00:00-04:00,6.570000171661377,7.0,6.340000152587891,6.71999979019165,200000,0.0,0.0
2022-09-29 00:00:00-04:00,6.550000190734863,6.699999809265137,6.300000190734863,6.539999961853027,127700,0.0,0.0
2022-09-30 00:00:00-04:00,6.349999904632568,6.815000057220459,6.300000190734863,6.429999828338623,105500,0.0,0.0
2022-10-03 00:00:00-04:00,6.599999904632568,6.760000228881836,6.380000114440918,6.65500020980835,101500,0.0,0.0
2022-10-04 00:00:00-04:00,6.840000152587891,7.170000076293945,6.510000228881836,7.0,218400,0.0,0.0
2022-10-05 00:00:00-04:00,6.929999828338623,7.159999847412109,6.670000076293945,7.079999923706055,166700,0.0,0.0
2022-10-06 00:00:00-04:00,7.010000228881836,7.135000228881836,6.940000057220459,6.989999771118164,41600,0.0,0.0
2022-10-07 00:00:00-04:00,6.840000152587891,6.900000095367432,6.510000228881836,6.619999885559082,86600,0.0,0.0
2022-10-10 00:00:00-04:00,6.519999980926514,6.6529998779296875,6.429999828338623,6.489999771118164,37100,0.0,0.0
2022-10-11 00:00:00-04:00,6.559999942779541,6.559999942779541,6.21999979019165,6.320000171661377,46400,0.0,0.0
2022-10-12 00:00:00-04:00,6.409999847412109,6.420000076293945,6.03000020980835,6.210000038146973,35100,0.0,0.0
2022-10-13 00:00:00-04:00,6.050000190734863,6.449999809265137,5.829999923706055,6.369999885559082,116400,0.0,0.0
2022-10-14 00:00:00-04:00,6.570000171661377,6.639999866485596,6.079999923706055,6.179999828338623,100500,0.0,0.0
2022-10-17 00:00:00-04:00,6.320000171661377,6.559999942779541,6.079999923706055,6.320000171661377,51800,0.0,0.0
2022-10-18 00:00:00-04:00,6.570000171661377,6.980000019073486,6.269999980926514,6.440000057220459,159400,0.0,0.0
2022-10-19 00:00:00-04:00,6.389999866485596,6.579999923706055,5.889999866485596,6.179999828338623,115200,0.0,0.0
2022-10-20 00:00:00-04:00,6.190000057220459,6.429999828338623,6.050000190734863,6.070000171661377,45900,0.0,0.0
2022-10-21 00:00:00-04:00,6.130000114440918,6.269999980926514,5.889999866485596,6.170000076293945,78700,0.0,0.0
2022-10-24 00:00:00-04:00,6.260000228881836,6.329999923706055,5.820000171661377,6.090000152587891,183100,0.0,0.0
2022-10-25 00:00:00-04:00,6.110000133514404,6.329999923706055,6.039999961853027,6.329999923706055,252800,0.0,0.0
2022-10-26 00:00:00-04:00,6.349999904632568,6.5960001945495605,6.295000076293945,6.440000057220459,99500,0.0,0.0
2022-10-27 00:00:00-04:00,6.489999771118164,6.940000057220459,6.289999961853027,6.849999904632568,162900,0.0,0.0
2022-10-28 00:00:00-04:00,6.860000133514404,6.920000076293945,6.519999980926514,6.840000152587891,220600,0.0,0.0
2022-10-31 00:00:00-04:00,6.78000020980835,6.809999942779541,6.679999828338623,6.78000020980835,93600,0.0,0.0
2022-11-01 00:00:00-04:00,6.860000133514404,7.014999866485596,6.820000171661377,6.900000095367432,126400,0.0,0.0
2022-11-02 00:00:00-04:00,6.909999847412109,6.909999847412109,6.110000133514404,6.130000114440918,272400,0.0,0.0
2022-11-03 00:00:00-04:00,6.090000152587891,6.210000038146973,5.769999980926514,5.800000190734863,167600,0.0,0.0
2022-11-04 00:00:00-04:00,5.900000095367432,6.059999942779541,5.260000228881836,5.349999904632568,339900,0.0,0.0
2022-11-07 00:00:00-05:00,5.380000114440918,5.409999847412109,4.880000114440918,5.179999828338623,493300,0.0,0.0
2022-11-08 00:00:00-05:00,5.119999885559082,5.119999885559082,4.420000076293945,4.809999942779541,424200,0.0,0.0
2022-11-09 00:00:00-05:00,5.0,5.0,4.449999809265137,4.550000190734863,422200,0.0,0.0
2022-11-10 00:00:00-05:00,4.730000019073486,5.0,4.360000133514404,4.730000019073486,802100,0.0,0.0
2022-11-11 00:00:00-05:00,3.2300000190734863,3.6700000762939453,3.2300000190734863,3.2799999713897705,1682000,0.0,0.0
2022-11-14 00:00:00-05:00,3.1600000858306885,3.2100000381469727,2.690000057220459,2.700000047683716,1830800,0.0,0.0
2022-11-15 00:00:00-05:00,2.759999990463257,3.200000047683716,2.759999990463257,3.0899999141693115,977500,0.0,0.0
2022-11-16 00:00:00-05:00,3.5,3.9800000190734863,3.390000104904175,3.5199999809265137,2478700,0.0,0.0
2022-11-17 00:00:00-05:00,3.4600000381469727,3.490000009536743,3.180000066757202,3.299999952316284,478600,0.0,0.0
2022-11-18 00:00:00-05:00,3.5,3.7899999618530273,3.305999994277954,3.4100000858306885,461000,0.0,0.0
2022-11-21 00:00:00-05:00,3.359999895095825,3.390000104904175,3.130000114440918,3.140000104904175,273000,0.0,0.0
2022-11-22 00:00:00-05:00,3.1700000762939453,3.180000066757202,3.0269999504089355,3.0999999046325684,265200,0.0,0.0
2022-11-23 00:00:00-05:00,3.0999999046325684,3.5399999618530273,3.049999952316284,3.384999990463257,261600,0.0,0.0
2022-11-25 00:00:00-05:00,3.3499999046325684,3.380000114440918,3.253000020980835,3.3399999141693115,52800,0.0,0.0
2022-11-28 00:00:00-05:00,3.309999942779541,3.450000047683716,3.2100000381469727,3.259999990463257,165400,0.0,0.0
2022-11-29 00:00:00-05:00,3.3399999141693115,3.4100000858306885,3.190000057220459,3.390000104904175,164400,0.0,0.0
2022-11-30 00:00:00-05:00,3.4600000381469727,3.6449999809265137,3.375999927520752,3.5799999237060547,231200,0.0,0.0
2022-12-01 00:00:00-05:00,3.5899999141693115,3.7100000381469727,3.5399999618530273,3.619999885559082,98900,0.0,0.0
2022-12-02 00:00:00-05:00,3.549999952316284,3.7200000286102295,3.3259999752044678,3.6700000762939453,132900,0.0,0.0
2022-12-05 00:00:00-05:00,3.5899999141693115,3.7200000286102295,3.450000047683716,3.5199999809265137,217400,0.0,0.0
2022-12-06 00:00:00-05:00,3.5,3.5,3.194999933242798,3.2799999713897705,234400,0.0,0.0
2022-12-07 00:00:00-05:00,3.4000000953674316,3.490000009536743,3.177999973297119,3.2200000286102295,128600,0.0,0.0
2022-12-08 00:00:00-05:00,3.2300000190734863,3.325000047683716,3.1649999618530273,3.240000009536743,130700,0.0,0.0
2022-12-09 00:00:00-05:00,3.200000047683716,3.365000009536743,3.1700000762939453,3.2200000286102295,132300,0.0,0.0
2022-12-12 00:00:00-05:00,3.2100000381469727,3.2699999809265137,3.0899999141693115,3.1500000953674316,179500,0.0,0.0
2022-12-13 00:00:00-05:00,3.259999990463257,3.4000000953674316,3.1600000858306885,3.259999990463257,193700,0.0,0.0
2022-12-14 00:00:00-05:00,3.25,3.430000066757202,3.2200000286102295,3.2799999713897705,364100,0.0,0.0
2022-12-15 00:00:00-05:00,3.200000047683716,3.319999933242798,3.130000114440918,3.1500000953674316,326900,0.0,0.0
2022-12-16 00:00:00-05:00,3.140000104904175,3.2269999980926514,2.9600000381469727,3.1500000953674316,332600,0.0,0.0
2022-12-19 00:00:00-05:00,3.2100000381469727,3.2100000381469727,3.0199999809265137,3.0799999237060547,204900,0.0,0.0
2022-12-20 00:00:00-05:00,3.0799999237060547,3.2899999618530273,3.075000047683716,3.2100000381469727,165400,0.0,0.0
2022-12-21 00:00:00-05:00,3.299999952316284,3.5299999713897705,3.2899999618530273,3.380000114440918,331600,0.0,0.0
2022-12-22 00:00:00-05:00,3.3299999237060547,3.359999895095825,3.200000047683716,3.3399999141693115,111400,0.0,0.0
2022-12-23 00:00:00-05:00,3.319999933242798,3.390000104904175,3.2200000286102295,3.319999933242798,141200,0.0,0.0
2022-12-27 00:00:00-05:00,3.450000047683716,3.4600000381469727,3.234999895095825,3.3299999237060547,230200,0.0,0.0
2022-12-28 00:00:00-05:00,3.4000000953674316,3.6419999599456787,3.390000104904175,3.4000000953674316,236600,0.0,0.0
2022-12-29 00:00:00-05:00,3.450000047683716,3.6500000953674316,3.450000047683716,3.619999885559082,154800,0.0,0.0
2022-12-30 00:00:00-05:00,3.569999933242798,3.7200000286102295,3.509999990463257,3.700000047683716,195000,0.0,0.0
2023-01-03 00:00:00-05:00,3.75,3.809999942779541,3.5999999046325684,3.7100000381469727,201700,0.0,0.0
2023-01-04 00:00:00-05:00,3.75,3.875,3.7100000381469727,3.819999933242798,144200,0.0,0.0
2023-01-05 00:00:00-05:00,3.7899999618530273,3.9059998989105225,3.7100000381469727,3.75,244200,0.0,0.0
2023-01-06 00:00:00-05:00,3.75,4.21999979019165,3.75,4.119999885559082,616700,0.0,0.0
2023-01-09 00:00:00-05:00,4.170000076293945,4.769999980926514,4.059999942779541,4.519999980926514,664200,0.0,0.0
2023-01-10 00:00:00-05:00,4.480000019073486,4.764999866485596,4.480000019073486,4.71999979019165,301800,0.0,0.0
2023-01-11 00:00:00-05:00,4.730000019073486,4.849999904632568,4.619999885559082,4.829999923706055,262700,0.0,0.0
2023-01-12 00:00:00-05:00,4.789999961853027,5.130000114440918,4.664999961853027,5.090000152587891,205700,0.0,0.0
2023-01-13 00:00:00-05:00,4.960000038146973,5.199999809265137,4.934000015258789,4.980000019073486,130800,0.0,0.0
2023-01-17 00:00:00-05:00,4.96999979019165,5.050000190734863,4.579999923706055,4.679999828338623,489300,0.0,0.0
2023-01-18 00:00:00-05:00,4.670000076293945,4.894999980926514,4.409999847412109,4.590000152587891,421900,0.0,0.0
2023-01-19 00:00:00-05:00,4.539999961853027,5.090000152587891,4.5,4.920000076293945,385600,0.0,0.0
2023-01-20 00:00:00-05:00,5.010000228881836,5.275000095367432,4.929999828338623,5.019999980926514,296800,0.0,0.0
2023-01-23 00:00:00-05:00,4.960000038146973,5.349999904632568,4.960000038146973,5.309999942779541,243100,0.0,0.0
2023-01-24 00:00:00-05:00,5.239999771118164,5.739999771118164,5.239999771118164,5.550000190734863,337100,0.0,0.0
2023-01-25 00:00:00-05:00,5.449999809265137,5.659999847412109,5.264999866485596,5.579999923706055,190500,0.0,0.0
2023-01-26 00:00:00-05:00,5.639999866485596,5.75,5.320000171661377,5.510000228881836,121900,0.0,0.0
2023-01-27 00:00:00-05:00,5.449999809265137,5.690000057220459,5.440000057220459,5.619999885559082,192100,0.0,0.0
2023-01-30 00:00:00-05:00,5.550000190734863,5.800000190734863,5.440000057220459,5.449999809265137,161600,0.0,0.0
2023-01-31 00:00:00-05:00,5.46999979019165,5.909999847412109,5.46999979019165,5.820000171661377,162400,0.0,0.0
2023-02-01 00:00:00-05:00,5.75,6.255000114440918,5.75,6.25,245700,0.0,0.0
2023-02-02 00:00:00-05:00,6.289999961853027,6.730000019073486,6.289999961853027,6.699999809265137,555000,0.0,0.0
2023-02-03 00:00:00-05:00,6.610000133514404,7.15500020980835,6.570000171661377,7.03000020980835,353000,0.0,0.0
2023-02-06 00:00:00-05:00,6.989999771118164,7.900000095367432,6.918000221252441,7.659999847412109,827100,0.0,0.0
2023-02-07 00:00:00-05:00,7.679999828338623,7.940000057220459,7.53000020980835,7.800000190734863,556500,0.0,0.0
2023-02-08 00:00:00-05:00,7.71999979019165,7.75,6.885000228881836,7.03000020980835,466600,0.0,0.0
2023-02-09 00:00:00-05:00,7.090000152587891,7.360000133514404,6.960000038146973,7.039999961853027,270700,0.0,0.0
2023-02-10 00:00:00-05:00,6.96999979019165,7.239999771118164,6.610000133514404,6.690000057220459,280500,0.0,0.0
2023-02-13 00:00:00-05:00,6.690000057220459,7.039999961853027,6.559999942779541,6.75,505400,0.0,0.0
2023-02-14 00:00:00-05:00,6.690000057220459,7.170000076293945,6.650000095367432,7.019999980926514,248700,0.0,0.0
2023-02-15 00:00:00-05:00,7.0,7.119999885559082,6.880000114440918,7.050000190734863,233100,0.0,0.0
2023-02-16 00:00:00-05:00,6.980000019073486,7.260000228881836,6.889999866485596,7.070000171661377,285900,0.0,0.0
2023-02-17 00:00:00-05:00,7.070000171661377,7.429999828338623,7.0,7.110000133514404,387200,0.0,0.0
2023-02-21 00:00:00-05:00,7.010000228881836,7.139999866485596,5.800000190734863,6.050000190734863,520200,0.0,0.0
2023-02-22 00:00:00-05:00,6.099999904632568,6.150000095367432,5.644999980926514,6.0,385500,0.0,0.0
2023-02-23 00:00:00-05:00,6.079999923706055,6.489999771118164,5.960000038146973,6.429999828338623,285700,0.0,0.0
2023-02-24 00:00:00-05:00,6.260000228881836,6.449999809265137,6.119999885559082,6.340000152587891,242000,0.0,0.0
2023-02-27 00:00:00-05:00,6.380000114440918,6.619999885559082,5.7779998779296875,6.510000228881836,200600,0.0,0.0
2023-02-28 00:00:00-05:00,5.5,6.639999866485596,5.429999828338623,6.550000190734863,508200,0.0,0.0
2023-03-01 00:00:00-05:00,6.510000228881836,6.590000152587891,5.5,5.739999771118164,449100,0.0,0.0
2023-03-02 00:00:00-05:00,5.710000038146973,5.710000038146973,5.369999885559082,5.380000114440918,270100,0.0,0.0
2023-03-03 00:00:00-05:00,5.409999847412109,5.5,5.21999979019165,5.389999866485596,346900,0.0,0.0
2023-03-06 00:00:00-05:00,5.409999847412109,5.900000095367432,5.230000019073486,5.739999771118164,346500,0.0,0.0
2023-03-07 00:00:00-05:00,5.739999771118164,6.070000171661377,5.611000061035156,6.019999980926514,263000,0.0,0.0
2023-03-08 00:00:00-05:00,6.130000114440918,6.130000114440918,5.809999942779541,5.889999866485596,242100,0.0,0.0
2023-03-09 00:00:00-05:00,5.820000171661377,6.110000133514404,5.599999904632568,5.639999866485596,342600,0.0,0.0
2023-03-10 00:00:00-05:00,4.75,5.110000133514404,4.340000152587891,4.400000095367432,1847300,0.0,0.0
2023-03-13 00:00:00-04:00,4.320000171661377,5.059999942779541,4.289999961853027,4.590000152587891,438600,0.0,0.0
2023-03-14 00:00:00-04:00,4.829999923706055,4.889999866485596,4.400000095367432,4.820000171661377,311700,0.0,0.0
2023-03-15 00:00:00-04:00,4.800000190734863,5.0,4.5920000076293945,4.960000038146973,236300,0.0,0.0
2023-03-16 00:00:00-04:00,4.889999866485596,4.989999771118164,4.586999893188477,4.820000171661377,220800,0.0,0.0
2023-03-17 00:00:00-04:00,4.789999961853027,4.949999809265137,4.639999866485596,4.730000019073486,177400,0.0,0.0
2023-03-20 00:00:00-04:00,4.840000152587891,4.840000152587891,4.559999942779541,4.579999923706055,128400,0.0,0.0
2023-03-21 00:00:00-04:00,4.639999866485596,5.090000152587891,4.639999866485596,4.920000076293945,153800,0.0,0.0
2023-03-22 00:00:00-04:00,4.909999847412109,5.025000095367432,4.639999866485596,4.800000190734863,103400,0.0,0.0
2023-03-23 00:00:00-04:00,4.929999828338623,5.039999961853027,4.704999923706055,4.710000038146973,109300,0.0,0.0
2023-03-24 00:00:00-04:00,4.659999847412109,4.78000020980835,4.519999980926514,4.559999942779541,156100,0.0,0.0
2023-03-27 00:00:00-04:00,4.630000114440918,4.739999771118164,4.5,4.730000019073486,130800,0.0,0.0
2023-03-28 00:00:00-04:00,4.710000038146973,4.875,4.699999809265137,4.769999980926514,92400,0.0,0.0
2023-03-29 00:00:00-04:00,4.849999904632568,4.96999979019165,4.760000228881836,4.960000038146973,96600,0.0,0.0
2023-03-30 00:00:00-04:00,5.099999904632568,5.099999904632568,4.909999847412109,4.96999979019165,83500,0.0,0.0
2023-03-31 00:00:00-04:00,5.0,5.059999942779541,4.730000019073486,5.039999961853027,189400,0.0,0.0
2023-04-03 00:00:00-04:00,5.070000171661377,5.289999961853027,4.960000038146973,5.170000076293945,307700,0.0,0.0
2023-04-04 00:00:00-04:00,5.190000057220459,5.239999771118164,4.809999942779541,4.820000171661377,220700,0.0,0.0
2023-04-05 00:00:00-04:00,4.800000190734863,4.859000205993652,4.599999904632568,4.760000228881836,179600,0.0,0.0
2023-04-06 00:00:00-04:00,4.760000228881836,4.840000152587891,4.5,4.639999866485596,190200,0.0,0.0
2023-04-10 00:00:00-04:00,4.539999961853027,4.840000152587891,4.429999828338623,4.840000152587891,137800,0.0,0.0
2023-04-11 00:00:00-04:00,4.869999885559082,5.230000019073486,4.869999885559082,5.210000038146973,162700,0.0,0.0
2023-04-12 00:00:00-04:00,5.28000020980835,5.309999942779541,4.96999979019165,5.110000133514404,157300,0.0,0.0
2023-04-13 00:00:00-04:00,5.150000095367432,5.460000038146973,5.050000190734863,5.320000171661377,183300,0.0,0.0
2023-04-14 00:00:00-04:00,5.329999923706055,5.400000095367432,4.980000019073486,5.25,210700,0.0,0.0
2023-04-17 00:00:00-04:00,5.199999809265137,5.239999771118164,5.010000228881836,5.039999961853027,88900,0.0,0.0
2023-04-18 00:00:00-04:00,5.039999961853027,5.090000152587891,4.559999942779541,4.690000057220459,368900,0.0,0.0
2023-04-19 00:00:00-04:00,4.619999885559082,4.960000038146973,4.619999885559082,4.940000057220459,294200,0.0,0.0
2023-04-20 00:00:00-04:00,4.860000133514404,5.0,4.820000171661377,4.880000114440918,52000,0.0,0.0
2023-04-21 00:00:00-04:00,4.880000114440918,5.025000095367432,4.800000190734863,5.0,139300,0.0,0.0
2023-04-24 00:00:00-04:00,4.989999771118164,5.0,4.775000095367432,4.900000095367432,77300,0.0,0.0
2023-04-25 00:00:00-04:00,4.820000171661377,5.0,4.71999979019165,4.769999980926514,134100,0.0,0.0
2023-04-26 00:00:00-04:00,4.760000228881836,4.78000020980835,4.489999771118164,4.710000038146973,214700,0.0,0.0
2023-04-27 00:00:00-04:00,4.739999771118164,4.849999904632568,4.690000057220459,4.78000020980835,40600,0.0,0.0
2023-04-28 00:00:00-04:00,4.75,4.909999847412109,4.75,4.900000095367432,94700,0.0,0.0
2023-05-01 00:00:00-04:00,4.889999866485596,4.974999904632568,4.730000019073486,4.940000057220459,103300,0.0,0.0
2023-05-02 00:00:00-04:00,5.0,5.0,4.59499979019165,4.690000057220459,176000,0.0,0.0
2023-05-03 00:00:00-04:00,4.710000038146973,4.909999847412109,4.699999809265137,4.829999923706055,66700,0.0,0.0
2023-05-04 00:00:00-04:00,4.760000228881836,4.889999866485596,4.510000228881836,4.880000114440918,85100,0.0,0.0
2023-05-05 00:00:00-04:00,5.010000228881836,5.184999942779541,4.96999979019165,5.070000171661377,130500,0.0,0.0
2023-05-08 00:00:00-04:00,5.150000095367432,5.28000020980835,5.072000026702881,5.239999771118164,154900,0.0,0.0
2023-05-09 00:00:00-04:00,5.239999771118164,5.309999942779541,4.960000038146973,5.25,101500,0.0,0.0
2023-05-10 00:00:00-04:00,5.420000076293945,5.46999979019165,4.949999809265137,5.039999961853027,161900,0.0,0.0
2023-05-11 00:00:00-04:00,5.039999961853027,5.25,4.840000152587891,4.889999866485596,181600,0.0,0.0
2023-05-12 00:00:00-04:00,6.070000171661377,7.0,5.489999771118164,6.71999979019165,1623000,0.0,0.0
2023-05-15 00:00:00-04:00,6.699999809265137,7.0,6.579999923706055,6.869999885559082,519800,0.0,0.0
2023-05-16 00:00:00-04:00,6.980000019073486,6.989999771118164,6.46999979019165,6.840000152587891,454000,0.0,0.0
2023-05-17 00:00:00-04:00,6.929999828338623,7.480000019073486,6.7729997634887695,7.289999961853027,546200,0.0,0.0
2023-05-18 00:00:00-04:00,7.360000133514404,8.270000457763672,7.03000020980835,8.020000457763672,699600,0.0,0.0
2023-05-19 00:00:00-04:00,8.1899995803833,8.345999717712402,7.690000057220459,7.809999942779541,280600,0.0,0.0
2023-05-22 00:00:00-04:00,7.949999809265137,8.220000267028809,7.78000020980835,8.0,136700,0.0,0.0
2023-05-23 00:00:00-04:00,7.5,8.0600004196167,7.269999980926514,7.789999961853027,159200,0.0,0.0
2023-05-24 00:00:00-04:00,7.920000076293945,7.949999809265137,7.5920000076293945,7.710000038146973,121500,0.0,0.0
2023-05-25 00:00:00-04:00,7.699999809265137,7.800000190734863,7.179999828338623,7.460000038146973,194000,0.0,0.0
2023-05-26 00:00:00-04:00,7.53000020980835,7.670000076293945,7.389999866485596,7.53000020980835,83800,0.0,0.0
2023-05-30 00:00:00-04:00,7.579999923706055,8.335000038146973,7.429999828338623,8.199999809265137,334500,0.0,0.0
2023-05-31 00:00:00-04:00,8.420000076293945,8.539999961853027,8.005000114440918,8.4399995803833,260500,0.0,0.0
2023-06-01 00:00:00-04:00,8.649999618530273,8.699999809265137,8.14799976348877,8.239999771118164,277600,0.0,0.0
2023-06-02 00:00:00-04:00,8.319999694824219,8.319999694824219,7.940000057220459,8.199999809265137,143100,0.0,0.0
2023-06-05 00:00:00-04:00,8.09000015258789,8.164999961853027,7.619999885559082,7.889999866485596,101600,0.0,0.0
2023-06-06 00:00:00-04:00,7.869999885559082,8.149999618530273,7.558000087738037,7.889999866485596,134100,0.0,0.0
2023-06-07 00:00:00-04:00,7.940000057220459,8.180000305175781,7.800000190734863,7.909999847412109,268500,0.0,0.0
2023-06-08 00:00:00-04:00,7.809999942779541,8.050000190734863,7.559999942779541,7.96999979019165,81500,0.0,0.0
2023-06-09 00:00:00-04:00,7.949999809265137,8.055000305175781,7.869999885559082,8.010000228881836,131300,0.0,0.0
2023-06-12 00:00:00-04:00,8.050000190734863,8.050000190734863,7.75,7.989999771118164,123200,0.0,0.0
2023-06-13 00:00:00-04:00,8.0,8.550000190734863,7.869999885559082,7.920000076293945,434400,0.0,0.0
2023-06-14 00:00:00-04:00,7.920000076293945,8.109999656677246,7.610000133514404,7.71999979019165,145300,0.0,0.0
2023-06-15 00:00:00-04:00,7.730000019073486,8.045000076293945,7.642000198364258,7.889999866485596,82800,0.0,0.0
2023-06-16 00:00:00-04:00,8.020000457763672,8.369000434875488,7.820000171661377,7.860000133514404,146500,0.0,0.0
2023-06-20 00:00:00-04:00,7.840000152587891,7.960000038146973,7.510000228881836,7.690000057220459,176900,0.0,0.0
2023-06-21 00:00:00-04:00,7.630000114440918,7.699999809265137,7.389999866485596,7.429999828338623,91700,0.0,0.0
2023-06-22 00:00:00-04:00,7.400000095367432,8.039999961853027,7.21999979019165,7.679999828338623,100300,0.0,0.0
2023-06-23 00:00:00-04:00,7.489999771118164,8.079999923706055,7.449999809265137,7.800000190734863,207900,0.0,0.0
2023-06-26 00:00:00-04:00,7.889999866485596,8.350000381469727,7.71999979019165,8.1899995803833,233900,0.0,0.0
2023-06-27 00:00:00-04:00,8.199999809265137,8.366000175476074,7.914999961853027,8.15999984741211,140300,0.0,0.0
2023-06-28 00:00:00-04:00,8.4399995803833,9.09000015258789,8.295000076293945,8.5600004196167,164500,0.0,0.0
2023-06-29 00:00:00-04:00,8.239999771118164,8.765000343322754,8.199999809265137,8.430000305175781,151000,0.0,0.0
2023-06-30 00:00:00-04:00,8.520000457763672,8.829999923706055,8.4399995803833,8.619999885559082,481600,0.0,0.0
2023-07-03 00:00:00-04:00,8.710000038146973,8.880000114440918,8.574999809265137,8.680000305175781,89500,0.0,0.0
2023-07-05 00:00:00-04:00,8.59000015258789,8.59000015258789,8.140000343322754,8.15999984741211,82800,0.0,0.0
2023-07-06 00:00:00-04:00,8.09000015258789,8.100000381469727,7.630000114440918,7.769999980926514,135500,0.0,0.0
2023-07-07 00:00:00-04:00,7.75,8.109999656677246,7.71999979019165,8.010000228881836,65800,0.0,0.0
2023-07-10 00:00:00-04:00,7.989999771118164,8.425000190734863,7.989999771118164,8.399999618530273,53200,0.0,0.0
2023-07-11 00:00:00-04:00,8.75,9.9350004196167,8.430000305175781,9.25,302500,0.0,0.0
2023-07-12 00:00:00-04:00,9.479999542236328,9.720000267028809,9.229999542236328,9.529999732971191,175900,0.0,0.0
2023-07-13 00:00:00-04:00,9.550000190734863,9.6899995803833,9.140000343322754,9.380000114440918,104200,0.0,0.0
2023-07-14 00:00:00-04:00,9.350000381469727,9.609999656677246,9.086999893188477,9.460000038146973,70200,0.0,0.0
2023-07-17 00:00:00-04:00,9.520000457763672,9.800000190734863,8.949999809265137,9.229999542236328,174500,0.0,0.0
2023-07-18 00:00:00-04:00,9.109999656677246,9.619999885559082,8.859999656677246,8.899999618530273,131700,0.0,0.0
2023-07-19 00:00:00-04:00,8.989999771118164,9.140000343322754,8.789999961853027,8.970000267028809,82800,0.0,0.0
2023-07-20 00:00:00-04:00,9.0,9.15999984741211,8.899999618530273,8.9399995803833,122800,0.0,0.0
2023-07-21 00:00:00-04:00,8.960000038146973,9.039999961853027,8.645000457763672,8.930000305175781,130700,0.0,0.0
2023-07-24 00:00:00-04:00,8.899999618530273,9.024999618530273,8.460000038146973,8.5,77500,0.0,0.0
2023-07-25 00:00:00-04:00,8.470000267028809,8.710000038146973,8.359999656677246,8.539999961853027,48100,0.0,0.0
2023-07-26 00:00:00-04:00,8.4399995803833,8.585000038146973,8.220000267028809,8.489999771118164,76500,0.0,0.0
2023-07-27 00:00:00-04:00,8.5600004196167,8.649999618530273,8.15999984741211,8.449999809265137,87500,0.0,0.0
2023-07-28 00:00:00-04:00,8.579999923706055,8.829999923706055,8.5600004196167,8.75,52400,0.0,0.0
