Date,Open,High,Low,Close,Volume,Dividends,Stock Splits
2021-10-18 00:00:00-04:00,3.5,3.5,3.5,3.5,100,0.0,0.0
2021-10-19 00:00:00-04:00,3.5,3.5,3.5,3.5,0,0.0,0.0
2021-10-20 00:00:00-04:00,3.5,3.5,3.5,3.5,100,0.0,0.0
2021-10-21 00:00:00-04:00,3.25,3.25,3.25,3.25,200,0.0,0.0
2021-10-22 00:00:00-04:00,3.25,3.25,3.25,3.25,0,0.0,0.0
2021-10-25 00:00:00-04:00,3.25,3.25,3.25,3.25,0,0.0,0.0
2021-10-26 00:00:00-04:00,3.25,3.25,3.25,3.25,0,0.0,0.0
2021-10-27 00:00:00-04:00,3.25,3.25,3.25,3.25,0,0.0,0.0
2021-10-28 00:00:00-04:00,3.25,3.25,3.25,3.25,0,0.0,0.0
2021-10-29 00:00:00-04:00,3.25,3.25,3.25,3.25,0,0.0,0.0
2021-11-01 00:00:00-04:00,3.25,3.25,3.25,3.25,0,0.0,0.0
2021-11-02 00:00:00-04:00,3.25,3.25,3.25,3.25,0,0.0,0.0
2021-11-03 00:00:00-04:00,3.25,3.25,3.25,3.25,0,0.0,0.0
2021-11-04 00:00:00-04:00,3.25,3.25,3.25,3.25,0,0.0,0.0
2021-11-05 00:00:00-04:00,3.25,3.25,3.25,3.25,0,0.0,0.0
2021-11-08 00:00:00-05:00,3.25,3.25,3.25,3.25,0,0.0,0.0
2021-11-09 00:00:00-05:00,3.25,3.25,3.25,3.25,0,0.0,0.0
2021-11-10 00:00:00-05:00,3.25,3.25,3.25,3.25,0,0.0,0.0
2021-11-11 00:00:00-05:00,3.25,3.25,3.25,3.25,0,0.0,0.0
2021-11-12 00:00:00-05:00,2.9800000190734863,2.9800000190734863,2.9800000190734863,2.9800000190734863,20000,0.0,0.0
2021-11-15 00:00:00-05:00,2.9100000858306885,2.9100000858306885,2.9100000858306885,2.9100000858306885,1500,0.0,0.0
2021-11-16 00:00:00-05:00,2.9100000858306885,2.9100000858306885,2.9100000858306885,2.9100000858306885,0,0.0,0.0
2021-11-17 00:00:00-05:00,2.9100000858306885,2.9100000858306885,2.9100000858306885,2.9100000858306885,0,0.0,0.0
2021-11-18 00:00:00-05:00,2.9100000858306885,2.9100000858306885,2.9100000858306885,2.9100000858306885,0,0.0,0.0
2021-11-19 00:00:00-05:00,2.9100000858306885,2.9100000858306885,2.9100000858306885,2.9100000858306885,0,0.0,0.0
2021-11-22 00:00:00-05:00,2.9100000858306885,2.9100000858306885,2.9100000858306885,2.9100000858306885,0,0.0,0.0
2021-11-23 00:00:00-05:00,2.9100000858306885,2.9100000858306885,2.9100000858306885,2.9100000858306885,0,0.0,0.0
2021-11-24 00:00:00-05:00,3.4100000858306885,3.4100000858306885,3.4100000858306885,3.4100000858306885,5000,0.0,0.0
2021-11-26 00:00:00-05:00,3.3550000190734863,3.3550000190734863,3.3550000190734863,3.3550000190734863,2000,0.0,0.0
2021-11-29 00:00:00-05:00,3.3550000190734863,3.3550000190734863,3.3550000190734863,3.3550000190734863,0,0.0,0.0
2021-11-30 00:00:00-05:00,3.369999885559082,3.369999885559082,3.3450000286102295,3.3550000190734863,3000,0.0,0.0
2021-12-01 00:00:00-05:00,3.259999990463257,3.359999895095825,3.259999990463257,3.2899999618530273,6900,0.0,0.0
2021-12-02 00:00:00-05:00,3.3299999237060547,3.5,3.3299999237060547,3.5,17675,0.0,0.0
2021-12-03 00:00:00-05:00,3.4600000381469727,3.4600000381469727,3.4600000381469727,3.4600000381469727,1500,0.0,0.0
2021-12-06 00:00:00-05:00,3.4600000381469727,3.4700000286102295,3.4600000381469727,3.4700000286102295,8500,0.0,0.0
2021-12-07 00:00:00-05:00,3.4700000286102295,3.4700000286102295,3.4700000286102295,3.4700000286102295,8000,0.0,0.0
2021-12-08 00:00:00-05:00,3.509999990463257,3.509999990463257,3.509999990463257,3.509999990463257,3180,0.0,0.0
2021-12-09 00:00:00-05:00,3.5,3.509999990463257,3.5,3.509999990463257,10400,0.0,0.0
2021-12-10 00:00:00-05:00,3.5199999809265137,3.5199999809265137,3.5199999809265137,3.5199999809265137,4700,0.0,0.0
2021-12-13 00:00:00-05:00,3.5799999237060547,3.5799999237060547,3.5799999237060547,3.5799999237060547,2800,0.0,0.0
2021-12-14 00:00:00-05:00,3.619999885559082,3.619999885559082,3.5799999237060547,3.6080000400543213,8435,0.0,0.0
2021-12-15 00:00:00-05:00,3.6080000400543213,3.6080000400543213,3.6080000400543213,3.6080000400543213,0,0.0,0.0
2021-12-16 00:00:00-05:00,3.6080000400543213,3.6080000400543213,3.6080000400543213,3.6080000400543213,0,0.0,0.0
2021-12-17 00:00:00-05:00,3.509999990463257,3.5999999046325684,3.5,3.5899999141693115,10200,0.0,0.0
2021-12-20 00:00:00-05:00,3.578000068664551,3.578000068664551,3.578000068664551,3.578000068664551,153,0.0,0.0
2021-12-21 00:00:00-05:00,3.569999933242798,3.569999933242798,3.569999933242798,3.569999933242798,3000,0.0,0.0
2021-12-22 00:00:00-05:00,3.5179998874664307,3.5179998874664307,3.5179998874664307,3.5179998874664307,6080,0.0,0.0
2021-12-23 00:00:00-05:00,3.5179998874664307,3.5179998874664307,3.5179998874664307,3.5179998874664307,0,0.0,0.0
2021-12-27 00:00:00-05:00,3.5179998874664307,3.5179998874664307,3.5179998874664307,3.5179998874664307,0,0.0,0.0
2021-12-28 00:00:00-05:00,3.5179998874664307,3.5179998874664307,3.5179998874664307,3.5179998874664307,0,0.0,0.0
2021-12-29 00:00:00-05:00,3.5179998874664307,3.5179998874664307,3.5179998874664307,3.5179998874664307,0,0.0,0.0
2021-12-30 00:00:00-05:00,3.619999885559082,3.700000047683716,3.619999885559082,3.700000047683716,4600,0.0,0.0
2021-12-31 00:00:00-05:00,3.700000047683716,3.700000047683716,3.700000047683716,3.700000047683716,0,0.0,0.0
2022-01-03 00:00:00-05:00,3.700000047683716,3.700000047683716,3.700000047683716,3.700000047683716,0,0.0,0.0
2022-01-04 00:00:00-05:00,3.700000047683716,3.700000047683716,3.700000047683716,3.700000047683716,0,0.0,0.0
2022-01-05 00:00:00-05:00,4.5,4.5,4.5,4.5,100,0.0,0.0
2022-01-06 00:00:00-05:00,4.53000020980835,4.53000020980835,4.510000228881836,4.51200008392334,8100,0.0,0.0
2022-01-07 00:00:00-05:00,4.510000228881836,4.510000228881836,4.510000228881836,4.510000228881836,2000,0.0,0.0
2022-01-10 00:00:00-05:00,4.75,5.0,4.75,5.0,5900,0.0,0.0
2022-01-11 00:00:00-05:00,5.0,5.0,5.0,5.0,0,0.0,0.0
2022-01-12 00:00:00-05:00,5.0,5.0,5.0,5.0,0,0.0,0.0
2022-01-13 00:00:00-05:00,5.5,5.5,5.311999797821045,5.311999797821045,3281,0.0,0.0
2022-01-14 00:00:00-05:00,5.311999797821045,5.311999797821045,5.311999797821045,5.311999797821045,0,0.0,0.0
2022-01-18 00:00:00-05:00,4.998000144958496,5.300000190734863,4.998000144958496,5.190000057220459,13600,0.0,0.0
2022-01-19 00:00:00-05:00,5.199999809265137,5.199999809265137,5.199999809265137,5.199999809265137,2010,0.0,0.0
2022-01-20 00:00:00-05:00,5.199999809265137,5.210000038146973,5.199999809265137,5.210000038146973,2606,0.0,0.0
2022-01-21 00:00:00-05:00,5.289999961853027,5.289999961853027,5.289999961853027,5.289999961853027,250,0.0,0.0
2022-01-24 00:00:00-05:00,5.289999961853027,5.289999961853027,5.289999961853027,5.289999961853027,0,0.0,0.0
2022-01-25 00:00:00-05:00,5.289999961853027,5.289999961853027,5.289999961853027,5.289999961853027,0,0.0,0.0
2022-01-26 00:00:00-05:00,5.01800012588501,5.01800012588501,5.01800012588501,5.01800012588501,500,0.0,0.0
2022-01-27 00:00:00-05:00,5.099999904632568,5.099999904632568,5.099999904632568,5.099999904632568,160,0.0,0.0
2022-01-28 00:00:00-05:00,5.099999904632568,5.099999904632568,5.099999904632568,5.099999904632568,0,0.0,0.0
2022-01-31 00:00:00-05:00,5.056000232696533,5.110000133514404,5.056000232696533,5.110000133514404,2000,0.0,0.0
2022-02-01 00:00:00-05:00,5.110000133514404,5.110000133514404,5.110000133514404,5.110000133514404,0,0.0,0.0
2022-02-02 00:00:00-05:00,5.007999897003174,5.038000106811523,5.0,5.0,975,0.0,0.0
2022-02-03 00:00:00-05:00,4.949999809265137,4.949999809265137,4.949999809265137,4.949999809265137,2100,0.0,0.0
2022-02-04 00:00:00-05:00,4.980000019073486,5.099999904632568,4.940000057220459,4.960000038146973,13800,0.0,0.0
2022-02-07 00:00:00-05:00,4.949999809265137,5.0,4.909999847412109,4.949999809265137,13600,0.0,0.0
2022-02-08 00:00:00-05:00,4.998000144958496,5.007999897003174,4.927999973297119,4.949999809265137,13900,0.0,0.0
2022-02-09 00:00:00-05:00,4.949999809265137,4.949999809265137,4.940000057220459,4.940000057220459,10760,0.0,0.0
2022-02-10 00:00:00-05:00,4.900000095367432,4.900000095367432,4.849999904632568,4.849999904632568,8500,0.0,0.0
2022-02-11 00:00:00-05:00,4.849999904632568,4.849999904632568,4.849999904632568,4.849999904632568,0,0.0,0.0
2022-02-14 00:00:00-05:00,4.940000057220459,4.940000057220459,4.938000202178955,4.938000202178955,300,0.0,0.0
2022-02-15 00:00:00-05:00,4.940000057220459,4.940000057220459,4.940000057220459,4.940000057220459,700,0.0,0.0
2022-02-16 00:00:00-05:00,4.940000057220459,4.940000057220459,4.940000057220459,4.940000057220459,0,0.0,0.0
2022-02-17 00:00:00-05:00,4.8979997634887695,4.9079999923706055,4.800000190734863,4.800000190734863,695,0.0,0.0
2022-02-18 00:00:00-05:00,4.8979997634887695,4.900000095367432,4.829999923706055,4.8460001945495605,24085,0.0,0.0
2022-02-22 00:00:00-05:00,4.699999809265137,4.699999809265137,4.699999809265137,4.699999809265137,2900,0.0,0.0
2022-02-23 00:00:00-05:00,4.800000190734863,4.800000190734863,4.800000190734863,4.800000190734863,140,0.0,0.0
2022-02-24 00:00:00-05:00,4.5,4.5,4.5,4.5,260,0.0,0.0
2022-02-25 00:00:00-05:00,4.5,4.5,4.429999828338623,4.429999828338623,2700,0.0,0.0
2022-02-28 00:00:00-05:00,4.5,4.5,4.5,4.5,200,0.0,0.0
2022-03-01 00:00:00-05:00,4.5,4.5,4.5,4.5,0,0.0,0.0
2022-03-02 00:00:00-05:00,4.369999885559082,4.900000095367432,4.349999904632568,4.800000190734863,20080,0.0,0.0
2022-03-03 00:00:00-05:00,4.800000190734863,4.900000095367432,4.800000190734863,4.800000190734863,25120,0.0,0.0
2022-03-04 00:00:00-05:00,4.699999809265137,4.730000019073486,4.599999904632568,4.730000019073486,14243,0.0,0.0
2022-03-07 00:00:00-05:00,4.699999809265137,4.961999893188477,4.699999809265137,4.949999809265137,19842,0.0,0.0
2022-03-08 00:00:00-05:00,5.099999904632568,5.25,5.099999904632568,5.239999771118164,12800,0.0,0.0
2022-03-09 00:00:00-05:00,5.25,5.25,5.25,5.25,335,0.0,0.0
2022-03-10 00:00:00-05:00,5.435999870300293,5.9079999923706055,5.326000213623047,5.860000133514404,25950,0.0,0.0
2022-03-11 00:00:00-05:00,5.710000038146973,6.0,5.650000095367432,5.995999813079834,11128,0.0,0.0
2022-03-14 00:00:00-04:00,5.900000095367432,5.989999771118164,5.690000057220459,5.989999771118164,12401,0.0,0.0
2022-03-15 00:00:00-04:00,5.789999961853027,5.789999961853027,5.789999961853027,5.789999961853027,2001,0.0,0.0
2022-03-16 00:00:00-04:00,5.989999771118164,5.989999771118164,5.989999771118164,5.989999771118164,3838,0.0,0.0
2022-03-17 00:00:00-04:00,5.860000133514404,5.860000133514404,5.860000133514404,5.860000133514404,6608,0.0,0.0
2022-03-18 00:00:00-04:00,5.875999927520752,5.875999927520752,5.869999885559082,5.869999885559082,1396,0.0,0.0
2022-03-21 00:00:00-04:00,5.900000095367432,5.900000095367432,5.900000095367432,5.900000095367432,10810,0.0,0.0
2022-03-22 00:00:00-04:00,6.21999979019165,6.21999979019165,6.0,6.0,16908,0.0,0.0
2022-03-23 00:00:00-04:00,5.900000095367432,6.0,5.900000095367432,5.941999912261963,14225,0.0,0.0
2022-03-24 00:00:00-04:00,6.0,6.0,5.934999942779541,5.949999809265137,14480,0.0,0.0
2022-03-25 00:00:00-04:00,6.010000228881836,6.329999923706055,6.010000228881836,6.329999923706055,32891,0.0,0.0
2022-03-28 00:00:00-04:00,6.199999809265137,6.25,6.199999809265137,6.239999771118164,7135,0.0,0.0
2022-03-29 00:00:00-04:00,6.199999809265137,6.400000095367432,6.199999809265137,6.25,3600,0.0,0.0
2022-03-30 00:00:00-04:00,6.159999847412109,6.5,6.159999847412109,6.251999855041504,13675,0.0,0.0
2022-03-31 00:00:00-04:00,6.5,6.5,6.380000114440918,6.400000095367432,3725,0.0,0.0
2022-04-01 00:00:00-04:00,6.449999809265137,6.449999809265137,6.369999885559082,6.400000095367432,9935,0.0,0.0
2022-04-04 00:00:00-04:00,6.380000114440918,6.409999847412109,6.269999980926514,6.309999942779541,7173,0.0,0.0
2022-04-05 00:00:00-04:00,6.309999942779541,6.389999866485596,6.309999942779541,6.389999866485596,17085,0.0,0.0
2022-04-06 00:00:00-04:00,6.25,6.28000020980835,6.199999809265137,6.199999809265137,4708,0.0,0.0
2022-04-07 00:00:00-04:00,6.199999809265137,6.239999771118164,6.130000114440918,6.199999809265137,7759,0.0,0.0
2022-04-08 00:00:00-04:00,6.25,6.25,6.099999904632568,6.150000095367432,6064,0.0,0.0
2022-04-11 00:00:00-04:00,6.196000099182129,6.196000099182129,5.940000057220459,5.940000057220459,9021,0.0,0.0
2022-04-12 00:00:00-04:00,5.949999809265137,6.0,5.949999809265137,5.949999809265137,3565,0.0,0.0
2022-04-13 00:00:00-04:00,5.949999809265137,5.949999809265137,5.866000175476074,5.900000095367432,9500,0.0,0.0
2022-04-14 00:00:00-04:00,6.0,6.0,5.949999809265137,6.0,2500,0.0,0.0
2022-04-18 00:00:00-04:00,6.25,6.25,5.989999771118164,6.03000020980835,18238,0.0,0.0
2022-04-19 00:00:00-04:00,6.0,6.0,5.949999809265137,5.949999809265137,2800,0.0,0.0
2022-04-20 00:00:00-04:00,5.800000190734863,5.900000095367432,5.75,5.820000171661377,11486,0.0,0.0
2022-04-21 00:00:00-04:00,5.699999809265137,5.800000190734863,5.610000133514404,5.610000133514404,19355,0.0,0.0
2022-04-22 00:00:00-04:00,5.550000190734863,5.699999809265137,5.550000190734863,5.559999942779541,24503,0.0,0.0
2022-04-25 00:00:00-04:00,5.5,5.525000095367432,5.420000076293945,5.5,11650,0.0,0.0
2022-04-26 00:00:00-04:00,5.400000095367432,5.400000095367432,5.25,5.25,2160,0.0,0.0
2022-04-27 00:00:00-04:00,5.150000095367432,5.349999904632568,5.150000095367432,5.300000190734863,11300,0.0,0.0
2022-04-28 00:00:00-04:00,5.367000102996826,5.386000156402588,5.150000095367432,5.190000057220459,7475,0.0,0.0
2022-04-29 00:00:00-04:00,5.239999771118164,5.25,5.150000095367432,5.25,4805,0.0,0.0
2022-05-02 00:00:00-04:00,5.0,5.5,5.0,5.300000190734863,27925,0.0,0.0
2022-05-03 00:00:00-04:00,5.400000095367432,5.480000019073486,5.400000095367432,5.449999809265137,9618,0.0,0.0
2022-05-04 00:00:00-04:00,5.460000038146973,5.599999904632568,5.460000038146973,5.599999904632568,9220,0.0,0.0
2022-05-05 00:00:00-04:00,5.599999904632568,5.650000095367432,5.5960001945495605,5.599999904632568,9550,0.0,0.0
2022-05-06 00:00:00-04:00,5.553999900817871,5.553999900817871,5.550000190734863,5.550000190734863,843,0.0,0.0
2022-05-09 00:00:00-04:00,5.389999866485596,5.389999866485596,5.190000057220459,5.190000057220459,1824,0.0,0.0
2022-05-10 00:00:00-04:00,5.099999904632568,5.139999866485596,5.039999961853027,5.050000190734863,8700,0.0,0.0
2022-05-11 00:00:00-04:00,5.150000095367432,5.165999889373779,5.150000095367432,5.165999889373779,375,0.0,0.0
2022-05-12 00:00:00-04:00,5.175000190734863,5.190000057220459,5.150000095367432,5.150000095367432,2200,0.0,0.0
2022-05-13 00:00:00-04:00,5.199999809265137,5.210000038146973,5.199999809265137,5.210000038146973,2800,0.0,0.0
2022-05-16 00:00:00-04:00,5.210000038146973,5.210000038146973,5.122000217437744,5.161499977111816,8488,0.0,0.0
2022-05-17 00:00:00-04:00,5.199999809265137,5.25,5.199999809265137,5.199999809265137,3750,0.0,0.0
2022-05-18 00:00:00-04:00,5.050000190734863,5.050000190734863,5.0,5.0,2800,0.0,0.0
2022-05-19 00:00:00-04:00,5.0,5.050000190734863,5.0,5.050000190734863,404,0.0,0.0
2022-05-20 00:00:00-04:00,5.059999942779541,5.085999965667725,5.059999942779541,5.085999965667725,600,0.0,0.0
2022-05-23 00:00:00-04:00,5.5,6.679999828338623,5.25,6.679999828338623,1197,0.0,0.0
2022-05-24 00:00:00-04:00,5.159999847412109,6.449999809265137,5.119999885559082,5.150000095367432,13861,0.0,0.0
2022-05-25 00:00:00-04:00,5.099999904632568,5.159999847412109,5.099999904632568,5.150000095367432,8539,0.0,0.0
2022-05-26 00:00:00-04:00,5.465000152587891,5.465000152587891,5.243989944458008,5.300000190734863,1600,0.0,0.0
2022-05-27 00:00:00-04:00,5.324999809265137,5.699999809265137,5.324999809265137,5.400000095367432,35830,0.0,0.0
2022-05-31 00:00:00-04:00,5.550000190734863,5.787499904632568,5.550000190734863,5.787499904632568,22489,0.0,0.0
2022-06-01 00:00:00-04:00,5.949999809265137,6.521999835968018,5.949999809265137,6.521999835968018,6400,0.0,0.0
2022-06-02 00:00:00-04:00,6.449999809265137,6.699999809265137,6.449999809265137,6.679999828338623,12400,0.0,0.0
2022-06-03 00:00:00-04:00,6.809999942779541,7.25,5.849999904632568,6.5,17085,0.0,0.0
2022-06-06 00:00:00-04:00,6.5,6.5,6.300000190734863,6.449999809265137,7360,0.0,0.0
2022-06-07 00:00:00-04:00,6.380000114440918,7.050000190734863,6.380000114440918,7.050000190734863,8178,0.0,0.0
2022-06-08 00:00:00-04:00,7.059999942779541,7.25,6.925000190734863,6.925000190734863,9411,0.0,0.0
2022-06-09 00:00:00-04:00,6.75,6.75,6.696000099182129,6.699999809265137,12401,0.0,0.0
2022-06-10 00:00:00-04:00,6.849999904632568,6.849999904632568,6.199999809265137,6.21999979019165,19920,0.0,0.0
2022-06-13 00:00:00-04:00,6.199999809265137,6.5,6.099999904632568,6.300000190734863,6099,0.0,0.0
2022-06-14 00:00:00-04:00,6.300000190734863,6.300000190734863,6.300000190734863,6.300000190734863,0,0.0,0.0
2022-06-15 00:00:00-04:00,6.355999946594238,6.449999809265137,6.300000190734863,6.449999809265137,4341,0.0,0.0
2022-06-16 00:00:00-04:00,6.400000095367432,6.400000095367432,6.400000095367432,6.400000095367432,5108,0.0,0.0
2022-06-17 00:00:00-04:00,6.449999809265137,6.449999809265137,6.099999904632568,6.099999904632568,2537,0.0,0.0
2022-06-21 00:00:00-04:00,6.300000190734863,6.489999771118164,6.300000190734863,6.489999771118164,2527,0.0,0.0
2022-06-22 00:00:00-04:00,6.25,6.5,6.25,6.389999866485596,19700,0.0,0.0
2022-06-23 00:00:00-04:00,6.449999809265137,6.449999809265137,6.25,6.25,5001,0.0,0.0
2022-06-24 00:00:00-04:00,6.349999904632568,6.349999904632568,6.25,6.25,2302,0.0,0.0
2022-06-27 00:00:00-04:00,6.349999904632568,6.349999904632568,6.25,6.349999904632568,9001,0.0,0.0
2022-06-28 00:00:00-04:00,6.300000190734863,6.349999904632568,6.25,6.349999904632568,7826,0.0,0.0
2022-06-29 00:00:00-04:00,6.349999904632568,6.349999904632568,6.349999904632568,6.349999904632568,0,0.0,0.0
2022-06-30 00:00:00-04:00,6.239999771118164,6.5,6.239999771118164,6.5,4794,0.0,0.0
2022-07-01 00:00:00-04:00,6.699999809265137,6.699999809265137,6.550000190734863,6.550000190734863,1529,0.0,0.0
2022-07-05 00:00:00-04:00,6.300000190734863,6.347990036010742,6.21999979019165,6.21999979019165,16644,0.0,0.0
2022-07-06 00:00:00-04:00,5.940000057220459,5.989999771118164,5.849999904632568,5.900000095367432,8302,0.0,0.0
2022-07-07 00:00:00-04:00,5.849999904632568,5.871990203857422,5.21999979019165,5.400000095367432,29278,0.0,0.0
2022-07-08 00:00:00-04:00,5.599999904632568,5.610000133514404,5.0,5.610000133514404,7911,0.0,0.0
2022-07-11 00:00:00-04:00,5.248000144958496,5.5,5.248000144958496,5.5,2509,0.0,0.0
2022-07-12 00:00:00-04:00,5.400000095367432,5.5,5.400000095367432,5.5,4102,0.0,0.0
2022-07-13 00:00:00-04:00,5.417500019073486,5.5879998207092285,5.417500019073486,5.5879998207092285,2952,0.0,0.0
2022-07-14 00:00:00-04:00,5.5,5.579999923706055,5.5,5.579999923706055,7451,0.0,0.0
2022-07-15 00:00:00-04:00,5.579999923706055,5.579999923706055,5.579999923706055,5.579999923706055,0,0.0,0.0
2022-07-18 00:00:00-04:00,5.579999923706055,5.860000133514404,5.110000133514404,5.650000095367432,6253,0.0,0.0
2022-07-19 00:00:00-04:00,5.599999904632568,5.599999904632568,5.449999809265137,5.599999904632568,28602,0.0,0.0
2022-07-20 00:00:00-04:00,5.599999904632568,5.599999904632568,5.460000038146973,5.590000152587891,29902,0.0,0.0
2022-07-21 00:00:00-04:00,5.590000152587891,5.590000152587891,5.150000095367432,5.360000133514404,11752,0.0,0.0
2022-07-22 00:00:00-04:00,5.360000133514404,5.360000133514404,5.360000133514404,5.360000133514404,0,0.0,0.0
2022-07-25 00:00:00-04:00,5.460000038146973,5.460000038146973,5.460000038146973,5.460000038146973,427,0.0,0.0
2022-07-26 00:00:00-04:00,5.514999866485596,5.514999866485596,5.449999809265137,5.449999809265137,1484,0.0,0.0
2022-07-27 00:00:00-04:00,5.369999885559082,5.369999885559082,5.369999885559082,5.369999885559082,3507,0.0,0.0
2022-07-28 00:00:00-04:00,5.369999885559082,5.369999885559082,5.369999885559082,5.369999885559082,0,0.0,0.0
2022-07-29 00:00:00-04:00,5.409999847412109,5.5,5.409999847412109,5.5,301,0.0,0.0
2022-08-01 00:00:00-04:00,5.5,5.5,5.5,5.5,1281,0.0,0.0
2022-08-02 00:00:00-04:00,5.5,5.5,5.455999851226807,5.5,1336,0.0,0.0
2022-08-03 00:00:00-04:00,5.5,5.51200008392334,5.4120001792907715,5.5,7626,0.0,0.0
2022-08-04 00:00:00-04:00,5.375,5.375,5.375,5.375,400,0.0,0.0
2022-08-05 00:00:00-04:00,5.381999969482422,5.381999969482422,5.380000114440918,5.380000114440918,1553,0.0,0.0
2022-08-08 00:00:00-04:00,5.380000114440918,5.380000114440918,5.380000114440918,5.380000114440918,0,0.0,0.0
2022-08-09 00:00:00-04:00,5.34499979019165,5.34499979019165,5.308000087738037,5.308000087738037,1704,0.0,0.0
2022-08-10 00:00:00-04:00,5.25,5.269999980926514,5.150000095367432,5.25,18326,0.0,0.0
2022-08-11 00:00:00-04:00,5.199999809265137,5.199999809265137,5.199999809265137,5.199999809265137,1006,0.0,0.0
2022-08-12 00:00:00-04:00,5.175000190734863,5.175000190734863,5.175000190734863,5.175000190734863,161,0.0,0.0
2022-08-15 00:00:00-04:00,5.185999870300293,5.210000038146973,5.176000118255615,5.199999809265137,8011,0.0,0.0
2022-08-16 00:00:00-04:00,5.150000095367432,5.150000095367432,5.09499979019165,5.09499979019165,4955,0.0,0.0
2022-08-17 00:00:00-04:00,5.159999847412109,5.159999847412109,5.059999942779541,5.090000152587891,1445,0.0,0.0
2022-08-18 00:00:00-04:00,5.150000095367432,5.150000095367432,5.0,5.0,6261,0.0,0.0
2022-08-19 00:00:00-04:00,5.070000171661377,5.070000171661377,5.034999847412109,5.034999847412109,5942,0.0,0.0
2022-08-22 00:00:00-04:00,5.070000171661377,5.070000171661377,5.034999847412109,5.034999847412109,3106,0.0,0.0
2022-08-23 00:00:00-04:00,5.03000020980835,5.050000190734863,5.0,5.0,2901,0.0,0.0
2022-08-24 00:00:00-04:00,5.099999904632568,5.21999979019165,5.099999904632568,5.175000190734863,27877,0.0,0.0
2022-08-25 00:00:00-04:00,5.25,5.320000171661377,5.25,5.309999942779541,13250,0.0,0.0
2022-08-26 00:00:00-04:00,5.349999904632568,5.389999866485596,5.25,5.25,16226,0.0,0.0
2022-08-29 00:00:00-04:00,5.300000190734863,5.300000190734863,5.300000190734863,5.300000190734863,5091,0.0,0.0
2022-08-30 00:00:00-04:00,5.300000190734863,5.300000190734863,5.269999980926514,5.269999980926514,2324,0.0,0.0
2022-08-31 00:00:00-04:00,5.309999942779541,5.309999942779541,5.199999809265137,5.260000228881836,34466,0.0,0.0
2022-09-01 00:00:00-04:00,5.245999813079834,5.25,5.199999809265137,5.199999809265137,13100,0.0,0.0
2022-09-02 00:00:00-04:00,5.199999809265137,5.199999809265137,5.150000095367432,5.175000190734863,8418,0.0,0.0
2022-09-06 00:00:00-04:00,5.199999809265137,5.230000019073486,5.199999809265137,5.199999809265137,17800,0.0,0.0
2022-09-07 00:00:00-04:00,5.199999809265137,5.199999809265137,5.199999809265137,5.199999809265137,1801,0.0,0.0
2022-09-08 00:00:00-04:00,5.099999904632568,5.099999904632568,5.0960001945495605,5.099999904632568,4300,0.0,0.0
2022-09-09 00:00:00-04:00,5.105000019073486,5.105000019073486,5.0,5.059999942779541,15501,0.0,0.0
2022-09-12 00:00:00-04:00,5.150000095367432,5.150000095367432,5.150000095367432,5.150000095367432,3386,0.0,0.0
2022-09-13 00:00:00-04:00,5.150000095367432,5.349999904632568,5.138999938964844,5.349999904632568,92101,0.0,0.0
2022-09-14 00:00:00-04:00,5.302000045776367,5.400000095367432,5.300000190734863,5.300000190734863,18306,0.0,0.0
2022-09-15 00:00:00-04:00,5.300000190734863,5.440000057220459,5.300000190734863,5.440000057220459,28105,0.0,0.0
2022-09-16 00:00:00-04:00,5.400000095367432,5.409999847412109,5.349999904632568,5.400000095367432,62301,0.0,0.0
2022-09-19 00:00:00-04:00,5.400000095367432,5.400000095367432,5.400000095367432,5.400000095367432,0,0.0,0.0
2022-09-20 00:00:00-04:00,5.380000114440918,5.400000095367432,5.269999980926514,5.385000228881836,46951,0.0,0.0
2022-09-21 00:00:00-04:00,5.460000038146973,5.769999980926514,5.460000038146973,5.610000133514404,11904,0.0,0.0
2022-09-22 00:00:00-04:00,5.659999847412109,5.659999847412109,5.5,5.510000228881836,7670,0.0,0.0
2022-09-23 00:00:00-04:00,5.400000095367432,5.480000019073486,5.099999904632568,5.099999904632568,39062,0.0,0.0
2022-09-26 00:00:00-04:00,5.28849983215332,5.28849983215332,5.080999851226807,5.179999828338623,20173,0.0,0.0
2022-09-27 00:00:00-04:00,5.190000057220459,5.25,5.159999847412109,5.159999847412109,3600,0.0,0.0
2022-09-28 00:00:00-04:00,5.0,6.090000152587891,5.0,5.539999961853027,52472,0.0,0.0
2022-09-29 00:00:00-04:00,5.880000114440918,5.880000114440918,5.070000171661377,5.420000076293945,291440,0.0,0.0
2022-09-30 00:00:00-04:00,5.0,5.210000038146973,4.826700210571289,5.099999904632568,30560,0.0,0.0
2022-10-03 00:00:00-04:00,5.010000228881836,5.373000144958496,4.949999809265137,5.340000152587891,14821,0.0,0.0
2022-10-04 00:00:00-04:00,5.340000152587891,5.449999809265137,5.340000152587891,5.420000076293945,16550,0.0,0.0
2022-10-05 00:00:00-04:00,5.690000057220459,5.820000171661377,5.368000030517578,5.775000095367432,61317,0.0,0.0
2022-10-06 00:00:00-04:00,5.550000190734863,5.639999866485596,5.480000019073486,5.610000133514404,125290,0.0,0.0
2022-10-07 00:00:00-04:00,5.570000171661377,5.710000038146973,5.570000171661377,5.659999847412109,27555,0.0,0.0
2022-10-10 00:00:00-04:00,6.059999942779541,6.179999828338623,5.619999885559082,5.980000019073486,6299,0.0,0.0
2022-10-11 00:00:00-04:00,6.039999961853027,6.039999961853027,5.340000152587891,5.570000171661377,24867,0.0,0.0
2022-10-12 00:00:00-04:00,5.490200042724609,5.570000171661377,5.480000019073486,5.519999980926514,13388,0.0,0.0
2022-10-13 00:00:00-04:00,5.449999809265137,5.460000038146973,5.34630012512207,5.449999809265137,11163,0.0,0.0
2022-10-14 00:00:00-04:00,5.489999771118164,5.489999771118164,5.400000095367432,5.400000095367432,3064,0.0,0.0
2022-10-17 00:00:00-04:00,5.320000171661377,5.383999824523926,5.300000190734863,5.309999942779541,3854,0.0,0.0
2022-10-18 00:00:00-04:00,5.349999904632568,5.349999904632568,5.224999904632568,5.329899787902832,33899,0.0,0.0
2022-10-19 00:00:00-04:00,5.619999885559082,5.619999885559082,5.380000114440918,5.429999828338623,9340,0.0,0.0
2022-10-20 00:00:00-04:00,5.989999771118164,5.989999771118164,5.449999809265137,5.489999771118164,30621,0.0,0.0
2022-10-21 00:00:00-04:00,5.989999771118164,5.989999771118164,5.429999828338623,5.579999923706055,8715,0.0,0.0
2022-10-24 00:00:00-04:00,5.53000020980835,5.53000020980835,5.369999885559082,5.489999771118164,14535,0.0,0.0
2022-10-25 00:00:00-04:00,5.489999771118164,5.5,5.380000114440918,5.4679999351501465,5353,0.0,0.0
2022-10-26 00:00:00-04:00,5.5,5.5,5.289999961853027,5.300000190734863,6499,0.0,0.0
2022-10-27 00:00:00-04:00,5.349999904632568,5.349999904632568,5.21999979019165,5.21999979019165,3524,0.0,0.0
2022-10-28 00:00:00-04:00,5.257400035858154,5.257400035858154,5.1168999671936035,5.219900131225586,9925,0.0,0.0
2022-10-31 00:00:00-04:00,5.300000190734863,5.579999923706055,5.159999847412109,5.579999923706055,6125,0.0,0.0
2022-11-01 00:00:00-04:00,5.389999866485596,5.514599800109863,5.21999979019165,5.300000190734863,12031,0.0,0.0
2022-11-02 00:00:00-04:00,5.25,5.300000190734863,5.25,5.300000190734863,3911,0.0,0.0
2022-11-03 00:00:00-04:00,5.289999961853027,5.289999961853027,5.289999961853027,5.289999961853027,163,0.0,0.0
2022-11-04 00:00:00-04:00,5.300000190734863,5.579999923706055,5.25,5.579999923706055,8775,0.0,0.0
2022-11-07 00:00:00-05:00,5.420000076293945,5.46999979019165,5.25,5.460000038146973,11486,0.0,0.0
2022-11-08 00:00:00-05:00,5.400000095367432,5.46999979019165,5.159999847412109,5.340000152587891,54091,0.0,0.0
2022-11-09 00:00:00-05:00,5.230000019073486,5.255499839782715,5.159999847412109,5.199999809265137,3883,0.0,0.0
2022-11-10 00:00:00-05:00,5.309999942779541,5.400000095367432,5.28000020980835,5.349999904632568,21466,0.0,0.0
2022-11-11 00:00:00-05:00,5.21999979019165,5.420000076293945,5.210000038146973,5.389999866485596,23461,0.0,0.0
2022-11-14 00:00:00-05:00,5.40500020980835,5.519999980926514,5.360000133514404,5.519999980926514,8530,0.0,0.0
2022-11-15 00:00:00-05:00,5.569799900054932,5.569799900054932,5.569799900054932,5.569799900054932,489,0.0,0.0
2022-11-16 00:00:00-05:00,5.467100143432617,5.539999961853027,5.467100143432617,5.52239990234375,1162,0.0,0.0
2022-11-17 00:00:00-05:00,5.463200092315674,5.46999979019165,5.329999923706055,5.460000038146973,4778,0.0,0.0
2022-11-18 00:00:00-05:00,5.5,5.5,5.269999980926514,5.329999923706055,17633,0.0,0.0
2022-11-21 00:00:00-05:00,5.46999979019165,5.46999979019165,5.200200080871582,5.25,5336,0.0,0.0
2022-11-22 00:00:00-05:00,5.179999828338623,5.340000152587891,5.179999828338623,5.340000152587891,3191,0.0,0.0
2022-11-23 00:00:00-05:00,5.375,5.440000057220459,5.340000152587891,5.429999828338623,9332,0.0,0.0
2022-11-25 00:00:00-05:00,5.579999923706055,5.579999923706055,5.4197001457214355,5.519999980926514,8467,0.0,0.0
2022-11-28 00:00:00-05:00,5.300000190734863,5.550000190734863,5.300000190734863,5.46999979019165,3387,0.0,0.0
2022-11-29 00:00:00-05:00,5.46999979019165,5.489999771118164,5.420000076293945,5.460000038146973,4750,0.0,0.0
2022-11-30 00:00:00-05:00,5.460000038146973,5.46999979019165,5.369999885559082,5.369999885559082,5269,0.0,0.0
2022-12-01 00:00:00-05:00,5.460000038146973,5.460000038146973,5.428699970245361,5.449999809265137,9509,0.0,0.0
2022-12-02 00:00:00-05:00,5.199999809265137,5.579999923706055,5.199999809265137,5.579999923706055,7123,0.0,0.0
2022-12-05 00:00:00-05:00,5.559999942779541,5.559999942779541,5.28000020980835,5.28000020980835,15113,0.0,0.0
2022-12-06 00:00:00-05:00,5.210000038146973,5.384799957275391,5.119999885559082,5.119999885559082,2450,0.0,0.0
2022-12-07 00:00:00-05:00,5.300000190734863,5.300000190734863,5.070000171661377,5.070000171661377,3543,0.0,0.0
2022-12-08 00:00:00-05:00,5.269899845123291,5.349999904632568,5.070000171661377,5.090000152587891,43351,0.0,0.0
2022-12-09 00:00:00-05:00,5.199999809265137,5.199999809265137,5.190000057220459,5.199999809265137,3726,0.0,0.0
2022-12-12 00:00:00-05:00,5.519999980926514,5.519999980926514,5.113100051879883,5.190000057220459,9541,0.0,0.0
2022-12-13 00:00:00-05:00,5.255000114440918,5.440000057220459,5.139999866485596,5.440000057220459,14493,0.0,0.0
2022-12-14 00:00:00-05:00,5.5,5.5,5.289999961853027,5.460000038146973,32624,0.0,0.0
2022-12-15 00:00:00-05:00,5.269999980926514,5.289999961853027,5.139999866485596,5.289999961853027,3241,0.0,0.0
2022-12-16 00:00:00-05:00,5.289999961853027,5.349999904632568,5.159999847412109,5.320000171661377,15467,0.0,0.0
2022-12-19 00:00:00-05:00,5.159999847412109,5.315000057220459,5.159999847412109,5.239999771118164,13219,0.0,0.0
2022-12-20 00:00:00-05:00,5.159999847412109,5.195000171661377,5.059999942779541,5.195000171661377,24510,0.0,0.0
2022-12-21 00:00:00-05:00,5.179999828338623,5.190000057220459,5.144999980926514,5.179999828338623,3008,0.0,0.0
2022-12-22 00:00:00-05:00,5.210000038146973,5.210000038146973,5.079999923706055,5.0960001945495605,16187,0.0,0.0
2022-12-23 00:00:00-05:00,5.159999847412109,5.21999979019165,5.159999847412109,5.190000057220459,4824,0.0,0.0
2022-12-27 00:00:00-05:00,5.385000228881836,5.389999866485596,5.239999771118164,5.25,2242,0.0,0.0
2022-12-28 00:00:00-05:00,5.230000019073486,5.239999771118164,5.0,5.090000152587891,11492,0.0,0.0
2022-12-29 00:00:00-05:00,5.050000190734863,5.079999923706055,5.0,5.03000020980835,17070,0.0,0.0
2022-12-30 00:00:00-05:00,5.197000026702881,5.197000026702881,5.0,5.011000156402588,43828,0.0,0.0
2023-01-03 00:00:00-05:00,5.159999847412109,5.159999847412109,5.090000152587891,5.090000152587891,2963,0.0,0.0
2023-01-04 00:00:00-05:00,5.099999904632568,5.21999979019165,5.099999904632568,5.199999809265137,1759,0.0,0.0
2023-01-05 00:00:00-05:00,5.135000228881836,5.25,5.135000228881836,5.25,3159,0.0,0.0
2023-01-06 00:00:00-05:00,5.199999809265137,5.239999771118164,5.139599800109863,5.199999809265137,3077,0.0,0.0
2023-01-09 00:00:00-05:00,5.202700138092041,5.206699848175049,5.179999828338623,5.199999809265137,5634,0.0,0.0
2023-01-10 00:00:00-05:00,5.190000057220459,5.210000038146973,5.170000076293945,5.179999828338623,4817,0.0,0.0
2023-01-11 00:00:00-05:00,5.145699977874756,5.300000190734863,5.130000114440918,5.269599914550781,11267,0.0,0.0
2023-01-12 00:00:00-05:00,5.179999828338623,5.269999980926514,5.179999828338623,5.2555999755859375,1334,0.0,0.0
2023-01-13 00:00:00-05:00,5.21999979019165,5.300000190734863,5.199999809265137,5.200099945068359,8182,0.0,0.0
2023-01-17 00:00:00-05:00,5.237500190734863,5.25,5.179999828338623,5.249899864196777,9122,0.0,0.0
2023-01-18 00:00:00-05:00,5.249899864196777,5.249899864196777,5.079999923706055,5.079999923706055,11086,0.0,0.0
2023-01-19 00:00:00-05:00,5.080999851226807,5.080999851226807,4.78000020980835,5.03000020980835,31144,0.0,0.0
2023-01-20 00:00:00-05:00,5.0,5.0,4.443999767303467,4.527299880981445,125342,0.0,0.0
2023-01-23 00:00:00-05:00,4.630000114440918,4.900000095367432,4.369999885559082,4.570000171661377,59203,0.0,0.0
2023-01-24 00:00:00-05:00,4.590000152587891,4.599999904632568,4.5,4.525000095367432,12252,0.0,0.0
2023-01-25 00:00:00-05:00,4.525000095367432,4.525000095367432,4.525000095367432,4.525000095367432,0,0.0,0.0
2023-01-26 00:00:00-05:00,4.599999904632568,4.599999904632568,4.46999979019165,4.5,5472,0.0,0.0
2023-01-27 00:00:00-05:00,4.5,4.5,4.480000019073486,4.480000019073486,2557,0.0,0.0
2023-01-30 00:00:00-05:00,4.480000019073486,4.480000019073486,4.460000038146973,4.460000038146973,3037,0.0,0.0
2023-01-31 00:00:00-05:00,4.434999942779541,4.440000057220459,4.400000095367432,4.400000095367432,4350,0.0,0.0
2023-02-01 00:00:00-05:00,4.400000095367432,4.429999828338623,4.199999809265137,4.199999809265137,29842,0.0,0.0
2023-02-02 00:00:00-05:00,4.25,4.25,4.199999809265137,4.224999904632568,8075,0.0,0.0
2023-02-03 00:00:00-05:00,4.220099925994873,4.269999980926514,4.21999979019165,4.21999979019165,5702,0.0,0.0
2023-02-06 00:00:00-05:00,4.5,4.5,4.210000038146973,4.25,35229,0.0,0.0
2023-02-07 00:00:00-05:00,4.25,4.28000020980835,4.239999771118164,4.269999980926514,14163,0.0,0.0
2023-02-08 00:00:00-05:00,4.25,4.349999904632568,4.229400157928467,4.300000190734863,26713,0.0,0.0
2023-02-09 00:00:00-05:00,4.199999809265137,4.300000190734863,4.199999809265137,4.25,25888,0.0,0.0
2023-02-10 00:00:00-05:00,4.25,4.340000152587891,4.179999828338623,4.281499862670898,22473,0.0,0.0
2023-02-13 00:00:00-05:00,4.25,4.342100143432617,4.25,4.300000190734863,32978,0.0,0.0
2023-02-14 00:00:00-05:00,4.275300025939941,4.340000152587891,4.250800132751465,4.300000190734863,2710,0.0,0.0
2023-02-15 00:00:00-05:00,4.275000095367432,4.275000095367432,4.179999828338623,4.199999809265137,7855,0.0,0.0
2023-02-16 00:00:00-05:00,4.179999828338623,4.199999809265137,4.150000095367432,4.199999809265137,5011,0.0,0.0
2023-02-17 00:00:00-05:00,4.070000171661377,4.190000057220459,4.049900054931641,4.050000190734863,17202,0.0,0.0
2023-02-21 00:00:00-05:00,4.099999904632568,4.099999904632568,4.0,4.069900035858154,5869,0.0,0.0
2023-02-22 00:00:00-05:00,4.019999980926514,4.091400146484375,4.0,4.050000190734863,12205,0.0,0.0
2023-02-23 00:00:00-05:00,4.010000228881836,4.019999980926514,3.0799999237060547,3.3224000930786133,101141,0.0,0.0
2023-02-24 00:00:00-05:00,3.369999885559082,3.399899959564209,2.200000047683716,2.240000009536743,244553,0.0,0.0
2023-02-27 00:00:00-05:00,2.190000057220459,2.25,1.9601000547409058,2.0899999141693115,185831,0.0,0.0
2023-02-28 00:00:00-05:00,2.0999999046325684,2.140000104904175,1.9700000286102295,2.009999990463257,109999,0.0,0.0
2023-03-01 00:00:00-05:00,2.069999933242798,2.069999933242798,1.9800000190734863,2.009999990463257,72917,0.0,0.0
2023-03-02 00:00:00-05:00,2.0,2.065000057220459,1.9700000286102295,2.0,79868,0.0,0.0
2023-03-03 00:00:00-05:00,2.0,2.109999895095825,1.9800000190734863,2.059999942779541,41985,0.0,0.0
2023-03-06 00:00:00-05:00,2.1600000858306885,2.1735999584198,1.9299999475479126,1.9800000190734863,89724,0.0,0.0
2023-03-07 00:00:00-05:00,2.0,2.079900026321411,1.9600000381469727,2.0,53478,0.0,0.0
2023-03-08 00:00:00-05:00,2.009999990463257,2.009999990463257,1.9500000476837158,1.9900000095367432,35614,0.0,0.0
2023-03-09 00:00:00-05:00,1.9900000095367432,2.0399999618530273,1.9674999713897705,1.9800000190734863,50648,0.0,0.0
2023-03-10 00:00:00-05:00,1.9800000190734863,1.9970999956130981,1.899999976158142,1.9299999475479126,55142,0.0,0.0
2023-03-13 00:00:00-04:00,1.9700000286102295,1.9700000286102295,1.8600000143051147,1.9199999570846558,41949,0.0,0.0
2023-03-14 00:00:00-04:00,1.9299999475479126,1.9500000476837158,1.809999942779541,1.8700000047683716,50075,0.0,0.0
2023-03-15 00:00:00-04:00,1.8300000429153442,1.8700000047683716,1.5499999523162842,1.5800000429153442,89009,0.0,0.0
2023-03-16 00:00:00-04:00,1.7000000476837158,1.7200000286102295,1.0499999523162842,1.0499999523162842,275831,0.0,0.0
2023-03-17 00:00:00-04:00,1.0800000429153442,1.0800000429153442,0.8999999761581421,0.9200000166893005,190390,0.0,0.0
2023-03-20 00:00:00-04:00,0.9789000153541565,1.0398999452590942,0.8600000143051147,0.8799999952316284,132672,0.0,0.0
2023-03-21 00:00:00-04:00,0.9090999960899353,0.9549999833106995,0.8700000047683716,0.8801000118255615,74648,0.0,0.0
2023-03-22 00:00:00-04:00,1.0499999523162842,1.0499999523162842,0.8399999737739563,0.8500000238418579,131174,0.0,0.0
2023-03-23 00:00:00-04:00,0.949999988079071,1.0198999643325806,0.8500099778175354,0.8700000047683716,77509,0.0,0.0
2023-03-24 00:00:00-04:00,0.8999999761581421,0.8999999761581421,0.8500000238418579,0.8600000143051147,73895,0.0,0.0
2023-03-27 00:00:00-04:00,0.8899999856948853,0.9200000166893005,0.8500000238418579,0.8700000047683716,126903,0.0,0.0
2023-03-28 00:00:00-04:00,0.8999999761581421,0.8999999761581421,0.7900000214576721,0.8199999928474426,112557,0.0,0.0
2023-03-29 00:00:00-04:00,0.7973999977111816,0.8550000190734863,0.6209999918937683,0.637499988079071,381462,0.0,0.0
2023-03-30 00:00:00-04:00,0.6554999947547913,0.7799999713897705,0.6200000047683716,0.6299999952316284,293853,0.0,0.0
2023-03-31 00:00:00-04:00,0.6399999856948853,0.6428999900817871,0.5199999809265137,0.5299999713897705,507976,0.0,0.0
2023-04-03 00:00:00-04:00,0.5299999713897705,0.6898999810218811,0.5299999713897705,0.6179999709129333,342421,0.0,0.0
2023-04-04 00:00:00-04:00,0.6200000047683716,0.6876999735832214,0.6097999811172485,0.6600000262260437,249680,0.0,0.0
2023-04-05 00:00:00-04:00,0.6600000262260437,0.7200000286102295,0.6299999952316284,0.6759999990463257,242032,0.0,0.0
2023-04-06 00:00:00-04:00,0.7400000095367432,0.7400000095367432,0.6621000170707703,0.6873999834060669,148611,0.0,0.0
2023-04-10 00:00:00-04:00,0.7350000143051147,0.75,0.6800000071525574,0.6960999965667725,189468,0.0,0.0
2023-04-11 00:00:00-04:00,0.7599999904632568,1.090000033378601,0.699999988079071,1.0700000524520874,1195226,0.0,0.0
2023-04-12 00:00:00-04:00,1.2999999523162842,1.340000033378601,1.0499999523162842,1.1799999475479126,862434,0.0,0.0
2023-04-13 00:00:00-04:00,1.25,1.25,0.8399999737739563,0.9659000039100647,480760,0.0,0.0
2023-04-14 00:00:00-04:00,0.949999988079071,1.0,0.8100000023841858,0.8640999794006348,341307,0.0,0.0
2023-04-17 00:00:00-04:00,0.8902999758720398,0.949999988079071,0.8400999903678894,0.8400999903678894,250876,0.0,0.0
2023-04-18 00:00:00-04:00,0.8700000047683716,0.8700000047683716,0.7358999848365784,0.7879999876022339,358062,0.0,0.0
2023-04-19 00:00:00-04:00,0.7900000214576721,0.7900000214576721,0.6600000262260437,0.7197999954223633,330057,0.0,0.0
2023-04-20 00:00:00-04:00,0.75,0.7583000063896179,0.659500002861023,0.75,172162,0.0,0.0
2023-04-21 00:00:00-04:00,0.7799999713897705,0.7979000210762024,0.7490000128746033,0.7789999842643738,181524,0.0,0.0
2023-04-24 00:00:00-04:00,0.8116999864578247,0.8299999833106995,0.75,0.7742999792098999,176808,0.0,0.0
2023-04-25 00:00:00-04:00,0.7900000214576721,0.800000011920929,0.710099995136261,0.7630000114440918,123396,0.0,0.0
2023-04-26 00:00:00-04:00,0.75,0.7896999716758728,0.6901000142097473,0.7110000252723694,178871,0.0,0.0
2023-04-27 00:00:00-04:00,0.800000011920929,0.800000011920929,0.7200000286102295,0.7879999876022339,190899,0.0,0.0
2023-04-28 00:00:00-04:00,0.7900000214576721,0.800000011920929,0.7400000095367432,0.7599999904632568,134654,0.0,0.0
2023-05-01 00:00:00-04:00,0.7900000214576721,0.800000011920929,0.7401000261306763,0.7688999772071838,128306,0.0,0.0
2023-05-02 00:00:00-04:00,0.7799999713897705,0.8483999967575073,0.7400000095367432,0.7777000069618225,505585,0.0,0.0
2023-05-03 00:00:00-04:00,0.800000011920929,0.800000011920929,0.7303000092506409,0.7398999929428101,157911,0.0,0.0
2023-05-04 00:00:00-04:00,0.7067000269889832,0.75,0.6899999976158142,0.699999988079071,242616,0.0,0.0
2023-05-05 00:00:00-04:00,0.7160000205039978,0.800000011920929,0.7038999795913696,0.7307999730110168,198558,0.0,0.0
2023-05-08 00:00:00-04:00,0.8483999967575073,0.8483999967575073,0.7400000095367432,0.8100000023841858,261832,0.0,0.0
2023-05-09 00:00:00-04:00,0.8199999928474426,0.847000002861023,0.7998999953269958,0.8149999976158142,207235,0.0,0.0
2023-05-10 00:00:00-04:00,0.8500000238418579,0.8500000238418579,0.782800018787384,0.8199999928474426,172268,0.0,0.0
2023-05-11 00:00:00-04:00,0.7853000164031982,0.800000011920929,0.6129000186920166,0.6380000114440918,568246,0.0,0.0
2023-05-12 00:00:00-04:00,0.6700000166893005,0.7250000238418579,0.6299999952316284,0.7199000120162964,270474,0.0,0.0
2023-05-15 00:00:00-04:00,0.6899999976158142,0.7249000072479248,0.660099983215332,0.6809999942779541,200342,0.0,0.0
2023-05-16 00:00:00-04:00,0.6899999976158142,0.7229999899864197,0.6620000004768372,0.6800000071525574,189930,0.0,0.0
2023-05-17 00:00:00-04:00,0.6899999976158142,0.6899999976158142,0.6399999856948853,0.6499999761581421,193221,0.0,0.0
2023-05-18 00:00:00-04:00,0.6299999952316284,0.6700000166893005,0.6299999952316284,0.6455000042915344,121465,0.0,0.0
2023-05-19 00:00:00-04:00,0.6700000166893005,0.6947000026702881,0.6401000022888184,0.6525999903678894,144767,0.0,0.0
2023-05-22 00:00:00-04:00,0.6800000071525574,0.699999988079071,0.6600000262260437,0.6873000264167786,142364,0.0,0.0
2023-05-23 00:00:00-04:00,0.680400013923645,0.7049999833106995,0.6600000262260437,0.660099983215332,209158,0.0,0.0
2023-05-24 00:00:00-04:00,0.6800000071525574,0.6873999834060669,0.6527000069618225,0.6800000071525574,170903,0.0,0.0
2023-05-25 00:00:00-04:00,0.6776999831199646,0.6848999857902527,0.6499999761581421,0.6740000247955322,215771,0.0,0.0
2023-05-26 00:00:00-04:00,0.6805999875068665,0.70660001039505,0.6700000166893005,0.6894500255584717,99562,0.0,0.0
2023-05-30 00:00:00-04:00,0.7049999833106995,0.7200000286102295,0.6399999856948853,0.6690000295639038,323143,0.0,0.0
2023-05-31 00:00:00-04:00,0.6700000166893005,0.6891000270843506,0.6499999761581421,0.6834999918937683,100532,0.0,0.0
2023-06-01 00:00:00-04:00,0.6850000023841858,0.6899999976158142,0.6554999947547913,0.6869999766349792,207096,0.0,0.0
2023-06-02 00:00:00-04:00,0.6869999766349792,0.6869999766349792,0.6588000059127808,0.6685000061988831,120645,0.0,0.0
2023-06-05 00:00:00-04:00,0.6771000027656555,0.6848999857902527,0.6100000143051147,0.6406999826431274,301712,0.0,0.0
2023-06-06 00:00:00-04:00,0.6299999952316284,0.6384999752044678,0.5759000182151794,0.6154999732971191,202300,0.0,0.0
2023-06-07 00:00:00-04:00,0.6212999820709229,0.6399999856948853,0.5814999938011169,0.5950000286102295,87002,0.0,0.0
2023-06-08 00:00:00-04:00,0.6000000238418579,0.6200000047683716,0.5799999833106995,0.58160001039505,147915,0.0,0.0
2023-06-09 00:00:00-04:00,0.6000000238418579,0.6000000238418579,0.5699999928474426,0.5782999992370605,69212,0.0,0.0
2023-06-12 00:00:00-04:00,0.5910000205039978,0.6000000238418579,0.5659999847412109,0.5684999823570251,192668,0.0,0.0
2023-06-13 00:00:00-04:00,0.5699999928474426,0.6155999898910522,0.5699999928474426,0.5877000093460083,195798,0.0,0.0
2023-06-14 00:00:00-04:00,0.6000000238418579,0.6000000238418579,0.5799999833106995,0.5806999802589417,43990,0.0,0.0
2023-06-15 00:00:00-04:00,0.5961999893188477,0.6000000238418579,0.5601999759674072,0.5950000286102295,197305,0.0,0.0
2023-06-16 00:00:00-04:00,0.6050000190734863,0.8199999928474426,0.6001999974250793,0.6600000262260437,2306493,0.0,0.0
2023-06-20 00:00:00-04:00,0.660099983215332,0.7799000144004822,0.6209999918937683,0.7305999994277954,1057595,0.0,0.0
2023-06-21 00:00:00-04:00,0.7422000169754028,0.7422000169754028,0.6783999800682068,0.7300000190734863,455453,0.0,0.0
2023-06-22 00:00:00-04:00,0.6309000253677368,0.6800000071525574,0.6200000047683716,0.6654000282287598,383406,0.0,0.0
2023-06-23 00:00:00-04:00,0.6700000166893005,0.6700000166893005,0.6211000084877014,0.6409000158309937,231771,0.0,0.0
2023-06-26 00:00:00-04:00,0.6159999966621399,0.7200000286102295,0.6100999712944031,0.6899999976158142,870073,0.0,0.0
2023-06-27 00:00:00-04:00,0.699999988079071,0.7200000286102295,0.6399999856948853,0.6899999976158142,341466,0.0,0.0
2023-06-28 00:00:00-04:00,0.682200014591217,0.682200014591217,0.6251999735832214,0.6499999761581421,246625,0.0,0.0
2023-06-29 00:00:00-04:00,0.6499999761581421,0.6898999810218811,0.6299999952316284,0.6349999904632568,344322,0.0,0.0
2023-06-30 00:00:00-04:00,0.6200000047683716,0.6699000000953674,0.5716999769210815,0.6000000238418579,462843,0.0,0.0
2023-07-03 00:00:00-04:00,0.6100000143051147,0.6499999761581421,0.602400004863739,0.6100000143051147,199512,0.0,0.0
2023-07-05 00:00:00-04:00,0.5899999737739563,0.6299999952316284,0.5504999756813049,0.5633000135421753,565283,0.0,0.0
2023-07-06 00:00:00-04:00,0.5442000031471252,0.5515000224113464,0.2800999879837036,0.28999999165534973,3491567,0.0,0.0
2023-07-07 00:00:00-04:00,0.25,0.2799000144004822,0.2320999950170517,0.27149999141693115,3355836,0.0,0.0
2023-07-10 00:00:00-04:00,0.2687999904155731,0.2750000059604645,0.26269999146461487,0.2680000066757202,897010,0.0,0.0
2023-07-11 00:00:00-04:00,0.27000001072883606,0.30000001192092896,0.24300000071525574,0.2800000011920929,1886392,0.0,0.0
2023-07-12 00:00:00-04:00,0.2687999904155731,0.2720000147819519,0.24050000309944153,0.25,1054306,0.0,0.0
2023-07-13 00:00:00-04:00,0.23999999463558197,0.25600001215934753,0.23999999463558197,0.25600001215934753,751347,0.0,0.0
2023-07-14 00:00:00-04:00,0.2547000050544739,0.25690001249313354,0.23229999840259552,0.2354000061750412,407964,0.0,0.0
2023-07-17 00:00:00-04:00,0.23899999260902405,0.24500000476837158,0.23229999840259552,0.2370000034570694,423148,0.0,0.0
2023-07-18 00:00:00-04:00,0.2240000069141388,0.2248000055551529,0.19449999928474426,0.1965000033378601,953886,0.0,0.0
2023-07-19 00:00:00-04:00,0.18230000138282776,0.1899999976158142,0.16850000619888306,0.18080000579357147,851499,0.0,0.0
2023-07-20 00:00:00-04:00,0.18000000715255737,0.18000000715255737,0.14000000059604645,0.14249999821186066,2461566,0.0,0.0
2023-07-21 00:00:00-04:00,0.10000000149011612,0.1307000070810318,0.061000000685453415,0.11800000071525574,1564648,0.0,0.0
2023-07-24 00:00:00-04:00,0.08500000089406967,0.11209999769926071,0.06199999898672104,0.07999999821186066,358275,0.0,0.0
2023-07-25 00:00:00-04:00,0.07474999874830246,0.10209999978542328,0.041999999433755875,0.04600000008940697,642246,0.0,0.0
2023-07-26 00:00:00-04:00,0.04600000008940697,0.08100000023841858,0.04600000008940697,0.050999999046325684,84957,0.0,0.0
2023-07-27 00:00:00-04:00,0.050999999046325684,0.06469999998807907,0.032099999487400055,0.035999998450279236,603280,0.0,0.0
2023-07-28 00:00:00-04:00,0.03319999948143959,0.0494999997317791,0.031099999323487282,0.03500000014901161,110515,0.0,0.0
