Date,Open,High,Low,Close,Volume,Dividends,Stock Splits,Capital Gains
2022-08-17 00:00:00-04:00,24.979999542236328,24.979999542236328,24.6299991607666,24.770999908447266,303000,0.0,0.0,0.0
2022-08-18 00:00:00-04:00,24.8700008392334,25.139999389648438,24.860000610351562,25.040000915527344,30600,0.0,0.0,0.0
2022-08-19 00:00:00-04:00,24.989999771118164,24.989999771118164,24.558000564575195,24.558000564575195,400,0.0,0.0,0.0
2022-08-22 00:00:00-04:00,24.239999771118164,24.239999771118164,24.02899932861328,24.02899932861328,20400,0.0,0.0,0.0
2022-08-23 00:00:00-04:00,24.25,24.280000686645508,24.027000427246094,24.027000427246094,1100,0.0,0.0,0.0
2022-08-24 00:00:00-04:00,24.040000915527344,24.139999389648438,24.040000915527344,24.084999084472656,3300,0.0,0.0,0.0
2022-08-25 00:00:00-04:00,24.459999084472656,24.4950008392334,24.420000076293945,24.4950008392334,1200,0.0,0.0,0.0
2022-08-26 00:00:00-04:00,23.81999969482422,23.81999969482422,23.743000030517578,23.743000030517578,1500,0.0,0.0,0.0
2022-08-29 00:00:00-04:00,23.450000762939453,23.450000762939453,23.450000762939453,23.450000762939453,100,0.0,0.0,0.0
2022-08-30 00:00:00-04:00,23.16900062561035,23.16900062561035,23.16900062561035,23.16900062561035,0,0.0,0.0,0.0
2022-08-31 00:00:00-04:00,23.100000381469727,23.100000381469727,22.972000122070312,22.972000122070312,200,0.0,0.0,0.0
2022-09-01 00:00:00-04:00,22.565000534057617,22.81800079345703,22.565000534057617,22.81800079345703,1400,0.0,0.0,0.0
2022-09-02 00:00:00-04:00,22.899999618530273,22.899999618530273,22.6299991607666,22.642000198364258,800,0.0,0.0,0.0
2022-09-06 00:00:00-04:00,22.690000534057617,22.690000534057617,22.56599998474121,22.56599998474121,2100,0.0,0.0,0.0
2022-09-07 00:00:00-04:00,23.062000274658203,23.062000274658203,23.062000274658203,23.062000274658203,100,0.0,0.0,0.0
2022-09-08 00:00:00-04:00,23.385000228881836,23.385000228881836,23.385000228881836,23.385000228881836,0,0.0,0.0,0.0
2022-09-09 00:00:00-04:00,23.850000381469727,23.850000381469727,23.82699966430664,23.82699966430664,500,0.0,0.0,0.0
2022-09-12 00:00:00-04:00,23.989999771118164,24.097000122070312,23.989999771118164,24.097000122070312,200,0.0,0.0,0.0
2022-09-13 00:00:00-04:00,23.06999969482422,23.06999969482422,23.06999969482422,23.06999969482422,100,0.0,0.0,0.0
2022-09-14 00:00:00-04:00,23.06999969482422,23.209999084472656,22.989999771118164,23.0310001373291,12000,0.0,0.0,0.0
2022-09-15 00:00:00-04:00,23.0,23.06999969482422,22.929000854492188,22.929000854492188,1200,0.0,0.0,0.0
2022-09-16 00:00:00-04:00,22.639999389648438,22.746000289916992,22.510000228881836,22.746000289916992,6400,0.0,0.0,0.0
2022-09-19 00:00:00-04:00,22.799999237060547,22.969999313354492,22.799999237060547,22.950000762939453,4800,0.0,0.0,0.0
2022-09-20 00:00:00-04:00,22.540000915527344,22.540000915527344,22.540000915527344,22.540000915527344,100,0.0,0.0,0.0
2022-09-21 00:00:00-04:00,22.829999923706055,22.829999923706055,22.290000915527344,22.312999725341797,2900,0.0,0.0,0.0
2022-09-22 00:00:00-04:00,22.0,22.0,21.825000762939453,21.825000762939453,1000,0.0,0.0,0.0
2022-09-23 00:00:00-04:00,21.35300064086914,21.35300064086914,21.35300064086914,21.35300064086914,100,0.0,0.0,0.0
2022-09-26 00:00:00-04:00,21.350000381469727,21.350000381469727,21.038000106811523,21.038000106811523,1800,0.0,0.0,0.0
2022-09-27 00:00:00-04:00,20.947999954223633,21.076000213623047,20.947999954223633,21.076000213623047,1400,0.0,0.0,0.0
2022-09-28 00:00:00-04:00,21.6200008392334,21.84000015258789,21.6200008392334,21.792999267578125,4800,0.0,0.0,0.0
2022-09-29 00:00:00-04:00,21.469999313354492,21.469999313354492,21.333999633789062,21.450000762939453,9000,0.0,0.0,0.0
2022-09-30 00:00:00-04:00,21.65999984741211,21.65999984741211,21.305999755859375,21.305999755859375,5800,0.0,0.0,0.0
2022-10-03 00:00:00-04:00,21.90999984741211,22.1299991607666,21.90999984741211,22.03499984741211,4000,0.0,0.0,0.0
2022-10-04 00:00:00-04:00,22.8700008392334,22.913000106811523,22.799999237060547,22.913000106811523,400,0.0,0.0,0.0
2022-10-05 00:00:00-04:00,23.073999404907227,23.073999404907227,23.05500030517578,23.05500030517578,1200,0.0,0.0,0.0
2022-10-06 00:00:00-04:00,22.95400047302246,22.95400047302246,22.95400047302246,22.95400047302246,100,0.0,0.0,0.0
2022-10-07 00:00:00-04:00,22.349000930786133,22.349000930786133,22.349000930786133,22.349000930786133,100,0.0,0.0,0.0
2022-10-10 00:00:00-04:00,22.229999542236328,22.299999237060547,22.229999542236328,22.260000228881836,200,0.0,0.0,0.0
2022-10-11 00:00:00-04:00,22.149999618530273,22.389999389648438,22.049999237060547,22.077999114990234,6200,0.0,0.0,0.0
2022-10-12 00:00:00-04:00,22.079999923706055,22.079999923706055,22.02400016784668,22.02400016784668,1300,0.0,0.0,0.0
2022-10-13 00:00:00-04:00,21.68000030517578,22.5,21.68000030517578,22.5,2100,0.0,0.0,0.0
2022-10-14 00:00:00-04:00,21.700000762939453,21.700000762939453,21.648000717163086,21.648000717163086,200,0.0,0.0,0.0
2022-10-17 00:00:00-04:00,22.299999237060547,22.299999237060547,22.142000198364258,22.163000106811523,1400,0.0,0.0,0.0
2022-10-18 00:00:00-04:00,22.530000686645508,22.530000686645508,22.481000900268555,22.481000900268555,400,0.0,0.0,0.0
2022-10-19 00:00:00-04:00,22.190000534057617,22.229999542236328,22.010000228881836,22.040000915527344,13100,0.0,0.0,0.0
2022-10-20 00:00:00-04:00,21.739999771118164,21.760000228881836,21.709999084472656,21.709999084472656,2200,0.0,0.0,0.0
2022-10-21 00:00:00-04:00,21.860000610351562,22.152000427246094,21.860000610351562,22.152000427246094,100,0.0,0.0,0.0
2022-10-24 00:00:00-04:00,22.3700008392334,22.389999389648438,22.3700008392334,22.374000549316406,1800,0.0,0.0,0.0
2022-10-25 00:00:00-04:00,22.950000762939453,23.083999633789062,22.950000762939453,23.083999633789062,12300,0.0,0.0,0.0
2022-10-26 00:00:00-04:00,23.25,23.3700008392334,23.128000259399414,23.128000259399414,34900,0.0,0.0,0.0
2022-10-27 00:00:00-04:00,23.1299991607666,23.135000228881836,23.1299991607666,23.135000228881836,1700,0.0,0.0,0.0
2022-10-28 00:00:00-04:00,23.610000610351562,23.641000747680664,23.610000610351562,23.641000747680664,2000,0.0,0.0,0.0
2022-10-31 00:00:00-04:00,23.663000106811523,23.75,23.540000915527344,23.540000915527344,24000,0.0,0.0,0.0
2022-11-01 00:00:00-04:00,23.520000457763672,23.700000762939453,23.469999313354492,23.60700035095215,53600,0.0,0.0,0.0
2022-11-02 00:00:00-04:00,23.6299991607666,23.6299991607666,22.893999099731445,22.893999099731445,800,0.0,0.0,0.0
2022-11-03 00:00:00-04:00,22.450000762939453,22.739999771118164,22.450000762939453,22.608999252319336,2700,0.0,0.0,0.0
2022-11-04 00:00:00-04:00,22.649999618530273,22.729999542236328,22.649999618530273,22.68600082397461,5900,0.0,0.0,0.0
2022-11-07 00:00:00-05:00,22.739999771118164,23.049999237060547,22.739999771118164,22.95800018310547,37200,0.0,0.0,0.0
2022-11-08 00:00:00-05:00,23.1299991607666,23.290000915527344,23.1299991607666,23.16200065612793,800,0.0,0.0,0.0
2022-11-09 00:00:00-05:00,22.920000076293945,22.920000076293945,22.57200050354004,22.57200050354004,21200,0.0,0.0,0.0
2022-11-10 00:00:00-05:00,23.899999618530273,24.086999893188477,23.899999618530273,24.086999893188477,10400,0.0,0.0,0.0
2022-11-11 00:00:00-05:00,24.152000427246094,24.152000427246094,24.152000427246094,24.152000427246094,100,0.0,0.0,0.0
2022-11-14 00:00:00-05:00,23.834999084472656,23.834999084472656,23.834999084472656,23.834999084472656,0,0.0,0.0,0.0
2022-11-15 00:00:00-05:00,24.239999771118164,24.280000686645508,24.211999893188477,24.211999893188477,1200,0.0,0.0,0.0
2022-11-16 00:00:00-05:00,23.979999542236328,23.979999542236328,23.857999801635742,23.857999801635742,5000,0.0,0.0,0.0
2022-11-17 00:00:00-05:00,23.63599967956543,23.63599967956543,23.63599967956543,23.63599967956543,100,0.0,0.0,0.0
2022-11-18 00:00:00-05:00,23.85700035095215,23.85700035095215,23.85700035095215,23.85700035095215,100,0.0,0.0,0.0
2022-11-21 00:00:00-05:00,23.736000061035156,23.736000061035156,23.736000061035156,23.736000061035156,100,0.0,0.0,0.0
2022-11-22 00:00:00-05:00,24.110000610351562,24.23699951171875,24.110000610351562,24.23699951171875,100,0.0,0.0,0.0
2022-11-23 00:00:00-05:00,24.295000076293945,24.295000076293945,24.295000076293945,24.295000076293945,0,0.0,0.0,0.0
2022-11-25 00:00:00-05:00,24.33300018310547,24.33300018310547,24.33300018310547,24.33300018310547,100,0.0,0.0,0.0
2022-11-28 00:00:00-05:00,23.965999603271484,23.965999603271484,23.965999603271484,23.965999603271484,0,0.0,0.0,0.0
2022-11-29 00:00:00-05:00,23.947999954223633,23.947999954223633,23.947999954223633,23.947999954223633,100,0.0,0.0,0.0
2022-11-30 00:00:00-05:00,24.518999099731445,24.518999099731445,24.518999099731445,24.518999099731445,100,0.0,0.0,0.0
2022-12-01 00:00:00-05:00,24.65999984741211,24.672000885009766,24.65999984741211,24.672000885009766,500,0.0,0.0,0.0
2022-12-02 00:00:00-05:00,24.61199951171875,24.61199951171875,24.61199951171875,24.61199951171875,0,0.0,0.0,0.0
2022-12-05 00:00:00-05:00,24.040000915527344,24.040000915527344,24.040000915527344,24.040000915527344,100,0.0,0.0,0.0
2022-12-06 00:00:00-05:00,23.783000946044922,23.809999465942383,23.674999237060547,23.736000061035156,1700,0.0,0.0,0.0
2022-12-07 00:00:00-05:00,23.82699966430664,23.82699966430664,23.82699966430664,23.82699966430664,0,0.0,0.0,0.0
2022-12-08 00:00:00-05:00,23.950000762939453,23.950000762939453,23.950000762939453,23.950000762939453,0,0.0,0.0,0.0
2022-12-09 00:00:00-05:00,23.746999740600586,23.746999740600586,23.746999740600586,23.746999740600586,0,0.0,0.0,0.0
2022-12-12 00:00:00-05:00,23.829999923706055,24.035999298095703,23.829999923706055,24.035999298095703,1400,0.0,0.0,0.0
2022-12-13 00:00:00-05:00,24.06999969482422,24.267000198364258,24.06999969482422,24.267000198364258,5600,0.0,0.0,0.0
2022-12-14 00:00:00-05:00,24.12299919128418,24.12299919128418,24.12299919128418,24.12299919128418,100,0.0,0.0,0.0
2022-12-15 00:00:00-05:00,23.65999984741211,23.690000534057617,23.59000015258789,23.634000778198242,4400,0.0,0.0,0.0
2022-12-16 00:00:00-05:00,23.530000686645508,23.530000686645508,23.38800048828125,23.38800048828125,1000,0.0,0.0,0.0
2022-12-19 00:00:00-05:00,23.610000610351562,23.610000610351562,23.083999633789062,23.083999633789062,400,0.0,0.0,0.0
2022-12-20 00:00:00-05:00,23.190000534057617,23.260000228881836,23.09600067138672,23.118000030517578,21600,0.0,0.0,0.0
2022-12-21 00:00:00-05:00,23.549999237060547,23.549999237060547,23.549999237060547,23.549999237060547,0,0.0,0.0,0.0
2022-12-22 00:00:00-05:00,23.059999465942383,23.194000244140625,23.04199981689453,23.194000244140625,7800,0.0,0.0,0.0
2022-12-23 00:00:00-05:00,23.236000061035156,23.371999740600586,23.236000061035156,23.371999740600586,200,0.0,0.0,0.0
2022-12-27 00:00:00-05:00,23.360000610351562,23.399999618530273,23.34000015258789,23.351999282836914,8800,0.0,0.0,0.0
2022-12-28 00:00:00-05:00,23.049999237060547,23.100000381469727,22.937999725341797,22.937999725341797,600,0.0,0.0,0.0
2022-12-29 00:00:00-05:00,23.256000518798828,23.360000610351562,23.219999313354492,23.260000228881836,19400,0.0,0.0,0.0
2022-12-30 00:00:00-05:00,23.079999923706055,23.170000076293945,23.049999237060547,23.170000076293945,6700,0.0,0.0,0.0
2023-01-03 00:00:00-05:00,23.05500030517578,23.05500030517578,23.05500030517578,23.05500030517578,0,0.0,0.0,0.0
2023-01-04 00:00:00-05:00,23.356000900268555,23.356000900268555,23.356000900268555,23.356000900268555,0,0.0,0.0,0.0
2023-01-05 00:00:00-05:00,23.1299991607666,23.1299991607666,23.100000381469727,23.101999282836914,200,0.0,0.0,0.0
2023-01-06 00:00:00-05:00,23.5,23.55699920654297,23.5,23.55699920654297,100,0.0,0.0,0.0
2023-01-09 00:00:00-05:00,23.57200050354004,23.57200050354004,23.57200050354004,23.57200050354004,100,0.0,0.0,0.0
2023-01-10 00:00:00-05:00,23.809999465942383,23.891000747680664,23.809999465942383,23.891000747680664,300,0.0,0.0,0.0
2023-01-11 00:00:00-05:00,24.302000045776367,24.302000045776367,24.302000045776367,24.302000045776367,0,0.0,0.0,0.0
2023-01-12 00:00:00-05:00,24.375,24.375,24.375,24.375,0,0.0,0.0,0.0
2023-01-13 00:00:00-05:00,24.558000564575195,24.558000564575195,24.558000564575195,24.558000564575195,100,0.0,0.0,0.0
2023-01-17 00:00:00-05:00,24.510000228881836,24.540000915527344,24.5,24.5,700,0.0,0.0,0.0
2023-01-18 00:00:00-05:00,24.469999313354492,24.469999313354492,24.295000076293945,24.295000076293945,400,0.0,0.0,0.0
2023-01-19 00:00:00-05:00,23.93000030517578,24.06999969482422,23.93000030517578,23.95400047302246,9600,0.0,0.0,0.0
2023-01-20 00:00:00-05:00,24.209999084472656,24.440000534057617,24.209999084472656,24.440000534057617,2600,0.0,0.0,0.0
2023-01-23 00:00:00-05:00,24.440000534057617,24.878999710083008,24.440000534057617,24.878999710083008,900,0.0,0.0,0.0
2023-01-24 00:00:00-05:00,24.770000457763672,24.81999969482422,24.698999404907227,24.698999404907227,8600,0.0,0.0,0.0
2023-01-25 00:00:00-05:00,24.408000946044922,24.649999618530273,24.408000946044922,24.649999618530273,400,0.0,0.0,0.0
2023-01-26 00:00:00-05:00,24.9689998626709,24.9689998626709,24.9689998626709,24.9689998626709,0,0.0,0.0,0.0
2023-01-27 00:00:00-05:00,25.049999237060547,25.049999237060547,25.040000915527344,25.040000915527344,200,0.0,0.0,0.0
2023-01-30 00:00:00-05:00,25.010000228881836,25.020000457763672,24.719999313354492,24.719999313354492,500,0.0,0.0,0.0
2023-01-31 00:00:00-05:00,24.989999771118164,25.299999237060547,24.989999771118164,25.299999237060547,500,0.0,0.0,0.0
2023-02-01 00:00:00-05:00,25.847000122070312,25.847000122070312,25.847000122070312,25.847000122070312,0,0.0,0.0,0.0
2023-02-02 00:00:00-05:00,26.1200008392334,26.1200008392334,25.974000930786133,25.974000930786133,4900,0.0,0.0,0.0
2023-02-03 00:00:00-05:00,26.040000915527344,26.040000915527344,25.812000274658203,25.812000274658203,400,0.0,0.0,0.0
2023-02-06 00:00:00-05:00,25.3799991607666,25.44300079345703,25.3799991607666,25.44300079345703,1700,0.0,0.0,0.0
2023-02-07 00:00:00-05:00,25.820999145507812,25.820999145507812,25.820999145507812,25.820999145507812,100,0.0,0.0,0.0
2023-02-08 00:00:00-05:00,25.68000030517578,25.68000030517578,25.68000030517578,25.68000030517578,0,0.0,0.0,0.0
2023-02-09 00:00:00-05:00,25.549999237060547,25.549999237060547,25.343000411987305,25.343000411987305,14100,0.0,0.0,0.0
2023-02-10 00:00:00-05:00,25.426000595092773,25.426000595092773,25.426000595092773,25.426000595092773,100,0.0,0.0,0.0
2023-02-13 00:00:00-05:00,25.743000030517578,25.743000030517578,25.743000030517578,25.743000030517578,100,0.0,0.0,0.0
2023-02-14 00:00:00-05:00,25.690000534057617,25.690000534057617,25.690000534057617,25.690000534057617,0,0.0,0.0,0.0
2023-02-15 00:00:00-05:00,25.861000061035156,25.861000061035156,25.861000061035156,25.861000061035156,100,0.0,0.0,0.0
2023-02-16 00:00:00-05:00,25.809999465942383,25.809999465942383,25.69099998474121,25.69099998474121,1200,0.0,0.0,0.0
2023-02-17 00:00:00-05:00,25.607999801635742,25.607999801635742,25.607999801635742,25.607999801635742,0,0.0,0.0,0.0
2023-02-21 00:00:00-05:00,25.299999237060547,25.299999237060547,24.969999313354492,24.969999313354492,1100,0.0,0.0,0.0
2023-02-22 00:00:00-05:00,24.950000762939453,24.989999771118164,24.950000762939453,24.961000442504883,5400,0.0,0.0,0.0
2023-02-23 00:00:00-05:00,25.233999252319336,25.280000686645508,25.19300079345703,25.19300079345703,2600,0.0,0.0,0.0
2023-02-24 00:00:00-05:00,25.0,25.040000915527344,24.981000900268555,24.981000900268555,6100,0.0,0.0,0.0
2023-02-27 00:00:00-05:00,25.09000015258789,25.09000015258789,25.09000015258789,25.09000015258789,0,0.0,0.0,0.0
2023-02-28 00:00:00-05:00,25.124000549316406,25.124000549316406,25.124000549316406,25.124000549316406,100,0.0,0.0,0.0
2023-03-01 00:00:00-05:00,25.229999542236328,25.229999542236328,25.139999389648438,25.139999389648438,700,0.0,0.0,0.0
2023-03-02 00:00:00-05:00,25.298999786376953,25.298999786376953,25.298999786376953,25.298999786376953,100,0.0,0.0,0.0
2023-03-03 00:00:00-05:00,25.551000595092773,25.551000595092773,25.551000595092773,25.551000595092773,100,0.0,0.0,0.0
2023-03-06 00:00:00-05:00,25.358999252319336,25.358999252319336,25.358999252319336,25.358999252319336,0,0.0,0.0,0.0
2023-03-07 00:00:00-05:00,25.270000457763672,25.270000457763672,25.049999237060547,25.097000122070312,4100,0.0,0.0,0.0
2023-03-08 00:00:00-05:00,25.1299991607666,25.1299991607666,25.117000579833984,25.117000579833984,200,0.0,0.0,0.0
2023-03-09 00:00:00-05:00,24.55500030517578,24.55500030517578,24.55500030517578,24.55500030517578,0,0.0,0.0,0.0
2023-03-10 00:00:00-05:00,23.849000930786133,23.849000930786133,23.849000930786133,23.849000930786133,100,0.0,0.0,0.0
2023-03-13 00:00:00-04:00,23.475000381469727,23.475000381469727,23.475000381469727,23.475000381469727,100,0.0,0.0,0.0
2023-03-14 00:00:00-04:00,24.1299991607666,24.1299991607666,23.72599983215332,23.844999313354492,1000,0.0,0.0,0.0
2023-03-15 00:00:00-04:00,23.275999069213867,23.275999069213867,23.275999069213867,23.275999069213867,0,0.0,0.0,0.0
2023-03-16 00:00:00-04:00,23.70599937438965,23.71500015258789,23.70599937438965,23.71500015258789,1100,0.0,0.0,0.0
2023-03-17 00:00:00-04:00,23.472999572753906,23.6200008392334,23.21299934387207,23.21299934387207,3600,0.0,0.0,0.0
2023-03-20 00:00:00-04:00,23.549999237060547,23.6200008392334,23.517000198364258,23.6200008392334,6400,0.0,0.0,0.0
2023-03-21 00:00:00-04:00,24.020000457763672,24.020000457763672,24.020000457763672,24.020000457763672,100,0.0,0.0,0.0
2023-03-22 00:00:00-04:00,23.93000030517578,23.940000534057617,23.53499984741211,23.53499984741211,1100,0.0,0.0,0.0
2023-03-23 00:00:00-04:00,23.479999542236328,23.479999542236328,23.479999542236328,23.479999542236328,0,0.0,0.0,0.0
2023-03-24 00:00:00-04:00,23.290000915527344,23.520000457763672,23.10700035095215,23.520000457763672,6300,0.0,0.0,0.0
2023-03-27 00:00:00-04:00,23.732999801635742,23.732999801635742,23.732999801635742,23.732999801635742,100,0.0,0.0,0.0
2023-03-28 00:00:00-04:00,23.732999801635742,23.732999801635742,23.732999801635742,23.732999801635742,100,0.0,0.0,0.0
2023-03-29 00:00:00-04:00,24.041000366210938,24.041000366210938,24.041000366210938,24.041000366210938,100,0.0,0.0,0.0
2023-03-30 00:00:00-04:00,24.145000457763672,24.145000457763672,24.124000549316406,24.124000549316406,200,0.0,0.0,0.0
2023-03-31 00:00:00-04:00,24.562000274658203,24.562000274658203,24.562000274658203,24.562000274658203,100,0.0,0.0,0.0
2023-04-03 00:00:00-04:00,24.559999465942383,24.559999465942383,24.559999465942383,24.559999465942383,100,0.0,0.0,0.0
2023-04-04 00:00:00-04:00,24.10300064086914,24.10300064086914,24.10300064086914,24.10300064086914,0,0.0,0.0,0.0
2023-04-05 00:00:00-04:00,23.940000534057617,23.940000534057617,23.940000534057617,23.940000534057617,0,0.0,0.0,0.0
2023-04-06 00:00:00-04:00,23.84000015258789,23.889999389648438,23.84000015258789,23.889999389648438,700,0.0,0.0,0.0
2023-04-10 00:00:00-04:00,24.15999984741211,24.15999984741211,24.15999984741211,24.15999984741211,100,0.0,0.0,0.0
2023-04-11 00:00:00-04:00,24.340999603271484,24.340999603271484,24.340999603271484,24.340999603271484,0,0.0,0.0,0.0
2023-04-12 00:00:00-04:00,24.520000457763672,24.520000457763672,24.336000442504883,24.336000442504883,100,0.0,0.0,0.0
2023-04-13 00:00:00-04:00,24.54400062561035,24.54400062561035,24.54400062561035,24.54400062561035,100,0.0,0.0,0.0
2023-04-14 00:00:00-04:00,24.510000228881836,24.510000228881836,24.510000228881836,24.510000228881836,100,0.0,0.0,0.0
2023-04-17 00:00:00-04:00,24.540000915527344,24.540000915527344,24.540000915527344,24.540000915527344,100,0.0,0.0,0.0
2023-04-18 00:00:00-04:00,24.64900016784668,24.64900016784668,24.64900016784668,24.64900016784668,0,0.0,0.0,0.0
2023-04-19 00:00:00-04:00,24.420000076293945,24.420000076293945,24.41200065612793,24.41200065612793,200,0.0,0.0,0.0
2023-04-20 00:00:00-04:00,24.327999114990234,24.327999114990234,24.327999114990234,24.327999114990234,0,0.0,0.0,0.0
2023-04-21 00:00:00-04:00,24.3439998626709,24.3439998626709,24.3439998626709,24.3439998626709,0,0.0,0.0,0.0
2023-04-24 00:00:00-04:00,24.479999542236328,24.479999542236328,24.447999954223633,24.447999954223633,400,0.0,0.0,0.0
2023-04-25 00:00:00-04:00,23.979000091552734,23.979000091552734,23.979000091552734,23.979000091552734,100,0.0,0.0,0.0
2023-04-26 00:00:00-04:00,23.8700008392334,23.8700008392334,23.8700008392334,23.8700008392334,100,0.0,0.0,0.0
2023-04-27 00:00:00-04:00,24.139999389648438,24.139999389648438,24.139999389648438,24.139999389648438,100,0.0,0.0,0.0
2023-04-28 00:00:00-04:00,24.198999404907227,24.198999404907227,24.198999404907227,24.198999404907227,0,0.0,0.0,0.0
2023-05-01 00:00:00-04:00,24.329999923706055,24.329999923706055,24.329999923706055,24.329999923706055,100,0.0,0.0,0.0
2023-05-02 00:00:00-04:00,23.84600067138672,23.84600067138672,23.84600067138672,23.84600067138672,0,0.0,0.0,0.0
2023-05-03 00:00:00-04:00,23.82900047302246,23.82900047302246,23.82900047302246,23.82900047302246,0,0.0,0.0,0.0
2023-05-04 00:00:00-04:00,23.44499969482422,23.44499969482422,23.44499969482422,23.44499969482422,0,0.0,0.0,0.0
2023-05-05 00:00:00-04:00,23.829999923706055,23.898000717163086,23.829999923706055,23.898000717163086,600,0.0,0.0,0.0
2023-05-08 00:00:00-04:00,24.020000457763672,24.030000686645508,23.972999572753906,23.972999572753906,500,0.0,0.0,0.0
2023-05-09 00:00:00-04:00,23.929000854492188,23.929000854492188,23.929000854492188,23.929000854492188,0,0.0,0.0,0.0
2023-05-10 00:00:00-04:00,24.110000610351562,24.110000610351562,24.05299949645996,24.05299949645996,300,0.0,0.0,0.0
2023-05-11 00:00:00-04:00,24.110000610351562,24.110000610351562,24.110000610351562,24.110000610351562,0,0.0,0.0,0.0
2023-05-12 00:00:00-04:00,24.149999618530273,24.149999618530273,24.134000778198242,24.134000778198242,4800,0.0,0.0,0.0
2023-05-15 00:00:00-04:00,24.399999618530273,24.399999618530273,24.399999618530273,24.399999618530273,100,0.0,0.0,0.0
2023-05-16 00:00:00-04:00,24.190000534057617,24.219999313354492,24.124000549316406,24.124000549316406,400,0.0,0.0,0.0
2023-05-17 00:00:00-04:00,24.450000762939453,24.450000762939453,24.450000762939453,24.450000762939453,100,0.0,0.0,0.0
2023-05-18 00:00:00-04:00,24.847999572753906,24.847999572753906,24.847999572753906,24.847999572753906,0,0.0,0.0,0.0
2023-05-19 00:00:00-04:00,24.864999771118164,24.93000030517578,24.739999771118164,24.7549991607666,600,0.0,0.0,0.0
2023-05-22 00:00:00-04:00,24.850000381469727,24.850000381469727,24.850000381469727,24.850000381469727,100,0.0,0.0,0.0
2023-05-23 00:00:00-04:00,24.466999053955078,24.466999053955078,24.466999053955078,24.466999053955078,0,0.0,0.0,0.0
2023-05-24 00:00:00-04:00,24.216999053955078,24.216999053955078,24.216999053955078,24.216999053955078,0,0.0,0.0,0.0
2023-05-25 00:00:00-04:00,24.292999267578125,24.292999267578125,24.292999267578125,24.292999267578125,100,0.0,0.0,0.0
2023-05-26 00:00:00-04:00,24.73699951171875,24.73699951171875,24.73699951171875,24.73699951171875,0,0.0,0.0,0.0
2023-05-30 00:00:00-04:00,24.81999969482422,24.81999969482422,24.809999465942383,24.809999465942383,100,0.0,0.0,0.0
2023-05-31 00:00:00-04:00,24.46299934387207,24.46299934387207,24.46299934387207,24.46299934387207,200,0.0,0.0,0.0
2023-06-01 00:00:00-04:00,24.69300079345703,24.69300079345703,24.69300079345703,24.69300079345703,100,0.0,0.0,0.0
2023-06-02 00:00:00-04:00,25.236000061035156,25.236000061035156,25.236000061035156,25.236000061035156,100,0.0,0.0,0.0
2023-06-05 00:00:00-04:00,25.15999984741211,25.15999984741211,25.15999984741211,25.15999984741211,100,0.0,0.0,0.0
2023-06-06 00:00:00-04:00,25.388999938964844,25.388999938964844,25.388999938964844,25.388999938964844,0,0.0,0.0,0.0
2023-06-07 00:00:00-04:00,25.540000915527344,25.68000030517578,25.53700065612793,25.53700065612793,29000,0.0,0.0,0.0
2023-06-08 00:00:00-04:00,25.569000244140625,25.569000244140625,25.569000244140625,25.569000244140625,0,0.0,0.0,0.0
2023-06-09 00:00:00-04:00,25.40999984741211,25.40999984741211,25.40999984741211,25.40999984741211,100,0.0,0.0,0.0
2023-06-12 00:00:00-04:00,25.707000732421875,25.707000732421875,25.707000732421875,25.707000732421875,100,0.0,0.0,0.0
2023-06-13 00:00:00-04:00,25.972999572753906,25.972999572753906,25.972999572753906,25.972999572753906,100,0.0,0.0,0.0
2023-06-14 00:00:00-04:00,26.010000228881836,26.010000228881836,25.780000686645508,25.788999557495117,700,0.0,0.0,0.0
2023-06-15 00:00:00-04:00,26.073999404907227,26.073999404907227,26.073999404907227,26.073999404907227,100,0.0,0.0,0.0
2023-06-16 00:00:00-04:00,26.639999389648438,26.639999389648438,26.020000457763672,26.020000457763672,200,0.0,0.0,0.0
2023-06-20 00:00:00-04:00,25.90999984741211,25.945999145507812,25.889999389648438,25.945999145507812,7300,0.0,0.0,0.0
2023-06-21 00:00:00-04:00,25.952999114990234,25.952999114990234,25.952999114990234,25.952999114990234,100,0.0,0.0,0.0
2023-06-22 00:00:00-04:00,25.959999084472656,25.959999084472656,25.915000915527344,25.915000915527344,100,0.0,0.0,0.0
2023-06-23 00:00:00-04:00,25.8799991607666,25.8799991607666,25.735000610351562,25.735000610351562,200,0.0,0.0,0.0
2023-06-26 00:00:00-04:00,25.839000701904297,25.839000701904297,25.839000701904297,25.839000701904297,100,0.0,0.0,0.0
2023-06-27 00:00:00-04:00,26.280000686645508,26.280000686645508,26.280000686645508,26.280000686645508,100,0.0,0.0,0.0
2023-06-28 00:00:00-04:00,26.242000579833984,26.264999389648438,26.242000579833984,26.264999389648438,300,0.0,0.0,0.0
2023-06-29 00:00:00-04:00,26.469999313354492,26.610000610351562,26.459999084472656,26.56999969482422,1700,0.0,0.0,0.0
2023-06-30 00:00:00-04:00,26.81999969482422,26.8700008392334,26.809999465942383,26.81999969482422,2200,0.0,0.0,0.0
2023-07-03 00:00:00-04:00,26.799999237060547,26.799999237060547,26.799999237060547,26.799999237060547,100,0.0,0.0,0.0
2023-07-05 00:00:00-04:00,26.6299991607666,26.6299991607666,26.6299991607666,26.6299991607666,100,0.0,0.0,0.0
2023-07-06 00:00:00-04:00,26.139999389648438,26.25,26.139999389648438,26.25,500,0.0,0.0,0.0
2023-07-07 00:00:00-04:00,26.6200008392334,26.6200008392334,26.374000549316406,26.374000549316406,1100,0.0,0.0,0.0
2023-07-10 00:00:00-04:00,26.850000381469727,26.850000381469727,26.850000381469727,26.850000381469727,0,0.0,0.0,0.0
2023-07-11 00:00:00-04:00,27.040000915527344,27.040000915527344,26.989999771118164,27.027000427246094,600,0.0,0.0,0.0
2023-07-12 00:00:00-04:00,27.200000762939453,27.200000762939453,27.170000076293945,27.18400001525879,5900,0.0,0.0,0.0
2023-07-13 00:00:00-04:00,27.319000244140625,27.319000244140625,27.319000244140625,27.319000244140625,200,0.0,0.0,0.0
2023-07-14 00:00:00-04:00,27.389999389648438,27.389999389648438,27.267000198364258,27.280000686645508,11500,0.0,0.0,0.0
2023-07-17 00:00:00-04:00,27.49799919128418,27.49799919128418,27.49799919128418,27.49799919128418,100,0.0,0.0,0.0
2023-07-18 00:00:00-04:00,27.709999084472656,27.709999084472656,27.709999084472656,27.709999084472656,100,0.0,0.0,0.0
2023-07-19 00:00:00-04:00,27.697999954223633,27.702999114990234,27.697999954223633,27.702999114990234,200,0.0,0.0,0.0
2023-07-20 00:00:00-04:00,27.493999481201172,27.56999969482422,27.479999542236328,27.479999542236328,1200,0.0,0.0,0.0
2023-07-21 00:00:00-04:00,27.476999282836914,27.485000610351562,27.406999588012695,27.406999588012695,200,0.0,0.0,0.0
2023-07-24 00:00:00-04:00,27.398000717163086,27.398000717163086,27.398000717163086,27.398000717163086,100,0.0,0.0,0.0
2023-07-25 00:00:00-04:00,27.604000091552734,27.604000091552734,27.604000091552734,27.604000091552734,100,0.0,0.0,0.0
2023-07-26 00:00:00-04:00,27.450000762939453,27.489999771118164,27.450000762939453,27.476999282836914,15100,0.0,0.0,0.0
2023-07-27 00:00:00-04:00,27.520000457763672,27.520000457763672,27.201000213623047,27.201000213623047,200,0.0,0.0,0.0
2023-07-28 00:00:00-04:00,27.25,27.299999237060547,27.25,27.299999237060547,200,0.0,0.0,0.0
