Date,Open,High,Low,Close,Volume,Dividends,Stock Splits,Capital Gains
2022-09-08 00:00:00-04:00,24.479999542236328,24.6299991607666,24.29599952697754,24.29599952697754,1800,0.0,0.0,0.0
2022-09-09 00:00:00-04:00,24.1299991607666,24.1299991607666,23.579999923706055,23.579999923706055,2300,0.0,0.0,0.0
2022-09-12 00:00:00-04:00,23.239999771118164,23.239999771118164,23.07900047302246,23.07900047302246,5000,0.0,0.0,0.0
2022-09-13 00:00:00-04:00,23.889999389648438,24.73900032043457,23.889999389648438,24.667999267578125,46700,0.0,0.0,0.0
2022-09-14 00:00:00-04:00,24.649999618530273,24.65999984741211,24.35099983215332,24.35099983215332,4400,0.0,0.0,0.0
2022-09-15 00:00:00-04:00,24.65999984741211,24.799999237060547,24.450000762939453,24.767000198364258,4300,0.0,0.0,0.0
2022-09-16 00:00:00-04:00,25.520000457763672,25.8799991607666,25.290000915527344,25.309999465942383,17300,0.0,0.0,0.0
2022-09-19 00:00:00-04:00,25.510000228881836,25.510000228881836,25.059999465942383,25.059999465942383,2500,0.0,0.0,0.0
2022-09-20 00:00:00-04:00,25.350000381469727,25.746000289916992,25.190000534057617,25.639999389648438,6600,0.0,0.0,0.0
2022-09-21 00:00:00-04:00,25.6299991607666,26.3799991607666,25.31999969482422,26.3799991607666,20000,0.0,0.0,0.0
2022-09-22 00:00:00-04:00,26.6200008392334,26.798999786376953,26.399999618530273,26.6299991607666,9200,0.0,0.0,0.0
2022-09-23 00:00:00-04:00,27.086000442504883,27.5,27.086000442504883,27.420000076293945,8600,0.0,0.0,0.0
2022-09-26 00:00:00-04:00,27.559999465942383,27.56999969482422,26.639999389648438,27.1299991607666,11700,0.0,0.0,0.0
2022-09-27 00:00:00-04:00,26.6200008392334,27.450000762939453,26.549999237060547,27.30299949645996,7700,0.0,0.0,0.0
2022-09-28 00:00:00-04:00,27.290000915527344,27.299999237060547,26.34000015258789,26.459999084472656,11200,0.0,0.0,0.0
2022-09-29 00:00:00-04:00,26.989999771118164,27.520000457763672,26.979999542236328,27.170000076293945,12500,0.0,0.0,0.0
2022-09-30 00:00:00-04:00,27.3700008392334,27.610000610351562,26.69499969482422,27.549999237060547,11200,0.0,0.0,0.0
2022-10-03 00:00:00-04:00,27.34000015258789,27.459999084472656,26.75,26.84000015258789,6100,0.0,0.0,0.0
2022-10-04 00:00:00-04:00,25.690000534057617,25.82900047302246,25.25,25.70800018310547,23600,0.0,0.0,0.0
2022-10-05 00:00:00-04:00,26.239999771118164,26.34000015258789,25.56800079345703,25.763999938964844,12400,0.0,0.0,0.0
2022-10-06 00:00:00-04:00,25.849000930786133,25.969999313354492,25.649999618530273,25.861000061035156,11300,0.0,0.0,0.0
2022-10-07 00:00:00-04:00,26.434999465942383,27.149999618530273,26.43000030517578,27.1299991607666,6200,0.0,0.0,0.0
2022-10-10 00:00:00-04:00,26.940000534057617,27.52899932861328,26.839000701904297,27.29199981689453,8300,0.0,0.0,0.0
2022-10-11 00:00:00-04:00,27.600000381469727,28.079999923706055,26.891000747680664,27.674999237060547,15600,0.0,0.0,0.0
2022-10-12 00:00:00-04:00,27.59000015258789,27.805999755859375,27.389999389648438,27.510000228881836,3600,0.0,0.0,0.0
2022-10-13 00:00:00-04:00,28.770000457763672,29.270999908447266,27.520000457763672,27.55900001525879,20200,0.0,0.0,0.0
2022-10-14 00:00:00-04:00,27.280000686645508,28.989999771118164,27.280000686645508,28.989999771118164,13300,0.0,0.0,0.0
2022-10-17 00:00:00-04:00,27.950000762939453,27.950000762939453,27.040000915527344,27.148000717163086,19300,0.0,0.0,0.0
2022-10-18 00:00:00-04:00,25.799999237060547,26.829999923706055,25.799999237060547,26.545000076293945,18900,0.0,0.0,0.0
2022-10-19 00:00:00-04:00,26.93000030517578,27.049999237060547,26.639999389648438,26.795000076293945,15200,0.0,0.0,0.0
2022-10-20 00:00:00-04:00,26.940000534057617,26.940000534057617,26.06100082397461,26.743999481201172,12900,0.0,0.0,0.0
2022-10-21 00:00:00-04:00,26.84000015258789,26.84000015258789,25.799999237060547,25.825000762939453,11400,0.0,0.0,0.0
2022-10-24 00:00:00-04:00,25.920000076293945,26.389999389648438,25.649999618530273,25.726999282836914,9800,0.0,0.0,0.0
2022-10-25 00:00:00-04:00,25.719999313354492,25.790000915527344,25.458999633789062,25.57200050354004,23800,0.0,0.0,0.0
2022-10-26 00:00:00-04:00,26.559999465942383,26.7189998626709,25.909000396728516,26.635000228881836,46800,0.0,0.0,0.0
2022-10-27 00:00:00-04:00,27.040000915527344,27.899999618530273,27.0,27.724000930786133,160700,0.0,0.0,0.0
2022-10-28 00:00:00-04:00,30.920000076293945,31.059999465942383,29.450000762939453,29.576000213623047,162600,0.0,0.0,0.0
2022-10-31 00:00:00-04:00,29.540000915527344,30.31999969482422,29.260000228881836,29.850000381469727,69000,0.0,0.0,0.0
2022-11-01 00:00:00-04:00,29.360000610351562,31.690000534057617,29.290000915527344,31.510000228881836,74900,0.0,0.0,0.0
2022-11-02 00:00:00-04:00,31.53499984741211,33.029998779296875,31.510000228881836,32.9900016784668,80300,0.0,0.0,0.0
2022-11-03 00:00:00-04:00,32.939998626708984,34.11000061035156,32.560001373291016,34.018001556396484,63100,0.0,0.0,0.0
2022-11-04 00:00:00-04:00,33.189998626708984,34.25,32.97100067138672,33.45800018310547,42300,0.0,0.0,0.0
2022-11-07 00:00:00-05:00,33.08000183105469,34.03900146484375,33.08000183105469,33.5890007019043,45600,0.0,0.0,0.0
2022-11-08 00:00:00-05:00,33.5099983215332,34.42499923706055,33.17499923706055,33.7599983215332,47800,0.0,0.0,0.0
2022-11-09 00:00:00-05:00,34.20000076293945,35.310001373291016,34.20000076293945,35.215999603271484,24800,0.0,0.0,0.0
2022-11-10 00:00:00-05:00,32.40999984741211,32.83700180053711,30.219999313354492,30.948999404907227,119400,0.0,0.0,0.0
2022-11-11 00:00:00-05:00,30.469999313354492,30.93000030517578,29.538999557495117,29.610000610351562,59200,0.0,0.0,0.0
2022-11-14 00:00:00-05:00,30.43000030517578,30.576000213623047,29.934999465942383,30.33300018310547,17800,0.0,0.0,0.0
2022-11-15 00:00:00-05:00,28.860000610351562,30.4950008392334,28.739999771118164,30.187999725341797,22900,0.0,0.0,0.0
2022-11-16 00:00:00-05:00,30.865999221801758,31.149999618530273,30.399999618530273,30.694000244140625,30600,0.0,0.0,0.0
2022-11-17 00:00:00-05:00,31.350000381469727,31.690000534057617,30.969999313354492,31.440000534057617,40400,0.0,0.0,0.0
2022-11-18 00:00:00-05:00,31.1299991607666,32.220001220703125,31.1299991607666,31.709999084472656,20800,0.0,0.0,0.0
2022-11-21 00:00:00-05:00,31.520000457763672,32.84000015258789,31.520000457763672,32.290000915527344,43700,0.0,0.0,0.0
2022-11-22 00:00:00-05:00,32.29999923706055,32.54999923706055,31.990999221801758,31.9950008392334,50800,0.0,0.0,0.0
2022-11-23 00:00:00-05:00,32.020999908447266,32.040000915527344,31.610000610351562,31.711999893188477,33000,0.0,0.0,0.0
2022-11-25 00:00:00-05:00,31.834999084472656,32.04499816894531,31.65999984741211,31.93899917602539,11300,0.0,0.0,0.0
2022-11-28 00:00:00-05:00,31.829999923706055,31.923999786376953,31.139999389648438,31.759000778198242,15300,0.0,0.0,0.0
2022-11-29 00:00:00-05:00,31.75,32.599998474121094,31.75,32.30400085449219,16700,0.0,0.0,0.0
2022-11-30 00:00:00-05:00,32.33000183105469,32.59000015258789,30.90999984741211,30.92099952697754,33300,0.0,0.0,0.0
2022-12-01 00:00:00-05:00,30.799999237060547,31.2450008392334,30.700000762939453,31.19300079345703,9100,0.0,0.0,0.0
2022-12-02 00:00:00-05:00,31.459999084472656,31.725000381469727,31.329999923706055,31.677000045776367,56400,0.0,0.0,0.0
2022-12-05 00:00:00-05:00,31.93000030517578,32.75,31.760000228881836,32.71699905395508,118300,0.0,0.0,0.0
2022-12-06 00:00:00-05:00,32.90999984741211,33.79999923706055,32.83000183105469,33.77000045776367,41400,0.0,0.0,0.0
2022-12-07 00:00:00-05:00,33.79999923706055,33.99100112915039,33.29600143432617,33.66999816894531,27400,0.0,0.0,0.0
2022-12-08 00:00:00-05:00,32.650001525878906,33.10900115966797,32.13999938964844,32.25199890136719,115400,0.0,0.0,0.0
2022-12-09 00:00:00-05:00,32.869998931884766,32.869998931884766,32.40999984741211,32.696998596191406,13100,0.0,0.0,0.0
2022-12-12 00:00:00-05:00,32.619998931884766,33.099998474121094,32.189998626708984,32.19599914550781,24200,0.0,0.0,0.0
2022-12-13 00:00:00-05:00,30.5,32.02000045776367,30.5,31.450000762939453,109100,0.0,0.0,0.0
2022-12-14 00:00:00-05:00,31.459999084472656,32.25,31.270000457763672,31.785999298095703,20200,0.0,0.0,0.0
2022-12-15 00:00:00-05:00,32.40999984741211,33.209999084472656,32.36000061035156,32.97999954223633,25300,0.0,0.0,0.0
2022-12-16 00:00:00-05:00,33.0,33.51300048828125,32.63100051879883,33.17499923706055,41100,0.0,0.0,0.0
2022-12-19 00:00:00-05:00,33.279998779296875,34.39899826049805,33.16999816894531,34.27000045776367,30400,0.0,0.0,0.0
2022-12-20 00:00:00-05:00,34.090999603271484,34.349998474121094,33.49100112915039,34.029998779296875,16200,0.0,0.0,0.0
2022-12-21 00:00:00-05:00,33.7599983215332,33.86000061035156,33.33000183105469,33.380001068115234,18300,0.0,0.0,0.0
2022-12-22 00:00:00-05:00,33.91999816894531,35.073001861572266,33.91999816894531,34.5099983215332,38400,0.0,0.0,0.0
2022-12-23 00:00:00-05:00,34.869998931884766,34.869998931884766,33.86000061035156,33.9630012512207,8600,0.0,0.0,0.0
2022-12-27 00:00:00-05:00,33.97999954223633,34.869998931884766,33.97999954223633,34.869998931884766,13600,0.0,0.0,0.0
2022-12-28 00:00:00-05:00,35.209999084472656,35.349998474121094,34.68000030517578,35.32600021362305,18400,0.0,0.0,0.0
2022-12-29 00:00:00-05:00,34.91999816894531,34.97999954223633,34.22999954223633,34.310001373291016,8800,0.0,0.0,0.0
2022-12-30 00:00:00-05:00,34.90999984741211,34.999000549316406,34.43600082397461,34.43600082397461,8500,0.0,0.0,0.0
2023-01-03 00:00:00-05:00,33.790000915527344,34.27000045776367,33.439998626708984,33.630001068115234,29400,0.0,0.0,0.0
2023-01-04 00:00:00-05:00,33.823001861572266,34.638999938964844,33.62099838256836,34.01100158691406,23700,0.0,0.0,0.0
2023-01-05 00:00:00-05:00,34.040000915527344,34.810001373291016,33.97999954223633,34.810001373291016,57500,0.0,0.0,0.0
2023-01-06 00:00:00-05:00,34.88999938964844,35.45500183105469,33.470001220703125,33.599998474121094,48300,0.0,0.0,0.0
2023-01-09 00:00:00-05:00,33.0,33.07500076293945,32.2599983215332,33.07500076293945,38100,0.0,0.0,0.0
2023-01-10 00:00:00-05:00,33.04999923706055,33.060001373291016,32.04999923706055,32.09000015258789,70900,0.0,0.0,0.0
2023-01-11 00:00:00-05:00,31.739999771118164,31.739999771118164,30.21500015258789,30.31999969482422,128700,0.0,0.0,0.0
2023-01-12 00:00:00-05:00,29.719999313354492,30.674999237060547,29.600000381469727,30.200000762939453,42900,0.0,0.0,0.0
2023-01-13 00:00:00-05:00,30.520000457763672,30.520000457763672,29.270000457763672,29.299999237060547,51200,0.0,0.0,0.0
2023-01-17 00:00:00-05:00,29.09000015258789,29.989999771118164,29.09000015258789,29.961999893188477,28800,0.0,0.0,0.0
2023-01-18 00:00:00-05:00,29.540000915527344,30.149999618530273,28.979999542236328,30.149999618530273,60600,0.0,0.0,0.0
2023-01-19 00:00:00-05:00,30.239999771118164,30.940000534057617,30.239999771118164,30.697999954223633,56700,0.0,0.0,0.0
2023-01-20 00:00:00-05:00,30.822999954223633,30.822999954223633,29.56800079345703,29.570999145507812,20600,0.0,0.0,0.0
2023-01-23 00:00:00-05:00,29.399999618530273,29.8700008392334,29.399999618530273,29.475000381469727,44700,0.0,0.0,0.0
2023-01-24 00:00:00-05:00,29.59000015258789,29.8700008392334,29.479999542236328,29.847000122070312,26600,0.0,0.0,0.0
2023-01-25 00:00:00-05:00,30.950000762939453,31.299999237060547,29.59000015258789,29.639999389648438,65900,0.0,0.0,0.0
2023-01-26 00:00:00-05:00,29.18000030517578,29.584999084472656,28.920000076293945,28.97800064086914,25200,0.0,0.0,0.0
2023-01-27 00:00:00-05:00,28.850000381469727,28.86400032043457,27.719999313354492,28.079999923706055,28100,0.0,0.0,0.0
2023-01-30 00:00:00-05:00,28.489999771118164,28.902000427246094,28.329999923706055,28.58300018310547,23100,0.0,0.0,0.0
2023-01-31 00:00:00-05:00,28.399999618530273,28.399999618530273,27.860000610351562,27.860000610351562,37700,0.0,0.0,0.0
2023-02-01 00:00:00-05:00,28.23900032043457,28.31999969482422,27.049999237060547,27.309999465942383,54400,0.0,0.0,0.0
2023-02-02 00:00:00-05:00,25.920000076293945,26.281999588012695,25.06800079345703,25.31999969482422,188700,0.0,0.0,0.0
2023-02-03 00:00:00-05:00,27.030000686645508,27.6200008392334,26.25,27.459999084472656,189600,0.0,0.0,0.0
2023-02-06 00:00:00-05:00,27.56999969482422,28.149999618530273,27.510000228881836,27.729999542236328,66300,0.0,0.0,0.0
2023-02-07 00:00:00-05:00,28.100000381469727,28.84000015258789,27.75,27.809999465942383,67800,0.0,0.0,0.0
2023-02-08 00:00:00-05:00,27.770000457763672,28.690000534057617,27.770000457763672,28.3439998626709,52800,0.0,0.0,0.0
2023-02-09 00:00:00-05:00,27.989999771118164,29.049999237060547,27.75,28.864999771118164,59200,0.0,0.0,0.0
2023-02-10 00:00:00-05:00,29.040000915527344,29.459999084472656,28.770000457763672,29.06999969482422,39400,0.0,0.0,0.0
2023-02-13 00:00:00-05:00,29.180999755859375,29.274999618530273,28.514999389648438,28.530000686645508,32600,0.0,0.0,0.0
2023-02-14 00:00:00-05:00,28.84000015258789,29.04599952697754,28.219999313354492,28.489999771118164,17500,0.0,0.0,0.0
2023-02-15 00:00:00-05:00,28.670000076293945,28.73200035095215,28.06999969482422,28.06999969482422,20300,0.0,0.0,0.0
2023-02-16 00:00:00-05:00,28.610000610351562,28.8700008392334,28.260000228881836,28.8700008392334,21400,0.0,0.0,0.0
2023-02-17 00:00:00-05:00,29.0,29.610000610351562,29.0,29.219999313354492,50900,0.0,0.0,0.0
2023-02-21 00:00:00-05:00,29.829999923706055,30.04800033569336,29.700000762939453,30.0,32000,0.0,0.0,0.0
2023-02-22 00:00:00-05:00,29.81999969482422,29.81999969482422,29.25,29.594999313354492,59400,0.0,0.0,0.0
2023-02-23 00:00:00-05:00,29.469999313354492,30.239999771118164,29.469999313354492,29.582000732421875,39800,0.0,0.0,0.0
2023-02-24 00:00:00-05:00,30.440000534057617,30.690000534057617,30.174999237060547,30.350000381469727,30400,0.0,0.0,0.0
2023-02-27 00:00:00-05:00,30.049999237060547,30.450000762939453,29.954999923706055,30.26099967956543,22500,0.0,0.0,0.0
2023-02-28 00:00:00-05:00,30.43000030517578,30.440000534057617,30.020000457763672,30.1299991607666,26100,0.0,0.0,0.0
2023-03-01 00:00:00-05:00,30.200000762939453,30.90999984741211,30.128000259399414,30.790000915527344,18700,0.0,0.0,0.0
2023-03-02 00:00:00-05:00,31.110000610351562,31.350000381469727,30.816999435424805,30.816999435424805,25000,0.0,0.0,0.0
2023-03-03 00:00:00-05:00,30.579999923706055,30.579999923706055,29.889999389648438,29.920000076293945,17900,0.0,0.0,0.0
2023-03-06 00:00:00-05:00,29.690000534057617,30.280000686645508,29.3799991607666,30.280000686645508,44500,0.0,0.0,0.0
2023-03-07 00:00:00-05:00,30.200000762939453,30.510000228881836,29.850000381469727,30.329999923706055,40200,0.0,0.0,0.0
2023-03-08 00:00:00-05:00,30.40999984741211,30.760000228881836,30.170000076293945,30.170000076293945,22500,0.0,0.0,0.0
2023-03-09 00:00:00-05:00,30.229999542236328,30.799999237060547,29.510000228881836,30.799999237060547,43700,0.0,0.0,0.0
2023-03-10 00:00:00-05:00,30.6200008392334,31.420000076293945,30.3799991607666,31.239999771118164,34000,0.0,0.0,0.0
2023-03-13 00:00:00-04:00,31.530000686645508,32.099998474121094,30.25,30.707000732421875,53800,0.0,0.0,0.0
2023-03-14 00:00:00-04:00,30.229999542236328,30.56999969482422,29.84000015258789,29.895999908447266,45600,0.0,0.0,0.0
2023-03-15 00:00:00-04:00,30.459999084472656,30.459999084472656,29.361000061035156,29.479999542236328,59300,0.0,0.0,0.0
2023-03-16 00:00:00-04:00,29.540000915527344,29.649999618530273,28.049999237060547,28.309999465942383,111000,0.0,0.0,0.0
2023-03-17 00:00:00-04:00,28.450000762939453,28.940000534057617,28.219999313354492,28.649999618530273,24800,0.0,0.0,0.0
2023-03-20 00:00:00-04:00,29.0,29.579999923706055,28.979999542236328,29.020000457763672,43700,0.0,0.0,0.0
2023-03-21 00:00:00-04:00,28.469999313354492,28.6200008392334,27.8700008392334,27.957000732421875,67800,0.0,0.0,0.0
2023-03-22 00:00:00-04:00,28.149999618530273,28.469999313354492,27.65999984741211,28.469999313354492,14900,0.0,0.0,0.0
2023-03-23 00:00:00-04:00,27.93000030517578,28.600000381469727,27.93000030517578,28.489999771118164,10400,0.0,0.0,0.0
2023-03-24 00:00:00-04:00,28.920000076293945,29.0,28.645000457763672,28.65999984741211,15500,0.0,0.0,0.0
2023-03-27 00:00:00-04:00,28.420000076293945,28.8700008392334,28.360000610351562,28.687999725341797,8000,0.0,0.0,0.0
2023-03-28 00:00:00-04:00,28.700000762939453,29.1299991607666,28.700000762939453,28.90999984741211,6000,0.0,0.0,0.0
2023-03-29 00:00:00-04:00,28.459999084472656,28.459999084472656,27.969999313354492,28.040000915527344,55600,0.0,0.0,0.0
2023-03-30 00:00:00-04:00,27.719999313354492,27.780000686645508,27.3799991607666,27.538999557495117,20800,0.0,0.0,0.0
2023-03-31 00:00:00-04:00,27.520999908447266,27.520999908447266,27.219999313354492,27.219999313354492,21400,0.0,0.0,0.0
2023-04-03 00:00:00-04:00,27.56999969482422,27.57900047302246,27.329999923706055,27.469999313354492,7800,0.0,0.0,0.0
2023-04-04 00:00:00-04:00,27.299999237060547,27.469999313354492,26.979999542236328,27.041000366210938,13000,0.0,0.0,0.0
2023-04-05 00:00:00-04:00,27.110000610351562,27.81999969482422,27.110000610351562,27.799999237060547,30900,0.0,0.0,0.0
2023-04-06 00:00:00-04:00,28.018999099731445,28.069000244140625,27.469999313354492,27.559999465942383,12000,0.0,0.0,0.0
2023-04-10 00:00:00-04:00,27.84600067138672,28.06999969482422,27.510000228881836,27.530000686645508,15000,0.0,0.0,0.0
2023-04-11 00:00:00-04:00,27.989999771118164,28.350000381469727,27.92099952697754,28.09000015258789,15500,0.0,0.0,0.0
2023-04-12 00:00:00-04:00,28.079999923706055,28.75,28.079999923706055,28.72599983215332,27000,0.0,0.0,0.0
2023-04-13 00:00:00-04:00,28.323999404907227,28.3700008392334,27.3700008392334,27.399999618530273,37200,0.0,0.0,0.0
2023-04-14 00:00:00-04:00,27.5,27.649999618530273,27.219999313354492,27.3799991607666,19700,0.0,0.0,0.0
2023-04-17 00:00:00-04:00,27.170000076293945,27.56999969482422,27.090999603271484,27.30500030517578,22700,0.0,0.0,0.0
2023-04-18 00:00:00-04:00,26.959999084472656,27.6200008392334,26.951000213623047,27.440000534057617,9800,0.0,0.0,0.0
2023-04-19 00:00:00-04:00,27.639999389648438,27.639999389648438,26.729999542236328,26.8700008392334,16800,0.0,0.0,0.0
2023-04-20 00:00:00-04:00,27.09000015258789,27.15999984741211,26.719999313354492,27.049999237060547,29400,0.0,0.0,0.0
2023-04-21 00:00:00-04:00,26.459999084472656,26.729999542236328,25.950000762939453,26.232999801635742,76200,0.0,0.0,0.0
2023-04-24 00:00:00-04:00,26.09000015258789,26.69499969482422,25.690000534057617,26.43600082397461,89200,0.0,0.0,0.0
2023-04-25 00:00:00-04:00,26.780000686645508,27.299999237060547,26.641000747680664,27.299999237060547,51400,0.0,0.0,0.0
2023-04-26 00:00:00-04:00,26.59000015258789,26.858999252319336,26.270000457763672,26.68000030517578,98300,0.0,0.0,0.0
2023-04-27 00:00:00-04:00,25.889999389648438,26.190000534057617,25.23900032043457,25.489999771118164,803300,0.0,0.0,0.0
2023-04-28 00:00:00-04:00,26.010000228881836,26.739999771118164,25.59000015258789,26.511999130249023,373900,0.0,0.0,0.0
2023-05-01 00:00:00-04:00,26.6200008392334,27.393999099731445,26.6200008392334,27.329999923706055,62200,0.0,0.0,0.0
2023-05-02 00:00:00-04:00,27.510000228881836,27.518999099731445,26.871000289916992,26.920000076293945,47900,0.0,0.0,0.0
2023-05-03 00:00:00-04:00,26.899999618530273,26.989999771118164,26.388999938964844,26.90999984741211,28200,0.0,0.0,0.0
2023-05-04 00:00:00-04:00,26.760000228881836,26.950000762939453,26.540000915527344,26.84000015258789,45000,0.0,0.0,0.0
2023-05-05 00:00:00-04:00,26.780000686645508,26.902000427246094,26.429000854492188,26.450000762939453,16700,0.0,0.0,0.0
2023-05-08 00:00:00-04:00,26.610000610351562,26.659000396728516,26.350000381469727,26.420000076293945,10400,0.0,0.0,0.0
2023-05-09 00:00:00-04:00,26.479999542236328,26.509000778198242,26.19099998474121,26.208999633789062,12400,0.0,0.0,0.0
2023-05-10 00:00:00-04:00,25.780000686645508,25.780000686645508,25.238000869750977,25.31999969482422,95100,0.0,0.0,0.0
2023-05-11 00:00:00-04:00,25.170000076293945,25.246999740600586,24.631000518798828,24.8700008392334,53500,0.0,0.0,0.0
2023-05-12 00:00:00-04:00,24.8799991607666,25.499000549316406,24.8799991607666,25.309999465942383,65900,0.0,0.0,0.0
2023-05-15 00:00:00-04:00,25.149999618530273,25.549999237060547,24.889999389648438,25.09000015258789,55800,0.0,0.0,0.0
2023-05-16 00:00:00-04:00,25.1200008392334,25.1200008392334,24.33099937438965,24.600000381469727,87300,0.0,0.0,0.0
2023-05-17 00:00:00-04:00,24.18000030517578,24.445999145507812,24.100000381469727,24.18199920654297,36600,0.0,0.0,0.0
2023-05-18 00:00:00-04:00,23.90999984741211,23.979999542236328,23.541000366210938,23.628999710083008,164300,0.0,0.0,0.0
2023-05-19 00:00:00-04:00,23.540000915527344,24.09000015258789,23.540000915527344,23.989999771118164,68900,0.0,0.0,0.0
2023-05-22 00:00:00-04:00,23.959999084472656,24.40999984741211,23.920000076293945,24.295000076293945,13900,0.0,0.0,0.0
2023-05-23 00:00:00-04:00,24.479999542236328,24.530000686645508,23.850000381469727,24.280000686645508,34100,0.0,0.0,0.0
2023-05-24 00:00:00-04:00,24.200000762939453,24.239999771118164,23.809999465942383,23.899999618530273,54400,0.0,0.0,0.0
2023-05-25 00:00:00-04:00,24.079999923706055,24.40999984741211,24.000999450683594,24.290000915527344,77000,0.0,0.0,0.0
2023-05-26 00:00:00-04:00,23.964000701904297,23.964000701904297,22.93000030517578,23.239999771118164,56500,0.0,0.0,0.0
2023-05-30 00:00:00-04:00,22.760000228881836,23.1200008392334,22.690000534057617,22.90999984741211,58500,0.0,0.0,0.0
2023-05-31 00:00:00-04:00,22.969999313354492,23.3799991607666,22.895999908447266,23.110000610351562,57800,0.0,0.0,0.0
2023-06-01 00:00:00-04:00,23.09000015258789,23.190000534057617,22.590999603271484,22.639999389648438,26100,0.0,0.0,0.0
2023-06-02 00:00:00-04:00,22.350000381469727,22.469999313354492,22.131000518798828,22.450000762939453,41500,0.0,0.0,0.0
2023-06-05 00:00:00-04:00,22.59000015258789,22.600000381469727,22.25,22.299999237060547,17900,0.0,0.0,0.0
2023-06-06 00:00:00-04:00,22.30699920654297,22.31999969482422,21.961000442504883,22.049999237060547,17600,0.0,0.0,0.0
2023-06-07 00:00:00-04:00,21.989999771118164,23.09000015258789,21.989999771118164,23.0,61200,0.0,0.0,0.0
2023-06-08 00:00:00-04:00,22.6200008392334,22.760000228881836,22.170000076293945,22.420000076293945,136600,0.0,0.0,0.0
2023-06-09 00:00:00-04:00,22.440000534057617,22.610000610351562,22.190000534057617,22.600000381469727,20800,0.0,0.0,0.0
2023-06-12 00:00:00-04:00,22.5310001373291,22.5310001373291,21.989999771118164,22.010000228881836,16000,0.0,0.0,0.0
2023-06-13 00:00:00-04:00,21.889999389648438,22.2189998626709,21.889999389648438,22.020000457763672,14400,0.0,0.0,0.0
2023-06-14 00:00:00-04:00,22.020000457763672,22.44300079345703,22.0,22.06999969482422,19900,0.0,0.0,0.0
2023-06-15 00:00:00-04:00,22.240999221801758,22.399999618530273,21.889999389648438,21.952999114990234,26900,0.0,0.0,0.0
2023-06-16 00:00:00-04:00,21.940000534057617,22.233999252319336,21.940000534057617,22.233999252319336,15500,0.0,0.0,0.0
2023-06-20 00:00:00-04:00,22.3799991607666,22.40999984741211,21.979999542236328,22.200000762939453,9800,0.0,0.0,0.0
2023-06-21 00:00:00-04:00,21.989999771118164,22.18000030517578,21.7810001373291,22.079999923706055,21100,0.0,0.0,0.0
2023-06-22 00:00:00-04:00,22.040000915527344,22.040000915527344,21.1299991607666,21.1299991607666,36000,0.0,0.0,0.0
2023-06-23 00:00:00-04:00,21.34000015258789,21.360000610351562,21.049999237060547,21.290000915527344,18800,0.0,0.0,0.0
2023-06-26 00:00:00-04:00,21.299999237060547,21.649999618530273,20.969999313354492,21.59000015258789,46100,0.0,0.0,0.0
2023-06-27 00:00:00-04:00,21.3700008392334,21.510000228881836,21.15999984741211,21.309999465942383,21600,0.0,0.0,0.0
2023-06-28 00:00:00-04:00,21.350000381469727,21.37700080871582,21.040000915527344,21.34000015258789,20100,0.0,0.0,0.0
2023-06-29 00:00:00-04:00,21.3700008392334,21.599000930786133,21.31100082397461,21.51300048828125,11600,0.0,0.0,0.0
2023-06-30 00:00:00-04:00,21.309999465942383,21.309999465942383,21.020000457763672,21.1200008392334,23800,0.0,0.0,0.0
2023-07-03 00:00:00-04:00,21.059999465942383,21.15999984741211,20.889999389648438,21.159000396728516,15300,0.0,0.0,0.0
2023-07-05 00:00:00-04:00,21.100000381469727,21.209999084472656,21.05500030517578,21.117000579833984,11500,0.0,0.0,0.0
2023-07-06 00:00:00-04:00,21.489999771118164,21.59000015258789,21.40999984741211,21.461000442504883,13200,0.0,0.0,0.0
2023-07-07 00:00:00-04:00,21.433000564575195,21.440000534057617,21.040000915527344,21.239999771118164,8700,0.0,0.0,0.0
2023-07-10 00:00:00-04:00,21.559999465942383,21.81999969482422,21.559999465942383,21.683000564575195,54800,0.0,0.0,0.0
2023-07-11 00:00:00-04:00,21.520000457763672,21.520000457763672,21.25,21.41200065612793,25100,0.0,0.0,0.0
2023-07-12 00:00:00-04:00,21.100000381469727,21.349000930786133,21.0310001373291,21.075000762939453,40300,0.0,0.0,0.0
2023-07-13 00:00:00-04:00,20.549999237060547,20.75,20.48699951171875,20.5,20900,0.0,0.0,0.0
2023-07-14 00:00:00-04:00,20.520000457763672,20.530000686645508,20.229999542236328,20.488000869750977,9300,0.0,0.0,0.0
2023-07-17 00:00:00-04:00,20.5,20.68000030517578,20.479000091552734,20.649999618530273,6600,0.0,0.0,0.0
2023-07-18 00:00:00-04:00,20.915000915527344,20.959999084472656,20.6200008392334,20.757999420166016,19300,0.0,0.0,0.0
2023-07-19 00:00:00-04:00,20.68000030517578,20.760000228881836,20.270000457763672,20.34000015258789,13400,0.0,0.0,0.0
2023-07-20 00:00:00-04:00,20.540000915527344,21.270000457763672,20.540000915527344,21.15999984741211,21600,0.0,0.0,0.0
2023-07-21 00:00:00-04:00,21.15999984741211,21.43000030517578,21.100000381469727,21.219999313354492,14900,0.0,0.0,0.0
2023-07-24 00:00:00-04:00,21.15999984741211,21.430999755859375,20.937999725341797,21.3700008392334,8900,0.0,0.0,0.0
2023-07-25 00:00:00-04:00,21.280000686645508,21.415000915527344,21.270999908447266,21.32699966430664,11300,0.0,0.0,0.0
2023-07-26 00:00:00-04:00,21.760000228881836,21.80299949645996,21.389999389648438,21.51099967956543,31200,0.0,0.0,0.0
2023-07-27 00:00:00-04:00,21.049999237060547,21.549999237060547,20.81999969482422,21.510000228881836,56600,0.0,0.0,0.0
2023-07-28 00:00:00-04:00,21.260000228881836,21.280000686645508,20.708999633789062,20.829999923706055,27700,0.0,0.0,0.0
