Date,Open,High,Low,Close,Volume,Dividends,Stock Splits
2021-04-26 00:00:00-04:00,9.800000190734863,9.800000190734863,9.800000190734863,9.800000190734863,1000,0.0,0.0
2021-04-27 00:00:00-04:00,9.845000267028809,9.850000381469727,9.845000267028809,9.850000381469727,800,0.0,0.0
2021-04-28 00:00:00-04:00,9.850000381469727,9.850000381469727,9.800000190734863,9.800000190734863,800,0.0,0.0
2021-04-29 00:00:00-04:00,9.84000015258789,9.84000015258789,9.84000015258789,9.84000015258789,1400,0.0,0.0
2021-04-30 00:00:00-04:00,9.819999694824219,9.84000015258789,9.760000228881836,9.84000015258789,41500,0.0,0.0
2021-05-03 00:00:00-04:00,9.8100004196167,9.84000015258789,9.8100004196167,9.84000015258789,5000,0.0,0.0
2021-05-04 00:00:00-04:00,9.800000190734863,9.979999542236328,9.800000190734863,9.800000190734863,11900,0.0,0.0
2021-05-05 00:00:00-04:00,9.829999923706055,9.850000381469727,9.800000190734863,9.850000381469727,28200,0.0,0.0
2021-05-06 00:00:00-04:00,9.829999923706055,9.829999923706055,9.829999923706055,9.829999923706055,8300,0.0,0.0
2021-05-07 00:00:00-04:00,9.8100004196167,9.854999542236328,9.8100004196167,9.854999542236328,700,0.0,0.0
2021-05-10 00:00:00-04:00,9.8100004196167,9.8100004196167,9.800000190734863,9.800000190734863,600,0.0,0.0
2021-05-11 00:00:00-04:00,9.819999694824219,9.859999656677246,9.800000190734863,9.859999656677246,5900,0.0,0.0
2021-05-12 00:00:00-04:00,9.859999656677246,9.899999618530273,9.859999656677246,9.899999618530273,1500,0.0,0.0
2021-05-13 00:00:00-04:00,9.899999618530273,9.899999618530273,9.899999618530273,9.899999618530273,0,0.0,0.0
2021-05-14 00:00:00-04:00,9.899999618530273,9.899999618530273,9.899999618530273,9.899999618530273,0,0.0,0.0
2021-05-17 00:00:00-04:00,9.899999618530273,9.899999618530273,9.899999618530273,9.899999618530273,0,0.0,0.0
2021-05-18 00:00:00-04:00,9.899999618530273,9.899999618530273,9.899999618530273,9.899999618530273,0,0.0,0.0
2021-05-19 00:00:00-04:00,9.899999618530273,9.899999618530273,9.899999618530273,9.899999618530273,0,0.0,0.0
2021-05-20 00:00:00-04:00,9.800000190734863,9.800000190734863,9.800000190734863,9.800000190734863,100,0.0,0.0
2021-05-21 00:00:00-04:00,9.800000190734863,9.800000190734863,9.800000190734863,9.800000190734863,0,0.0,0.0
2021-05-24 00:00:00-04:00,9.800000190734863,9.800000190734863,9.800000190734863,9.800000190734863,0,0.0,0.0
2021-05-25 00:00:00-04:00,9.800000190734863,9.800000190734863,9.800000190734863,9.800000190734863,0,0.0,0.0
2021-05-26 00:00:00-04:00,9.859999656677246,9.869999885559082,9.859999656677246,9.869999885559082,600,0.0,0.0
2021-05-27 00:00:00-04:00,9.869999885559082,9.869999885559082,9.869999885559082,9.869999885559082,0,0.0,0.0
2021-05-28 00:00:00-04:00,9.869999885559082,9.869999885559082,9.869999885559082,9.869999885559082,0,0.0,0.0
2021-06-01 00:00:00-04:00,9.829999923706055,9.859999656677246,9.75,9.760000228881836,2000,0.0,0.0
2021-06-02 00:00:00-04:00,9.760000228881836,9.795000076293945,9.760000228881836,9.770000457763672,4800,0.0,0.0
2021-06-03 00:00:00-04:00,9.770000457763672,9.770000457763672,9.770000457763672,9.770000457763672,0,0.0,0.0
2021-06-04 00:00:00-04:00,9.770000457763672,9.770000457763672,9.770000457763672,9.770000457763672,0,0.0,0.0
2021-06-07 00:00:00-04:00,9.800000190734863,9.800000190734863,9.800000190734863,9.800000190734863,200,0.0,0.0
2021-06-08 00:00:00-04:00,9.800000190734863,9.800000190734863,9.800000190734863,9.800000190734863,0,0.0,0.0
2021-06-09 00:00:00-04:00,9.850000381469727,9.850000381469727,9.850000381469727,9.850000381469727,10800,0.0,0.0
2021-06-10 00:00:00-04:00,9.899999618530273,9.899999618530273,9.859999656677246,9.899999618530273,24300,0.0,0.0
2021-06-11 00:00:00-04:00,9.930000305175781,9.930000305175781,9.920000076293945,9.920000076293945,400,0.0,0.0
2021-06-14 00:00:00-04:00,9.899999618530273,9.899999618530273,9.899999618530273,9.899999618530273,5400,0.0,0.0
2021-06-15 00:00:00-04:00,9.920000076293945,9.920000076293945,9.84000015258789,9.899999618530273,27300,0.0,0.0
2021-06-16 00:00:00-04:00,9.899999618530273,9.899999618530273,9.899999618530273,9.899999618530273,0,0.0,0.0
2021-06-17 00:00:00-04:00,9.899999618530273,9.899999618530273,9.899999618530273,9.899999618530273,30200,0.0,0.0
2021-06-18 00:00:00-04:00,9.899999618530273,9.899999618530273,9.899999618530273,9.899999618530273,0,0.0,0.0
2021-06-21 00:00:00-04:00,9.899999618530273,9.899999618530273,9.899999618530273,9.899999618530273,0,0.0,0.0
2021-06-22 00:00:00-04:00,9.899999618530273,9.899999618530273,9.899999618530273,9.899999618530273,0,0.0,0.0
2021-06-23 00:00:00-04:00,9.899999618530273,9.899999618530273,9.899999618530273,9.899999618530273,0,0.0,0.0
2021-06-24 00:00:00-04:00,9.899999618530273,9.899999618530273,9.899999618530273,9.899999618530273,0,0.0,0.0
2021-06-25 00:00:00-04:00,9.8100004196167,9.8100004196167,9.8100004196167,9.8100004196167,600,0.0,0.0
2021-06-28 00:00:00-04:00,9.8100004196167,9.8100004196167,9.8100004196167,9.8100004196167,0,0.0,0.0
2021-06-29 00:00:00-04:00,9.800000190734863,9.800000190734863,9.75,9.800000190734863,27800,0.0,0.0
2021-06-30 00:00:00-04:00,9.770000457763672,9.779999732971191,9.75,9.75,10800,0.0,0.0
2021-07-01 00:00:00-04:00,9.710000038146973,9.779999732971191,9.710000038146973,9.75,6300,0.0,0.0
2021-07-02 00:00:00-04:00,9.710000038146973,9.729999542236328,9.710000038146973,9.720000267028809,450900,0.0,0.0
2021-07-06 00:00:00-04:00,9.710000038146973,9.75,9.710000038146973,9.75,37000,0.0,0.0
2021-07-07 00:00:00-04:00,9.729999542236328,9.770000457763672,9.720000267028809,9.770000457763672,6500,0.0,0.0
2021-07-08 00:00:00-04:00,9.710000038146973,9.770000457763672,9.699999809265137,9.770000457763672,8200,0.0,0.0
2021-07-09 00:00:00-04:00,9.770000457763672,9.770000457763672,9.770000457763672,9.770000457763672,5100,0.0,0.0
2021-07-12 00:00:00-04:00,9.770000457763672,9.770000457763672,9.770000457763672,9.770000457763672,0,0.0,0.0
2021-07-13 00:00:00-04:00,9.770000457763672,9.770000457763672,9.770000457763672,9.770000457763672,0,0.0,0.0
2021-07-14 00:00:00-04:00,9.824999809265137,9.824999809265137,9.824999809265137,9.824999809265137,300,0.0,0.0
2021-07-15 00:00:00-04:00,9.859999656677246,9.859999656677246,9.699999809265137,9.699999809265137,14500,0.0,0.0
2021-07-16 00:00:00-04:00,9.668000221252441,9.729999542236328,9.668000221252441,9.710000038146973,6700,0.0,0.0
2021-07-19 00:00:00-04:00,9.739999771118164,9.739999771118164,9.6899995803833,9.729999542236328,3400,0.0,0.0
2021-07-20 00:00:00-04:00,9.729999542236328,9.729999542236328,9.729999542236328,9.729999542236328,0,0.0,0.0
2021-07-21 00:00:00-04:00,9.725000381469727,9.725000381469727,9.725000381469727,9.725000381469727,1600,0.0,0.0
2021-07-22 00:00:00-04:00,9.725000381469727,9.725000381469727,9.725000381469727,9.725000381469727,0,0.0,0.0
2021-07-23 00:00:00-04:00,9.704999923706055,9.704999923706055,9.704999923706055,9.704999923706055,300,0.0,0.0
2021-07-26 00:00:00-04:00,9.75,9.75,9.75,9.75,500,0.0,0.0
2021-07-27 00:00:00-04:00,9.720000267028809,9.720000267028809,9.720000267028809,9.720000267028809,2000,0.0,0.0
2021-07-28 00:00:00-04:00,9.720000267028809,9.720000267028809,9.720000267028809,9.720000267028809,0,0.0,0.0
2021-07-29 00:00:00-04:00,9.720000267028809,9.720000267028809,9.720000267028809,9.720000267028809,0,0.0,0.0
2021-07-30 00:00:00-04:00,9.720000267028809,9.720000267028809,9.720000267028809,9.720000267028809,0,0.0,0.0
2021-08-02 00:00:00-04:00,9.670000076293945,9.699999809265137,9.670000076293945,9.699999809265137,400,0.0,0.0
2021-08-03 00:00:00-04:00,9.699999809265137,9.699999809265137,9.699999809265137,9.699999809265137,0,0.0,0.0
2021-08-04 00:00:00-04:00,9.699999809265137,9.699999809265137,9.699999809265137,9.699999809265137,0,0.0,0.0
2021-08-05 00:00:00-04:00,9.699999809265137,9.710000038146973,9.699999809265137,9.710000038146973,85500,0.0,0.0
2021-08-06 00:00:00-04:00,9.720000267028809,9.75,9.720000267028809,9.75,1100,0.0,0.0
2021-08-09 00:00:00-04:00,9.779999732971191,9.779999732971191,9.720000267028809,9.75,37700,0.0,0.0
2021-08-10 00:00:00-04:00,9.760000228881836,9.90999984741211,9.720000267028809,9.869999885559082,83900,0.0,0.0
2021-08-11 00:00:00-04:00,9.869999885559082,9.918000221252441,9.760000228881836,9.859999656677246,8900,0.0,0.0
2021-08-12 00:00:00-04:00,9.829999923706055,9.90999984741211,9.75,9.789999961853027,7000,0.0,0.0
2021-08-13 00:00:00-04:00,9.75,9.755000114440918,9.75,9.755000114440918,400,0.0,0.0
2021-08-16 00:00:00-04:00,9.755000114440918,9.755000114440918,9.755000114440918,9.755000114440918,0,0.0,0.0
2021-08-17 00:00:00-04:00,9.755000114440918,9.755000114440918,9.755000114440918,9.755000114440918,0,0.0,0.0
2021-08-18 00:00:00-04:00,9.75,9.859999656677246,9.680000305175781,9.680000305175781,92800,0.0,0.0
2021-08-19 00:00:00-04:00,9.699999809265137,9.699999809265137,9.699999809265137,9.699999809265137,300,0.0,0.0
2021-08-20 00:00:00-04:00,9.699999809265137,9.699999809265137,9.699999809265137,9.699999809265137,0,0.0,0.0
2021-08-23 00:00:00-04:00,9.699999809265137,9.699999809265137,9.699999809265137,9.699999809265137,0,0.0,0.0
2021-08-24 00:00:00-04:00,9.65999984741211,9.65999984741211,9.65999984741211,9.65999984741211,100,0.0,0.0
2021-08-25 00:00:00-04:00,9.65999984741211,9.65999984741211,9.65999984741211,9.65999984741211,100,0.0,0.0
2021-08-26 00:00:00-04:00,9.65999984741211,9.65999984741211,9.65999984741211,9.65999984741211,0,0.0,0.0
2021-08-27 00:00:00-04:00,9.65999984741211,9.65999984741211,9.65999984741211,9.65999984741211,0,0.0,0.0
2021-08-30 00:00:00-04:00,9.649999618530273,9.649999618530273,9.649999618530273,9.649999618530273,300,0.0,0.0
2021-08-31 00:00:00-04:00,9.770000457763672,9.770000457763672,9.65999984741211,9.680000305175781,10800,0.0,0.0
2021-09-01 00:00:00-04:00,9.800000190734863,9.800000190734863,9.649999618530273,9.649999618530273,600,0.0,0.0
2021-09-02 00:00:00-04:00,9.649999618530273,9.649999618530273,9.649999618530273,9.649999618530273,4300,0.0,0.0
2021-09-03 00:00:00-04:00,9.649999618530273,9.739999771118164,9.649999618530273,9.680000305175781,38000,0.0,0.0
2021-09-07 00:00:00-04:00,9.75,9.75,9.649999618530273,9.699999809265137,243600,0.0,0.0
2021-09-08 00:00:00-04:00,9.680000305175781,9.850000381469727,9.680000305175781,9.850000381469727,500,0.0,0.0
2021-09-09 00:00:00-04:00,9.850000381469727,9.850000381469727,9.850000381469727,9.850000381469727,0,0.0,0.0
2021-09-10 00:00:00-04:00,9.6850004196167,9.765000343322754,9.680000305175781,9.765000343322754,17000,0.0,0.0
2021-09-13 00:00:00-04:00,9.720000267028809,9.75,9.680000305175781,9.729999542236328,6400,0.0,0.0
2021-09-14 00:00:00-04:00,9.720000267028809,9.84000015258789,9.699999809265137,9.84000015258789,98100,0.0,0.0
2021-09-15 00:00:00-04:00,9.729999542236328,9.800000190734863,9.710000038146973,9.800000190734863,4200,0.0,0.0
2021-09-16 00:00:00-04:00,9.800000190734863,9.800000190734863,9.800000190734863,9.800000190734863,0,0.0,0.0
2021-09-17 00:00:00-04:00,9.800000190734863,9.800000190734863,9.800000190734863,9.800000190734863,0,0.0,0.0
2021-09-20 00:00:00-04:00,9.6899995803833,9.800000190734863,9.680000305175781,9.800000190734863,54600,0.0,0.0
2021-09-21 00:00:00-04:00,9.75,9.779999732971191,9.75,9.770000457763672,453100,0.0,0.0
2021-09-22 00:00:00-04:00,9.760000228881836,9.770000457763672,9.760000228881836,9.770000457763672,800,0.0,0.0
2021-09-23 00:00:00-04:00,9.770000457763672,9.770000457763672,9.770000457763672,9.770000457763672,0,0.0,0.0
2021-09-24 00:00:00-04:00,9.770000457763672,9.770000457763672,9.770000457763672,9.770000457763672,0,0.0,0.0
2021-09-27 00:00:00-04:00,9.720000267028809,9.789999961853027,9.720000267028809,9.779999732971191,503500,0.0,0.0
2021-09-28 00:00:00-04:00,9.770000457763672,9.829999923706055,9.770000457763672,9.800000190734863,600,0.0,0.0
2021-09-29 00:00:00-04:00,9.729999542236328,9.850000381469727,9.729999542236328,9.770000457763672,2800,0.0,0.0
2021-09-30 00:00:00-04:00,9.6899995803833,9.770000457763672,9.6899995803833,9.739999771118164,6900,0.0,0.0
2021-10-01 00:00:00-04:00,9.770000457763672,9.800000190734863,9.739999771118164,9.800000190734863,3300,0.0,0.0
2021-10-04 00:00:00-04:00,9.800000190734863,9.800000190734863,9.729999542236328,9.800000190734863,2400,0.0,0.0
2021-10-05 00:00:00-04:00,9.800000190734863,9.800000190734863,9.800000190734863,9.800000190734863,0,0.0,0.0
2021-10-06 00:00:00-04:00,9.770000457763672,9.800000190734863,9.770000457763672,9.800000190734863,322700,0.0,0.0
2021-10-07 00:00:00-04:00,9.800000190734863,9.800000190734863,9.770000457763672,9.770000457763672,1200,0.0,0.0
2021-10-08 00:00:00-04:00,9.729999542236328,9.729999542236328,9.729999542236328,9.729999542236328,100,0.0,0.0
2021-10-11 00:00:00-04:00,9.729999542236328,9.729999542236328,9.729999542236328,9.729999542236328,0,0.0,0.0
2021-10-12 00:00:00-04:00,9.779999732971191,9.779999732971191,9.779999732971191,9.779999732971191,100,0.0,0.0
2021-10-13 00:00:00-04:00,9.779999732971191,9.779999732971191,9.779999732971191,9.779999732971191,0,0.0,0.0
2021-10-14 00:00:00-04:00,9.779999732971191,9.779999732971191,9.760000228881836,9.760000228881836,500,0.0,0.0
2021-10-15 00:00:00-04:00,9.760000228881836,9.760000228881836,9.760000228881836,9.760000228881836,0,0.0,0.0
2021-10-18 00:00:00-04:00,9.729999542236328,9.779999732971191,9.729999542236328,9.779999732971191,42800,0.0,0.0
2021-10-19 00:00:00-04:00,9.779999732971191,9.779999732971191,9.779999732971191,9.779999732971191,300,0.0,0.0
2021-10-20 00:00:00-04:00,9.779999732971191,9.779999732971191,9.779999732971191,9.779999732971191,0,0.0,0.0
2021-10-21 00:00:00-04:00,9.739999771118164,9.779999732971191,9.739999771118164,9.779999732971191,3600,0.0,0.0
2021-10-22 00:00:00-04:00,9.779999732971191,9.779999732971191,9.779999732971191,9.779999732971191,0,0.0,0.0
2021-10-25 00:00:00-04:00,9.779999732971191,9.779999732971191,9.739999771118164,9.739999771118164,600,0.0,0.0
2021-10-26 00:00:00-04:00,9.739999771118164,9.770000457763672,9.739999771118164,9.770000457763672,1300,0.0,0.0
2021-10-27 00:00:00-04:00,9.739999771118164,9.770000457763672,9.739999771118164,9.770000457763672,600,0.0,0.0
2021-10-28 00:00:00-04:00,9.770000457763672,9.770000457763672,9.770000457763672,9.770000457763672,0,0.0,0.0
2021-10-29 00:00:00-04:00,9.739999771118164,9.739999771118164,9.739999771118164,9.739999771118164,1500,0.0,0.0
2021-11-01 00:00:00-04:00,9.739999771118164,9.770000457763672,9.739999771118164,9.739999771118164,1900,0.0,0.0
2021-11-02 00:00:00-04:00,9.760000228881836,9.789999961853027,9.739999771118164,9.789999961853027,15100,0.0,0.0
2021-11-03 00:00:00-04:00,9.739999771118164,9.779999732971191,9.739999771118164,9.779999732971191,600,0.0,0.0
2021-11-04 00:00:00-04:00,9.75,9.770000457763672,9.739999771118164,9.760000228881836,116400,0.0,0.0
2021-11-05 00:00:00-04:00,9.760000228881836,9.760000228881836,9.760000228881836,9.760000228881836,0,0.0,0.0
2021-11-08 00:00:00-05:00,9.75,9.770000457763672,9.75,9.770000457763672,4700,0.0,0.0
2021-11-09 00:00:00-05:00,9.770000457763672,9.770000457763672,9.770000457763672,9.770000457763672,500,0.0,0.0
2021-11-10 00:00:00-05:00,9.75,9.75,9.75,9.75,200,0.0,0.0
2021-11-11 00:00:00-05:00,9.760000228881836,9.770000457763672,9.75,9.770000457763672,6300,0.0,0.0
2021-11-12 00:00:00-05:00,9.739999771118164,9.739999771118164,9.739999771118164,9.739999771118164,200000,0.0,0.0
2021-11-15 00:00:00-05:00,9.739999771118164,9.739999771118164,9.739999771118164,9.739999771118164,0,0.0,0.0
2021-11-16 00:00:00-05:00,9.739999771118164,9.739999771118164,9.739999771118164,9.739999771118164,0,0.0,0.0
2021-11-17 00:00:00-05:00,9.75,9.779999732971191,9.75,9.779999732971191,1400,0.0,0.0
2021-11-18 00:00:00-05:00,9.774999618530273,9.850000381469727,9.770000457763672,9.850000381469727,135500,0.0,0.0
2021-11-19 00:00:00-05:00,9.850000381469727,9.850000381469727,9.8100004196167,9.8100004196167,1500,0.0,0.0
2021-11-22 00:00:00-05:00,9.8100004196167,9.8100004196167,9.8100004196167,9.8100004196167,0,0.0,0.0
2021-11-23 00:00:00-05:00,9.850000381469727,9.850000381469727,9.800000190734863,9.850000381469727,9200,0.0,0.0
2021-11-24 00:00:00-05:00,9.850000381469727,9.850000381469727,9.850000381469727,9.850000381469727,0,0.0,0.0
2021-11-26 00:00:00-05:00,9.850000381469727,9.850000381469727,9.850000381469727,9.850000381469727,0,0.0,0.0
2021-11-29 00:00:00-05:00,9.850000381469727,9.850000381469727,9.850000381469727,9.850000381469727,0,0.0,0.0
2021-11-30 00:00:00-05:00,9.770000457763672,9.819999694824219,9.770000457763672,9.819999694824219,18800,0.0,0.0
2021-12-01 00:00:00-05:00,9.819999694824219,9.819999694824219,9.75,9.819999694824219,35600,0.0,0.0
2021-12-02 00:00:00-05:00,9.75,9.800000190734863,9.75,9.800000190734863,2400,0.0,0.0
2021-12-03 00:00:00-05:00,9.770000457763672,9.770000457763672,9.770000457763672,9.770000457763672,100,0.0,0.0
2021-12-06 00:00:00-05:00,9.760000228881836,9.760000228881836,9.760000228881836,9.760000228881836,300,0.0,0.0
2021-12-07 00:00:00-05:00,9.850000381469727,9.850000381469727,9.760000228881836,9.789999961853027,2300,0.0,0.0
2021-12-08 00:00:00-05:00,9.770000457763672,9.8100004196167,9.760000228881836,9.770000457763672,3000,0.0,0.0
2021-12-09 00:00:00-05:00,9.779999732971191,9.779999732971191,9.779999732971191,9.779999732971191,210000,0.0,0.0
2021-12-10 00:00:00-05:00,9.779999732971191,9.779999732971191,9.779999732971191,9.779999732971191,0,0.0,0.0
2021-12-13 00:00:00-05:00,9.779999732971191,9.779999732971191,9.779999732971191,9.779999732971191,0,0.0,0.0
2021-12-14 00:00:00-05:00,9.760000228881836,9.770000457763672,9.75,9.770000457763672,12600,0.0,0.0
2021-12-15 00:00:00-05:00,9.744999885559082,9.770000457763672,9.744999885559082,9.770000457763672,1300,0.0,0.0
2021-12-16 00:00:00-05:00,9.739999771118164,9.75,9.739999771118164,9.75,18600,0.0,0.0
2021-12-17 00:00:00-05:00,9.729999542236328,9.739999771118164,9.729999542236328,9.739999771118164,500,0.0,0.0
2021-12-20 00:00:00-05:00,9.739999771118164,9.739999771118164,9.739999771118164,9.739999771118164,900,0.0,0.0
2021-12-21 00:00:00-05:00,9.739999771118164,9.739999771118164,9.739999771118164,9.739999771118164,0,0.0,0.0
2021-12-22 00:00:00-05:00,9.739999771118164,9.75,9.729999542236328,9.75,11200,0.0,0.0
2021-12-23 00:00:00-05:00,9.75,9.75,9.75,9.75,0,0.0,0.0
2021-12-27 00:00:00-05:00,9.75,9.75,9.75,9.75,0,0.0,0.0
2021-12-28 00:00:00-05:00,9.710000038146973,9.75,9.710000038146973,9.720000267028809,4000,0.0,0.0
2021-12-29 00:00:00-05:00,9.720000267028809,9.720000267028809,9.720000267028809,9.720000267028809,0,0.0,0.0
2021-12-30 00:00:00-05:00,9.720000267028809,9.760000228881836,9.720000267028809,9.760000228881836,5600,0.0,0.0
2021-12-31 00:00:00-05:00,9.720000267028809,9.760000228881836,9.720000267028809,9.760000228881836,1200,0.0,0.0
2022-01-03 00:00:00-05:00,9.779999732971191,9.84000015258789,9.779999732971191,9.78499984741211,26500,0.0,0.0
2022-01-04 00:00:00-05:00,9.789999961853027,9.819999694824219,9.779999732971191,9.819999694824219,312700,0.0,0.0
2022-01-05 00:00:00-05:00,9.800000190734863,9.8100004196167,9.789999961853027,9.8100004196167,7100,0.0,0.0
2022-01-06 00:00:00-05:00,9.779999732971191,9.8100004196167,9.779999732971191,9.8100004196167,400,0.0,0.0
2022-01-07 00:00:00-05:00,9.8100004196167,9.8100004196167,9.8100004196167,9.8100004196167,0,0.0,0.0
2022-01-10 00:00:00-05:00,9.8100004196167,9.8100004196167,9.8100004196167,9.8100004196167,0,0.0,0.0
2022-01-11 00:00:00-05:00,9.8100004196167,9.8100004196167,9.8100004196167,9.8100004196167,0,0.0,0.0
2022-01-12 00:00:00-05:00,9.8100004196167,9.8100004196167,9.8100004196167,9.8100004196167,0,0.0,0.0
2022-01-13 00:00:00-05:00,9.8100004196167,9.8100004196167,9.779999732971191,9.779999732971191,500,0.0,0.0
2022-01-14 00:00:00-05:00,9.779999732971191,9.779999732971191,9.779999732971191,9.779999732971191,0,0.0,0.0
2022-01-18 00:00:00-05:00,9.779999732971191,9.779999732971191,9.779999732971191,9.779999732971191,0,0.0,0.0
2022-01-19 00:00:00-05:00,9.779999732971191,9.779999732971191,9.779999732971191,9.779999732971191,0,0.0,0.0
2022-01-20 00:00:00-05:00,9.75,9.75,9.75,9.75,177500,0.0,0.0
2022-01-21 00:00:00-05:00,9.75,9.75,9.75,9.75,500,0.0,0.0
2022-01-24 00:00:00-05:00,9.720000267028809,9.720000267028809,9.710000038146973,9.710000038146973,2100,0.0,0.0
2022-01-25 00:00:00-05:00,9.710000038146973,9.710000038146973,9.699999809265137,9.699999809265137,223800,0.0,0.0
2022-01-26 00:00:00-05:00,9.699999809265137,9.699999809265137,9.699999809265137,9.699999809265137,0,0.0,0.0
2022-01-27 00:00:00-05:00,9.699999809265137,9.699999809265137,9.699999809265137,9.699999809265137,300,0.0,0.0
2022-01-28 00:00:00-05:00,9.699999809265137,9.699999809265137,9.699999809265137,9.699999809265137,0,0.0,0.0
2022-01-31 00:00:00-05:00,9.699999809265137,9.720000267028809,9.699999809265137,9.720000267028809,10100,0.0,0.0
2022-02-01 00:00:00-05:00,9.720000267028809,9.729999542236328,9.720000267028809,9.729999542236328,9600,0.0,0.0
2022-02-02 00:00:00-05:00,9.729999542236328,9.729999542236328,9.729999542236328,9.729999542236328,0,0.0,0.0
2022-02-03 00:00:00-05:00,9.6899995803833,9.739999771118164,9.6899995803833,9.739999771118164,200,0.0,0.0
2022-02-04 00:00:00-05:00,9.739999771118164,9.739999771118164,9.739999771118164,9.739999771118164,0,0.0,0.0
2022-02-07 00:00:00-05:00,9.739999771118164,9.739999771118164,9.729999542236328,9.739999771118164,6200,0.0,0.0
2022-02-08 00:00:00-05:00,9.699999809265137,9.699999809265137,9.699999809265137,9.699999809265137,400,0.0,0.0
2022-02-09 00:00:00-05:00,9.699999809265137,9.699999809265137,9.699999809265137,9.699999809265137,0,0.0,0.0
2022-02-10 00:00:00-05:00,9.720000267028809,9.720000267028809,9.720000267028809,9.720000267028809,300,0.0,0.0
2022-02-11 00:00:00-05:00,9.720000267028809,9.720000267028809,9.720000267028809,9.720000267028809,0,0.0,0.0
2022-02-14 00:00:00-05:00,9.720000267028809,9.739999771118164,9.720000267028809,9.739999771118164,6100,0.0,0.0
2022-02-15 00:00:00-05:00,9.739999771118164,9.739999771118164,9.739999771118164,9.739999771118164,100,0.0,0.0
2022-02-16 00:00:00-05:00,9.739999771118164,9.739999771118164,9.739999771118164,9.739999771118164,0,0.0,0.0
2022-02-17 00:00:00-05:00,9.739999771118164,9.739999771118164,9.739999771118164,9.739999771118164,0,0.0,0.0
2022-02-18 00:00:00-05:00,9.739999771118164,9.739999771118164,9.739999771118164,9.739999771118164,0,0.0,0.0
2022-02-22 00:00:00-05:00,9.739999771118164,9.739999771118164,9.739999771118164,9.739999771118164,100,0.0,0.0
2022-02-23 00:00:00-05:00,9.739999771118164,9.739999771118164,9.720000267028809,9.720000267028809,23300,0.0,0.0
2022-02-24 00:00:00-05:00,9.720000267028809,9.720000267028809,9.720000267028809,9.720000267028809,0,0.0,0.0
2022-02-25 00:00:00-05:00,9.720000267028809,9.720000267028809,9.720000267028809,9.720000267028809,0,0.0,0.0
2022-02-28 00:00:00-05:00,9.725000381469727,9.725000381469727,9.720000267028809,9.720000267028809,3100,0.0,0.0
2022-03-01 00:00:00-05:00,9.725000381469727,9.725000381469727,9.710000038146973,9.710000038146973,600,0.0,0.0
2022-03-02 00:00:00-05:00,9.710000038146973,9.710000038146973,9.710000038146973,9.710000038146973,0,0.0,0.0
2022-03-03 00:00:00-05:00,9.710000038146973,9.720000267028809,9.710000038146973,9.720000267028809,3600,0.0,0.0
2022-03-04 00:00:00-05:00,9.720000267028809,9.720000267028809,9.720000267028809,9.720000267028809,0,0.0,0.0
2022-03-07 00:00:00-05:00,9.720000267028809,9.720000267028809,9.720000267028809,9.720000267028809,0,0.0,0.0
2022-03-08 00:00:00-05:00,9.739999771118164,9.739999771118164,9.739999771118164,9.739999771118164,111800,0.0,0.0
2022-03-09 00:00:00-05:00,9.739999771118164,9.739999771118164,9.739999771118164,9.739999771118164,49100,0.0,0.0
2022-03-10 00:00:00-05:00,9.739999771118164,9.739999771118164,9.739999771118164,9.739999771118164,0,0.0,0.0
2022-03-11 00:00:00-05:00,9.739999771118164,9.739999771118164,9.729999542236328,9.729999542236328,25100,0.0,0.0
2022-03-14 00:00:00-04:00,9.699999809265137,9.729999542236328,9.699999809265137,9.729999542236328,3700,0.0,0.0
2022-03-15 00:00:00-04:00,9.729999542236328,9.729999542236328,9.729999542236328,9.729999542236328,2300,0.0,0.0
2022-03-16 00:00:00-04:00,9.729999542236328,9.739999771118164,9.729999542236328,9.739999771118164,600,0.0,0.0
2022-03-17 00:00:00-04:00,9.739999771118164,9.739999771118164,9.739999771118164,9.739999771118164,0,0.0,0.0
2022-03-18 00:00:00-04:00,9.739999771118164,9.739999771118164,9.739999771118164,9.739999771118164,0,0.0,0.0
2022-03-21 00:00:00-04:00,9.734999656677246,9.75,9.734999656677246,9.75,1900,0.0,0.0
2022-03-22 00:00:00-04:00,9.75,9.75,9.75,9.75,0,0.0,0.0
2022-03-23 00:00:00-04:00,9.75,9.75,9.75,9.75,0,0.0,0.0
2022-03-24 00:00:00-04:00,9.75,9.75,9.75,9.75,0,0.0,0.0
2022-03-25 00:00:00-04:00,9.770000457763672,9.770000457763672,9.770000457763672,9.770000457763672,200,0.0,0.0
2022-03-28 00:00:00-04:00,9.770000457763672,9.770000457763672,9.770000457763672,9.770000457763672,6800,0.0,0.0
2022-03-29 00:00:00-04:00,9.770000457763672,9.770000457763672,9.770000457763672,9.770000457763672,0,0.0,0.0
2022-03-30 00:00:00-04:00,9.770000457763672,9.770000457763672,9.770000457763672,9.770000457763672,0,0.0,0.0
2022-03-31 00:00:00-04:00,9.770000457763672,9.789999961853027,9.760000228881836,9.789999961853027,1700,0.0,0.0
2022-04-01 00:00:00-04:00,9.779999732971191,9.779999732971191,9.779999732971191,9.779999732971191,55000,0.0,0.0
2022-04-04 00:00:00-04:00,9.779999732971191,9.779999732971191,9.779999732971191,9.779999732971191,61900,0.0,0.0
2022-04-05 00:00:00-04:00,9.779999732971191,9.779999732971191,9.779999732971191,9.779999732971191,1600,0.0,0.0
2022-04-06 00:00:00-04:00,9.779999732971191,9.779999732971191,9.779999732971191,9.779999732971191,0,0.0,0.0
2022-04-07 00:00:00-04:00,9.779999732971191,9.779999732971191,9.779999732971191,9.779999732971191,200,0.0,0.0
2022-04-08 00:00:00-04:00,9.779999732971191,9.779999732971191,9.779999732971191,9.779999732971191,0,0.0,0.0
2022-04-11 00:00:00-04:00,9.779999732971191,9.779999732971191,9.779999732971191,9.779999732971191,0,0.0,0.0
2022-04-12 00:00:00-04:00,9.779999732971191,9.779999732971191,9.779999732971191,9.779999732971191,0,0.0,0.0
2022-04-13 00:00:00-04:00,9.835000038146973,9.880000114440918,9.835000038146973,9.880000114440918,24500,0.0,0.0
2022-04-14 00:00:00-04:00,9.880000114440918,9.890000343322754,9.880000114440918,9.880000114440918,1500,0.0,0.0
2022-04-18 00:00:00-04:00,9.880000114440918,9.880000114440918,9.880000114440918,9.880000114440918,0,0.0,0.0
2022-04-19 00:00:00-04:00,9.880000114440918,9.880000114440918,9.880000114440918,9.880000114440918,0,0.0,0.0
2022-04-20 00:00:00-04:00,9.880000114440918,9.880000114440918,9.880000114440918,9.880000114440918,100,0.0,0.0
2022-04-21 00:00:00-04:00,9.880000114440918,9.880000114440918,9.880000114440918,9.880000114440918,0,0.0,0.0
2022-04-22 00:00:00-04:00,9.880000114440918,9.880000114440918,9.880000114440918,9.880000114440918,0,0.0,0.0
2022-04-25 00:00:00-04:00,9.880000114440918,9.880000114440918,9.880000114440918,9.880000114440918,0,0.0,0.0
2022-04-26 00:00:00-04:00,9.880000114440918,9.880000114440918,9.880000114440918,9.880000114440918,0,0.0,0.0
2022-04-27 00:00:00-04:00,9.880000114440918,9.880000114440918,9.880000114440918,9.880000114440918,0,0.0,0.0
2022-04-28 00:00:00-04:00,9.829999923706055,9.829999923706055,9.829999923706055,9.829999923706055,1000,0.0,0.0
2022-04-29 00:00:00-04:00,9.8100004196167,9.8100004196167,9.8100004196167,9.8100004196167,1100,0.0,0.0
2022-05-02 00:00:00-04:00,9.819999694824219,9.819999694824219,9.819999694824219,9.819999694824219,7000,0.0,0.0
2022-05-03 00:00:00-04:00,9.819999694824219,9.819999694824219,9.819999694824219,9.819999694824219,200,0.0,0.0
2022-05-04 00:00:00-04:00,9.829999923706055,9.829999923706055,9.819999694824219,9.819999694824219,5000,0.0,0.0
2022-05-05 00:00:00-04:00,9.819999694824219,9.819999694824219,9.819999694824219,9.819999694824219,0,0.0,0.0
2022-05-06 00:00:00-04:00,9.819999694824219,9.819999694824219,9.819999694824219,9.819999694824219,0,0.0,0.0
2022-05-09 00:00:00-04:00,9.8100004196167,9.8100004196167,9.8100004196167,9.8100004196167,500,0.0,0.0
2022-05-10 00:00:00-04:00,9.800000190734863,9.800000190734863,9.789999961853027,9.789999961853027,27800,0.0,0.0
2022-05-11 00:00:00-04:00,9.789999961853027,9.789999961853027,9.789999961853027,9.789999961853027,0,0.0,0.0
2022-05-12 00:00:00-04:00,9.779999732971191,9.779999732971191,9.760000228881836,9.760000228881836,23500,0.0,0.0
2022-05-13 00:00:00-04:00,9.770000457763672,9.770000457763672,9.770000457763672,9.770000457763672,12600,0.0,0.0
2022-05-16 00:00:00-04:00,9.770000457763672,9.770000457763672,9.770000457763672,9.770000457763672,0,0.0,0.0
2022-05-17 00:00:00-04:00,9.770000457763672,9.779999732971191,9.770000457763672,9.779999732971191,768100,0.0,0.0
2022-05-18 00:00:00-04:00,9.795000076293945,9.795000076293945,9.795000076293945,9.795000076293945,100,0.0,0.0
2022-05-19 00:00:00-04:00,9.795000076293945,9.795000076293945,9.795000076293945,9.795000076293945,0,0.0,0.0
2022-05-20 00:00:00-04:00,9.770000457763672,9.770000457763672,9.770000457763672,9.770000457763672,800,0.0,0.0
2022-05-23 00:00:00-04:00,9.770000457763672,9.770000457763672,9.770000457763672,9.770000457763672,0,0.0,0.0
2022-05-24 00:00:00-04:00,9.770000457763672,9.770000457763672,9.770000457763672,9.770000457763672,100,0.0,0.0
2022-05-25 00:00:00-04:00,9.770000457763672,9.770000457763672,9.770000457763672,9.770000457763672,0,0.0,0.0
2022-05-26 00:00:00-04:00,9.770000457763672,9.770000457763672,9.770000457763672,9.770000457763672,0,0.0,0.0
2022-05-27 00:00:00-04:00,9.770000457763672,9.770000457763672,9.770000457763672,9.770000457763672,0,0.0,0.0
2022-05-31 00:00:00-04:00,9.78499984741211,9.78499984741211,9.78499984741211,9.78499984741211,134000,0.0,0.0
2022-06-01 00:00:00-04:00,9.800000190734863,9.800000190734863,9.800000190734863,9.800000190734863,200,0.0,0.0
2022-06-02 00:00:00-04:00,9.800000190734863,9.800000190734863,9.800000190734863,9.800000190734863,0,0.0,0.0
2022-06-03 00:00:00-04:00,9.789999961853027,9.789999961853027,9.789999961853027,9.789999961853027,100,0.0,0.0
2022-06-06 00:00:00-04:00,9.789999961853027,9.789999961853027,9.789999961853027,9.789999961853027,100,0.0,0.0
2022-06-07 00:00:00-04:00,9.789999961853027,9.800000190734863,9.789999961853027,9.800000190734863,200,0.0,0.0
2022-06-08 00:00:00-04:00,9.800000190734863,9.800000190734863,9.800000190734863,9.800000190734863,0,0.0,0.0
2022-06-09 00:00:00-04:00,9.800000190734863,9.800000190734863,9.800000190734863,9.800000190734863,4900,0.0,0.0
2022-06-10 00:00:00-04:00,9.8100004196167,9.8100004196167,9.8100004196167,9.8100004196167,5400,0.0,0.0
2022-06-13 00:00:00-04:00,9.8100004196167,9.8100004196167,9.8100004196167,9.8100004196167,0,0.0,0.0
2022-06-14 00:00:00-04:00,9.8100004196167,9.8100004196167,9.8100004196167,9.8100004196167,5800,0.0,0.0
2022-06-15 00:00:00-04:00,9.8100004196167,9.8100004196167,9.8100004196167,9.8100004196167,200,0.0,0.0
2022-06-16 00:00:00-04:00,9.8100004196167,9.8100004196167,9.8100004196167,9.8100004196167,300,0.0,0.0
2022-06-17 00:00:00-04:00,9.8100004196167,9.8100004196167,9.8100004196167,9.8100004196167,0,0.0,0.0
2022-06-21 00:00:00-04:00,9.8100004196167,9.8100004196167,9.8100004196167,9.8100004196167,0,0.0,0.0
2022-06-22 00:00:00-04:00,9.8100004196167,9.8100004196167,9.8100004196167,9.8100004196167,0,0.0,0.0
2022-06-23 00:00:00-04:00,9.8100004196167,9.8100004196167,9.8100004196167,9.8100004196167,0,0.0,0.0
2022-06-24 00:00:00-04:00,9.8100004196167,9.8100004196167,9.8100004196167,9.8100004196167,0,0.0,0.0
2022-06-27 00:00:00-04:00,9.819999694824219,9.819999694824219,9.819999694824219,9.819999694824219,900,0.0,0.0
2022-06-28 00:00:00-04:00,9.819999694824219,9.819999694824219,9.819999694824219,9.819999694824219,0,0.0,0.0
2022-06-29 00:00:00-04:00,9.8100004196167,9.8100004196167,9.8100004196167,9.8100004196167,14400,0.0,0.0
2022-06-30 00:00:00-04:00,9.8100004196167,9.819999694824219,9.8100004196167,9.8100004196167,2800,0.0,0.0
2022-07-01 00:00:00-04:00,9.8100004196167,9.8100004196167,9.8100004196167,9.8100004196167,654400,0.0,0.0
2022-07-05 00:00:00-04:00,9.800000190734863,9.800000190734863,9.800000190734863,9.800000190734863,200,0.0,0.0
2022-07-06 00:00:00-04:00,9.800000190734863,9.800000190734863,9.800000190734863,9.800000190734863,0,0.0,0.0
2022-07-07 00:00:00-04:00,9.800000190734863,9.800000190734863,9.800000190734863,9.800000190734863,0,0.0,0.0
2022-07-08 00:00:00-04:00,9.8100004196167,9.8100004196167,9.8100004196167,9.8100004196167,200,0.0,0.0
2022-07-11 00:00:00-04:00,9.8100004196167,9.8100004196167,9.8100004196167,9.8100004196167,100,0.0,0.0
2022-07-12 00:00:00-04:00,9.800000190734863,9.800000190734863,9.800000190734863,9.800000190734863,25000,0.0,0.0
2022-07-13 00:00:00-04:00,9.8100004196167,9.8100004196167,9.8100004196167,9.8100004196167,100,0.0,0.0
2022-07-14 00:00:00-04:00,9.8100004196167,9.8100004196167,9.8100004196167,9.8100004196167,0,0.0,0.0
2022-07-15 00:00:00-04:00,9.8100004196167,9.8100004196167,9.8100004196167,9.8100004196167,0,0.0,0.0
2022-07-18 00:00:00-04:00,9.8100004196167,9.8100004196167,9.8100004196167,9.8100004196167,0,0.0,0.0
2022-07-19 00:00:00-04:00,9.84000015258789,9.84000015258789,9.84000015258789,9.84000015258789,100,0.0,0.0
2022-07-20 00:00:00-04:00,9.8100004196167,9.8100004196167,9.8100004196167,9.8100004196167,1100,0.0,0.0
2022-07-21 00:00:00-04:00,9.8100004196167,9.8100004196167,9.8100004196167,9.8100004196167,0,0.0,0.0
2022-07-22 00:00:00-04:00,9.819999694824219,9.819999694824219,9.819999694824219,9.819999694824219,600,0.0,0.0
2022-07-25 00:00:00-04:00,9.819999694824219,9.829999923706055,9.819999694824219,9.824999809265137,2000,0.0,0.0
2022-07-26 00:00:00-04:00,9.824999809265137,9.824999809265137,9.824999809265137,9.824999809265137,0,0.0,0.0
2022-07-27 00:00:00-04:00,9.869999885559082,9.869999885559082,9.829999923706055,9.850000381469727,106000,0.0,0.0
2022-07-28 00:00:00-04:00,9.859999656677246,9.859999656677246,9.850000381469727,9.850000381469727,38900,0.0,0.0
2022-07-29 00:00:00-04:00,9.850000381469727,9.850000381469727,9.850000381469727,9.850000381469727,1400,0.0,0.0
2022-08-01 00:00:00-04:00,9.859999656677246,9.859999656677246,9.859999656677246,9.859999656677246,200,0.0,0.0
2022-08-02 00:00:00-04:00,9.859999656677246,9.859999656677246,9.859999656677246,9.859999656677246,0,0.0,0.0
2022-08-03 00:00:00-04:00,9.859999656677246,9.859999656677246,9.859999656677246,9.859999656677246,5300,0.0,0.0
2022-08-04 00:00:00-04:00,9.84000015258789,9.850000381469727,9.84000015258789,9.84000015258789,62100,0.0,0.0
2022-08-05 00:00:00-04:00,9.84000015258789,9.869999885559082,9.84000015258789,9.869999885559082,40200,0.0,0.0
2022-08-08 00:00:00-04:00,9.869999885559082,9.869999885559082,9.869999885559082,9.869999885559082,0,0.0,0.0
2022-08-09 00:00:00-04:00,9.850000381469727,9.859999656677246,9.829999923706055,9.829999923706055,115500,0.0,0.0
2022-08-10 00:00:00-04:00,9.850000381469727,9.869999885559082,9.850000381469727,9.869999885559082,11000,0.0,0.0
2022-08-11 00:00:00-04:00,9.869999885559082,9.869999885559082,9.869999885559082,9.869999885559082,2400,0.0,0.0
2022-08-12 00:00:00-04:00,9.869999885559082,9.869999885559082,9.84000015258789,9.869999885559082,83200,0.0,0.0
2022-08-15 00:00:00-04:00,9.869999885559082,9.869999885559082,9.869999885559082,9.869999885559082,1100,0.0,0.0
2022-08-16 00:00:00-04:00,9.859999656677246,9.859999656677246,9.859999656677246,9.859999656677246,200,0.0,0.0
2022-08-17 00:00:00-04:00,9.850000381469727,9.859999656677246,9.850000381469727,9.850000381469727,5700,0.0,0.0
2022-08-18 00:00:00-04:00,9.890000343322754,9.90999984741211,9.890000343322754,9.90999984741211,800,0.0,0.0
2022-08-19 00:00:00-04:00,9.880000114440918,9.880000114440918,9.880000114440918,9.880000114440918,100,0.0,0.0
2022-08-22 00:00:00-04:00,9.880000114440918,9.880000114440918,9.880000114440918,9.880000114440918,0,0.0,0.0
2022-08-23 00:00:00-04:00,9.90999984741211,9.90999984741211,9.859999656677246,9.859999656677246,59200,0.0,0.0
2022-08-24 00:00:00-04:00,9.890000343322754,9.90999984741211,9.890000343322754,9.90999984741211,600,0.0,0.0
2022-08-25 00:00:00-04:00,9.890000343322754,9.890000343322754,9.890000343322754,9.890000343322754,100,0.0,0.0
2022-08-26 00:00:00-04:00,9.890000343322754,9.890000343322754,9.890000343322754,9.890000343322754,0,0.0,0.0
2022-08-29 00:00:00-04:00,9.890000343322754,9.890000343322754,9.890000343322754,9.890000343322754,0,0.0,0.0
2022-08-30 00:00:00-04:00,9.920000076293945,9.920000076293945,9.920000076293945,9.920000076293945,100,0.0,0.0
2022-08-31 00:00:00-04:00,9.920000076293945,9.920000076293945,9.920000076293945,9.920000076293945,0,0.0,0.0
2022-09-01 00:00:00-04:00,9.920000076293945,9.920000076293945,9.920000076293945,9.920000076293945,0,0.0,0.0
2022-09-02 00:00:00-04:00,9.930000305175781,9.930000305175781,9.930000305175781,9.930000305175781,100,0.0,0.0
2022-09-06 00:00:00-04:00,9.930000305175781,9.930000305175781,9.930000305175781,9.930000305175781,0,0.0,0.0
2022-09-07 00:00:00-04:00,9.930000305175781,9.930000305175781,9.930000305175781,9.930000305175781,0,0.0,0.0
2022-09-08 00:00:00-04:00,9.930000305175781,9.930000305175781,9.930000305175781,9.930000305175781,0,0.0,0.0
2022-09-09 00:00:00-04:00,9.880000114440918,9.890000343322754,9.880000114440918,9.890000343322754,58700,0.0,0.0
2022-09-12 00:00:00-04:00,9.890000343322754,9.890000343322754,9.890000343322754,9.890000343322754,26800,0.0,0.0
2022-09-13 00:00:00-04:00,9.925000190734863,9.925000190734863,9.890000343322754,9.890000343322754,1900,0.0,0.0
2022-09-14 00:00:00-04:00,9.890000343322754,9.890000343322754,9.890000343322754,9.890000343322754,0,0.0,0.0
2022-09-15 00:00:00-04:00,9.890000343322754,9.890000343322754,9.890000343322754,9.890000343322754,0,0.0,0.0
2022-09-16 00:00:00-04:00,9.899999618530273,9.899999618530273,9.899999618530273,9.899999618530273,1700,0.0,0.0
2022-09-19 00:00:00-04:00,9.899999618530273,9.899999618530273,9.895000457763672,9.899999618530273,99600,0.0,0.0
2022-09-20 00:00:00-04:00,9.899999618530273,9.899999618530273,9.899999618530273,9.899999618530273,0,0.0,0.0
2022-09-21 00:00:00-04:00,9.899999618530273,9.90999984741211,9.899999618530273,9.899999618530273,143700,0.0,0.0
2022-09-22 00:00:00-04:00,9.899999618530273,9.899999618530273,9.899999618530273,9.899999618530273,0,0.0,0.0
2022-09-23 00:00:00-04:00,9.90999984741211,9.90999984741211,9.90999984741211,9.90999984741211,2200,0.0,0.0
2022-09-26 00:00:00-04:00,9.899999618530273,9.899999618530273,9.899999618530273,9.899999618530273,200,0.0,0.0
2022-09-27 00:00:00-04:00,9.914999961853027,9.914999961853027,9.899999618530273,9.899999618530273,1600,0.0,0.0
2022-09-28 00:00:00-04:00,9.899999618530273,9.899999618530273,9.899999618530273,9.899999618530273,1500,0.0,0.0
2022-09-29 00:00:00-04:00,9.90999984741211,9.920000076293945,9.90999984741211,9.920000076293945,249800,0.0,0.0
2022-09-30 00:00:00-04:00,9.920000076293945,9.920000076293945,9.90999984741211,9.920000076293945,124200,0.0,0.0
2022-10-03 00:00:00-04:00,9.920000076293945,9.9399995803833,9.920000076293945,9.920000076293945,8800,0.0,0.0
2022-10-04 00:00:00-04:00,9.920000076293945,9.920000076293945,9.920000076293945,9.920000076293945,433100,0.0,0.0
2022-10-05 00:00:00-04:00,9.920000076293945,9.920000076293945,9.920000076293945,9.920000076293945,0,0.0,0.0
2022-10-06 00:00:00-04:00,9.920000076293945,9.920000076293945,9.920000076293945,9.920000076293945,0,0.0,0.0
2022-10-07 00:00:00-04:00,9.920000076293945,9.930000305175781,9.920000076293945,9.920000076293945,998700,0.0,0.0
2022-10-10 00:00:00-04:00,9.920000076293945,9.920000076293945,9.920000076293945,9.920000076293945,162000,0.0,0.0
2022-10-11 00:00:00-04:00,9.930000305175781,9.930000305175781,9.930000305175781,9.930000305175781,50000,0.0,0.0
2022-10-12 00:00:00-04:00,9.930000305175781,9.930000305175781,9.930000305175781,9.930000305175781,0,0.0,0.0
2022-10-13 00:00:00-04:00,9.930000305175781,9.930000305175781,9.930000305175781,9.930000305175781,0,0.0,0.0
2022-10-14 00:00:00-04:00,9.9399995803833,9.9399995803833,9.9399995803833,9.9399995803833,600,0.0,0.0
2022-10-17 00:00:00-04:00,10.0,10.0,9.920000076293945,9.920000076293945,1300,0.0,0.0
2022-10-18 00:00:00-04:00,9.920000076293945,9.920000076293945,9.920000076293945,9.920000076293945,0,0.0,0.0
2022-10-19 00:00:00-04:00,9.920000076293945,9.920000076293945,9.920000076293945,9.920000076293945,0,0.0,0.0
2022-10-20 00:00:00-04:00,9.920000076293945,9.920000076293945,9.920000076293945,9.920000076293945,0,0.0,0.0
2022-10-21 00:00:00-04:00,9.9350004196167,9.970000267028809,9.9350004196167,9.970000267028809,8000,0.0,0.0
2022-10-24 00:00:00-04:00,9.960000038146973,9.960000038146973,9.960000038146973,9.960000038146973,500,0.0,0.0
2022-10-25 00:00:00-04:00,9.949999809265137,9.949999809265137,9.949999809265137,9.949999809265137,300,0.0,0.0
2022-10-26 00:00:00-04:00,9.949999809265137,9.949999809265137,9.949999809265137,9.949999809265137,0,0.0,0.0
2022-10-27 00:00:00-04:00,9.949999809265137,9.949999809265137,9.949999809265137,9.949999809265137,5000,0.0,0.0
2022-10-28 00:00:00-04:00,9.949999809265137,9.949999809265137,9.949999809265137,9.949999809265137,0,0.0,0.0
2022-10-31 00:00:00-04:00,9.949999809265137,9.949999809265137,9.949999809265137,9.949999809265137,0,0.0,0.0
2022-11-01 00:00:00-04:00,9.979999542236328,9.979999542236328,9.970000267028809,9.970000267028809,4300,0.0,0.0
2022-11-02 00:00:00-04:00,9.960000038146973,9.960000038146973,9.960000038146973,9.960000038146973,500,0.0,0.0
2022-11-03 00:00:00-04:00,9.960000038146973,9.960000038146973,9.960000038146973,9.960000038146973,0,0.0,0.0
2022-11-04 00:00:00-04:00,9.975000381469727,9.975000381469727,9.975000381469727,9.975000381469727,500,0.0,0.0
2022-11-07 00:00:00-05:00,9.979999542236328,9.989999771118164,9.979999542236328,9.979999542236328,24400,0.0,0.0
2022-11-08 00:00:00-05:00,10.0,10.0,9.979999542236328,9.979999542236328,37300,0.0,0.0
2022-11-09 00:00:00-05:00,9.979999542236328,9.979999542236328,9.979999542236328,9.979999542236328,0,0.0,0.0
2022-11-10 00:00:00-05:00,9.970000267028809,9.989999771118164,9.970000267028809,9.989999771118164,37200,0.0,0.0
2022-11-11 00:00:00-05:00,9.989999771118164,9.989999771118164,9.989999771118164,9.989999771118164,18100,0.0,0.0
2022-11-14 00:00:00-05:00,9.989999771118164,9.989999771118164,9.989999771118164,9.989999771118164,0,0.0,0.0
2022-11-15 00:00:00-05:00,9.984999656677246,10.0,9.984999656677246,10.0,5300,0.0,0.0
2022-11-16 00:00:00-05:00,10.0,10.0,10.0,10.0,0,0.0,0.0
2022-11-17 00:00:00-05:00,10.0,10.0,10.0,10.0,0,0.0,0.0
2022-11-18 00:00:00-05:00,9.979999542236328,9.979999542236328,9.979999542236328,9.979999542236328,500,0.0,0.0
2022-11-21 00:00:00-05:00,9.979999542236328,9.979999542236328,9.979999542236328,9.979999542236328,0,0.0,0.0
2022-11-22 00:00:00-05:00,9.979999542236328,9.979999542236328,9.979999542236328,9.979999542236328,0,0.0,0.0
2022-11-23 00:00:00-05:00,9.989999771118164,9.989999771118164,9.989999771118164,9.989999771118164,400,0.0,0.0
2022-11-25 00:00:00-05:00,9.989999771118164,9.989999771118164,9.989999771118164,9.989999771118164,0,0.0,0.0
2022-11-28 00:00:00-05:00,9.989999771118164,9.989999771118164,9.970000267028809,9.970000267028809,7100,0.0,0.0
2022-11-29 00:00:00-05:00,9.970000267028809,9.970000267028809,9.970000267028809,9.970000267028809,0,0.0,0.0
2022-11-30 00:00:00-05:00,10.0,10.0,10.0,10.0,257200,0.0,0.0
2022-12-01 00:00:00-05:00,10.0,10.0,10.0,10.0,3700,0.0,0.0
2022-12-02 00:00:00-05:00,10.0,10.010000228881836,10.0,10.010000228881836,67100,0.0,0.0
2022-12-05 00:00:00-05:00,10.010000228881836,10.010000228881836,10.010000228881836,10.010000228881836,0,0.0,0.0
2022-12-06 00:00:00-05:00,10.010000228881836,10.010000228881836,10.010000228881836,10.010000228881836,28400,0.0,0.0
2022-12-07 00:00:00-05:00,10.010000228881836,10.010000228881836,10.010000228881836,10.010000228881836,115400,0.0,0.0
2022-12-08 00:00:00-05:00,10.020000457763672,10.020000457763672,10.010000228881836,10.010000228881836,2600,0.0,0.0
2022-12-09 00:00:00-05:00,10.010000228881836,10.010000228881836,10.010000228881836,10.010000228881836,0,0.0,0.0
2022-12-12 00:00:00-05:00,10.020000457763672,10.029999732971191,10.020000457763672,10.029999732971191,306800,0.0,0.0
2022-12-13 00:00:00-05:00,10.029999732971191,10.03499984741211,10.024999618530273,10.029999732971191,51900,0.0,0.0
2022-12-14 00:00:00-05:00,10.029999732971191,10.039999961853027,10.020000457763672,10.029999732971191,115100,0.0,0.0
2022-12-15 00:00:00-05:00,10.029999732971191,10.029999732971191,10.029999732971191,10.029999732971191,98800,0.0,0.0
2022-12-16 00:00:00-05:00,10.050000190734863,10.050000190734863,10.050000190734863,10.050000190734863,300,0.0,0.0
2022-12-19 00:00:00-05:00,10.020000457763672,10.039999961853027,10.020000457763672,10.029999732971191,11200,0.0,0.0
2022-12-20 00:00:00-05:00,10.039999961853027,10.039999961853027,10.029999732971191,10.029999732971191,10600,0.0,0.0
2022-12-21 00:00:00-05:00,10.050000190734863,10.050000190734863,10.050000190734863,10.050000190734863,5800,0.0,0.0
2022-12-22 00:00:00-05:00,10.0600004196167,10.069999694824219,10.0600004196167,10.069999694824219,72800,0.0,0.0
2022-12-23 00:00:00-05:00,10.079999923706055,10.079999923706055,10.069999694824219,10.069999694824219,4300,0.0,0.0
2022-12-27 00:00:00-05:00,10.069999694824219,10.069999694824219,10.069999694824219,10.069999694824219,100,0.0,0.0
2022-12-28 00:00:00-05:00,10.069999694824219,10.069999694824219,10.069999694824219,10.069999694824219,100,0.0,0.0
2022-12-29 00:00:00-05:00,10.0600004196167,10.0600004196167,10.0600004196167,10.0600004196167,100,0.0,0.0
2022-12-30 00:00:00-05:00,10.069999694824219,10.079999923706055,10.0649995803833,10.069999694824219,8300,0.0,0.0
2023-01-03 00:00:00-05:00,10.069999694824219,10.069999694824219,10.069999694824219,10.069999694824219,0,0.0,0.0
2023-01-04 00:00:00-05:00,10.100000381469727,10.100000381469727,10.100000381469727,10.100000381469727,100,0.0,0.0
2023-01-05 00:00:00-05:00,10.100000381469727,10.100000381469727,10.09000015258789,10.09000015258789,4500,0.0,0.0
2023-01-06 00:00:00-05:00,10.079999923706055,10.09000015258789,10.079999923706055,10.09000015258789,3100,0.0,0.0
2023-01-09 00:00:00-05:00,10.130000114440918,10.130000114440918,10.09000015258789,10.100000381469727,10400,0.0,0.0
2023-01-10 00:00:00-05:00,10.100000381469727,10.109999656677246,10.100000381469727,10.100000381469727,446900,0.0,0.0
2023-01-11 00:00:00-05:00,10.109999656677246,10.109999656677246,10.109999656677246,10.109999656677246,8900,0.0,0.0
2023-01-12 00:00:00-05:00,10.109999656677246,10.109999656677246,10.109999656677246,10.109999656677246,0,0.0,0.0
2023-01-13 00:00:00-05:00,10.100000381469727,10.119999885559082,10.100000381469727,10.11400032043457,100200,0.0,0.0
2023-01-17 00:00:00-05:00,10.15999984741211,10.199999809265137,10.119999885559082,10.119999885559082,3500,0.0,0.0
2023-01-18 00:00:00-05:00,10.119999885559082,10.130000114440918,10.109999656677246,10.114999771118164,3400,0.0,0.0
2023-01-19 00:00:00-05:00,10.119999885559082,10.130000114440918,10.109999656677246,10.119999885559082,3000,0.0,0.0
2023-01-20 00:00:00-05:00,10.130000114440918,10.140000343322754,10.130000114440918,10.130000114440918,55000,0.0,0.0
2023-01-23 00:00:00-05:00,10.130000114440918,10.130000114440918,10.130000114440918,10.130000114440918,0,0.0,0.0
2023-01-24 00:00:00-05:00,10.130000114440918,10.130000114440918,10.130000114440918,10.130000114440918,500,0.0,0.0
2023-01-25 00:00:00-05:00,10.130000114440918,10.130000114440918,10.130000114440918,10.130000114440918,13800,0.0,0.0
2023-01-26 00:00:00-05:00,10.130000114440918,10.130000114440918,10.130000114440918,10.130000114440918,0,0.0,0.0
2023-01-27 00:00:00-05:00,10.140000343322754,10.140000343322754,10.130000114440918,10.130000114440918,482800,0.0,0.0
2023-01-30 00:00:00-05:00,10.130000114440918,10.130000114440918,10.130000114440918,10.130000114440918,0,0.0,0.0
2023-01-31 00:00:00-05:00,10.170000076293945,10.470000267028809,10.140000343322754,10.140000343322754,276600,0.0,0.0
2023-02-01 00:00:00-05:00,10.145000457763672,10.145000457763672,10.140000343322754,10.144000053405762,481600,0.0,0.0
2023-02-02 00:00:00-05:00,10.149999618530273,10.149999618530273,10.149999618530273,10.149999618530273,200,0.0,0.0
2023-02-03 00:00:00-05:00,10.140000343322754,10.149999618530273,10.140000343322754,10.149999618530273,17400,0.0,0.0
2023-02-06 00:00:00-05:00,10.149999618530273,10.149999618530273,10.149999618530273,10.149999618530273,500,0.0,0.0
2023-02-07 00:00:00-05:00,10.15999984741211,10.15999984741211,10.149999618530273,10.15999984741211,300300,0.0,0.0
2023-02-08 00:00:00-05:00,10.15999984741211,10.170000076293945,10.15999984741211,10.170000076293945,600,0.0,0.0
2023-02-09 00:00:00-05:00,10.170000076293945,10.170000076293945,10.15999984741211,10.15999984741211,275600,0.0,0.0
2023-02-10 00:00:00-05:00,10.164999961853027,10.170000076293945,10.164999961853027,10.170000076293945,300000,0.0,0.0
2023-02-13 00:00:00-05:00,10.170000076293945,10.180000305175781,10.170000076293945,10.170000076293945,21300,0.0,0.0
2023-02-14 00:00:00-05:00,10.1899995803833,10.1899995803833,10.1899995803833,10.1899995803833,100,0.0,0.0
2023-02-15 00:00:00-05:00,10.180000305175781,10.180000305175781,10.170000076293945,10.170000076293945,11900,0.0,0.0
2023-02-16 00:00:00-05:00,10.170000076293945,10.170000076293945,10.170000076293945,10.170000076293945,2200,0.0,0.0
2023-02-17 00:00:00-05:00,10.1899995803833,10.1899995803833,10.1899995803833,10.1899995803833,25100,0.0,0.0
2023-02-21 00:00:00-05:00,10.170000076293945,10.170000076293945,10.15999984741211,10.15999984741211,5100,0.0,0.0
2023-02-22 00:00:00-05:00,10.1899995803833,10.199999809265137,10.180000305175781,10.180000305175781,400,0.0,0.0
2023-02-23 00:00:00-05:00,10.180000305175781,10.1899995803833,10.15999984741211,10.1899995803833,26100,0.0,0.0
2023-02-24 00:00:00-05:00,10.420000076293945,10.61299991607666,10.180000305175781,10.180000305175781,29000,0.0,0.0
2023-02-27 00:00:00-05:00,10.008000373840332,10.199999809265137,9.92300033569336,10.079999923706055,12500,0.0,0.0
2023-02-28 00:00:00-05:00,10.079999923706055,10.100000381469727,10.008999824523926,10.100000381469727,5500,0.0,0.0
2023-03-01 00:00:00-05:00,10.317000389099121,10.479999542236328,10.109999656677246,10.300000190734863,6800,0.0,0.0
2023-03-02 00:00:00-05:00,10.369999885559082,10.369999885559082,10.170000076293945,10.170000076293945,1485200,0.0,0.0
2023-03-03 00:00:00-05:00,10.170000076293945,10.170000076293945,10.170000076293945,10.170000076293945,0,0.0,0.0
2023-03-06 00:00:00-05:00,10.319999694824219,10.319999694824219,10.239999771118164,10.260000228881836,24600,0.0,0.0
2023-03-07 00:00:00-05:00,10.3100004196167,10.319999694824219,10.020000457763672,10.09000015258789,33800,0.0,0.0
2023-03-08 00:00:00-05:00,10.039999961853027,10.039999961853027,10.039999961853027,10.039999961853027,300,0.0,0.0
2023-03-09 00:00:00-05:00,10.095000267028809,10.1899995803833,10.039999961853027,10.050000190734863,6900,0.0,0.0
2023-03-10 00:00:00-05:00,10.100000381469727,10.229999542236328,10.039999961853027,10.092000007629395,19600,0.0,0.0
2023-03-13 00:00:00-04:00,10.098999977111816,10.098999977111816,10.098999977111816,10.098999977111816,600,0.0,0.0
2023-03-14 00:00:00-04:00,10.098999977111816,10.098999977111816,10.098999977111816,10.098999977111816,0,0.0,0.0
2023-03-15 00:00:00-04:00,10.098999977111816,10.098999977111816,10.098999977111816,10.098999977111816,0,0.0,0.0
2023-03-16 00:00:00-04:00,10.098999977111816,10.098999977111816,10.098999977111816,10.098999977111816,0,0.0,0.0
2023-03-17 00:00:00-04:00,10.098999977111816,10.098999977111816,10.098999977111816,10.098999977111816,0,0.0,0.0
2023-03-20 00:00:00-04:00,10.098999977111816,10.098999977111816,10.098999977111816,10.098999977111816,0,0.0,0.0
2023-03-21 00:00:00-04:00,10.210000038146973,10.210000038146973,10.09000015258789,10.09000015258789,300,0.0,0.0
2023-03-22 00:00:00-04:00,10.09000015258789,10.09000015258789,10.09000015258789,10.09000015258789,0,0.0,0.0
2023-03-23 00:00:00-04:00,10.09000015258789,10.09000015258789,10.09000015258789,10.09000015258789,0,0.0,0.0
2023-03-24 00:00:00-04:00,10.09000015258789,10.09000015258789,10.09000015258789,10.09000015258789,0,0.0,0.0
2023-03-27 00:00:00-04:00,10.09000015258789,10.09000015258789,10.09000015258789,10.09000015258789,0,0.0,0.0
2023-03-28 00:00:00-04:00,10.09000015258789,10.09000015258789,10.09000015258789,10.09000015258789,0,0.0,0.0
2023-03-29 00:00:00-04:00,10.09000015258789,10.09000015258789,10.09000015258789,10.09000015258789,0,0.0,0.0
2023-03-30 00:00:00-04:00,10.09000015258789,10.09000015258789,10.09000015258789,10.09000015258789,0,0.0,0.0
2023-03-31 00:00:00-04:00,10.09000015258789,10.09000015258789,10.09000015258789,10.09000015258789,0,0.0,0.0
2023-04-03 00:00:00-04:00,10.180000305175781,10.180000305175781,10.180000305175781,10.180000305175781,300,0.0,0.0
2023-04-04 00:00:00-04:00,10.180000305175781,10.180000305175781,10.180000305175781,10.180000305175781,0,0.0,0.0
2023-04-05 00:00:00-04:00,10.180000305175781,10.180000305175781,10.180000305175781,10.180000305175781,0,0.0,0.0
2023-04-06 00:00:00-04:00,10.180000305175781,10.180000305175781,10.180000305175781,10.180000305175781,0,0.0,0.0
2023-04-10 00:00:00-04:00,10.180000305175781,10.180000305175781,10.180000305175781,10.180000305175781,0,0.0,0.0
2023-04-11 00:00:00-04:00,10.180000305175781,10.180000305175781,10.180000305175781,10.180000305175781,0,0.0,0.0
2023-04-12 00:00:00-04:00,10.140000343322754,10.140000343322754,10.140000343322754,10.140000343322754,1500,0.0,0.0
2023-04-13 00:00:00-04:00,10.140000343322754,10.140000343322754,10.140000343322754,10.140000343322754,0,0.0,0.0
2023-04-14 00:00:00-04:00,10.140000343322754,10.140000343322754,10.140000343322754,10.140000343322754,0,0.0,0.0
2023-04-17 00:00:00-04:00,10.140000343322754,10.140000343322754,10.140000343322754,10.140000343322754,0,0.0,0.0
2023-04-18 00:00:00-04:00,10.140000343322754,10.140000343322754,10.140000343322754,10.140000343322754,125900,0.0,0.0
2023-04-19 00:00:00-04:00,10.140000343322754,10.140000343322754,10.140000343322754,10.140000343322754,0,0.0,0.0
2023-04-20 00:00:00-04:00,10.199999809265137,10.210000038146973,10.199999809265137,10.210000038146973,20000,0.0,0.0
2023-04-21 00:00:00-04:00,10.210000038146973,10.210000038146973,10.210000038146973,10.210000038146973,0,0.0,0.0
2023-04-24 00:00:00-04:00,10.210000038146973,10.210000038146973,10.210000038146973,10.210000038146973,0,0.0,0.0
2023-04-25 00:00:00-04:00,10.210000038146973,10.210000038146973,10.210000038146973,10.210000038146973,0,0.0,0.0
2023-04-26 00:00:00-04:00,10.210000038146973,10.210000038146973,10.210000038146973,10.210000038146973,0,0.0,0.0
2023-04-27 00:00:00-04:00,10.210000038146973,10.210000038146973,10.210000038146973,10.210000038146973,0,0.0,0.0
2023-04-28 00:00:00-04:00,10.170000076293945,10.170000076293945,10.170000076293945,10.170000076293945,35000,0.0,0.0
2023-05-01 00:00:00-04:00,10.170000076293945,10.170000076293945,10.170000076293945,10.170000076293945,0,0.0,0.0
2023-05-02 00:00:00-04:00,10.170000076293945,10.170000076293945,10.170000076293945,10.170000076293945,0,0.0,0.0
2023-05-03 00:00:00-04:00,10.170000076293945,10.170000076293945,10.170000076293945,10.170000076293945,0,0.0,0.0
2023-05-04 00:00:00-04:00,10.170000076293945,10.170000076293945,10.170000076293945,10.170000076293945,0,0.0,0.0
2023-05-05 00:00:00-04:00,10.170000076293945,10.170000076293945,10.170000076293945,10.170000076293945,0,0.0,0.0
2023-05-08 00:00:00-04:00,10.880000114440918,10.880000114440918,10.880000114440918,10.880000114440918,100,0.0,0.0
2023-05-09 00:00:00-04:00,10.220000267028809,10.220000267028809,10.220000267028809,10.220000267028809,900,0.0,0.0
2023-05-10 00:00:00-04:00,10.220000267028809,10.220000267028809,10.220000267028809,10.220000267028809,0,0.0,0.0
2023-05-11 00:00:00-04:00,10.220000267028809,10.220000267028809,10.220000267028809,10.220000267028809,0,0.0,0.0
2023-05-12 00:00:00-04:00,10.1899995803833,10.1899995803833,10.1899995803833,10.1899995803833,500,0.0,0.0
2023-05-15 00:00:00-04:00,10.1899995803833,10.1899995803833,10.1899995803833,10.1899995803833,0,0.0,0.0
2023-05-16 00:00:00-04:00,10.1899995803833,10.1899995803833,10.1899995803833,10.1899995803833,0,0.0,0.0
2023-05-17 00:00:00-04:00,10.21399974822998,10.220000267028809,10.1899995803833,10.220000267028809,2100,0.0,0.0
2023-05-18 00:00:00-04:00,10.21399974822998,10.220000267028809,10.21399974822998,10.21399974822998,900,0.0,0.0
2023-05-19 00:00:00-04:00,10.668999671936035,10.668999671936035,10.1899995803833,10.220000267028809,4300,0.0,0.0
2023-05-22 00:00:00-04:00,10.25,10.359999656677246,10.1899995803833,10.1899995803833,5800,0.0,0.0
2023-05-23 00:00:00-04:00,10.1899995803833,10.1899995803833,10.1899995803833,10.1899995803833,0,0.0,0.0
2023-05-24 00:00:00-04:00,10.1899995803833,10.1899995803833,10.1899995803833,10.1899995803833,0,0.0,0.0
2023-05-25 00:00:00-04:00,10.260000228881836,10.260000228881836,10.260000228881836,10.260000228881836,500,0.0,0.0
2023-05-26 00:00:00-04:00,10.359999656677246,10.359999656677246,10.3100004196167,10.3100004196167,200,0.0,0.0
2023-05-30 00:00:00-04:00,10.3100004196167,10.3100004196167,10.3100004196167,10.3100004196167,0,0.0,0.0
2023-05-31 00:00:00-04:00,10.220000267028809,10.220000267028809,10.220000267028809,10.220000267028809,300100,0.0,0.0
2023-06-01 00:00:00-04:00,10.220000267028809,10.220000267028809,10.220000267028809,10.220000267028809,0,0.0,0.0
2023-06-02 00:00:00-04:00,10.220000267028809,10.220000267028809,10.220000267028809,10.220000267028809,0,0.0,0.0
2023-06-05 00:00:00-04:00,10.220000267028809,10.220000267028809,10.220000267028809,10.220000267028809,900,0.0,0.0
2023-06-06 00:00:00-04:00,10.220000267028809,10.220000267028809,10.220000267028809,10.220000267028809,0,0.0,0.0
2023-06-07 00:00:00-04:00,10.220000267028809,10.220000267028809,10.220000267028809,10.220000267028809,0,0.0,0.0
2023-06-08 00:00:00-04:00,10.220000267028809,10.220000267028809,10.220000267028809,10.220000267028809,0,0.0,0.0
2023-06-09 00:00:00-04:00,10.220000267028809,10.220000267028809,10.220000267028809,10.220000267028809,0,0.0,0.0
2023-06-12 00:00:00-04:00,10.220000267028809,10.220000267028809,10.220000267028809,10.220000267028809,0,0.0,0.0
2023-06-13 00:00:00-04:00,10.229999542236328,10.239999771118164,10.220000267028809,10.229999542236328,500,0.0,0.0
2023-06-14 00:00:00-04:00,10.229999542236328,10.229999542236328,10.229999542236328,10.229999542236328,200,0.0,0.0
2023-06-15 00:00:00-04:00,10.229999542236328,10.229999542236328,10.229999542236328,10.229999542236328,0,0.0,0.0
2023-06-16 00:00:00-04:00,10.229999542236328,10.229999542236328,10.229999542236328,10.229999542236328,0,0.0,0.0
2023-06-20 00:00:00-04:00,10.229999542236328,10.229999542236328,10.229999542236328,10.229999542236328,0,0.0,0.0
2023-06-21 00:00:00-04:00,10.229999542236328,10.229999542236328,10.229999542236328,10.229999542236328,0,0.0,0.0
2023-06-22 00:00:00-04:00,10.229999542236328,10.229999542236328,10.229999542236328,10.229999542236328,0,0.0,0.0
2023-06-23 00:00:00-04:00,10.229999542236328,10.229999542236328,10.229999542236328,10.229999542236328,0,0.0,0.0
2023-06-26 00:00:00-04:00,10.289999961853027,10.289999961853027,10.289999961853027,10.289999961853027,100,0.0,0.0
2023-06-27 00:00:00-04:00,10.270000457763672,10.270000457763672,10.270000457763672,10.270000457763672,700,0.0,0.0
2023-06-28 00:00:00-04:00,10.270000457763672,10.270000457763672,10.270000457763672,10.270000457763672,0,0.0,0.0
2023-06-29 00:00:00-04:00,10.270000457763672,10.270000457763672,10.270000457763672,10.270000457763672,0,0.0,0.0
2023-06-30 00:00:00-04:00,10.270000457763672,10.270000457763672,10.270000457763672,10.270000457763672,115000,0.0,0.0
2023-07-03 00:00:00-04:00,10.270000457763672,10.270000457763672,10.270000457763672,10.270000457763672,0,0.0,0.0
2023-07-05 00:00:00-04:00,10.270000457763672,10.270000457763672,10.270000457763672,10.270000457763672,0,0.0,0.0
2023-07-06 00:00:00-04:00,10.270000457763672,10.270000457763672,10.270000457763672,10.270000457763672,0,0.0,0.0
2023-07-07 00:00:00-04:00,10.550000190734863,10.550000190734863,10.25,10.25,12900,0.0,0.0
2023-07-10 00:00:00-04:00,10.25,10.25,10.25,10.25,0,0.0,0.0
2023-07-11 00:00:00-04:00,10.25,10.25,10.25,10.25,0,0.0,0.0
2023-07-12 00:00:00-04:00,10.25,10.25,10.25,10.25,0,0.0,0.0
2023-07-13 00:00:00-04:00,10.25,10.25,10.25,10.25,0,0.0,0.0
2023-07-14 00:00:00-04:00,10.25,10.25,10.25,10.25,0,0.0,0.0
2023-07-17 00:00:00-04:00,10.25,10.25,10.25,10.25,0,0.0,0.0
2023-07-18 00:00:00-04:00,10.25,10.25,10.25,10.25,0,0.0,0.0
2023-07-19 00:00:00-04:00,10.25,10.25,10.25,10.25,0,0.0,0.0
2023-07-20 00:00:00-04:00,10.25,10.25,10.25,10.25,0,0.0,0.0
2023-07-21 00:00:00-04:00,10.5600004196167,10.5600004196167,10.449999809265137,10.470000267028809,700,0.0,0.0
2023-07-24 00:00:00-04:00,10.470000267028809,10.470000267028809,10.470000267028809,10.470000267028809,0,0.0,0.0
2023-07-25 00:00:00-04:00,10.470000267028809,10.470000267028809,10.470000267028809,10.470000267028809,0,0.0,0.0
2023-07-26 00:00:00-04:00,10.470000267028809,10.470000267028809,10.470000267028809,10.470000267028809,0,0.0,0.0
2023-07-27 00:00:00-04:00,10.470000267028809,10.470000267028809,10.470000267028809,10.470000267028809,0,0.0,0.0
2023-07-28 00:00:00-04:00,10.470000267028809,10.470000267028809,10.470000267028809,10.470000267028809,0,0.0,0.0
