Date,Open,High,Low,Close,Volume,Dividends,Stock Splits,Capital Gains
2021-06-15 00:00:00-04:00,10.0,10.0,10.0,10.0,0,0.0,0.0,0.0
2021-06-16 00:00:00-04:00,9.9399995803833,9.949999809265137,9.000100135803223,9.524999618530273,1352,0.0,0.0,0.0
2021-06-17 00:00:00-04:00,10.020000457763672,10.020000457763672,10.020000457763672,10.020000457763672,21,0.0,0.0,0.0
2021-06-18 00:00:00-04:00,9.579999923706055,9.579999923706055,9.579999923706055,9.579999923706055,315,0.0,0.0,0.0
2021-06-21 00:00:00-04:00,9.609999656677246,9.609999656677246,9.609999656677246,9.609999656677246,418,0.0,0.0,0.0
2021-06-22 00:00:00-04:00,9.689900398254395,9.6899995803833,9.689900398254395,9.6899995803833,805,0.0,0.0,0.0
2021-06-23 00:00:00-04:00,9.800000190734863,9.960000038146973,9.800000190734863,9.930000305175781,687,0.0,0.0,0.0
2021-06-24 00:00:00-04:00,10.0,10.031100273132324,9.979999542236328,9.979999542236328,1427,0.0,0.0,0.0
2021-06-25 00:00:00-04:00,10.194999694824219,10.199999809265137,9.899999618530273,9.899999618530273,924,0.0,0.0,0.0
2021-06-28 00:00:00-04:00,9.449999809265137,9.449999809265137,9.399999618530273,9.399999618530273,471,0.0,0.0,0.0
2021-06-29 00:00:00-04:00,9.369999885559082,9.369999885559082,9.199999809265137,9.199999809265137,2442,0.0,0.0,0.0
2021-06-30 00:00:00-04:00,9.210000038146973,9.300000190734863,9.210000038146973,9.260000228881836,8271,0.0,0.0,0.0
2021-07-01 00:00:00-04:00,9.329999923706055,9.380000114440918,9.329999923706055,9.329999923706055,1077,0.0,0.0,0.0
2021-07-02 00:00:00-04:00,9.369999885559082,9.369999885559082,9.364999771118164,9.364999771118164,754,0.0,0.0,0.0
2021-07-06 00:00:00-04:00,9.279999732971191,9.319999694824219,9.100000381469727,9.100000381469727,3196,0.0,0.0,0.0
2021-07-07 00:00:00-04:00,9.069999694824219,9.069999694824219,8.600000381469727,8.600000381469727,2778,0.0,0.0,0.0
2021-07-08 00:00:00-04:00,8.100000381469727,8.100000381469727,8.100000381469727,8.100000381469727,279,0.0,0.0,0.0
2021-07-09 00:00:00-04:00,8.300000190734863,8.59000015258789,8.300000190734863,8.5,348,0.0,0.0,0.0
2021-07-12 00:00:00-04:00,8.550000190734863,8.550000190734863,8.550000190734863,8.550000190734863,146,0.0,0.0,0.0
2021-07-13 00:00:00-04:00,8.539999961853027,8.539999961853027,8.539999961853027,8.539999961853027,75,0.0,0.0,0.0
2021-07-14 00:00:00-04:00,8.579999923706055,8.579999923706055,8.399999618530273,8.399999618530273,1196,0.0,0.0,0.0
2021-07-15 00:00:00-04:00,8.149999618530273,8.149999618530273,8.149999618530273,8.149999618530273,99,0.0,0.0,0.0
2021-07-16 00:00:00-04:00,7.980000019073486,7.980000019073486,7.824999809265137,7.824999809265137,4919,0.0,0.0,0.0
2021-07-19 00:00:00-04:00,7.275000095367432,7.275000095367432,7.275000095367432,7.275000095367432,100,0.0,0.0,0.0
2021-07-20 00:00:00-04:00,7.340000152587891,7.445000171661377,7.340000152587891,7.445000171661377,1674,0.0,0.0,0.0
2021-07-21 00:00:00-04:00,7.993599891662598,8.099900245666504,7.900000095367432,8.0,932,0.0,0.0,0.0
2021-07-22 00:00:00-04:00,7.985000133514404,7.985000133514404,7.985000133514404,7.985000133514404,222,0.0,0.0,0.0
2021-07-23 00:00:00-04:00,7.849999904632568,7.849999904632568,7.849999904632568,7.849999904632568,340,0.0,0.0,0.0
2021-07-26 00:00:00-04:00,7.710000038146973,7.789999961853027,7.710000038146973,7.789999961853027,290,0.0,0.0,0.0
2021-07-27 00:00:00-04:00,7.699999809265137,7.699999809265137,7.699999809265137,7.699999809265137,114,0.0,0.0,0.0
2021-07-28 00:00:00-04:00,7.960000038146973,7.960000038146973,7.864999771118164,7.864999771118164,227,0.0,0.0,0.0
2021-07-29 00:00:00-04:00,8.039999961853027,8.039999961853027,8.039999961853027,8.039999961853027,215,0.0,0.0,0.0
2021-07-30 00:00:00-04:00,7.800000190734863,7.800000190734863,7.75,7.75,344,0.0,0.0,0.0
2021-08-02 00:00:00-04:00,7.760000228881836,7.760000228881836,7.760000228881836,7.760000228881836,586,0.0,0.0,0.0
2021-08-03 00:00:00-04:00,7.760000228881836,7.760000228881836,7.760000228881836,7.760000228881836,0,0.0,0.0,0.0
2021-08-04 00:00:00-04:00,7.420000076293945,7.539999961853027,7.210000038146973,7.210000038146973,2216,0.0,0.0,0.0
2021-08-05 00:00:00-04:00,7.71999979019165,7.71999979019165,7.71999979019165,7.71999979019165,750,0.0,0.0,0.0
2021-08-06 00:00:00-04:00,7.71999979019165,7.71999979019165,7.71999979019165,7.71999979019165,0,0.0,0.0,0.0
2021-08-09 00:00:00-04:00,7.480000019073486,7.480000019073486,7.349999904632568,7.349999904632568,235,0.0,0.0,0.0
2021-08-10 00:00:00-04:00,7.465000152587891,7.465000152587891,7.465000152587891,7.465000152587891,251,0.0,0.0,0.0
2021-08-11 00:00:00-04:00,7.525000095367432,7.525000095367432,7.525000095367432,7.525000095367432,12,0.0,0.0,0.0
2021-08-12 00:00:00-04:00,7.289999961853027,7.289999961853027,7.289999961853027,7.289999961853027,73,0.0,0.0,0.0
2021-08-13 00:00:00-04:00,7.324999809265137,7.324999809265137,7.324999809265137,7.324999809265137,83,0.0,0.0,0.0
2021-08-16 00:00:00-04:00,6.974999904632568,6.974999904632568,6.974999904632568,6.974999904632568,107,0.0,0.0,0.0
2021-08-17 00:00:00-04:00,6.593299865722656,6.593299865722656,6.369999885559082,6.369999885559082,1052,0.0,0.0,0.0
2021-08-18 00:00:00-04:00,6.474999904632568,6.474999904632568,6.474999904632568,6.474999904632568,161,0.0,0.0,0.0
2021-08-19 00:00:00-04:00,6.394999980926514,6.394999980926514,6.394999980926514,6.394999980926514,78,0.0,0.0,0.0
2021-08-20 00:00:00-04:00,6.349999904632568,6.349999904632568,6.300000190734863,6.300000190734863,320,0.0,0.0,0.0
2021-08-23 00:00:00-04:00,6.599999904632568,6.599999904632568,6.599999904632568,6.599999904632568,28,0.0,0.0,0.0
2021-08-24 00:00:00-04:00,6.869999885559082,7.199999809265137,6.869999885559082,7.199999809265137,1317,0.0,0.0,0.0
2021-08-25 00:00:00-04:00,7.479899883270264,7.479899883270264,7.335000038146973,7.335000038146973,244,0.0,0.0,0.0
2021-08-26 00:00:00-04:00,7.590000152587891,7.590000152587891,7.010000228881836,7.010000228881836,1252,0.0,0.0,0.0
2021-08-27 00:00:00-04:00,7.010000228881836,7.010000228881836,7.010000228881836,7.010000228881836,0,0.0,0.0,0.0
2021-08-30 00:00:00-04:00,7.320000171661377,7.599999904632568,7.300000190734863,7.300000190734863,993,0.0,0.0,0.0
2021-08-31 00:00:00-04:00,7.539999961853027,7.539999961853027,7.539999961853027,7.539999961853027,95,0.0,0.0,0.0
2021-09-01 00:00:00-04:00,7.644999980926514,7.644999980926514,7.644999980926514,7.644999980926514,41,0.0,0.0,0.0
2021-09-02 00:00:00-04:00,7.670000076293945,7.670000076293945,7.639999866485596,7.639999866485596,3135,0.0,0.0,0.0
2021-09-03 00:00:00-04:00,7.639999866485596,7.639999866485596,7.539999961853027,7.539999961853027,1506,0.0,0.0,0.0
2021-09-07 00:00:00-04:00,7.625,7.625,7.625,7.625,32,0.0,0.0,0.0
2021-09-08 00:00:00-04:00,7.539999961853027,7.539999961853027,7.539999961853027,7.539999961853027,93,0.0,0.0,0.0
2021-09-09 00:00:00-04:00,7.650000095367432,7.659999847412109,7.639999866485596,7.659999847412109,759,0.0,0.0,0.0
2021-09-10 00:00:00-04:00,7.659999847412109,7.659999847412109,7.650000095367432,7.650000095367432,2605,0.0,0.0,0.0
2021-09-13 00:00:00-04:00,7.449999809265137,7.5,7.449999809265137,7.5,247,0.0,0.0,0.0
2021-09-14 00:00:00-04:00,7.449999809265137,7.449999809265137,7.449999809265137,7.449999809265137,262,0.0,0.0,0.0
2021-09-15 00:00:00-04:00,7.349999904632568,7.349999904632568,7.349999904632568,7.349999904632568,345,0.0,0.0,0.0
2021-09-16 00:00:00-04:00,7.255000114440918,7.324999809265137,7.255000114440918,7.324999809265137,224,0.0,0.0,0.0
2021-09-17 00:00:00-04:00,7.324999809265137,7.324999809265137,7.324999809265137,7.324999809265137,0,0.0,0.0,0.0
2021-09-20 00:00:00-04:00,6.980000019073486,7.179999828338623,6.980000019073486,7.045000076293945,600,0.0,0.0,0.0
2021-09-21 00:00:00-04:00,7.540299892425537,7.540299892425537,7.540299892425537,7.540299892425537,13,0.0,0.0,0.0
2021-09-22 00:00:00-04:00,7.730000019073486,7.800000190734863,7.730000019073486,7.800000190734863,450,0.0,0.0,0.0
2021-09-23 00:00:00-04:00,8.0,8.24899959564209,8.0,8.119999885559082,1183,0.0,0.0,0.0
2021-09-24 00:00:00-04:00,7.659999847412109,7.659999847412109,7.659999847412109,7.659999847412109,1093,0.0,0.0,0.0
2021-09-27 00:00:00-04:00,8.000100135803223,8.25,8.000100135803223,8.25,165,0.0,0.0,0.0
2021-09-28 00:00:00-04:00,8.229999542236328,8.229999542236328,8.100000381469727,8.100000381469727,701,0.0,0.0,0.0
2021-09-29 00:00:00-04:00,8.100000381469727,8.100000381469727,8.022600173950195,8.022600173950195,446,0.0,0.0,0.0
2021-09-30 00:00:00-04:00,8.050000190734863,8.050000190734863,7.985000133514404,7.985000133514404,473,0.0,0.0,0.0
2021-10-01 00:00:00-04:00,8.3100004196167,8.710000038146973,8.3100004196167,8.710000038146973,1542,0.0,0.0,0.0
2021-10-04 00:00:00-04:00,8.725000381469727,8.725000381469727,8.25,8.25,3593,0.0,0.0,0.0
2021-10-05 00:00:00-04:00,8.300000190734863,8.300000190734863,8.210000038146973,8.210000038146973,266,0.0,0.0,0.0
2021-10-06 00:00:00-04:00,7.880000114440918,8.016799926757812,7.880000114440918,8.016799926757812,462,0.0,0.0,0.0
2021-10-07 00:00:00-04:00,8.210000038146973,8.210000038146973,8.210000038146973,8.210000038146973,107,0.0,0.0,0.0
2021-10-08 00:00:00-04:00,8.210000038146973,8.210000038146973,8.210000038146973,8.210000038146973,0,0.0,0.0,0.0
2021-10-11 00:00:00-04:00,8.149999618530273,8.149999618530273,8.149999618530273,8.149999618530273,67,0.0,0.0,0.0
2021-10-12 00:00:00-04:00,8.183600425720215,8.225000381469727,8.180000305175781,8.180000305175781,379,0.0,0.0,0.0
2021-10-13 00:00:00-04:00,8.119999885559082,8.220000267028809,8.119999885559082,8.220000267028809,346,0.0,0.0,0.0
2021-10-14 00:00:00-04:00,8.350000381469727,8.350000381469727,8.350000381469727,8.350000381469727,2,0.0,0.0,0.0
2021-10-15 00:00:00-04:00,8.425000190734863,8.425000190734863,8.425000190734863,8.425000190734863,38,0.0,0.0,0.0
2021-10-18 00:00:00-04:00,8.420000076293945,8.430000305175781,8.34000015258789,8.34000015258789,1280,0.0,0.0,0.0
2021-10-19 00:00:00-04:00,8.350000381469727,8.350000381469727,8.319999694824219,8.319999694824219,264,0.0,0.0,0.0
2021-10-20 00:00:00-04:00,7.849999904632568,7.849999904632568,7.849999904632568,7.849999904632568,187,0.0,0.0,0.0
2021-10-21 00:00:00-04:00,7.849999904632568,7.849999904632568,7.849999904632568,7.849999904632568,167,0.0,0.0,0.0
2021-10-22 00:00:00-04:00,7.800000190734863,7.800000190734863,7.800000190734863,7.800000190734863,17,0.0,0.0,0.0
2021-10-25 00:00:00-04:00,7.800000190734863,7.800000190734863,7.800000190734863,7.800000190734863,0,0.0,0.0,0.0
2021-10-26 00:00:00-04:00,7.239999771118164,7.25,7.239999771118164,7.25,242,0.0,0.0,0.0
2021-10-27 00:00:00-04:00,7.25,7.25,7.25,7.25,0,0.0,0.0,0.0
2021-10-28 00:00:00-04:00,7.25,7.25,7.25,7.25,0,0.0,0.0,0.0
2021-10-29 00:00:00-04:00,7.25,7.25,7.25,7.25,0,0.0,0.0,0.0
2021-11-01 00:00:00-04:00,7.25,7.610000133514404,7.25,7.610000133514404,401,0.0,0.0,0.0
2021-11-02 00:00:00-04:00,7.489999771118164,7.489999771118164,7.489999771118164,7.489999771118164,121,0.0,0.0,0.0
2021-11-03 00:00:00-04:00,7.5,7.5,7.25,7.25,483,0.0,0.0,0.0
2021-11-04 00:00:00-04:00,7.550000190734863,7.550000190734863,7.550000190734863,7.550000190734863,11,0.0,0.0,0.0
2021-11-05 00:00:00-04:00,8.029999732971191,8.199999809265137,8.029999732971191,8.199999809265137,4647,0.0,0.0,0.0
2021-11-08 00:00:00-05:00,9.0,9.0,8.670000076293945,8.670000076293945,3671,0.0,0.0,0.0
2021-11-09 00:00:00-05:00,8.520000457763672,8.520000457763672,8.425000190734863,8.425000190734863,374,0.0,0.0,0.0
2021-11-10 00:00:00-05:00,7.630000114440918,7.630000114440918,7.630000114440918,7.630000114440918,555,0.0,0.0,0.0
2021-11-11 00:00:00-05:00,7.630000114440918,8.0,7.630000114440918,7.849999904632568,252,0.0,0.0,0.0
2021-11-12 00:00:00-05:00,7.849999904632568,7.849999904632568,7.849999904632568,7.849999904632568,0,0.0,0.0,0.0
2021-11-15 00:00:00-05:00,7.860000133514404,7.94320011138916,7.860000133514404,7.860000133514404,1228,0.0,0.0,0.0
2021-11-16 00:00:00-05:00,7.664999961853027,7.664999961853027,7.65500020980835,7.65500020980835,503,0.0,0.0,0.0
2021-11-17 00:00:00-05:00,7.510000228881836,7.510000228881836,7.510000228881836,7.510000228881836,78,0.0,0.0,0.0
2021-11-18 00:00:00-05:00,7.28000020980835,7.28000020980835,7.260000228881836,7.260000228881836,886,0.0,0.0,0.0
2021-11-19 00:00:00-05:00,7.230000019073486,7.230000019073486,7.0304999351501465,7.06820011138916,365,0.0,0.0,0.0
2021-11-22 00:00:00-05:00,6.429999828338623,6.800000190734863,6.429999828338623,6.567999839782715,4204,0.0,0.0,0.0
2021-11-23 00:00:00-05:00,6.699999809265137,6.699999809265137,6.599100112915039,6.599100112915039,613,0.0,0.0,0.0
2021-11-24 00:00:00-05:00,6.46999979019165,6.569300174713135,6.465000152587891,6.569300174713135,1058,0.0,0.0,0.0
2021-11-26 00:00:00-05:00,5.909999847412109,5.909999847412109,5.519999980926514,5.800000190734863,1560,0.0,0.0,0.0
2021-11-29 00:00:00-05:00,5.900000095367432,5.900000095367432,5.650000095367432,5.795000076293945,3150,0.0,0.0,0.0
2021-11-30 00:00:00-05:00,5.889999866485596,5.889999866485596,5.599999904632568,5.599999904632568,1137,0.0,0.0,0.0
2021-12-01 00:00:00-05:00,5.599999904632568,5.599999904632568,5.599999904632568,5.599999904632568,0,0.0,0.0,0.0
2021-12-02 00:00:00-05:00,5.599999904632568,5.599999904632568,5.599999904632568,5.599999904632568,0,0.0,0.0,0.0
2021-12-03 00:00:00-05:00,5.599999904632568,5.599999904632568,5.599999904632568,5.599999904632568,0,0.0,0.0,0.0
2021-12-06 00:00:00-05:00,5.889999866485596,6.0,5.889999866485596,6.0,969,0.0,0.0,0.0
2021-12-07 00:00:00-05:00,6.449999809265137,6.449999809265137,6.449999809265137,6.449999809265137,281,0.0,0.0,0.0
2021-12-08 00:00:00-05:00,6.210000038146973,6.258699893951416,6.210000038146973,6.258699893951416,153,0.0,0.0,0.0
2021-12-09 00:00:00-05:00,6.400000095367432,6.400000095367432,6.150100231170654,6.275000095367432,701,0.0,0.0,0.0
2021-12-10 00:00:00-05:00,6.159999847412109,6.159999847412109,6.159999847412109,6.159999847412109,327,0.0,0.0,0.0
2021-12-13 00:00:00-05:00,5.897500038146973,5.897500038146973,5.897500038146973,5.897500038146973,238,0.0,0.0,0.0
2021-12-14 00:00:00-05:00,5.625,5.625,5.625,5.625,96,0.0,0.0,0.0
2021-12-15 00:00:00-05:00,5.639999866485596,5.639999866485596,5.210000038146973,5.5,1972,0.0,0.0,0.0
2021-12-16 00:00:00-05:00,5.5,5.5,5.409999847412109,5.409999847412109,391,0.0,0.0,0.0
2021-12-17 00:00:00-05:00,5.25,5.25,5.25,5.25,354,0.0,0.0,0.0
2021-12-20 00:00:00-05:00,5.130000114440918,5.300000190734863,5.130000114440918,5.264999866485596,1242,0.0,0.0,0.0
2021-12-21 00:00:00-05:00,5.599999904632568,6.020500183105469,5.599999904632568,5.8125,1748,0.0,0.0,0.0
2021-12-22 00:00:00-05:00,5.880000114440918,5.998000144958496,5.880000114440918,5.932499885559082,1351,0.0,0.0,0.0
2021-12-23 00:00:00-05:00,5.932499885559082,5.932499885559082,5.932499885559082,5.932499885559082,0,0.0,0.0,0.0
2021-12-27 00:00:00-05:00,6.099999904632568,6.099999904632568,6.099999904632568,6.099999904632568,117,0.0,0.0,0.0
2021-12-28 00:00:00-05:00,6.300000190734863,6.300000190734863,6.150000095367432,6.150000095367432,695,0.0,0.0,0.0
2021-12-29 00:00:00-05:00,5.949999809265137,6.0,5.309999942779541,6.0,1133,0.0,0.0,0.0
2021-12-30 00:00:00-05:00,6.0,6.099999904632568,6.0,6.099999904632568,736,0.0,0.0,0.0
2021-12-31 00:00:00-05:00,6.03000020980835,6.03000020980835,6.03000020980835,6.03000020980835,373,0.0,0.0,0.0
2022-01-03 00:00:00-05:00,6.0,6.139999866485596,6.0,6.139999866485596,230,0.0,0.0,0.0
2022-01-04 00:00:00-05:00,6.210000038146973,6.210000038146973,6.099999904632568,6.210000038146973,491,0.0,0.0,0.0
2022-01-05 00:00:00-05:00,6.0,6.0,5.900000095367432,5.900000095367432,350,0.0,0.0,0.0
2022-01-06 00:00:00-05:00,6.0,6.0,6.0,6.0,242,0.0,0.0,0.0
2022-01-07 00:00:00-05:00,5.769999980926514,5.899899959564209,5.75,5.809999942779541,968,0.0,0.0,0.0
2022-01-10 00:00:00-05:00,5.636899948120117,5.636899948120117,5.636899948120117,5.636899948120117,232,0.0,0.0,0.0
2022-01-11 00:00:00-05:00,6.088099956512451,6.139999866485596,6.039999961853027,6.052000045776367,2893,0.0,0.0,0.0
2022-01-12 00:00:00-05:00,6.025000095367432,6.025000095367432,6.025000095367432,6.025000095367432,124,0.0,0.0,0.0
2022-01-13 00:00:00-05:00,5.860000133514404,5.860000133514404,5.860000133514404,5.860000133514404,122,0.0,0.0,0.0
2022-01-14 00:00:00-05:00,5.700099945068359,5.700099945068359,5.65500020980835,5.65500020980835,422,0.0,0.0,0.0
2022-01-18 00:00:00-05:00,5.699999809265137,5.699999809265137,5.380000114440918,5.46999979019165,3441,0.0,0.0,0.0
2022-01-19 00:00:00-05:00,5.480000019073486,5.480000019073486,5.480000019073486,5.480000019073486,354,0.0,0.0,0.0
2022-01-20 00:00:00-05:00,5.41480016708374,5.730000019073486,5.41480016708374,5.730000019073486,966,0.0,0.0,0.0
2022-01-21 00:00:00-05:00,5.400000095367432,5.400000095367432,5.400000095367432,5.400000095367432,95,0.0,0.0,0.0
2022-01-24 00:00:00-05:00,4.989999771118164,5.139999866485596,4.989999771118164,5.139999866485596,702,0.0,0.0,0.0
2022-01-25 00:00:00-05:00,4.980000019073486,5.086599826812744,4.730000019073486,5.086599826812744,2110,0.0,0.0,0.0
2022-01-26 00:00:00-05:00,5.25,5.25,5.059999942779541,5.059999942779541,547,0.0,0.0,0.0
2022-01-27 00:00:00-05:00,5.0,5.0,4.815000057220459,4.815000057220459,734,0.0,0.0,0.0
2022-01-28 00:00:00-05:00,4.769999980926514,5.010000228881836,4.769999980926514,5.010000228881836,335,0.0,0.0,0.0
2022-01-31 00:00:00-05:00,5.179999828338623,5.449999809265137,5.179999828338623,5.449999809265137,743,0.0,0.0,0.0
2022-02-01 00:00:00-05:00,5.199999809265137,5.519999980926514,5.199999809265137,5.519999980926514,1020,0.0,0.0,0.0
2022-02-02 00:00:00-05:00,5.629899978637695,5.629899978637695,5.46999979019165,5.46999979019165,560,0.0,0.0,0.0
2022-02-03 00:00:00-05:00,5.480000019073486,5.480000019073486,5.25,5.25,204,0.0,0.0,0.0
2022-02-04 00:00:00-05:00,5.420000076293945,5.590000152587891,5.420000076293945,5.590000152587891,1801,0.0,0.0,0.0
2022-02-07 00:00:00-05:00,5.69189977645874,5.69189977645874,5.69189977645874,5.69189977645874,286,0.0,0.0,0.0
2022-02-08 00:00:00-05:00,6.0,6.03000020980835,6.0,6.03000020980835,109,0.0,0.0,0.0
2022-02-09 00:00:00-05:00,6.224400043487549,6.510000228881836,6.224400043487549,6.380000114440918,651,0.0,0.0,0.0
2022-02-10 00:00:00-05:00,6.449999809265137,6.449999809265137,6.389999866485596,6.389999866485596,908,0.0,0.0,0.0
2022-02-11 00:00:00-05:00,7.0,7.079999923706055,5.989999771118164,5.989999771118164,8534,0.0,0.0,0.0
2022-02-14 00:00:00-05:00,6.119999885559082,6.130000114440918,5.96999979019165,5.96999979019165,601,0.0,0.0,0.0
2022-02-15 00:00:00-05:00,6.369999885559082,6.539999961853027,6.369999885559082,6.539999961853027,544,0.0,0.0,0.0
2022-02-16 00:00:00-05:00,6.690000057220459,6.820000171661377,6.690000057220459,6.820000171661377,1602,0.0,0.0,0.0
2022-02-17 00:00:00-05:00,7.860000133514404,7.860000133514404,6.380000114440918,6.46999979019165,6009,0.0,0.0,0.0
2022-02-18 00:00:00-05:00,6.172699928283691,6.190000057220459,6.172699928283691,6.190000057220459,322,0.0,0.0,0.0
2022-02-22 00:00:00-05:00,5.880000114440918,5.959000110626221,5.7067999839782715,5.804999828338623,1777,0.0,0.0,0.0
2022-02-23 00:00:00-05:00,5.920000076293945,5.920000076293945,5.570000171661377,5.570000171661377,1761,0.0,0.0,0.0
2022-02-24 00:00:00-05:00,4.5,5.414999961853027,4.289999961853027,5.414999961853027,2137,0.0,0.0,0.0
2022-02-25 00:00:00-05:00,5.619900226593018,5.619900226593018,5.500100135803223,5.599999904632568,464,0.0,0.0,0.0
2022-02-28 00:00:00-05:00,5.550000190734863,5.550000190734863,5.449999809265137,5.449999809265137,689,0.0,0.0,0.0
2022-03-01 00:00:00-05:00,5.429999828338623,5.429999828338623,5.130000114440918,5.130000114440918,467,0.0,0.0,0.0
2022-03-02 00:00:00-05:00,5.375,5.375,5.375,5.375,48,0.0,0.0,0.0
2022-03-03 00:00:00-05:00,5.025000095367432,5.025000095367432,5.025000095367432,5.025000095367432,175,0.0,0.0,0.0
2022-03-04 00:00:00-05:00,4.505000114440918,4.505000114440918,4.505000114440918,4.505000114440918,335,0.0,0.0,0.0
2022-03-07 00:00:00-05:00,4.349999904632568,4.349999904632568,4.099999904632568,4.099999904632568,2565,0.0,0.0,0.0
2022-03-08 00:00:00-05:00,4.070000171661377,4.150000095367432,3.944000005722046,4.150000095367432,3711,0.0,0.0,0.0
2022-03-09 00:00:00-05:00,4.599999904632568,4.599999904632568,4.599999904632568,4.599999904632568,185,0.0,0.0,0.0
2022-03-10 00:00:00-05:00,4.5,4.550000190734863,4.414999961853027,4.519999980926514,1020,0.0,0.0,0.0
2022-03-11 00:00:00-05:00,4.340000152587891,4.340000152587891,4.340000152587891,4.340000152587891,62,0.0,0.0,0.0
2022-03-14 00:00:00-04:00,4.159999847412109,4.159999847412109,4.159999847412109,4.159999847412109,65,0.0,0.0,0.0
2022-03-15 00:00:00-04:00,4.199999809265137,4.340000152587891,4.199999809265137,4.340000152587891,814,0.0,0.0,0.0
2022-03-16 00:00:00-04:00,4.800000190734863,4.994999885559082,4.800000190734863,4.994999885559082,951,0.0,0.0,0.0
2022-03-17 00:00:00-04:00,4.927999973297119,5.010000228881836,4.927999973297119,5.010000228881836,1215,0.0,0.0,0.0
2022-03-18 00:00:00-04:00,5.070000171661377,5.429999828338623,5.070000171661377,5.409999847412109,4021,0.0,0.0,0.0
2022-03-21 00:00:00-04:00,5.070000171661377,5.070000171661377,5.070000171661377,5.070000171661377,227,0.0,0.0,0.0
2022-03-22 00:00:00-04:00,5.130000114440918,5.375,5.130000114440918,5.375,3991,0.0,0.0,0.0
2022-03-23 00:00:00-04:00,5.139599800109863,5.170000076293945,5.139599800109863,5.170000076293945,217,0.0,0.0,0.0
2022-03-24 00:00:00-04:00,5.1539998054504395,5.300000190734863,5.099999904632568,5.300000190734863,756,0.0,0.0,0.0
2022-03-25 00:00:00-04:00,5.180099964141846,5.205900192260742,5.079999923706055,5.079999923706055,328,0.0,0.0,0.0
2022-03-28 00:00:00-04:00,4.920000076293945,5.130000114440918,4.920000076293945,5.130000114440918,1379,0.0,0.0,0.0
2022-03-29 00:00:00-04:00,5.474999904632568,5.474999904632568,5.474999904632568,5.474999904632568,141,0.0,0.0,0.0
2022-03-30 00:00:00-04:00,5.480000019073486,5.480000019073486,5.389999866485596,5.389999866485596,938,0.0,0.0,0.0
2022-03-31 00:00:00-04:00,5.389999866485596,5.389999866485596,5.389999866485596,5.389999866485596,113,0.0,0.0,0.0
2022-04-01 00:00:00-04:00,5.360000133514404,5.420000076293945,5.360000133514404,5.420000076293945,170,0.0,0.0,0.0
2022-04-04 00:00:00-04:00,5.480000019073486,5.684999942779541,5.480000019073486,5.684999942779541,290,0.0,0.0,0.0
2022-04-05 00:00:00-04:00,5.570000171661377,5.570000171661377,5.449999809265137,5.449999809265137,574,0.0,0.0,0.0
2022-04-06 00:00:00-04:00,5.25,5.25,5.230000019073486,5.230000019073486,1076,0.0,0.0,0.0
2022-04-07 00:00:00-04:00,4.900000095367432,5.059999942779541,4.900000095367432,5.059999942779541,549,0.0,0.0,0.0
2022-04-08 00:00:00-04:00,4.900000095367432,4.960000038146973,4.900000095367432,4.960000038146973,242,0.0,0.0,0.0
2022-04-11 00:00:00-04:00,4.900000095367432,4.949999809265137,4.769999980926514,4.769999980926514,5559,0.0,0.0,0.0
2022-04-12 00:00:00-04:00,4.860000133514404,5.0,4.849999904632568,4.889999866485596,3863,0.0,0.0,0.0
2022-04-13 00:00:00-04:00,5.019999980926514,5.21999979019165,5.019999980926514,5.145299911499023,1588,0.0,0.0,0.0
2022-04-14 00:00:00-04:00,5.199999809265137,5.199999809265137,5.159999847412109,5.159999847412109,862,0.0,0.0,0.0
2022-04-18 00:00:00-04:00,5.0,5.0,5.0,5.0,237,0.0,0.0,0.0
2022-04-19 00:00:00-04:00,5.0,5.159999847412109,5.0,5.159999847412109,1300,0.0,0.0,0.0
2022-04-20 00:00:00-04:00,5.179999828338623,5.179999828338623,5.052700042724609,5.052700042724609,314,0.0,0.0,0.0
2022-04-21 00:00:00-04:00,5.0,5.0,4.84499979019165,4.84499979019165,379,0.0,0.0,0.0
2022-04-22 00:00:00-04:00,4.699999809265137,4.78000020980835,4.654900074005127,4.654900074005127,958,0.0,0.0,0.0
2022-04-25 00:00:00-04:00,4.599999904632568,4.699999809265137,4.599999904632568,4.699999809265137,1035,0.0,0.0,0.0
2022-04-26 00:00:00-04:00,4.360000133514404,4.53000020980835,4.34499979019165,4.525000095367432,2318,0.0,0.0,0.0
2022-04-27 00:00:00-04:00,4.570000171661377,4.625,4.570000171661377,4.625,237,0.0,0.0,0.0
2022-04-28 00:00:00-04:00,4.599999904632568,4.599999904632568,4.599999904632568,4.599999904632568,1087,0.0,0.0,0.0
2022-04-29 00:00:00-04:00,4.900000095367432,4.900000095367432,4.599999904632568,4.599999904632568,848,0.0,0.0,0.0
2022-05-02 00:00:00-04:00,4.558300018310547,4.610000133514404,4.474999904632568,4.610000133514404,690,0.0,0.0,0.0
2022-05-03 00:00:00-04:00,4.440000057220459,4.454999923706055,4.429999828338623,4.454999923706055,249,0.0,0.0,0.0
2022-05-04 00:00:00-04:00,4.142199993133545,4.454999923706055,4.059999942779541,4.454999923706055,1236,0.0,0.0,0.0
2022-05-05 00:00:00-04:00,4.309999942779541,4.309999942779541,4.130000114440918,4.130000114440918,325,0.0,0.0,0.0
2022-05-06 00:00:00-04:00,3.799999952316284,3.940000057220459,3.799999952316284,3.940000057220459,637,0.0,0.0,0.0
2022-05-09 00:00:00-04:00,3.799999952316284,3.799999952316284,3.4000000953674316,3.4000000953674316,664,0.0,0.0,0.0
2022-05-10 00:00:00-04:00,3.450000047683716,3.450000047683716,3.371500015258789,3.371500015258789,301,0.0,0.0,0.0
2022-05-11 00:00:00-04:00,3.2300000190734863,3.3299999237060547,3.2300000190734863,3.3299999237060547,1320,0.0,0.0,0.0
2022-05-12 00:00:00-04:00,3.3499999046325684,3.3499999046325684,3.240000009536743,3.282599925994873,661,0.0,0.0,0.0
2022-05-13 00:00:00-04:00,3.4100000858306885,3.5899999141693115,3.4100000858306885,3.5899999141693115,269,0.0,0.0,0.0
2022-05-16 00:00:00-04:00,3.5999999046325684,3.630000114440918,3.514699935913086,3.514699935913086,8467,0.0,0.0,0.0
2022-05-17 00:00:00-04:00,3.6370999813079834,3.6370999813079834,3.6370999813079834,3.6370999813079834,40,0.0,0.0,0.0
2022-05-18 00:00:00-04:00,3.450000047683716,3.466599941253662,3.4000000953674316,3.466599941253662,8548,0.0,0.0,0.0
2022-05-19 00:00:00-04:00,3.609999895095825,3.609999895095825,3.609999895095825,3.609999895095825,152,0.0,0.0,0.0
2022-05-20 00:00:00-04:00,3.5799999237060547,3.5799999237060547,3.5799999237060547,3.5799999237060547,32,0.0,0.0,0.0
2022-05-23 00:00:00-04:00,3.240000009536743,3.6549999713897705,3.240000009536743,3.6549999713897705,315,0.0,0.0,0.0
2022-05-24 00:00:00-04:00,3.2799999713897705,3.3750998973846436,3.2799999713897705,3.3750998973846436,217,0.0,0.0,0.0
2022-05-25 00:00:00-04:00,3.4000000953674316,3.5199999809265137,3.4000000953674316,3.5199999809265137,321,0.0,0.0,0.0
2022-05-26 00:00:00-04:00,3.5199999809265137,3.5199999809265137,3.5199999809265137,3.5199999809265137,0,0.0,0.0,0.0
2022-05-27 00:00:00-04:00,4.070000171661377,4.28000020980835,3.9100000858306885,3.9749999046325684,1812,0.0,0.0,0.0
2022-05-31 00:00:00-04:00,4.119999885559082,4.119999885559082,3.924999952316284,3.924999952316284,1369,0.0,0.0,0.0
2022-06-01 00:00:00-04:00,3.859999895095825,3.859999895095825,3.6700000762939453,3.825000047683716,2202,0.0,0.0,0.0
2022-06-02 00:00:00-04:00,3.9839000701904297,3.9839000701904297,3.9839000701904297,3.9839000701904297,54,0.0,0.0,0.0
2022-06-03 00:00:00-04:00,3.8399999141693115,3.8399999141693115,3.8399999141693115,3.8399999141693115,262,0.0,0.0,0.0
2022-06-06 00:00:00-04:00,4.0,4.010000228881836,4.0,4.010000228881836,354,0.0,0.0,0.0
2022-06-07 00:00:00-04:00,3.915299892425537,3.9600000381469727,3.915299892425537,3.9600000381469727,455,0.0,0.0,0.0
2022-06-08 00:00:00-04:00,3.9800000190734863,3.9800000190734863,3.9800000190734863,3.9800000190734863,222,0.0,0.0,0.0
2022-06-09 00:00:00-04:00,3.9100000858306885,3.9100000858306885,3.700000047683716,3.700000047683716,180,0.0,0.0,0.0
2022-06-10 00:00:00-04:00,3.424499988555908,3.424999952316284,3.424499988555908,3.424999952316284,308,0.0,0.0,0.0
2022-06-13 00:00:00-04:00,3.119999885559082,3.119999885559082,3.119999885559082,3.119999885559082,148,0.0,0.0,0.0
2022-06-14 00:00:00-04:00,3.119999885559082,3.119999885559082,3.119999885559082,3.119999885559082,0,0.0,0.0,0.0
2022-06-15 00:00:00-04:00,3.109999895095825,3.109999895095825,3.109999895095825,3.109999895095825,20,0.0,0.0,0.0
2022-06-16 00:00:00-04:00,2.9100000858306885,2.9100000858306885,2.809999942779541,2.809999942779541,470,0.0,0.0,0.0
2022-06-17 00:00:00-04:00,3.015000104904175,3.015000104904175,3.015000104904175,3.015000104904175,97,0.0,0.0,0.0
2022-06-21 00:00:00-04:00,3.119999885559082,3.119999885559082,3.119999885559082,3.119999885559082,111,0.0,0.0,0.0
2022-06-22 00:00:00-04:00,3.059999942779541,3.0699000358581543,2.9600000381469727,2.9600000381469727,805,0.0,0.0,0.0
2022-06-23 00:00:00-04:00,2.880000114440918,2.940000057220459,2.8606998920440674,2.8606998920440674,341,0.0,0.0,0.0
2022-06-24 00:00:00-04:00,3.075000047683716,3.075000047683716,3.075000047683716,3.075000047683716,279,0.0,0.0,0.0
2022-06-27 00:00:00-04:00,3.059999942779541,3.059999942779541,3.055000066757202,3.055000066757202,635,0.0,0.0,0.0
2022-06-28 00:00:00-04:00,3.0199999809265137,3.0199999809265137,3.0199999809265137,3.0199999809265137,32,0.0,0.0,0.0
2022-06-29 00:00:00-04:00,2.884999990463257,2.884999990463257,2.884999990463257,2.884999990463257,21,0.0,0.0,0.0
2022-06-30 00:00:00-04:00,2.7850000858306885,2.7850000858306885,2.7850000858306885,2.7850000858306885,40,0.0,0.0,0.0
2022-07-01 00:00:00-04:00,2.7200000286102295,2.7850000858306885,2.5,2.7850000858306885,1433,0.0,0.0,0.0
2022-07-05 00:00:00-04:00,2.75,2.8299999237060547,2.75,2.759999990463257,1256,0.0,0.0,0.0
2022-07-06 00:00:00-04:00,2.759999990463257,2.759999990463257,2.680000066757202,2.680000066757202,466,0.0,0.0,0.0
2022-07-07 00:00:00-04:00,2.710099935531616,2.819999933242798,2.710099935531616,2.819999933242798,1163,0.0,0.0,0.0
2022-07-08 00:00:00-04:00,2.7300000190734863,2.819999933242798,2.7300000190734863,2.819999933242798,655,0.0,0.0,0.0
2022-07-11 00:00:00-04:00,2.819999933242798,2.819999933242798,2.819999933242798,2.819999933242798,0,0.0,0.0,0.0
2022-07-12 00:00:00-04:00,2.559999942779541,2.559999942779541,2.559999942779541,2.559999942779541,76,0.0,0.0,0.0
2022-07-13 00:00:00-04:00,2.549999952316284,2.549999952316284,2.549999952316284,2.549999952316284,190,0.0,0.0,0.0
2022-07-14 00:00:00-04:00,2.411400079727173,2.4214999675750732,2.411400079727173,2.4214999675750732,188,0.0,0.0,0.0
2022-07-15 00:00:00-04:00,2.444999933242798,2.444999933242798,2.444999933242798,2.444999933242798,8,0.0,0.0,0.0
2022-07-18 00:00:00-04:00,2.569999933242798,2.569999933242798,2.569999933242798,2.569999933242798,2,0.0,0.0,0.0
2022-07-19 00:00:00-04:00,2.672800064086914,2.672800064086914,2.619999885559082,2.619999885559082,270,0.0,0.0,0.0
2022-07-20 00:00:00-04:00,2.7049999237060547,2.7049999237060547,2.7049999237060547,2.7049999237060547,1,0.0,0.0,0.0
2022-07-21 00:00:00-04:00,2.700000047683716,2.700000047683716,2.700000047683716,2.700000047683716,21,0.0,0.0,0.0
2022-07-22 00:00:00-04:00,2.693700075149536,2.693700075149536,2.5899999141693115,2.5899999141693115,134,0.0,0.0,0.0
2022-07-25 00:00:00-04:00,2.640000104904175,2.640000104904175,2.640000104904175,2.640000104904175,41,0.0,0.0,0.0
2022-07-26 00:00:00-04:00,2.5299999713897705,2.5299999713897705,2.5299999713897705,2.5299999713897705,4,0.0,0.0,0.0
2022-07-27 00:00:00-04:00,2.7300000190734863,2.7300000190734863,2.7300000190734863,2.7300000190734863,56,0.0,0.0,0.0
2022-07-28 00:00:00-04:00,2.700000047683716,2.799999952316284,2.619999885559082,2.7799999713897705,1843,0.0,0.0,0.0
2022-07-29 00:00:00-04:00,2.7899999618530273,2.7899999618530273,2.7899999618530273,2.7899999618530273,128,0.0,0.0,0.0
2022-08-01 00:00:00-04:00,2.7899999618530273,2.7899999618530273,2.7899999618530273,2.7899999618530273,0,0.0,0.0,0.0
2022-08-02 00:00:00-04:00,3.5199999809265137,3.5199999809265137,3.5199999809265137,3.5199999809265137,503,0.0,0.0,0.0
2022-08-03 00:00:00-04:00,3.5,3.5,3.0299999713897705,3.0299999713897705,1388,0.0,0.0,0.0
2022-08-04 00:00:00-04:00,3.0799999237060547,3.0799999237060547,3.0799999237060547,3.0799999237060547,12,0.0,0.0,0.0
2022-08-05 00:00:00-04:00,3.1600000858306885,3.1600000858306885,3.1600000858306885,3.1600000858306885,128,0.0,0.0,0.0
2022-08-08 00:00:00-04:00,3.1600000858306885,3.2081000804901123,3.109999895095825,3.180000066757202,2525,0.0,0.0,0.0
2022-08-09 00:00:00-04:00,3.180000066757202,3.180000066757202,3.0999999046325684,3.0999999046325684,323,0.0,0.0,0.0
2022-08-10 00:00:00-04:00,3.2799999713897705,3.2799999713897705,3.2799999713897705,3.2799999713897705,134,0.0,0.0,0.0
2022-08-11 00:00:00-04:00,3.4100000858306885,3.4100000858306885,3.259999990463257,3.259999990463257,397,0.0,0.0,0.0
2022-08-12 00:00:00-04:00,3.180000066757202,3.359999895095825,3.180000066757202,3.359999895095825,556,0.0,0.0,0.0
2022-08-15 00:00:00-04:00,3.390000104904175,3.390000104904175,3.390000104904175,3.390000104904175,224,0.0,0.0,0.0
2022-08-16 00:00:00-04:00,3.4100000858306885,3.4200000762939453,3.3773999214172363,3.3773999214172363,313,0.0,0.0,0.0
2022-08-17 00:00:00-04:00,3.2300000190734863,3.2300000190734863,3.2300000190734863,3.2300000190734863,135,0.0,0.0,0.0
2022-08-18 00:00:00-04:00,3.1700000762939453,3.1700000762939453,3.1700000762939453,3.1700000762939453,8,0.0,0.0,0.0
2022-08-19 00:00:00-04:00,2.990000009536743,2.990000009536743,2.990000009536743,2.990000009536743,51,0.0,0.0,0.0
2022-08-22 00:00:00-04:00,2.8499999046325684,2.890000104904175,2.8499999046325684,2.8499999046325684,469,0.0,0.0,0.0
2022-08-23 00:00:00-04:00,2.9200000762939453,2.9200000762939453,2.9200000762939453,2.9200000762939453,6,0.0,0.0,0.0
2022-08-24 00:00:00-04:00,2.9100000858306885,2.990000009536743,2.9100000858306885,2.990000009536743,213,0.0,0.0,0.0
2022-08-25 00:00:00-04:00,3.049999952316284,3.049999952316284,3.049999952316284,3.049999952316284,76,0.0,0.0,0.0
2022-08-26 00:00:00-04:00,2.9749999046325684,2.9749999046325684,2.9749999046325684,2.9749999046325684,36,0.0,0.0,0.0
2022-08-29 00:00:00-04:00,2.890000104904175,2.890000104904175,2.890000104904175,2.890000104904175,23,0.0,0.0,0.0
2022-08-30 00:00:00-04:00,2.819999933242798,2.819999933242798,2.819999933242798,2.819999933242798,9,0.0,0.0,0.0
2022-08-31 00:00:00-04:00,2.890000104904175,2.890000104904175,2.890000104904175,2.890000104904175,3,0.0,0.0,0.0
2022-09-01 00:00:00-04:00,2.4200000762939453,2.7899999618530273,2.4200000762939453,2.7899999618530273,173,0.0,0.0,0.0
2022-09-02 00:00:00-04:00,2.740000009536743,2.740000009536743,2.740000009536743,2.740000009536743,131,0.0,0.0,0.0
2022-09-06 00:00:00-04:00,2.690000057220459,2.690000057220459,2.690000057220459,2.690000057220459,10,0.0,0.0,0.0
2022-09-07 00:00:00-04:00,2.8025999069213867,2.8025999069213867,2.8025999069213867,2.8025999069213867,3,0.0,0.0,0.0
2022-09-08 00:00:00-04:00,2.7899999618530273,2.8017001152038574,2.7899999618530273,2.8017001152038574,240,0.0,0.0,0.0
2022-09-09 00:00:00-04:00,2.950000047683716,2.9600000381469727,2.950000047683716,2.9600000381469727,554,0.0,0.0,0.0
2022-09-12 00:00:00-04:00,3.0799999237060547,3.0799999237060547,3.0799999237060547,3.0799999237060547,34,0.0,0.0,0.0
2022-09-13 00:00:00-04:00,2.990000009536743,2.990000009536743,2.869999885559082,2.869999885559082,130,0.0,0.0,0.0
2022-09-14 00:00:00-04:00,2.98009991645813,2.98009991645813,2.98009991645813,2.98009991645813,94,0.0,0.0,0.0
2022-09-15 00:00:00-04:00,2.9200000762939453,2.950000047683716,2.9200000762939453,2.950000047683716,369,0.0,0.0,0.0
2022-09-16 00:00:00-04:00,2.8034000396728516,2.8034000396728516,2.8034000396728516,2.8034000396728516,41,0.0,0.0,0.0
2022-09-19 00:00:00-04:00,2.8399999141693115,2.8399999141693115,2.8399999141693115,2.8399999141693115,58,0.0,0.0,0.0
2022-09-20 00:00:00-04:00,2.859999895095825,2.8673999309539795,2.799999952316284,2.799999952316284,376,0.0,0.0,0.0
2022-09-21 00:00:00-04:00,2.5799999237060547,2.5999999046325684,2.5799999237060547,2.5999999046325684,193,0.0,0.0,0.0
2022-09-22 00:00:00-04:00,2.490000009536743,2.490000009536743,2.490000009536743,2.490000009536743,88,0.0,0.0,0.0
2022-09-23 00:00:00-04:00,2.200000047683716,2.299999952316284,2.200000047683716,2.299999952316284,538,0.0,0.0,0.0
2022-09-26 00:00:00-04:00,2.299999952316284,2.299999952316284,2.2300000190734863,2.2300000190734863,182,0.0,0.0,0.0
2022-09-27 00:00:00-04:00,2.2300000190734863,2.259999990463257,2.2300000190734863,2.259999990463257,128,0.0,0.0,0.0
2022-09-28 00:00:00-04:00,2.369999885559082,2.369999885559082,2.369999885559082,2.369999885559082,71,0.0,0.0,0.0
2022-09-29 00:00:00-04:00,2.25,2.2999000549316406,2.190000057220459,2.190000057220459,3008,0.0,0.0,0.0
2022-09-30 00:00:00-04:00,2.190000057220459,2.190000057220459,2.190000057220459,2.190000057220459,16,0.0,0.0,0.0
2022-10-03 00:00:00-04:00,2.236799955368042,2.236799955368042,2.236799955368042,2.236799955368042,67,0.0,0.0,0.0
2022-10-04 00:00:00-04:00,2.3299999237060547,2.430000066757202,2.3299999237060547,2.430000066757202,174,0.0,0.0,0.0
2022-10-05 00:00:00-04:00,2.5,2.5,2.430000066757202,2.430000066757202,197,0.0,0.0,0.0
2022-10-06 00:00:00-04:00,2.3499999046325684,2.3499999046325684,2.3499999046325684,2.3499999046325684,34,0.0,0.0,0.0
2022-10-07 00:00:00-04:00,2.1700000762939453,2.2300000190734863,2.1700000762939453,2.2300000190734863,220,0.0,0.0,0.0
2022-10-10 00:00:00-04:00,2.180000066757202,2.180000066757202,2.180000066757202,2.180000066757202,37,0.0,0.0,0.0
2022-10-11 00:00:00-04:00,2.0703999996185303,2.0703999996185303,2.0703999996185303,2.0703999996185303,51,0.0,0.0,0.0
2022-10-12 00:00:00-04:00,2.0799999237060547,2.1500000953674316,2.0799999237060547,2.1500000953674316,206,0.0,0.0,0.0
2022-10-13 00:00:00-04:00,2.130000114440918,2.130000114440918,2.130000114440918,2.130000114440918,133,0.0,0.0,0.0
2022-10-14 00:00:00-04:00,2.130000114440918,2.130000114440918,2.130000114440918,2.130000114440918,0,0.0,0.0,0.0
2022-10-17 00:00:00-04:00,2.1935999393463135,2.1935999393463135,2.1935999393463135,2.1935999393463135,72,0.0,0.0,0.0
2022-10-18 00:00:00-04:00,2.299999952316284,2.299999952316284,2.25,2.25,111,0.0,0.0,0.0
2022-10-19 00:00:00-04:00,2.130000114440918,2.130000114440918,2.130000114440918,2.130000114440918,73,0.0,0.0,0.0
2022-10-20 00:00:00-04:00,2.109999895095825,2.130000114440918,2.0799999237060547,2.130000114440918,636,0.0,0.0,0.0
2022-10-21 00:00:00-04:00,2.2799999713897705,2.2799999713897705,2.190000057220459,2.190000057220459,771,0.0,0.0,0.0
2022-10-24 00:00:00-04:00,2.0899999141693115,2.0899999141693115,2.0899999141693115,2.0899999141693115,155,0.0,0.0,0.0
2022-10-25 00:00:00-04:00,2.200000047683716,2.200000047683716,2.200000047683716,2.200000047683716,2,0.0,0.0,0.0
2022-10-26 00:00:00-04:00,2.2100000381469727,2.3499999046325684,2.2100000381469727,2.2100000381469727,154,0.0,0.0,0.0
2022-10-27 00:00:00-04:00,2.109999895095825,2.190000057220459,2.109999895095825,2.190000057220459,475,0.0,0.0,0.0
2022-10-28 00:00:00-04:00,2.190000057220459,2.190000057220459,2.190000057220459,2.190000057220459,2,0.0,0.0,0.0
2022-10-31 00:00:00-04:00,2.1559998989105225,2.1559998989105225,2.1559998989105225,2.1559998989105225,45,0.0,0.0,0.0
2022-11-01 00:00:00-04:00,2.299999952316284,2.299999952316284,2.299999952316284,2.299999952316284,132,0.0,0.0,0.0
2022-11-02 00:00:00-04:00,2.1389999389648438,2.1389999389648438,2.1389999389648438,2.1389999389648438,76,0.0,0.0,0.0
2022-11-03 00:00:00-04:00,2.119999885559082,2.119999885559082,2.119999885559082,2.119999885559082,12,0.0,0.0,0.0
2022-11-04 00:00:00-04:00,2.109999895095825,2.25,2.109999895095825,2.25,296,0.0,0.0,0.0
2022-11-07 00:00:00-05:00,2.2137999534606934,2.2137999534606934,2.2137999534606934,2.2137999534606934,77,0.0,0.0,0.0
2022-11-08 00:00:00-05:00,2.190000057220459,2.190000057220459,2.190000057220459,2.190000057220459,10,0.0,0.0,0.0
2022-11-09 00:00:00-05:00,2.049999952316284,2.049999952316284,2.049999952316284,2.049999952316284,105,0.0,0.0,0.0
2022-11-10 00:00:00-05:00,2.240000009536743,2.240000009536743,2.240000009536743,2.240000009536743,73,0.0,0.0,0.0
2022-11-11 00:00:00-05:00,2.299999952316284,2.490000009536743,2.299999952316284,2.490000009536743,592,0.0,0.0,0.0
2022-11-14 00:00:00-05:00,2.430000066757202,2.430000066757202,2.430000066757202,2.430000066757202,1,0.0,0.0,0.0
2022-11-15 00:00:00-05:00,2.490000009536743,2.490000009536743,2.490000009536743,2.490000009536743,116,0.0,0.0,0.0
2022-11-16 00:00:00-05:00,2.380000114440918,2.380000114440918,2.380000114440918,2.380000114440918,16,0.0,0.0,0.0
2022-11-17 00:00:00-05:00,2.359999895095825,2.359999895095825,2.359999895095825,2.359999895095825,109,0.0,0.0,0.0
2022-11-18 00:00:00-05:00,2.319999933242798,2.319999933242798,2.319999933242798,2.319999933242798,109,0.0,0.0,0.0
2022-11-21 00:00:00-05:00,2.2200000286102295,2.2200000286102295,2.2200000286102295,2.2200000286102295,35,0.0,0.0,0.0
2022-11-22 00:00:00-05:00,2.319999933242798,2.319999933242798,2.2300000190734863,2.2300000190734863,2148,0.0,0.0,0.0
2022-11-23 00:00:00-05:00,2.2899999618530273,2.2899999618530273,2.2899999618530273,2.2899999618530273,11,0.0,0.0,0.0
2022-11-25 00:00:00-05:00,2.319999933242798,2.319999933242798,2.319999933242798,2.319999933242798,50,0.0,0.0,0.0
2022-11-28 00:00:00-05:00,2.2899999618530273,2.2899999618530273,2.2899999618530273,2.2899999618530273,3,0.0,0.0,0.0
2022-11-29 00:00:00-05:00,2.4140000343322754,2.4140000343322754,2.2699999809265137,2.380000114440918,10245,0.0,0.0,0.0
2022-11-30 00:00:00-05:00,2.559999942779541,2.559999942779541,2.559999942779541,2.559999942779541,4,0.0,0.0,0.0
2022-12-01 00:00:00-05:00,2.6500000953674316,2.6500000953674316,2.4700000286102295,2.559999942779541,425,0.0,0.0,0.0
2022-12-02 00:00:00-05:00,2.5299999713897705,2.5299999713897705,2.5299999713897705,2.5299999713897705,102,0.0,0.0,0.0
2022-12-05 00:00:00-05:00,2.5499000549316406,2.5499000549316406,2.3399999141693115,2.4214999675750732,2822,0.0,0.0,0.0
2022-12-06 00:00:00-05:00,2.4000000953674316,2.4000000953674316,2.3399999141693115,2.3399999141693115,128,0.0,0.0,0.0
2022-12-07 00:00:00-05:00,2.2899999618530273,2.2899999618530273,2.2899999618530273,2.2899999618530273,12,0.0,0.0,0.0
2022-12-08 00:00:00-05:00,2.3399999141693115,2.3399999141693115,2.3399999141693115,2.3399999141693115,5,0.0,0.0,0.0
2022-12-09 00:00:00-05:00,2.4600000381469727,2.4600000381469727,2.3399999141693115,2.3399999141693115,3827,0.0,0.0,0.0
2022-12-12 00:00:00-05:00,2.319999933242798,2.4100000858306885,2.319999933242798,2.359999895095825,1356,0.0,0.0,0.0
2022-12-13 00:00:00-05:00,2.380000114440918,2.5699000358581543,2.380000114440918,2.4200000762939453,7274,0.0,0.0,0.0
2022-12-14 00:00:00-05:00,2.4000000953674316,2.4000000953674316,2.4000000953674316,2.4000000953674316,28,0.0,0.0,0.0
2022-12-15 00:00:00-05:00,2.299999952316284,2.299999952316284,2.299999952316284,2.299999952316284,12,0.0,0.0,0.0
2022-12-16 00:00:00-05:00,2.319999933242798,2.3299999237060547,2.239300012588501,2.239300012588501,271,0.0,0.0,0.0
2022-12-19 00:00:00-05:00,2.2899999618530273,2.2899999618530273,2.259999990463257,2.259999990463257,1505,0.0,0.0,0.0
2022-12-20 00:00:00-05:00,2.1700000762939453,2.1700000762939453,2.1700000762939453,2.1700000762939453,100,0.0,0.0,0.0
2022-12-21 00:00:00-05:00,2.23009991645813,2.23009991645813,2.23009991645813,2.23009991645813,49,0.0,0.0,0.0
2022-12-22 00:00:00-05:00,2.1600000858306885,2.1600000858306885,2.1600000858306885,2.1600000858306885,76,0.0,0.0,0.0
2022-12-23 00:00:00-05:00,2.190000057220459,2.190000057220459,2.190000057220459,2.190000057220459,12,0.0,0.0,0.0
2022-12-27 00:00:00-05:00,2.259999990463257,2.259999990463257,2.180000066757202,2.180000066757202,204,0.0,0.0,0.0
2022-12-28 00:00:00-05:00,2.1600000858306885,2.1600000858306885,2.1600000858306885,2.1600000858306885,1,0.0,0.0,0.0
2022-12-29 00:00:00-05:00,2.25,2.25,2.25,2.25,17,0.0,0.0,0.0
2022-12-30 00:00:00-05:00,2.25,2.25,2.25,2.25,46,0.0,0.0,0.0
2023-01-03 00:00:00-05:00,2.299999952316284,2.299999952316284,2.2850000858306885,2.2850000858306885,130,0.0,0.0,0.0
2023-01-04 00:00:00-05:00,2.3499999046325684,2.4049999713897705,2.3499999046325684,2.4049999713897705,119,0.0,0.0,0.0
2023-01-05 00:00:00-05:00,2.424999952316284,2.424999952316284,2.424999952316284,2.424999952316284,14,0.0,0.0,0.0
2023-01-06 00:00:00-05:00,2.505000114440918,2.505000114440918,2.505000114440918,2.505000114440918,4,0.0,0.0,0.0
2023-01-09 00:00:00-05:00,2.5250000953674316,2.5250000953674316,2.5250000953674316,2.5250000953674316,79,0.0,0.0,0.0
2023-01-10 00:00:00-05:00,2.555000066757202,2.555000066757202,2.555000066757202,2.555000066757202,50,0.0,0.0,0.0
2023-01-11 00:00:00-05:00,2.569999933242798,2.569999933242798,2.569999933242798,2.569999933242798,7,0.0,0.0,0.0
2023-01-12 00:00:00-05:00,2.6600000858306885,2.6600000858306885,2.6600000858306885,2.6600000858306885,124,0.0,0.0,0.0
2023-01-13 00:00:00-05:00,2.8499999046325684,2.8499999046325684,2.610100030899048,2.759999990463257,1295,0.0,0.0,0.0
2023-01-17 00:00:00-05:00,2.7799999713897705,2.7799999713897705,2.755000114440918,2.755000114440918,1063,0.0,0.0,0.0
2023-01-18 00:00:00-05:00,2.7699999809265137,2.7699999809265137,2.7699999809265137,2.7699999809265137,6,0.0,0.0,0.0
2023-01-19 00:00:00-05:00,2.7699999809265137,2.799999952316284,2.7699999809265137,2.799999952316284,100,0.0,0.0,0.0
2023-01-20 00:00:00-05:00,2.9535000324249268,2.9535000324249268,2.9535000324249268,2.9535000324249268,35,0.0,0.0,0.0
2023-01-23 00:00:00-05:00,3.0199999809265137,3.059999942779541,2.9825000762939453,2.9825000762939453,1156,0.0,0.0,0.0
2023-01-24 00:00:00-05:00,2.9800000190734863,2.9800000190734863,2.9691998958587646,2.9691998958587646,1200,0.0,0.0,0.0
2023-01-25 00:00:00-05:00,2.9800000190734863,3.0250000953674316,2.8399999141693115,3.0250000953674316,1179,0.0,0.0,0.0
2023-01-26 00:00:00-05:00,3.069999933242798,3.069999933242798,3.0232999324798584,3.0232999324798584,396,0.0,0.0,0.0
2023-01-27 00:00:00-05:00,2.940000057220459,3.2100000381469727,2.940000057220459,3.1500000953674316,437,0.0,0.0,0.0
2023-01-30 00:00:00-05:00,3.109999895095825,3.109999895095825,2.890000104904175,2.951200008392334,1018,0.0,0.0,0.0
2023-01-31 00:00:00-05:00,2.9937000274658203,2.9937000274658203,2.9937000274658203,2.9937000274658203,26,0.0,0.0,0.0
2023-02-01 00:00:00-05:00,3.1500000953674316,3.1500000953674316,3.1500000953674316,3.1500000953674316,14,0.0,0.0,0.0
2023-02-02 00:00:00-05:00,3.1919000148773193,3.1919000148773193,3.1919000148773193,3.1919000148773193,61,0.0,0.0,0.0
2023-02-03 00:00:00-05:00,3.1315999031066895,3.1315999031066895,3.1315999031066895,3.1315999031066895,30,0.0,0.0,0.0
2023-02-06 00:00:00-05:00,3.1500000953674316,3.1500000953674316,3.069999933242798,3.069999933242798,664,0.0,0.0,0.0
2023-02-07 00:00:00-05:00,3.0399999618530273,3.1238999366760254,3.0399999618530273,3.1238999366760254,131,0.0,0.0,0.0
2023-02-08 00:00:00-05:00,3.1698999404907227,3.1698999404907227,3.049999952316284,3.049999952316284,314,0.0,0.0,0.0
2023-02-09 00:00:00-05:00,3.0799999237060547,3.1700000762939453,2.990000009536743,3.0299999713897705,1055,0.0,0.0,0.0
2023-02-10 00:00:00-05:00,2.930000066757202,2.930000066757202,2.734999895095825,2.734999895095825,1426,0.0,0.0,0.0
2023-02-13 00:00:00-05:00,2.815000057220459,2.815000057220459,2.815000057220459,2.815000057220459,60,0.0,0.0,0.0
2023-02-14 00:00:00-05:00,2.865000009536743,2.865000009536743,2.865000009536743,2.865000009536743,33,0.0,0.0,0.0
2023-02-15 00:00:00-05:00,2.8529000282287598,2.8529000282287598,2.8529000282287598,2.8529000282287598,7,0.0,0.0,0.0
2023-02-16 00:00:00-05:00,2.950000047683716,2.950000047683716,2.859999895095825,2.859999895095825,127,0.0,0.0,0.0
2023-02-17 00:00:00-05:00,2.740000009536743,2.740000009536743,2.740000009536743,2.740000009536743,5,0.0,0.0,0.0
2023-02-21 00:00:00-05:00,2.690000057220459,2.690000057220459,2.6500000953674316,2.6549999713897705,955,0.0,0.0,0.0
2023-02-22 00:00:00-05:00,2.6600000858306885,2.6600000858306885,2.6449999809265137,2.6449999809265137,170,0.0,0.0,0.0
2023-02-23 00:00:00-05:00,2.6549999713897705,2.6549999713897705,2.6549999713897705,2.6549999713897705,1,0.0,0.0,0.0
2023-02-24 00:00:00-05:00,2.5350000858306885,2.5350000858306885,2.5350000858306885,2.5350000858306885,2,0.0,0.0,0.0
2023-02-27 00:00:00-05:00,2.615000009536743,2.615000009536743,2.615000009536743,2.615000009536743,36,0.0,0.0,0.0
2023-02-28 00:00:00-05:00,2.640000104904175,2.640000104904175,2.634999990463257,2.634999990463257,158,0.0,0.0,0.0
2023-03-01 00:00:00-05:00,2.6600000858306885,2.6600000858306885,2.634999990463257,2.634999990463257,316,0.0,0.0,0.0
2023-03-02 00:00:00-05:00,2.5439999103546143,2.6649999618530273,2.521199941635132,2.6649999618530273,1003,0.0,0.0,0.0
2023-03-03 00:00:00-05:00,2.7149999141693115,2.7149999141693115,2.7149999141693115,2.7149999141693115,33,0.0,0.0,0.0
2023-03-06 00:00:00-05:00,2.7049999237060547,2.7049999237060547,2.7049999237060547,2.7049999237060547,14,0.0,0.0,0.0
2023-03-07 00:00:00-05:00,2.625,2.625,2.625,2.625,2,0.0,0.0,0.0
2023-03-08 00:00:00-05:00,2.6050000190734863,2.6050000190734863,2.6050000190734863,2.6050000190734863,60,0.0,0.0,0.0
2023-03-09 00:00:00-05:00,2.450000047683716,2.450000047683716,2.450000047683716,2.450000047683716,45,0.0,0.0,0.0
2023-03-10 00:00:00-05:00,2.359999895095825,2.359999895095825,2.359999895095825,2.359999895095825,114,0.0,0.0,0.0
2023-03-13 00:00:00-04:00,2.3299999237060547,2.3299999237060547,2.3299999237060547,2.3299999237060547,118,0.0,0.0,0.0
2023-03-14 00:00:00-04:00,2.350100040435791,2.350100040435791,2.319999933242798,2.319999933242798,702,0.0,0.0,0.0
2023-03-15 00:00:00-04:00,2.2149999141693115,2.2149999141693115,2.2149999141693115,2.2149999141693115,19,0.0,0.0,0.0
2023-03-16 00:00:00-04:00,2.2200000286102295,2.2899999618530273,2.2200000286102295,2.2899999618530273,813,0.0,0.0,0.0
2023-03-17 00:00:00-04:00,2.240000009536743,2.240000009536743,2.2300000190734863,2.2300000190734863,173,0.0,0.0,0.0
2023-03-20 00:00:00-04:00,2.309999942779541,2.309999942779541,2.244999885559082,2.244999885559082,101,0.0,0.0,0.0
2023-03-21 00:00:00-04:00,2.3499999046325684,2.3499999046325684,2.3499999046325684,2.3499999046325684,26,0.0,0.0,0.0
2023-03-22 00:00:00-04:00,2.33240008354187,2.33240008354187,2.33240008354187,2.33240008354187,42,0.0,0.0,0.0
2023-03-23 00:00:00-04:00,2.319999933242798,2.319999933242798,2.319999933242798,2.319999933242798,32,0.0,0.0,0.0
2023-03-24 00:00:00-04:00,2.2699999809265137,2.2699999809265137,2.2699999809265137,2.2699999809265137,3,0.0,0.0,0.0
2023-03-27 00:00:00-04:00,2.259999990463257,2.259999990463257,2.259999990463257,2.259999990463257,12,0.0,0.0,0.0
2023-03-28 00:00:00-04:00,2.234999895095825,2.234999895095825,2.234999895095825,2.234999895095825,1,0.0,0.0,0.0
2023-03-29 00:00:00-04:00,2.25,2.2950000762939453,2.25,2.2950000762939453,252,0.0,0.0,0.0
2023-03-30 00:00:00-04:00,2.3499999046325684,2.3499999046325684,2.3499999046325684,2.3499999046325684,201,0.0,0.0,0.0
2023-03-31 00:00:00-04:00,2.3499999046325684,2.3499999046325684,2.3499999046325684,2.3499999046325684,15,0.0,0.0,0.0
2023-04-03 00:00:00-04:00,2.2799999713897705,2.385999917984009,2.2799999713897705,2.3350000381469727,256,0.0,0.0,0.0
2023-04-04 00:00:00-04:00,2.369999885559082,2.369999885559082,2.3350000381469727,2.3350000381469727,461,0.0,0.0,0.0
2023-04-05 00:00:00-04:00,2.3350000381469727,2.3350000381469727,2.3350000381469727,2.3350000381469727,37,0.0,0.0,0.0
2023-04-06 00:00:00-04:00,2.3350000381469727,2.3350000381469727,2.3350000381469727,2.3350000381469727,22,0.0,0.0,0.0
2023-04-10 00:00:00-04:00,2.3399999141693115,2.3399999141693115,2.3350000381469727,2.3350000381469727,199,0.0,0.0,0.0
2023-04-11 00:00:00-04:00,2.2799999713897705,2.3350000381469727,2.2799999713897705,2.3350000381469727,206,0.0,0.0,0.0
2023-04-12 00:00:00-04:00,2.3399999141693115,2.3399999141693115,2.3350000381469727,2.3350000381469727,330,0.0,0.0,0.0
2023-04-13 00:00:00-04:00,2.390000104904175,2.4100000858306885,2.3550000190734863,2.3550000190734863,1435,0.0,0.0,0.0
2023-04-14 00:00:00-04:00,2.3350000381469727,2.3350000381469727,2.3350000381469727,2.3350000381469727,270,0.0,0.0,0.0
2023-04-17 00:00:00-04:00,2.3350000381469727,2.3350000381469727,2.3350000381469727,2.3350000381469727,0,0.0,0.0,0.0
2023-04-18 00:00:00-04:00,2.3350000381469727,2.3350000381469727,2.3350000381469727,2.3350000381469727,0,0.0,0.0,0.0
2023-04-19 00:00:00-04:00,2.3350000381469727,2.3350000381469727,2.3350000381469727,2.3350000381469727,0,0.0,0.0,0.0
2023-04-20 00:00:00-04:00,2.3350000381469727,2.3350000381469727,2.3350000381469727,2.3350000381469727,0,0.0,0.0,0.0
