Date,Open,High,Low,Close,Volume,Dividends,Stock Splits,Capital Gains
2020-06-30 00:00:00-04:00,24.06022834777832,24.06022834777832,24.06022834777832,24.06022834777832,0,0.0,0.0,0.0
2020-07-01 00:00:00-04:00,24.185341718105832,24.214214654139678,24.170713424682617,24.170713424682617,99884,0.0,0.0,0.0
2020-07-02 00:00:00-04:00,24.250207901000977,24.250207901000977,24.250207901000977,24.250207901000977,15,0.0,0.0,0.0
2020-07-06 00:00:00-04:00,24.49234962463379,24.49234962463379,24.49234962463379,24.49234962463379,21,0.0,0.0,0.0
2020-07-07 00:00:00-04:00,24.324987411499023,24.324987411499023,24.324987411499023,24.324987411499023,0,0.0,0.0,0.0
2020-07-08 00:00:00-04:00,24.43547248840332,24.43547248840332,24.43547248840332,24.43547248840332,0,0.0,0.0,0.0
2020-07-09 00:00:00-04:00,24.348661422729492,24.348661422729492,24.348661422729492,24.348661422729492,0,0.0,0.0,0.0
2020-07-10 00:00:00-04:00,24.506977081298828,24.506977081298828,24.506977081298828,24.506977081298828,20,0.0,0.0,0.0
2020-07-13 00:00:00-04:00,24.37724494934082,24.37724494934082,24.37724494934082,24.37724494934082,0,0.0,0.0,0.0
2020-07-14 00:00:00-04:00,24.300831657251056,24.5371036529541,24.300831657251056,24.5371036529541,605,0.0,0.0,0.0
2020-07-15 00:00:00-04:00,24.70504250108972,24.70504250108972,24.661060333251953,24.661060333251953,100,0.0,0.0,0.0
2020-07-16 00:00:00-04:00,24.628145217895508,24.628145217895508,24.628145217895508,24.628145217895508,0,0.0,0.0,0.0
2020-07-17 00:00:00-04:00,24.629974155674756,24.703022003173828,24.629974155674756,24.703022003173828,100,0.0,0.0,0.0
2020-07-20 00:00:00-04:00,24.851137161254883,24.851137161254883,24.851137161254883,24.851137161254883,25,0.0,0.0,0.0
2020-07-21 00:00:00-04:00,24.877410888671875,24.877410888671875,24.877410888671875,24.877410888671875,0,0.0,0.0,0.0
2020-07-22 00:00:00-04:00,24.948244094848633,24.948244094848633,24.948244094848633,24.948244094848633,0,0.0,0.0,0.0
2020-07-23 00:00:00-04:00,24.7553768157959,24.7553768157959,24.7553768157959,24.7553768157959,0,0.0,0.0,0.0
2020-07-24 00:00:00-04:00,24.654611587524414,24.654611587524414,24.654611587524414,24.654611587524414,0,0.0,0.0,0.0
2020-07-27 00:00:00-04:00,24.77962875366211,24.77962875366211,24.77962875366211,24.77962875366211,0,0.0,0.0,0.0
2020-07-28 00:00:00-04:00,24.718612670898438,24.718612670898438,24.718612670898438,24.718612670898438,154,0.0,0.0,0.0
2020-07-29 00:00:00-04:00,24.87827627639352,24.887900587932325,24.839779030238304,24.852771759033203,4462,0.0,0.0,0.0
2020-07-30 00:00:00-04:00,24.705043179411003,24.76548194885254,24.704850436182717,24.76548194885254,870,0.0,0.0,0.0
2020-07-31 00:00:00-04:00,24.873655319213867,24.873655319213867,24.873655319213867,24.873655319213867,1,0.0,0.0,0.0
2020-08-03 00:00:00-04:00,25.021770477294922,25.021770477294922,25.021770477294922,25.021770477294922,70,0.0,0.0,0.0
2020-08-04 00:00:00-04:00,25.09000541221513,25.09000541221513,25.06440544128418,25.06440544128418,877,0.0,0.0,0.0
2020-08-05 00:00:00-04:00,25.16603660583496,25.16603660583496,25.16603660583496,25.16603660583496,1,0.0,0.0,0.0
2020-08-06 00:00:00-04:00,25.24447250366211,25.24447250366211,25.24447250366211,25.24447250366211,70,0.0,0.0,0.0
2020-08-07 00:00:00-04:00,25.23937225341797,25.23937225341797,25.23937225341797,25.23937225341797,70,0.0,0.0,0.0
2020-08-10 00:00:00-04:00,25.292207717895508,25.292207717895508,25.292207717895508,25.292207717895508,40,0.0,0.0,0.0
2020-08-11 00:00:00-04:00,25.190383911132812,25.190383911132812,25.190383911132812,25.190383911132812,70,0.0,0.0,0.0
2020-08-12 00:00:00-04:00,25.36621856689453,25.36621856689453,25.36621856689453,25.36621856689453,1,0.0,0.0,0.0
2020-08-13 00:00:00-04:00,25.325796127319336,25.325796127319336,25.325796127319336,25.325796127319336,1,0.0,0.0,0.0
2020-08-14 00:00:00-04:00,25.311359405517578,25.311359405517578,25.311359405517578,25.311359405517578,1,0.0,0.0,0.0
2020-08-17 00:00:00-04:00,25.347450256347656,25.347450256347656,25.347450256347656,25.347450256347656,1,0.0,0.0,0.0
2020-08-18 00:00:00-04:00,25.38844871520996,25.38844871520996,25.38844871520996,25.38844871520996,1,0.0,0.0,0.0
2020-08-19 00:00:00-04:00,25.342927932739258,25.342927932739258,25.342927932739258,25.342927932739258,1,0.0,0.0,0.0
2020-08-20 00:00:00-04:00,25.376996994018555,25.376996994018555,25.376996994018555,25.376996994018555,1,0.0,0.0,0.0
2020-08-21 00:00:00-04:00,25.420978546142578,25.420978546142578,25.420978546142578,25.420978546142578,1,0.0,0.0,0.0
2020-08-24 00:00:00-04:00,25.542049407958984,25.542049407958984,25.542049407958984,25.542049407958984,20,0.0,0.0,0.0
2020-08-25 00:00:00-04:00,25.580930709838867,25.580930709838867,25.580930709838867,25.580930709838867,1,0.0,0.0,0.0
2020-08-26 00:00:00-04:00,25.675922393798828,25.675922393798828,25.675922393798828,25.675922393798828,1,0.0,0.0,0.0
2020-08-27 00:00:00-04:00,25.667452327294082,25.667452327294082,25.66004180908203,25.66004180908203,100,0.0,0.0,0.0
2020-08-28 00:00:00-04:00,25.703638076782227,25.703638076782227,25.703638076782227,25.703638076782227,20,0.0,0.0,0.0
2020-08-31 00:00:00-04:00,25.667356491088867,25.667356491088867,25.667356491088867,25.667356491088867,20,0.0,0.0,0.0
2020-09-01 00:00:00-04:00,25.667739868164062,25.667739868164062,25.667739868164062,25.667739868164062,1,0.0,0.0,0.0
2020-09-02 00:00:00-04:00,25.696325290790693,25.7788028717041,25.696325290790693,25.7788028717041,100,0.0,0.0,0.0
2020-09-03 00:00:00-04:00,25.445039193504435,25.445039193504435,25.278639377418873,25.346969604492188,589,0.0,0.0,0.0
2020-09-04 00:00:00-04:00,25.243991218524833,25.33753776550293,25.243991218524833,25.33753776550293,170,0.0,0.0,0.0
2020-09-08 00:00:00-04:00,25.176622542868127,25.176622542868127,25.0673885345459,25.0673885345459,379,0.0,0.0,0.0
2020-09-09 00:00:00-04:00,25.369106191706877,25.369298934936523,25.369106191706877,25.369298934936523,200,0.0,0.0,0.0
2020-09-10 00:00:00-04:00,25.141111373901367,25.141111373901367,25.141111373901367,25.141111373901367,50,0.0,0.0,0.0
2020-09-11 00:00:00-04:00,25.041886329250158,25.181436095473305,25.041886329250158,25.172195434570312,845,0.0,0.0,0.0
2020-09-14 00:00:00-04:00,25.33647918701172,25.33647918701172,25.33647918701172,25.33647918701172,28,0.0,0.0,0.0
2020-09-15 00:00:00-04:00,25.387004852294922,25.387004852294922,25.387004852294922,25.387004852294922,28,0.0,0.0,0.0
2020-09-16 00:00:00-04:00,25.328779220581055,25.328779220581055,25.328779220581055,25.328779220581055,2,0.0,0.0,0.0
2020-09-17 00:00:00-04:00,25.196447372436523,25.196447372436523,25.196447372436523,25.196447372436523,28,0.0,0.0,0.0
2020-09-18 00:00:00-04:00,25.07749366760254,25.07749366760254,25.07749366760254,25.07749366760254,28,0.0,0.0,0.0
2020-09-21 00:00:00-04:00,24.67616924943926,24.90589714050293,24.67616924943926,24.90589714050293,901,0.0,0.0,0.0
2020-09-22 00:00:00-04:00,25.051027297973633,25.051027297973633,25.051027297973633,25.051027297973633,28,0.0,0.0,0.0
2020-09-23 00:00:00-04:00,24.72332763671875,24.72332763671875,24.72332763671875,24.72332763671875,28,0.0,0.0,0.0
2020-09-24 00:00:00-04:00,24.830155796996525,24.830155796996525,24.76846694946289,24.76846694946289,1001,0.0,0.0,0.0
2020-09-25 00:00:00-04:00,24.986644744873047,24.986644744873047,24.986644744873047,24.986644744873047,28,0.0,0.0,0.0
2020-09-28 00:00:00-04:00,25.192790985107422,25.192790985107422,25.192790985107422,25.192790985107422,28,0.0,0.0,0.0
2020-09-29 00:00:00-04:00,25.143226623535156,25.143226623535156,25.143226623535156,25.143226623535156,28,0.0,0.0,0.0
2020-09-30 00:00:00-04:00,25.282583236694336,25.282583236694336,25.282583236694336,25.282583236694336,1,0.0,0.0,0.0
2020-10-01 00:00:00-04:00,25.27459716796875,25.27459716796875,25.27459716796875,25.27459716796875,28,0.0,0.0,0.0
2020-10-02 00:00:00-04:00,25.18624795034286,25.18624795034286,25.133315152503222,25.167865753173828,400,0.0,0.0,0.0
2020-10-05 00:00:00-04:00,25.383541107177734,25.383541107177734,25.383541107177734,25.383541107177734,28,0.0,0.0,0.0
2020-10-06 00:00:00-04:00,25.22945785522461,25.22945785522461,25.22945785522461,25.22945785522461,28,0.0,0.0,0.0
2020-10-07 00:00:00-04:00,25.464479446411133,25.464479446411133,25.464479446411133,25.464479446411133,28,0.0,0.0,0.0
2020-10-08 00:00:00-04:00,25.556774139404297,25.556774139404297,25.556774139404297,25.556774139404297,28,0.0,0.0,0.0
2020-10-09 00:00:00-04:00,25.69266700744629,25.69266700744629,25.69266700744629,25.69266700744629,12,0.0,0.0,0.0
2020-10-12 00:00:00-04:00,25.89496612548828,25.89496612548828,25.89496612548828,25.89496612548828,28,0.0,0.0,0.0
2020-10-13 00:00:00-04:00,25.844823837280273,25.844823837280273,25.844823837280273,25.844823837280273,1,0.0,0.0,0.0
2020-10-14 00:00:00-04:00,25.783132553100586,25.783132553100586,25.783132553100586,25.783132553100586,28,0.0,0.0,0.0
2020-10-15 00:00:00-04:00,25.758880615234375,25.758880615234375,25.758880615234375,25.758880615234375,28,0.0,0.0,0.0
2020-10-16 00:00:00-04:00,25.781400680541992,25.781400680541992,25.781400680541992,25.781400680541992,11,0.0,0.0,0.0
2020-10-19 00:00:00-04:00,25.53627586364746,25.53627586364746,25.53627586364746,25.53627586364746,1,0.0,0.0,0.0
2020-10-20 00:00:00-04:00,25.59142121750328,25.6077823638916,25.59142121750328,25.6077823638916,200,0.0,0.0,0.0
2020-10-21 00:00:00-04:00,25.618560791015625,25.618560791015625,25.618560791015625,25.618560791015625,15,0.0,0.0,0.0
2020-10-22 00:00:00-04:00,25.704504013061523,25.704504013061523,25.704504013061523,25.704504013061523,1,0.0,0.0,0.0
2020-10-23 00:00:00-04:00,25.740209579467773,25.740209579467773,25.740209579467773,25.740209579467773,1,0.0,0.0,0.0
2020-10-26 00:00:00-04:00,25.474489212036133,25.474489212036133,25.474489212036133,25.474489212036133,1,0.0,0.0,0.0
2020-10-27 00:00:00-04:00,25.451005935668945,25.451005935668945,25.451005935668945,25.451005935668945,202,0.0,0.0,0.0
2020-10-28 00:00:00-04:00,24.929763793945312,24.929763793945312,24.929763793945312,24.929763793945312,3,0.0,0.0,0.0
2020-10-29 00:00:00-04:00,25.16661262512207,25.16661262512207,25.16661262512207,25.16661262512207,3,0.0,0.0,0.0
2020-10-30 00:00:00-04:00,24.90993881225586,24.90993881225586,24.90993881225586,24.90993881225586,1,0.0,0.0,0.0
2020-11-02 00:00:00-05:00,25.127347946166992,25.127347946166992,25.127347946166992,25.127347946166992,60,0.0,0.0,0.0
2020-11-03 00:00:00-05:00,25.434837341308594,25.434837341308594,25.434837341308594,25.434837341308594,1,0.0,0.0,0.0
2020-11-04 00:00:00-05:00,25.72144317626953,25.72144317626953,25.72144317626953,25.72144317626953,3,0.0,0.0,0.0
2020-11-05 00:00:00-05:00,25.922874450683594,25.922874450683594,25.922874450683594,25.922874450683594,3,0.0,0.0,0.0
2020-11-06 00:00:00-05:00,25.95675277709961,25.95675277709961,25.95675277709961,25.95675277709961,3,0.0,0.0,0.0
2020-11-09 00:00:00-05:00,26.140090942382812,26.140090942382812,26.140090942382812,26.140090942382812,3,0.0,0.0,0.0
2020-11-10 00:00:00-05:00,26.109004974365234,26.109004974365234,26.109004974365234,26.109004974365234,1,0.0,0.0,0.0
2020-11-11 00:00:00-05:00,26.21602439880371,26.21602439880371,26.21602439880371,26.21602439880371,3,0.0,0.0,0.0
2020-11-12 00:00:00-05:00,26.06646728515625,26.06646728515625,26.06646728515625,26.06646728515625,3,0.0,0.0,0.0
2020-11-13 00:00:00-05:00,26.256832122802734,26.256832122802734,26.256832122802734,26.256832122802734,3,0.0,0.0,0.0
2020-11-16 00:00:00-05:00,26.330841064453125,26.330841064453125,26.330841064453125,26.330841064453125,3,0.0,0.0,0.0
2020-11-17 00:00:00-05:00,26.31707763671875,26.31707763671875,26.31707763671875,26.31707763671875,3,0.0,0.0,0.0
2020-11-18 00:00:00-05:00,26.216890335083008,26.216890335083008,26.216890335083008,26.216890335083008,3,0.0,0.0,0.0
2020-11-19 00:00:00-05:00,26.2526912689209,26.2526912689209,26.2526912689209,26.2526912689209,3,0.0,0.0,0.0
2020-11-20 00:00:00-05:00,26.197065353393555,26.197065353393555,26.197065353393555,26.197065353393555,3,0.0,0.0,0.0
2020-11-23 00:00:00-05:00,26.253559112548828,26.253559112548828,26.253559112548828,26.253559112548828,3,0.0,0.0,0.0
2020-11-24 00:00:00-05:00,26.418516159057617,26.418516159057617,26.418516159057617,26.418516159057617,3,0.0,0.0,0.0
2020-11-25 00:00:00-05:00,26.412837982177734,26.412837982177734,26.412837982177734,26.412837982177734,3,0.0,0.0,0.0
2020-11-27 00:00:00-05:00,26.44527244567871,26.44527244567871,26.44527244567871,26.44527244567871,3,0.0,0.0,0.0
2020-11-30 00:00:00-05:00,26.38694953918457,26.38694953918457,26.38694953918457,26.38694953918457,3,0.0,0.0,0.0
2020-12-01 00:00:00-05:00,26.518991470336914,26.518991470336914,26.518991470336914,26.518991470336914,3,0.0,0.0,0.0
2020-12-02 00:00:00-05:00,26.52486228942871,26.52486228942871,26.52486228942871,26.52486228942871,3,0.0,0.0,0.0
2020-12-03 00:00:00-05:00,26.497819900512695,26.497819900512695,26.497819900512695,26.497819900512695,3,0.0,0.0,0.0
2020-12-04 00:00:00-05:00,26.577890396118164,26.577890396118164,26.577890396118164,26.577890396118164,66,0.0,0.0,0.0
2020-12-07 00:00:00-05:00,26.5665340423584,26.5665340423584,26.5665340423584,26.5665340423584,35,0.0,0.0,0.0
2020-12-08 00:00:00-05:00,26.596176147460938,26.596176147460938,26.596176147460938,26.596176147460938,35,0.0,0.0,0.0
2020-12-09 00:00:00-05:00,26.543916702270508,26.543916702270508,26.543916702270508,26.543916702270508,35,0.0,0.0,0.0
2020-12-10 00:00:00-05:00,26.527942657470703,26.527942657470703,26.527942657470703,26.527942657470703,35,0.0,0.0,0.0
2020-12-11 00:00:00-05:00,26.451623916625977,26.451623916625977,26.451623916625977,26.451623916625977,35,0.0,0.0,0.0
2020-12-14 00:00:00-05:00,26.447099685668945,26.447099685668945,26.447099685668945,26.447099685668945,35,0.0,0.0,0.0
2020-12-15 00:00:00-05:00,26.542200088500977,26.542200088500977,26.542200088500977,26.542200088500977,35,1.033,0.0,0.0
2020-12-16 00:00:00-05:00,26.579999923706055,26.579999923706055,26.579999923706055,26.579999923706055,35,0.0,0.0,0.0
2020-12-17 00:00:00-05:00,26.635000228881836,26.635000228881836,26.635000228881836,26.635000228881836,4,0.0,0.0,0.0
2020-12-18 00:00:00-05:00,26.626699447631836,26.626699447631836,26.626699447631836,26.626699447631836,64,0.0,0.0,0.0
2020-12-21 00:00:00-05:00,26.530399322509766,26.530399322509766,26.530399322509766,26.530399322509766,1,0.0,0.0,0.0
2020-12-22 00:00:00-05:00,26.569000244140625,26.569000244140625,26.524999618530273,26.524999618530273,272,0.0,0.0,0.0
2020-12-23 00:00:00-05:00,26.6299991607666,26.639999389648438,26.588199615478516,26.588199615478516,1585,0.0,0.0,0.0
2020-12-24 00:00:00-05:00,26.626399993896484,26.626399993896484,26.626399993896484,26.626399993896484,1,0.0,0.0,0.0
2020-12-28 00:00:00-05:00,26.725000381469727,26.725000381469727,26.725000381469727,26.725000381469727,1,0.0,0.0,0.0
2020-12-29 00:00:00-05:00,26.657400131225586,26.657400131225586,26.657400131225586,26.657400131225586,1,0.0,0.0,0.0
2020-12-30 00:00:00-05:00,26.688600540161133,26.688600540161133,26.688600540161133,26.688600540161133,1,0.0,0.0,0.0
2020-12-31 00:00:00-05:00,26.755599975585938,26.755599975585938,26.755599975585938,26.755599975585938,1,0.0,0.0,0.0
2021-01-04 00:00:00-05:00,26.565099716186523,26.565099716186523,26.565099716186523,26.565099716186523,1,0.0,0.0,0.0
2021-01-05 00:00:00-05:00,26.667999267578125,26.667999267578125,26.667999267578125,26.667999267578125,1,0.0,0.0,0.0
2021-01-06 00:00:00-05:00,26.790000915527344,26.790000915527344,26.696800231933594,26.696800231933594,272,0.0,0.0,0.0
2021-01-07 00:00:00-05:00,26.84269905090332,26.84269905090332,26.84269905090332,26.84269905090332,1,0.0,0.0,0.0
2021-01-08 00:00:00-05:00,26.8799991607666,26.895000457763672,26.8799991607666,26.895000457763672,9314,0.0,0.0,0.0
2021-01-11 00:00:00-05:00,26.799999237060547,26.799999237060547,26.799999237060547,26.799999237060547,61,0.0,0.0,0.0
2021-01-12 00:00:00-05:00,26.829999923706055,26.84000015258789,26.82229995727539,26.82229995727539,9342,0.0,0.0,0.0
2021-01-13 00:00:00-05:00,26.860000610351562,26.860000610351562,26.860000610351562,26.860000610351562,1,0.0,0.0,0.0
2021-01-14 00:00:00-05:00,26.817800521850586,26.817800521850586,26.817800521850586,26.817800521850586,1,0.0,0.0,0.0
2021-01-15 00:00:00-05:00,26.75,26.809999465942383,26.75,26.7549991607666,453,0.0,0.0,0.0
2021-01-19 00:00:00-05:00,26.799999237060547,26.833599090576172,26.799999237060547,26.833599090576172,218,0.0,0.0,0.0
2021-01-20 00:00:00-05:00,26.934999465942383,26.934999465942383,26.934999465942383,26.934999465942383,10,0.0,0.0,0.0
2021-01-21 00:00:00-05:00,26.90999984741211,26.932100296020508,26.90999984741211,26.932100296020508,703,0.0,0.0,0.0
2021-01-22 00:00:00-05:00,26.913999557495117,26.913999557495117,26.913999557495117,26.913999557495117,1,0.0,0.0,0.0
2021-01-25 00:00:00-05:00,26.885000228881836,26.885000228881836,26.885000228881836,26.885000228881836,3,0.0,0.0,0.0
2021-01-26 00:00:00-05:00,26.899999618530273,26.899999618530273,26.899999618530273,26.899999618530273,1,0.0,0.0,0.0
2021-01-27 00:00:00-05:00,26.58839988708496,26.58839988708496,26.58839988708496,26.58839988708496,2,0.0,0.0,0.0
2021-01-28 00:00:00-05:00,26.600000381469727,26.709999084472656,26.56999969482422,26.670700073242188,5170,0.0,0.0,0.0
2021-01-29 00:00:00-05:00,26.5310001373291,26.5310001373291,26.5310001373291,26.5310001373291,2,0.0,0.0,0.0
2021-02-01 00:00:00-05:00,26.540000915527344,26.654600143432617,26.510000228881836,26.654600143432617,1751,0.0,0.0,0.0
2021-02-02 00:00:00-05:00,26.739999771118164,26.81220054626465,26.739999771118164,26.81220054626465,500,0.0,0.0,0.0
2021-02-03 00:00:00-05:00,26.860000610351562,26.869199752807617,26.860000610351562,26.869199752807617,100,0.0,0.0,0.0
2021-02-04 00:00:00-05:00,26.920000076293945,26.965499877929688,26.920000076293945,26.965499877929688,200,0.0,0.0,0.0
2021-02-05 00:00:00-05:00,26.950000762939453,26.98579978942871,26.950000762939453,26.98579978942871,200,0.0,0.0,0.0
2021-02-08 00:00:00-05:00,26.989999771118164,27.035200119018555,26.989999771118164,27.035200119018555,200,0.0,0.0,0.0
2021-02-09 00:00:00-05:00,27.030000686645508,27.030000686645508,27.030000686645508,27.030000686645508,50,0.0,0.0,0.0
2021-02-10 00:00:00-05:00,26.959999084472656,27.010000228881836,26.959999084472656,27.010000228881836,200,0.0,0.0,0.0
2021-02-11 00:00:00-05:00,27.020000457763672,27.020000457763672,27.01650047302246,27.01650047302246,150,0.0,0.0,0.0
2021-02-12 00:00:00-05:00,27.084999084472656,27.084999084472656,27.084999084472656,27.084999084472656,50,0.0,0.0,0.0
2021-02-16 00:00:00-05:00,27.079999923706055,27.079999923706055,27.079999923706055,27.079999923706055,50,0.0,0.0,0.0
2021-02-17 00:00:00-05:00,27.08009910583496,27.08009910583496,27.08009910583496,27.08009910583496,50,0.0,0.0,0.0
2021-02-18 00:00:00-05:00,27.064599990844727,27.064599990844727,27.064599990844727,27.064599990844727,50,0.0,0.0,0.0
2021-02-19 00:00:00-05:00,27.059999465942383,27.059999465942383,27.059999465942383,27.059999465942383,50,0.0,0.0,0.0
2021-02-22 00:00:00-05:00,27.0,27.049999237060547,27.0,27.029800415039062,71015,0.0,0.0,0.0
2021-02-23 00:00:00-05:00,27.0,27.059999465942383,27.0,27.050500869750977,3087,0.0,0.0,0.0
2021-02-24 00:00:00-05:00,27.139999389648438,27.18000030517578,27.1299991607666,27.166000366210938,55142,0.0,0.0,0.0
2021-02-25 00:00:00-05:00,27.09000015258789,27.09000015258789,26.915300369262695,26.915300369262695,16544,0.0,0.0,0.0
2021-02-26 00:00:00-05:00,26.969999313354492,27.010000228881836,26.959999084472656,26.959999084472656,10818,0.0,0.0,0.0
2021-03-01 00:00:00-05:00,27.15999984741211,27.209999084472656,27.1299991607666,27.130399703979492,3054,0.0,0.0,0.0
2021-03-02 00:00:00-05:00,27.15999984741211,27.174999237060547,27.100000381469727,27.100099563598633,22634,0.0,0.0,0.0
2021-03-03 00:00:00-05:00,27.089000701904297,27.089000701904297,27.007299423217773,27.007299423217773,8203,0.0,0.0,0.0
2021-03-04 00:00:00-05:00,26.780000686645508,26.860000610351562,26.7450008392334,26.847299575805664,11177,0.0,0.0,0.0
2021-03-05 00:00:00-05:00,26.951099395751953,27.069000244140625,26.951099395751953,27.04439926147461,3807,0.0,0.0,0.0
2021-03-08 00:00:00-05:00,27.1200008392334,27.139999389648438,27.020000457763672,27.033599853515625,6607,0.0,0.0,0.0
2021-03-09 00:00:00-05:00,27.195999145507812,27.198999404907227,27.1299991607666,27.133899688720703,4924,0.0,0.0,0.0
2021-03-10 00:00:00-05:00,27.190000534057617,27.2450008392334,27.15999984741211,27.18000030517578,5302,0.0,0.0,0.0
2021-03-11 00:00:00-05:00,27.290000915527344,27.309999465942383,27.235000610351562,27.235000610351562,12721,0.0,0.0,0.0
2021-03-12 00:00:00-05:00,27.25,27.34000015258789,27.25,27.2549991607666,5674,0.0,0.0,0.0
2021-03-15 00:00:00-04:00,27.270000457763672,27.350000381469727,27.260000228881836,27.350000381469727,295401,0.0,0.0,0.0
2021-03-16 00:00:00-04:00,27.368999481201172,27.368999481201172,27.290000915527344,27.321800231933594,6948,0.0,0.0,0.0
2021-03-17 00:00:00-04:00,27.344999313354492,27.3799991607666,27.31999969482422,27.350000381469727,2520,0.0,0.0,0.0
2021-03-18 00:00:00-04:00,26.760000228881836,27.3700008392334,26.760000228881836,27.239999771118164,4331,0.0,0.0,0.0
2021-03-19 00:00:00-04:00,27.270000457763672,27.33989906311035,27.270000457763672,27.305299758911133,2778,0.0,0.0,0.0
2021-03-22 00:00:00-04:00,27.325000762939453,27.385000228881836,27.325000762939453,27.375,3439,0.0,0.0,0.0
2021-03-23 00:00:00-04:00,27.360000610351562,27.385000228881836,27.309999465942383,27.340900421142578,3193,0.0,0.0,0.0
2021-03-24 00:00:00-04:00,26.93000030517578,27.399999618530273,26.93000030517578,27.332399368286133,4578,0.0,0.0,0.0
2021-03-25 00:00:00-04:00,27.329999923706055,27.388999938964844,27.329999923706055,27.337200164794922,5309,0.0,0.0,0.0
2021-03-26 00:00:00-04:00,27.399999618530273,27.43720054626465,27.395000457763672,27.43720054626465,3753,0.0,0.0,0.0
2021-03-29 00:00:00-04:00,27.459999084472656,27.479999542236328,27.440000534057617,27.469999313354492,8362,0.0,0.0,0.0
2021-03-30 00:00:00-04:00,27.459999084472656,27.459999084472656,27.389999389648438,27.424100875854492,4486,0.0,0.0,0.0
2021-03-31 00:00:00-04:00,27.520000457763672,27.520000457763672,27.469999313354492,27.493000030517578,4303,0.0,0.0,0.0
2021-04-01 00:00:00-04:00,27.459999084472656,27.549999237060547,27.459999084472656,27.51650047302246,17256,0.0,0.0,0.0
2021-04-05 00:00:00-04:00,28.200000762939453,28.200000762939453,27.563899993896484,27.56999969482422,10235,0.0,0.0,0.0
2021-04-06 00:00:00-04:00,27.6200008392334,27.729999542236328,27.530099868774414,27.610000610351562,4533,0.0,0.0,0.0
2021-04-07 00:00:00-04:00,27.610000610351562,27.649999618530273,27.582599639892578,27.6200008392334,12281,0.0,0.0,0.0
2021-04-08 00:00:00-04:00,27.59000015258789,27.65999984741211,27.59000015258789,27.6200008392334,6978,0.0,0.0,0.0
2021-04-09 00:00:00-04:00,27.600000381469727,27.6299991607666,27.600000381469727,27.6200008392334,3827,0.0,0.0,0.0
2021-04-12 00:00:00-04:00,27.610000610351562,27.649999618530273,27.600400924682617,27.614999771118164,2918,0.0,0.0,0.0
2021-04-13 00:00:00-04:00,27.639999389648438,27.670000076293945,27.59000015258789,27.635000228881836,7431,0.0,0.0,0.0
2021-04-14 00:00:00-04:00,27.639999389648438,27.670000076293945,27.625,27.65999984741211,5108,0.0,0.0,0.0
2021-04-15 00:00:00-04:00,27.645000457763672,27.709999084472656,27.645000457763672,27.652599334716797,8408,0.0,0.0,0.0
2021-04-16 00:00:00-04:00,27.690000534057617,27.704999923706055,27.649999618530273,27.679500579833984,4475,0.0,0.0,0.0
2021-04-19 00:00:00-04:00,27.68000030517578,27.704999923706055,27.63129997253418,27.690000534057617,6670,0.0,0.0,0.0
2021-04-20 00:00:00-04:00,27.659900665283203,27.780000686645508,27.62070083618164,27.625,3323,0.0,0.0,0.0
2021-04-21 00:00:00-04:00,27.649999618530273,27.729999542236328,27.649999618530273,27.665000915527344,3162,0.0,0.0,0.0
2021-04-22 00:00:00-04:00,27.68000030517578,27.719999313354492,27.644899368286133,27.644899368286133,4602,0.0,0.0,0.0
2021-04-23 00:00:00-04:00,27.68000030517578,27.75,27.68000030517578,27.690000534057617,7807,0.0,0.0,0.0
2021-04-26 00:00:00-04:00,27.719999313354492,27.75,27.690000534057617,27.690000534057617,8292,0.0,0.0,0.0
2021-04-27 00:00:00-04:00,27.690000534057617,27.739999771118164,27.690000534057617,27.69499969482422,6603,0.0,0.0,0.0
2021-04-28 00:00:00-04:00,27.73900032043457,27.760000228881836,27.700000762939453,27.71980094909668,8081,0.0,0.0,0.0
2021-04-29 00:00:00-04:00,27.69219970703125,27.75,27.691299438476562,27.704999923706055,7577,0.0,0.0,0.0
2021-04-30 00:00:00-04:00,27.729999542236328,27.739999771118164,27.690000534057617,27.690399169921875,11809,0.0,0.0,0.0
2021-05-03 00:00:00-04:00,27.75,27.75,27.691200256347656,27.69499969482422,11309,0.0,0.0,0.0
2021-05-04 00:00:00-04:00,27.670000076293945,27.709999084472656,27.625099182128906,27.67919921875,3481,0.0,0.0,0.0
2021-05-05 00:00:00-04:00,27.704999923706055,27.739999771118164,27.68000030517578,27.69499969482422,57282,0.0,0.0,0.0
2021-05-06 00:00:00-04:00,27.674999237060547,27.75,27.674999237060547,27.70949935913086,6987,0.0,0.0,0.0
2021-05-07 00:00:00-04:00,27.719999313354492,27.760000228881836,27.690000534057617,27.725000381469727,2596,0.0,0.0,0.0
2021-05-10 00:00:00-04:00,27.739999771118164,27.780000686645508,27.722299575805664,27.722299575805664,4617,0.0,0.0,0.0
2021-05-11 00:00:00-04:00,27.670000076293945,27.700000762939453,27.665000915527344,27.679500579833984,3045,0.0,0.0,0.0
2021-05-12 00:00:00-04:00,27.09000015258789,27.68000030517578,27.09000015258789,27.57200050354004,4932,0.0,0.0,0.0
2021-05-13 00:00:00-04:00,27.690000534057617,27.700000762939453,27.639999389648438,27.66320037841797,4620,0.0,0.0,0.0
2021-05-14 00:00:00-04:00,27.704999923706055,27.770000457763672,27.68000030517578,27.746000289916992,7736,0.0,0.0,0.0
2021-05-17 00:00:00-04:00,27.479999542236328,27.75,27.479999542236328,27.670000076293945,7282,0.0,0.0,0.0
2021-05-18 00:00:00-04:00,27.75,27.760000228881836,27.739999771118164,27.739999771118164,6944,0.0,0.0,0.0
2021-05-19 00:00:00-04:00,27.1200008392334,27.7189998626709,27.1200008392334,27.639999389648438,4318,0.0,0.0,0.0
2021-05-20 00:00:00-04:00,27.759000778198242,27.760000228881836,27.68000030517578,27.709999084472656,8484,0.0,0.0,0.0
2021-05-21 00:00:00-04:00,27.759000778198242,27.770000457763672,27.649999618530273,27.69499969482422,307788,0.0,0.0,0.0
2021-05-24 00:00:00-04:00,27.719999313354492,27.770000457763672,27.719999313354492,27.725000381469727,7093,0.0,0.0,0.0
2021-05-25 00:00:00-04:00,27.704999923706055,27.770000457763672,27.690000534057617,27.725000381469727,6169,0.0,0.0,0.0
2021-05-26 00:00:00-04:00,27.760000228881836,27.770000457763672,27.723600387573242,27.735000610351562,1928,0.0,0.0,0.0
2021-05-27 00:00:00-04:00,27.760000228881836,27.790000915527344,27.7450008392334,27.7450008392334,2586,0.0,0.0,0.0
2021-05-28 00:00:00-04:00,27.7450008392334,27.790000915527344,27.7450008392334,27.7549991607666,3475,0.0,0.0,0.0
2021-06-01 00:00:00-04:00,27.770000457763672,27.780000686645508,27.709999084472656,27.7450008392334,2005,0.0,0.0,0.0
2021-06-02 00:00:00-04:00,27.7549991607666,27.799999237060547,27.7549991607666,27.7549991607666,7824,0.0,0.0,0.0
2021-06-03 00:00:00-04:00,27.780000686645508,27.790000915527344,27.7549991607666,27.7549991607666,4559,0.0,0.0,0.0
2021-06-04 00:00:00-04:00,27.799999237060547,27.799999237060547,27.709999084472656,27.7549991607666,7778,0.0,0.0,0.0
2021-06-07 00:00:00-04:00,27.790000915527344,27.82900047302246,27.75,27.754499435424805,14377,0.0,0.0,0.0
2021-06-08 00:00:00-04:00,27.790000915527344,27.790000915527344,27.75429916381836,27.75429916381836,11165,0.0,0.0,0.0
2021-06-09 00:00:00-04:00,27.75,27.790000915527344,27.711000442504883,27.749500274658203,4815,0.0,0.0,0.0
2021-06-10 00:00:00-04:00,27.75,27.770000457763672,27.75,27.75,1712,0.0,0.0,0.0
2021-06-11 00:00:00-04:00,27.709999084472656,27.79990005493164,27.700000762939453,27.7549991607666,19764,0.0,0.0,0.0
2021-06-14 00:00:00-04:00,27.799999237060547,27.799999237060547,27.7549991607666,27.7549991607666,1596,0.0,0.0,0.0
2021-06-15 00:00:00-04:00,27.790000915527344,27.799999237060547,27.719999313354492,27.75950050354004,16295,0.0,0.0,0.0
2021-06-16 00:00:00-04:00,27.950000762939453,27.950000762939453,27.756999969482422,27.756999969482422,17007,0.0,0.0,0.0
2021-06-17 00:00:00-04:00,27.788999557495117,27.809999465942383,27.788999557495117,27.80500030517578,16595,0.0,0.0,0.0
2021-06-18 00:00:00-04:00,27.809999465942383,27.815000534057617,27.770000457763672,27.792800903320312,12158,0.0,0.0,0.0
2021-06-21 00:00:00-04:00,27.8799991607666,27.8799991607666,27.780000686645508,27.80500030517578,14973,0.0,0.0,0.0
2021-06-22 00:00:00-04:00,27.795000076293945,27.829999923706055,27.790000915527344,27.813100814819336,3768,0.0,0.0,0.0
2021-06-23 00:00:00-04:00,27.790000915527344,27.829999923706055,27.7810001373291,27.79490089416504,3615,0.0,0.0,0.0
2021-06-24 00:00:00-04:00,27.989999771118164,27.989999771118164,27.760099411010742,27.81999969482422,6603,0.0,0.0,0.0
2021-06-25 00:00:00-04:00,27.795000076293945,27.829999923706055,27.795000076293945,27.799800872802734,1923,0.0,0.0,0.0
2021-06-28 00:00:00-04:00,27.82900047302246,27.829999923706055,27.825000762939453,27.825000762939453,2959,0.0,0.0,0.0
2021-06-29 00:00:00-04:00,27.82900047302246,27.829999923706055,27.760000228881836,27.808799743652344,23207,0.0,0.0,0.0
2021-06-30 00:00:00-04:00,27.790000915527344,27.829999923706055,27.760000228881836,27.7947998046875,92415,0.0,0.0,0.0
2021-07-01 00:00:00-04:00,27.799999237060547,27.81999969482422,27.729999542236328,27.769500732421875,46501,0.0,0.0,0.0
2021-07-02 00:00:00-04:00,27.825000762939453,27.91900062561035,27.790000915527344,27.888900756835938,2822,0.0,0.0,0.0
2021-07-06 00:00:00-04:00,27.920000076293945,27.920000076293945,27.709999084472656,27.872800827026367,5380,0.0,0.0,0.0
2021-07-07 00:00:00-04:00,27.93000030517578,27.950000762939453,27.84000015258789,27.88990020751953,18205,0.0,0.0,0.0
2021-07-08 00:00:00-04:00,27.690000534057617,27.829999923706055,27.6299991607666,27.754199981689453,17394,0.0,0.0,0.0
2021-07-09 00:00:00-04:00,27.895999908447266,27.989999771118164,27.880399703979492,27.943300247192383,11903,0.0,0.0,0.0
2021-07-12 00:00:00-04:00,27.979999542236328,28.010000228881836,27.940000534057617,28.010000228881836,12755,0.0,0.0,0.0
2021-07-13 00:00:00-04:00,28.010000228881836,28.040000915527344,27.920000076293945,27.956300735473633,19065,0.0,0.0,0.0
2021-07-14 00:00:00-04:00,28.030000686645508,28.049999237060547,27.985000610351562,27.985000610351562,16268,0.0,0.0,0.0
2021-07-15 00:00:00-04:00,27.959999084472656,28.0,27.889999389648438,27.90489959716797,28804,0.0,0.0,0.0
2021-07-16 00:00:00-04:00,27.98900032043457,27.989999771118164,27.770000457763672,27.772899627685547,15352,0.0,0.0,0.0
2021-07-19 00:00:00-04:00,27.649999618530273,27.649999618530273,27.437000274658203,27.455900192260742,23834,0.0,0.0,0.0
2021-07-20 00:00:00-04:00,27.709999084472656,27.825000762939453,27.709999084472656,27.805999755859375,12322,0.0,0.0,0.0
2021-07-21 00:00:00-04:00,27.929000854492188,27.929000854492188,27.8700008392334,27.914499282836914,7351,0.0,0.0,0.0
2021-07-22 00:00:00-04:00,27.94499969482422,27.989999771118164,27.920900344848633,27.968599319458008,9190,0.0,0.0,0.0
2021-07-23 00:00:00-04:00,28.088199615478516,28.15999984741211,28.030000686645508,28.115299224853516,12574,0.0,0.0,0.0
2021-07-26 00:00:00-04:00,28.070600509643555,28.131000518798828,28.059999465942383,28.12969970703125,7962,0.0,0.0,0.0
2021-07-27 00:00:00-04:00,27.969999313354492,28.100000381469727,27.958999633789062,28.060199737548828,13019,0.0,0.0,0.0
2021-07-28 00:00:00-04:00,28.07900047302246,28.100000381469727,28.017000198364258,28.067399978637695,14723,0.0,0.0,0.0
2021-07-29 00:00:00-04:00,28.18000030517578,28.198999404907227,28.108299255371094,28.13479995727539,2901,0.0,0.0,0.0
2021-07-30 00:00:00-04:00,28.084999084472656,28.1299991607666,28.07080078125,28.07080078125,475,0.0,0.0,0.0
2021-08-02 00:00:00-04:00,28.15999984741211,28.200000762939453,28.04159927368164,28.04159927368164,3965,0.0,0.0,0.0
2021-08-03 00:00:00-04:00,28.04010009765625,28.200000762939453,28.04010009765625,28.166200637817383,7124,0.0,0.0,0.0
2021-08-04 00:00:00-04:00,28.170000076293945,28.18000030517578,28.118799209594727,28.118799209594727,4933,0.0,0.0,0.0
2021-08-05 00:00:00-04:00,28.200000762939453,28.229000091552734,28.1299991607666,28.198400497436523,14614,0.0,0.0,0.0
2021-08-06 00:00:00-04:00,28.190000534057617,28.280000686645508,28.190000534057617,28.23200035095215,1130,0.0,0.0,0.0
2021-08-09 00:00:00-04:00,28.249900817871094,28.2677001953125,28.190000534057617,28.21500015258789,5034,0.0,0.0,0.0
2021-08-10 00:00:00-04:00,28.23069953918457,28.280000686645508,28.190000534057617,28.22089958190918,5640,0.0,0.0,0.0
2021-08-11 00:00:00-04:00,28.25,28.290000915527344,28.239999771118164,28.270000457763672,7274,0.0,0.0,0.0
2021-08-12 00:00:00-04:00,28.2450008392334,28.315000534057617,28.2450008392334,28.315000534057617,1683,0.0,0.0,0.0
2021-08-13 00:00:00-04:00,28.309999465942383,28.36989974975586,28.300100326538086,28.34000015258789,2468,0.0,0.0,0.0
2021-08-16 00:00:00-04:00,28.280899047851562,28.37459945678711,28.280899047851562,28.37459945678711,1147,0.0,0.0,0.0
2021-08-17 00:00:00-04:00,28.274999618530273,28.308000564575195,28.18000030517578,28.25,7928,0.0,0.0,0.0
2021-08-18 00:00:00-04:00,28.229999542236328,28.259000778198242,28.09000015258789,28.1299991607666,5556,0.0,0.0,0.0
2021-08-19 00:00:00-04:00,28.109600067138672,28.1200008392334,27.989999771118164,28.06719970703125,4223,0.0,0.0,0.0
2021-08-20 00:00:00-04:00,28.229999542236328,28.249000549316406,28.040000915527344,28.204099655151367,27614,0.0,0.0,0.0
2021-08-23 00:00:00-04:00,28.39900016784668,28.41900062561035,28.370100021362305,28.37529945373535,4326,0.0,0.0,0.0
2021-08-24 00:00:00-04:00,28.429000854492188,28.440000534057617,28.31999969482422,28.360000610351562,9861,0.0,0.0,0.0
2021-08-25 00:00:00-04:00,28.420000076293945,28.420000076293945,28.40999984741211,28.40999984741211,1445,0.0,0.0,0.0
2021-08-26 00:00:00-04:00,28.41990089416504,28.41990089416504,28.315000534057617,28.316299438476562,6074,0.0,0.0,0.0
2021-08-27 00:00:00-04:00,28.424999237060547,28.510000228881836,28.389999389648438,28.452199935913086,28869,0.0,0.0,0.0
2021-08-30 00:00:00-04:00,28.584999084472656,28.59000015258789,28.517000198364258,28.517000198364258,7271,0.0,0.0,0.0
2021-08-31 00:00:00-04:00,28.549999237060547,28.549999237060547,28.40999984741211,28.486400604248047,4088,0.0,0.0,0.0
2021-09-01 00:00:00-04:00,28.589000701904297,28.589000701904297,28.469999313354492,28.5,10627,0.0,0.0,0.0
2021-09-02 00:00:00-04:00,28.770000457763672,28.770000457763672,28.500099182128906,28.532400131225586,3504,0.0,0.0,0.0
2021-09-03 00:00:00-04:00,28.719999313354492,28.719999313354492,28.459999084472656,28.521900177001953,3668,0.0,0.0,0.0
2021-09-07 00:00:00-04:00,28.540000915527344,28.549999237060547,28.440099716186523,28.4778995513916,2576,0.0,0.0,0.0
2021-09-08 00:00:00-04:00,28.489999771118164,28.489999771118164,28.3700008392334,28.432600021362305,6550,0.0,0.0,0.0
2021-09-09 00:00:00-04:00,28.44499969482422,28.510000228881836,28.34000015258789,28.399599075317383,4742,0.0,0.0,0.0
2021-09-10 00:00:00-04:00,28.40999984741211,28.450000762939453,28.280000686645508,28.280500411987305,4476,0.0,0.0,0.0
2021-09-13 00:00:00-04:00,28.3789005279541,28.3789005279541,28.229999542236328,28.292200088500977,12843,0.0,0.0,0.0
2021-09-14 00:00:00-04:00,28.479999542236328,28.479999542236328,28.190000534057617,28.235000610351562,4449,0.0,0.0,0.0
2021-09-15 00:00:00-04:00,28.264999389648438,28.43000030517578,28.264999389648438,28.358800888061523,7591,0.0,0.0,0.0
2021-09-16 00:00:00-04:00,28.350000381469727,28.449899673461914,28.219999313354492,28.375,7554,0.0,0.0,0.0
2021-09-17 00:00:00-04:00,28.209999084472656,28.31879997253418,28.209999084472656,28.22279930114746,2221,0.0,0.0,0.0
2021-09-20 00:00:00-04:00,27.95989990234375,28.0,27.81599998474121,27.99489974975586,3769,0.0,0.0,0.0
2021-09-21 00:00:00-04:00,28.030000686645508,28.039899826049805,27.918399810791016,27.918399810791016,3435,0.0,0.0,0.0
2021-09-22 00:00:00-04:00,28.149999618530273,28.25,28.11009979248047,28.11009979248047,3106,0.0,0.0,0.0
2021-09-23 00:00:00-04:00,28.378999710083008,28.388999938964844,28.344999313354492,28.344999313354492,2066,0.0,0.0,0.0
2021-09-24 00:00:00-04:00,28.360000610351562,28.3799991607666,28.309999465942383,28.349599838256836,5001,0.0,0.0,0.0
2021-09-27 00:00:00-04:00,28.34000015258789,28.378999710083008,28.312000274658203,28.312000274658203,1266,0.0,0.0,0.0
2021-09-28 00:00:00-04:00,27.979999542236328,28.108800888061523,27.950000762939453,27.967599868774414,3560,0.0,0.0,0.0
2021-09-29 00:00:00-04:00,28.09000015258789,28.1299991607666,27.9950008392334,27.9950008392334,2744,0.0,0.0,0.0
2021-09-30 00:00:00-04:00,28.05900001525879,28.05900001525879,27.850299835205078,27.850299835205078,1597,0.0,0.0,0.0
2021-10-01 00:00:00-04:00,27.8799991607666,28.038700103759766,27.84000015258789,28.0177001953125,2446,0.0,0.0,0.0
2021-10-04 00:00:00-04:00,27.950000762939453,27.959999084472656,27.719999313354492,27.778200149536133,5063,0.0,0.0,0.0
2021-10-05 00:00:00-04:00,27.979999542236328,28.100000381469727,27.979999542236328,27.98900032043457,14154,0.0,0.0,0.0
2021-10-06 00:00:00-04:00,27.909000396728516,28.048999786376953,27.82430076599121,28.037200927734375,3681,0.0,0.0,0.0
2021-10-07 00:00:00-04:00,28.309999465942383,28.309999465942383,28.168100357055664,28.168100357055664,3025,0.0,0.0,0.0
2021-10-08 00:00:00-04:00,28.270000457763672,28.270000457763672,28.148500442504883,28.148500442504883,3978,0.0,0.0,0.0
2021-10-11 00:00:00-04:00,28.18000030517578,28.189899444580078,28.073699951171875,28.073699951171875,1774,0.0,0.0,0.0
2021-10-12 00:00:00-04:00,28.09000015258789,28.109899520874023,28.010000228881836,28.02899932861328,2514,0.0,0.0,0.0
2021-10-13 00:00:00-04:00,28.059999465942383,28.138999938964844,28.030000686645508,28.101299285888672,1161,0.0,0.0,0.0
2021-10-14 00:00:00-04:00,28.299999237060547,28.420000076293945,28.299999237060547,28.362699508666992,4187,0.0,0.0,0.0
2021-10-15 00:00:00-04:00,28.530000686645508,28.559999465942383,28.450000762939453,28.489099502563477,2906,0.0,0.0,0.0
2021-10-18 00:00:00-04:00,28.540000915527344,28.559999465942383,28.440000534057617,28.51020050048828,5073,0.0,0.0,0.0
2021-10-19 00:00:00-04:00,28.659000396728516,28.670000076293945,28.59000015258789,28.62019920349121,2870,0.0,0.0,0.0
2021-10-20 00:00:00-04:00,28.749000549316406,28.749000549316406,28.639999389648438,28.672800064086914,3417,0.0,0.0,0.0
2021-10-21 00:00:00-04:00,28.749000549316406,28.75,28.65999984741211,28.72920036315918,2060,0.0,0.0,0.0
2021-10-22 00:00:00-04:00,28.709999084472656,28.790000915527344,28.639999389648438,28.712499618530273,3657,0.0,0.0,0.0
2021-10-25 00:00:00-04:00,28.779800415039062,28.779800415039062,28.779800415039062,28.779800415039062,174,0.0,0.0,0.0
2021-10-26 00:00:00-04:00,28.8700008392334,28.8799991607666,28.805200576782227,28.805200576782227,3156,0.0,0.0,0.0
2021-10-27 00:00:00-04:00,28.780000686645508,28.860000610351562,28.731399536132812,28.731399536132812,4159,0.0,0.0,0.0
2021-10-28 00:00:00-04:00,28.81999969482422,28.8799991607666,28.81999969482422,28.850099563598633,1939,0.0,0.0,0.0
2021-10-29 00:00:00-04:00,28.858999252319336,28.918899536132812,28.829999923706055,28.87689971923828,1673,0.0,0.0,0.0
2021-11-01 00:00:00-04:00,28.8799991607666,28.8799991607666,28.809999465942383,28.872600555419922,2633,0.0,0.0,0.0
2021-11-02 00:00:00-04:00,28.934999465942383,28.934999465942383,28.9325008392334,28.9325008392334,684,0.0,0.0,0.0
2021-11-03 00:00:00-04:00,28.989999771118164,29.030000686645508,28.970699310302734,29.030000686645508,1379,0.0,0.0,0.0
2021-11-04 00:00:00-04:00,29.100000381469727,29.139999389648438,29.010000228881836,29.139999389648438,3104,0.0,0.0,0.0
2021-11-05 00:00:00-04:00,29.050100326538086,29.1299991607666,29.050100326538086,29.070100784301758,2014,0.0,0.0,0.0
2021-11-08 00:00:00-05:00,29.100000381469727,29.1299991607666,29.030000686645508,29.076799392700195,2748,0.0,0.0,0.0
2021-11-09 00:00:00-05:00,29.010000228881836,29.079999923706055,28.969999313354492,29.03849983215332,2491,0.0,0.0,0.0
2021-11-10 00:00:00-05:00,29.074399948120117,29.09000015258789,28.934999465942383,28.969499588012695,3670,0.0,0.0,0.0
2021-11-11 00:00:00-05:00,28.989999771118164,29.049999237060547,28.97089958190918,28.97089958190918,2259,0.0,0.0,0.0
2021-11-12 00:00:00-05:00,29.059999465942383,29.128999710083008,29.05500030517578,29.070199966430664,2346,0.0,0.0,0.0
2021-11-15 00:00:00-05:00,29.128999710083008,29.1299991607666,29.05120086669922,29.05120086669922,2980,0.0,0.0,0.0
2021-11-16 00:00:00-05:00,29.18000030517578,29.190000534057617,29.11050033569336,29.11050033569336,1630,0.0,0.0,0.0
2021-11-17 00:00:00-05:00,29.149999618530273,29.149999618530273,29.084999084472656,29.1299991607666,2379,0.0,0.0,0.0
2021-11-18 00:00:00-05:00,29.1299991607666,29.149999618530273,29.049999237060547,29.096200942993164,5785,0.0,0.0,0.0
2021-11-19 00:00:00-05:00,29.065000534057617,29.159900665283203,29.040000915527344,29.06130027770996,3105,0.0,0.0,0.0
2021-11-22 00:00:00-05:00,29.170000076293945,29.219999313354492,29.041200637817383,29.041200637817383,3326,0.0,0.0,0.0
2021-11-23 00:00:00-05:00,28.950000762939453,29.05109977722168,28.950000762939453,29.05109977722168,899,0.0,0.0,0.0
2021-11-24 00:00:00-05:00,29.0,29.108999252319336,28.940099716186523,29.0802001953125,3619,0.0,0.0,0.0
2021-11-26 00:00:00-05:00,28.725000381469727,28.849000930786133,28.725000381469727,28.72719955444336,714,0.0,0.0,0.0
2021-11-29 00:00:00-05:00,28.84000015258789,29.019100189208984,28.84000015258789,28.95479965209961,1707,0.0,0.0,0.0
2021-11-30 00:00:00-05:00,28.79010009765625,28.79010009765625,28.650400161743164,28.650400161743164,2909,0.0,0.0,0.0
2021-12-01 00:00:00-05:00,28.799999237060547,28.920000076293945,28.542499542236328,28.542499542236328,3719,0.0,0.0,0.0
2021-12-02 00:00:00-05:00,28.469999313354492,28.739999771118164,28.469999313354492,28.66390037536621,2504,0.0,0.0,0.0
2021-12-03 00:00:00-05:00,28.708999633789062,28.708999633789062,28.350000381469727,28.487899780273438,3713,0.0,0.0,0.0
2021-12-06 00:00:00-05:00,28.6200008392334,28.772499084472656,28.6200008392334,28.72100067138672,1659,0.0,0.0,0.0
2021-12-07 00:00:00-05:00,29.030000686645508,29.079999923706055,29.00950050354004,29.00950050354004,1239,0.0,0.0,0.0
2021-12-08 00:00:00-05:00,29.06999969482422,29.139999389648438,29.06999969482422,29.103500366210938,4197,0.0,0.0,0.0
2021-12-09 00:00:00-05:00,29.11910057067871,29.11910057067871,28.999900817871094,28.999900817871094,3268,0.0,0.0,0.0
2021-12-10 00:00:00-05:00,29.12700080871582,29.139999389648438,29.049999237060547,29.138099670410156,4022,0.0,0.0,0.0
2021-12-13 00:00:00-05:00,29.030000686645508,29.108999252319336,28.979999542236328,29.037200927734375,2081,0.0,0.0,0.0
2021-12-14 00:00:00-05:00,28.950000762939453,28.979000091552734,28.889999389648438,28.944499969482422,2304,0.0,0.0,0.0
2021-12-15 00:00:00-05:00,28.90999984741211,29.137300491333008,28.854999542236328,29.137300491333008,2141,0.0,0.0,0.0
2021-12-16 00:00:00-05:00,29.110000610351562,29.110000610351562,29.014799118041992,29.014799118041992,2163,0.0,0.0,0.0
2021-12-17 00:00:00-05:00,28.889999389648438,29.010000228881836,28.889999389648438,28.890600204467773,2675,0.0,0.0,0.0
2021-12-20 00:00:00-05:00,28.66900062561035,28.711599349975586,28.66900062561035,28.711599349975586,1866,0.0,0.0,0.0
2021-12-21 00:00:00-05:00,28.860000610351562,29.030000686645508,28.780000686645508,28.994300842285156,113730,0.0,0.0,0.0
2021-12-22 00:00:00-05:00,28.950000762939453,29.149999618530273,28.950000762939453,29.1200008392334,3904,0.0,0.0,0.0
2021-12-23 00:00:00-05:00,29.140100479125977,29.260000228881836,29.140100479125977,29.21339988708496,2247,0.0,0.0,0.0
2021-12-27 00:00:00-05:00,29.190000534057617,29.378999710083008,29.190000534057617,29.350099563598633,2006,0.0,0.0,0.0
2021-12-28 00:00:00-05:00,29.399900436401367,29.399900436401367,29.280099868774414,29.330799102783203,2034,0.0,0.0,0.0
2021-12-29 00:00:00-05:00,29.334999084472656,29.360000610351562,29.334999084472656,29.354900360107422,2944,0.0,0.0,0.0
2021-12-30 00:00:00-05:00,29.360000610351562,29.360000610351562,29.330699920654297,29.330699920654297,8421,0.0,0.0,0.0
2021-12-31 00:00:00-05:00,29.329999923706055,29.360000610351562,29.32430076599121,29.32430076599121,611,0.0,0.0,0.0
2022-01-03 00:00:00-05:00,29.360000610351562,29.52989959716797,29.260000228881836,29.4606990814209,24154,0.0,0.0,0.0
2022-01-04 00:00:00-05:00,29.3799991607666,29.469900131225586,29.329999923706055,29.419300079345703,11929,0.0,0.0,0.0
2022-01-05 00:00:00-05:00,29.350000381469727,29.3799991607666,29.110000610351562,29.197500228881836,604235,0.0,0.0,0.0
2022-01-06 00:00:00-05:00,29.18000030517578,29.190000534057617,29.079999923706055,29.166500091552734,5599,0.0,0.0,0.0
2022-01-07 00:00:00-05:00,29.15999984741211,29.16069984436035,29.06999969482422,29.16069984436035,8359,0.0,0.0,0.0
2022-01-10 00:00:00-05:00,28.979999542236328,29.13249969482422,28.979999542236328,29.13249969482422,292,0.0,0.0,0.0
2022-01-11 00:00:00-05:00,29.09000015258789,29.267799377441406,29.09000015258789,29.267799377441406,1132,0.0,0.0,0.0
2022-01-12 00:00:00-05:00,29.303199768066406,29.309799194335938,29.240100860595703,29.309799194335938,4676,0.0,0.0,0.0
2022-01-13 00:00:00-05:00,29.350000381469727,29.350000381469727,29.12459945678711,29.12459945678711,2899,0.0,0.0,0.0
2022-01-14 00:00:00-05:00,29.079999923706055,29.149700164794922,28.989999771118164,29.149700164794922,4679,0.0,0.0,0.0
2022-01-18 00:00:00-05:00,28.915000915527344,28.940000534057617,28.900800704956055,28.900800704956055,561,0.0,0.0,0.0
2022-01-19 00:00:00-05:00,28.93000030517578,28.93000030517578,28.805700302124023,28.805700302124023,7660,0.0,0.0,0.0
2022-01-20 00:00:00-05:00,28.899999618530273,28.93000030517578,28.626699447631836,28.626699447631836,6716,0.0,0.0,0.0
2022-01-21 00:00:00-05:00,28.500099182128906,28.520000457763672,28.32990074157715,28.32990074157715,914,0.0,0.0,0.0
2022-01-24 00:00:00-05:00,27.969999313354492,28.2992000579834,27.740999221801758,28.2992000579834,85446,0.0,0.0,0.0
2022-01-25 00:00:00-05:00,28.040000915527344,28.149999618530273,27.93000030517578,28.1343994140625,1210,0.0,0.0,0.0
2022-01-26 00:00:00-05:00,28.389999389648438,28.459999084472656,28.075000762939453,28.113000869750977,48201,0.0,0.0,0.0
2022-01-27 00:00:00-05:00,28.270000457763672,28.354999542236328,28.010000228881836,28.04949951171875,23648,0.0,0.0,0.0
2022-01-28 00:00:00-05:00,28.140100479125977,28.423500061035156,28.140100479125977,28.423500061035156,826,0.0,0.0,0.0
2022-01-31 00:00:00-05:00,28.5,28.763599395751953,28.5,28.763599395751953,2870,0.0,0.0,0.0
2022-02-01 00:00:00-05:00,28.895000457763672,28.895000457763672,28.895000457763672,28.895000457763672,1,0.0,0.0,0.0
2022-02-02 00:00:00-05:00,28.934999465942383,29.047000885009766,28.934999465942383,29.047000885009766,219,0.0,0.0,0.0
2022-02-03 00:00:00-05:00,28.75,28.790000915527344,28.664100646972656,28.664100646972656,28941,0.0,0.0,0.0
2022-02-04 00:00:00-05:00,28.639999389648438,28.699100494384766,28.639999389648438,28.699100494384766,6650,0.0,0.0,0.0
2022-02-07 00:00:00-05:00,28.700000762939453,28.70009994506836,28.637100219726562,28.637100219726562,450,0.0,0.0,0.0
2022-02-08 00:00:00-05:00,28.65999984741211,28.81290054321289,28.649999618530273,28.81290054321289,22677,0.0,0.0,0.0
2022-02-09 00:00:00-05:00,29.00589942932129,29.00589942932129,29.00589942932129,29.00589942932129,65,0.0,0.0,0.0
2022-02-10 00:00:00-05:00,28.747499465942383,28.747499465942383,28.747499465942383,28.747499465942383,104,0.0,0.0,0.0
2022-02-11 00:00:00-05:00,28.68000030517578,28.68000030517578,28.415000915527344,28.439199447631836,533,0.0,0.0,0.0
2022-02-14 00:00:00-05:00,28.34000015258789,28.362300872802734,28.34000015258789,28.362300872802734,277,0.0,0.0,0.0
2022-02-15 00:00:00-05:00,28.617700576782227,28.617700576782227,28.617700576782227,28.617700576782227,58,0.0,0.0,0.0
2022-02-16 00:00:00-05:00,28.677900314331055,28.677900314331055,28.677900314331055,28.677900314331055,8,0.0,0.0,0.0
2022-02-17 00:00:00-05:00,28.319000244140625,28.319000244140625,28.319000244140625,28.319000244140625,184,0.0,0.0,0.0
2022-02-18 00:00:00-05:00,28.229999542236328,28.229999542236328,28.18090057373047,28.18090057373047,3600,0.0,0.0,0.0
2022-02-22 00:00:00-05:00,27.99209976196289,27.99209976196289,27.99209976196289,27.99209976196289,38,0.0,0.0,0.0
2022-02-23 00:00:00-05:00,27.69969940185547,27.69969940185547,27.69969940185547,27.69969940185547,16,0.0,0.0,0.0
2022-02-24 00:00:00-05:00,27.947399139404297,27.947399139404297,27.947399139404297,27.947399139404297,228,0.0,0.0,0.0
2022-02-25 00:00:00-05:00,28.260000228881836,28.322799682617188,28.219999313354492,28.322799682617188,1895,0.0,0.0,0.0
2022-02-28 00:00:00-05:00,28.268800735473633,28.268800735473633,28.268800735473633,28.268800735473633,7,0.0,0.0,0.0
2022-03-01 00:00:00-05:00,27.99959945678711,27.99959945678711,27.99959945678711,27.99959945678711,25,0.0,0.0,0.0
2022-03-02 00:00:00-05:00,28.100000381469727,28.33180046081543,28.100000381469727,28.33180046081543,4131,0.0,0.0,0.0
2022-03-03 00:00:00-05:00,28.232200622558594,28.232200622558594,28.232200622558594,28.232200622558594,1,0.0,0.0,0.0
2022-03-04 00:00:00-05:00,28.059999465942383,28.106000900268555,28.020000457763672,28.106000900268555,1637,0.0,0.0,0.0
2022-03-07 00:00:00-05:00,27.768999099731445,27.790000915527344,27.612499237060547,27.612499237060547,3986,0.0,0.0,0.0
2022-03-08 00:00:00-05:00,27.459999084472656,27.479999542236328,27.459999084472656,27.467100143432617,951,0.0,0.0,0.0
2022-03-09 00:00:00-05:00,27.8799991607666,27.8971004486084,27.8700008392334,27.8971004486084,2626,0.0,0.0,0.0
2022-03-10 00:00:00-05:00,27.649999618530273,27.855300903320312,27.649999618530273,27.855300903320312,2705,0.0,0.0,0.0
2022-03-11 00:00:00-05:00,27.647199630737305,27.647199630737305,27.647199630737305,27.647199630737305,22,0.0,0.0,0.0
2022-03-14 00:00:00-04:00,27.51650047302246,27.51650047302246,27.51650047302246,27.51650047302246,53,0.0,0.0,0.0
2022-03-15 00:00:00-04:00,27.579999923706055,27.873899459838867,27.570999145507812,27.873899459838867,1558,0.0,0.0,0.0
2022-03-16 00:00:00-04:00,27.9950008392334,28.234800338745117,27.9950008392334,28.234800338745117,226,0.0,0.0,0.0
2022-03-17 00:00:00-04:00,28.399999618530273,28.559999465942383,28.399999618530273,28.559999465942383,315,0.0,0.0,0.0
2022-03-18 00:00:00-04:00,28.559999465942383,28.735000610351562,28.559999465942383,28.735000610351562,1857,0.0,0.0,0.0
2022-03-21 00:00:00-04:00,28.75,28.76609992980957,28.6299991607666,28.752099990844727,14634,0.0,0.0,0.0
2022-03-22 00:00:00-04:00,28.979999542236328,28.979999542236328,28.979999542236328,28.979999542236328,300,0.0,0.0,0.0
2022-03-23 00:00:00-04:00,28.81999969482422,28.83919906616211,28.709999084472656,28.765100479125977,1195,0.0,0.0,0.0
2022-03-24 00:00:00-04:00,28.8700008392334,28.97960090637207,28.8700008392334,28.97960090637207,1811,0.0,0.0,0.0
2022-03-25 00:00:00-04:00,29.064800262451172,29.064800262451172,29.064800262451172,29.064800262451172,94,0.0,0.0,0.0
2022-03-28 00:00:00-04:00,28.979999542236328,29.18560028076172,28.979999542236328,29.18560028076172,583,0.0,0.0,0.0
2022-03-29 00:00:00-04:00,29.299999237060547,29.444000244140625,29.299999237060547,29.444000244140625,735,0.0,0.0,0.0
2022-03-30 00:00:00-04:00,29.378799438476562,29.378799438476562,29.279399871826172,29.279399871826172,238,0.0,0.0,0.0
2022-03-31 00:00:00-04:00,29.190000534057617,29.260000228881836,29.040000915527344,29.086599349975586,23668,0.0,0.0,0.0
2022-04-01 00:00:00-04:00,29.049999237060547,29.10409927368164,29.010099411010742,29.10409927368164,5392,0.0,0.0,0.0
2022-04-04 00:00:00-04:00,29.170000076293945,29.266399383544922,29.170000076293945,29.266399383544922,305,0.0,0.0,0.0
2022-04-05 00:00:00-04:00,29.049999237060547,29.09000015258789,29.0492000579834,29.0492000579834,620,0.0,0.0,0.0
2022-04-06 00:00:00-04:00,28.850000381469727,28.920000076293945,28.790000915527344,28.904800415039062,2930,0.0,0.0,0.0
2022-04-07 00:00:00-04:00,28.860000610351562,28.982799530029297,28.860000610351562,28.982799530029297,641,0.0,0.0,0.0
2022-04-08 00:00:00-04:00,28.940000534057617,29.020000457763672,28.936100006103516,28.936100006103516,1000,0.0,0.0,0.0
2022-04-11 00:00:00-04:00,29.030000686645508,29.030000686645508,28.631200790405273,28.631200790405273,781,0.0,0.0,0.0
2022-04-12 00:00:00-04:00,28.809999465942383,28.809999465942383,28.56999969482422,28.579200744628906,302,0.0,0.0,0.0
2022-04-13 00:00:00-04:00,28.549999237060547,28.787500381469727,28.549999237060547,28.787500381469727,518,0.0,0.0,0.0
2022-04-14 00:00:00-04:00,28.690000534057617,28.690000534057617,28.55109977722168,28.572999954223633,359,0.0,0.0,0.0
2022-04-18 00:00:00-04:00,28.59000015258789,28.59000015258789,28.543100357055664,28.543100357055664,100,0.0,0.0,0.0
2022-04-19 00:00:00-04:00,28.809999465942383,28.854000091552734,28.809999465942383,28.854000091552734,250,0.0,0.0,0.0
2022-04-20 00:00:00-04:00,28.889999389648438,28.889999389648438,28.853200912475586,28.853200912475586,1235,0.0,0.0,0.0
2022-04-21 00:00:00-04:00,28.58530044555664,28.58530044555664,28.58530044555664,28.58530044555664,30,0.0,0.0,0.0
2022-04-22 00:00:00-04:00,28.07509994506836,28.07509994506836,28.07509994506836,28.07509994506836,30,0.0,0.0,0.0
2022-04-25 00:00:00-04:00,27.969999313354492,27.969999313354492,27.809999465942383,27.809999465942383,408,0.0,0.0,0.0
2022-04-26 00:00:00-04:00,27.780000686645508,27.84000015258789,27.683799743652344,27.683799743652344,4241,0.0,0.0,0.0
2022-04-27 00:00:00-04:00,27.770000457763672,27.770000457763672,27.645000457763672,27.67799949645996,476,0.0,0.0,0.0
2022-04-28 00:00:00-04:00,27.768999099731445,28.110000610351562,27.75,28.0802001953125,868,0.0,0.0,0.0
2022-04-29 00:00:00-04:00,28.190000534057617,28.190000534057617,27.45050048828125,27.45050048828125,1256,0.0,0.0,0.0
2022-05-02 00:00:00-04:00,27.545700073242188,27.545700073242188,27.545700073242188,27.545700073242188,76,0.0,0.0,0.0
2022-05-03 00:00:00-04:00,27.6299991607666,27.64940071105957,27.6299991607666,27.64940071105957,248,0.0,0.0,0.0
2022-05-04 00:00:00-04:00,27.639999389648438,28.133800506591797,27.604999542236328,28.133800506591797,6045,0.0,0.0,0.0
2022-05-05 00:00:00-04:00,27.520000457763672,27.520000457763672,27.51110076904297,27.51110076904297,251,0.0,0.0,0.0
2022-05-06 00:00:00-04:00,27.280000686645508,27.559999465942383,27.260000228881836,27.455900192260742,5790,0.0,0.0,0.0
2022-05-09 00:00:00-04:00,27.0,27.014999389648438,26.965900421142578,26.965900421142578,10608,0.0,0.0,0.0
2022-05-10 00:00:00-04:00,27.06999969482422,27.149999618530273,26.920000076293945,27.004499435424805,883,0.0,0.0,0.0
2022-05-11 00:00:00-04:00,27.20989990234375,27.20989990234375,26.760000228881836,26.76959991455078,708,0.0,0.0,0.0
2022-05-12 00:00:00-04:00,26.579999923706055,26.74530029296875,26.579999923706055,26.74530029296875,224,0.0,0.0,0.0
2022-05-13 00:00:00-04:00,26.920000076293945,27.122299194335938,26.920000076293945,27.122299194335938,357,0.0,0.0,0.0
2022-05-16 00:00:00-04:00,27.209999084472656,27.219999313354492,27.08690071105957,27.08690071105957,2402,0.0,0.0,0.0
2022-05-17 00:00:00-04:00,27.385900497436523,27.385900497436523,27.385900497436523,27.385900497436523,27,0.0,0.0,0.0
2022-05-18 00:00:00-04:00,26.80820083618164,26.80820083618164,26.80820083618164,26.80820083618164,27,0.0,0.0,0.0
2022-05-19 00:00:00-04:00,26.762100219726562,26.762100219726562,26.762100219726562,26.762100219726562,27,0.0,0.0,0.0
2022-05-20 00:00:00-04:00,26.79210090637207,26.79210090637207,26.79210090637207,26.79210090637207,27,0.0,0.0,0.0
2022-05-23 00:00:00-04:00,26.93000030517578,27.059999465942383,26.93000030517578,27.0310001373291,7900,0.0,0.0,0.0
2022-05-24 00:00:00-04:00,27.040000915527344,27.040000915527344,26.91900062561035,26.99489974975586,2163,0.0,0.0,0.0
2022-05-25 00:00:00-04:00,27.104799270629883,27.104799270629883,27.104799270629883,27.104799270629883,1,0.0,0.0,0.0
2022-05-26 00:00:00-04:00,27.399999618530273,27.399999618530273,27.346399307250977,27.346399307250977,2028,0.0,0.0,0.0
2022-05-27 00:00:00-04:00,27.59000015258789,27.627599716186523,27.589000701904297,27.627599716186523,1069,0.0,0.0,0.0
2022-05-31 00:00:00-04:00,27.5,27.6200008392334,27.5,27.555200576782227,1402,0.0,0.0,0.0
2022-06-01 00:00:00-04:00,27.690000534057617,27.690000534057617,27.40999984741211,27.452999114990234,1870,0.0,0.0,0.0
2022-06-02 00:00:00-04:00,27.56999969482422,27.66320037841797,27.530000686645508,27.66320037841797,856,0.0,0.0,0.0
2022-06-03 00:00:00-04:00,27.513999938964844,27.513999938964844,27.513999938964844,27.513999938964844,98,0.0,0.0,0.0
2022-06-06 00:00:00-04:00,27.670000076293945,27.670000076293945,27.51810073852539,27.51810073852539,704,0.0,0.0,0.0
2022-06-07 00:00:00-04:00,27.62030029296875,27.62030029296875,27.62030029296875,27.62030029296875,92,0.0,0.0,0.0
2022-06-08 00:00:00-04:00,27.649999618530273,27.649999618530273,27.479999542236328,27.50309944152832,1321,0.0,0.0,0.0
2022-06-09 00:00:00-04:00,27.367000579833984,27.367000579833984,27.297000885009766,27.297000885009766,3441,0.0,0.0,0.0
2022-06-10 00:00:00-04:00,27.026899337768555,27.026899337768555,27.026899337768555,27.026899337768555,1,0.0,0.0,0.0
2022-06-13 00:00:00-04:00,26.59000015258789,26.59000015258789,26.45789909362793,26.45789909362793,211,0.0,0.0,0.0
2022-06-14 00:00:00-04:00,26.3799991607666,26.459999084472656,26.3799991607666,26.459999084472656,2111,0.0,0.0,0.0
2022-06-15 00:00:00-04:00,26.683799743652344,26.683799743652344,26.683799743652344,26.683799743652344,17,0.0,0.0,0.0
2022-06-16 00:00:00-04:00,26.25,26.290000915527344,26.040000915527344,26.07229995727539,5586,0.0,0.0,0.0
2022-06-17 00:00:00-04:00,26.219999313354492,26.219999313354492,26.174999237060547,26.207399368286133,287,0.0,0.0,0.0
2022-06-21 00:00:00-04:00,26.6914005279541,26.6914005279541,26.6914005279541,26.6914005279541,128,0.0,0.0,0.0
2022-06-22 00:00:00-04:00,26.8700008392334,26.8700008392334,26.723600387573242,26.723600387573242,158,0.0,0.0,0.0
2022-06-23 00:00:00-04:00,26.759199142456055,26.87700080871582,26.709999084472656,26.87700080871582,3541,0.0,0.0,0.0
2022-06-24 00:00:00-04:00,27.28499984741211,27.328699111938477,27.28499984741211,27.328699111938477,170,0.0,0.0,0.0
2022-06-27 00:00:00-04:00,27.3528995513916,27.3528995513916,27.3528995513916,27.3528995513916,62,0.0,0.0,0.0
2022-06-28 00:00:00-04:00,27.3439998626709,27.3439998626709,27.151899337768555,27.151899337768555,11045,0.0,0.0,0.0
2022-06-29 00:00:00-04:00,27.229999542236328,27.280000686645508,27.030000686645508,27.260900497436523,30697,0.0,0.0,0.0
2022-06-30 00:00:00-04:00,27.459999084472656,27.459999084472656,26.81999969482422,27.052499771118164,177906,0.0,0.0,0.0
2022-07-01 00:00:00-04:00,27.020000457763672,27.280000686645508,26.89299964904785,27.176799774169922,197017,0.0,0.0,0.0
2022-07-05 00:00:00-04:00,26.920000076293945,27.260000228881836,26.84000015258789,27.22100067138672,60492,0.0,0.0,0.0
2022-07-06 00:00:00-04:00,27.350000381469727,27.459999084472656,27.219999313354492,27.319499969482422,59675,0.0,0.0,0.0
2022-07-07 00:00:00-04:00,27.530000686645508,27.6299991607666,27.485000610351562,27.58139991760254,15903,0.0,0.0,0.0
2022-07-08 00:00:00-04:00,27.549999237060547,27.670000076293945,27.5,27.575899124145508,7390,0.0,0.0,0.0
2022-07-11 00:00:00-04:00,27.420000076293945,27.459999084472656,27.32900047302246,27.32900047302246,2986,0.0,0.0,0.0
2022-07-12 00:00:00-04:00,27.399999618530273,27.40999984741211,27.195600509643555,27.195600509643555,19176,0.0,0.0,0.0
2022-07-13 00:00:00-04:00,27.020000457763672,27.260000228881836,26.8700008392334,27.049999237060547,17409,0.0,0.0,0.0
2022-07-14 00:00:00-04:00,26.739999771118164,27.040000915527344,26.70599937438965,27.01409912109375,14798,0.0,0.0,0.0
2022-07-15 00:00:00-04:00,27.290000915527344,27.43000030517578,27.290000915527344,27.384599685668945,8528,0.0,0.0,0.0
2022-07-18 00:00:00-04:00,27.510000228881836,27.56999969482422,27.190000534057617,27.231300354003906,7082,0.0,0.0,0.0
2022-07-19 00:00:00-04:00,27.530000686645508,27.768999099731445,27.520000457763672,27.73859977722168,323727,0.0,0.0,0.0
2022-07-20 00:00:00-04:00,27.739999771118164,27.950000762939453,27.729999542236328,27.867700576782227,14607,0.0,0.0,0.0
2022-07-21 00:00:00-04:00,27.809999465942383,28.040000915527344,27.77989959716797,28.023300170898438,10921,0.0,0.0,0.0
2022-07-22 00:00:00-04:00,28.09000015258789,28.09000015258789,27.80500030517578,27.84320068359375,20153,0.0,0.0,0.0
2022-07-25 00:00:00-04:00,27.950000762939453,27.969999313354492,27.897199630737305,27.897199630737305,3857,0.0,0.0,0.0
2022-07-26 00:00:00-04:00,27.809999465942383,27.809999465942383,27.703399658203125,27.703399658203125,3455,0.0,0.0,0.0
2022-07-27 00:00:00-04:00,27.90999984741211,28.1643009185791,27.90999984741211,28.1643009185791,2626,0.0,0.0,0.0
2022-07-28 00:00:00-04:00,28.084999084472656,28.36590003967285,28.084999084472656,28.36590003967285,2622,0.0,0.0,0.0
2022-07-29 00:00:00-04:00,28.602100372314453,28.602100372314453,28.602100372314453,28.602100372314453,116,0.0,0.0,0.0
2022-08-01 00:00:00-04:00,28.65999984741211,28.68000030517578,28.551000595092773,28.551000595092773,5757,0.0,0.0,0.0
2022-08-02 00:00:00-04:00,28.520000457763672,28.690000534057617,28.470600128173828,28.470600128173828,7113,0.0,0.0,0.0
2022-08-03 00:00:00-04:00,28.579999923706055,28.798999786376953,28.579999923706055,28.787500381469727,9778,0.0,0.0,0.0
2022-08-04 00:00:00-04:00,28.660900115966797,28.700000762939453,28.660900115966797,28.699899673461914,9333,0.0,0.0,0.0
2022-08-05 00:00:00-04:00,28.610000610351562,28.700000762939453,28.610000610351562,28.695899963378906,16784,0.0,0.0,0.0
2022-08-08 00:00:00-04:00,28.809999465942383,28.809999465942383,28.635000228881836,28.656700134277344,5301,0.0,0.0,0.0
2022-08-09 00:00:00-04:00,28.600000381469727,28.6200008392334,28.575000762939453,28.576000213623047,6293,0.0,0.0,0.0
2022-08-10 00:00:00-04:00,28.940000534057617,28.989999771118164,28.8799991607666,28.931400299072266,4796,0.0,0.0,0.0
2022-08-11 00:00:00-04:00,29.110000610351562,29.110000610351562,28.915300369262695,28.915300369262695,6369,0.0,0.0,0.0
2022-08-12 00:00:00-04:00,28.979999542236328,29.229999542236328,28.979999542236328,29.183300018310547,12093,0.0,0.0,0.0
2022-08-15 00:00:00-04:00,29.170000076293945,29.260000228881836,29.1299991607666,29.214799880981445,469307,0.0,0.0,0.0
2022-08-16 00:00:00-04:00,29.229999542236328,29.309999465942383,29.18000030517578,29.248199462890625,14706,0.0,0.0,0.0
2022-08-17 00:00:00-04:00,29.200000762939453,29.25,29.079999923706055,29.107200622558594,33655,0.0,0.0,0.0
2022-08-18 00:00:00-04:00,29.139999389648438,29.219999313354492,29.114999771118164,29.185400009155273,6181,0.0,0.0,0.0
2022-08-19 00:00:00-04:00,29.030000686645508,29.09000015258789,29.008899688720703,29.008899688720703,16056,0.0,0.0,0.0
2022-08-22 00:00:00-04:00,28.72010040283203,28.7450008392334,28.652999877929688,28.652999877929688,2766,0.0,0.0,0.0
2022-08-23 00:00:00-04:00,28.59000015258789,28.69499969482422,28.59000015258789,28.617700576782227,4126,0.0,0.0,0.0
2022-08-24 00:00:00-04:00,28.729999542236328,28.770000457763672,28.649999618530273,28.682100296020508,4471,0.0,0.0,0.0
2022-08-25 00:00:00-04:00,28.858999252319336,28.899900436401367,28.790000915527344,28.89459991455078,5822,0.0,0.0,0.0
2022-08-26 00:00:00-04:00,28.959999084472656,28.959999084472656,28.355499267578125,28.355499267578125,17319,0.0,0.0,0.0
2022-08-29 00:00:00-04:00,28.20009994506836,28.36400032043457,28.20009994506836,28.2549991607666,14363,0.0,0.0,0.0
2022-08-30 00:00:00-04:00,28.108999252319336,28.110000610351562,28.024099349975586,28.024099349975586,870,0.0,0.0,0.0
2022-08-31 00:00:00-04:00,28.190000534057617,28.190000534057617,27.944599151611328,27.944599151611328,5669,0.0,0.0,0.0
2022-09-01 00:00:00-04:00,27.850000381469727,28.020000457763672,27.67009925842285,28.020000457763672,16258,0.0,0.0,0.0
2022-09-02 00:00:00-04:00,28.190000534057617,28.190000534057617,27.774599075317383,27.774599075317383,21730,0.0,0.0,0.0
2022-09-06 00:00:00-04:00,27.770099639892578,27.899999618530273,27.711000442504883,27.711000442504883,12383,0.0,0.0,0.0
2022-09-07 00:00:00-04:00,27.760099411010742,28.1200008392334,27.760099411010742,28.042800903320312,17524,0.0,0.0,0.0
2022-09-08 00:00:00-04:00,28.100000381469727,28.209999084472656,27.93000030517578,28.158899307250977,19591,0.0,0.0,0.0
2022-09-09 00:00:00-04:00,28.450000762939453,28.59000015258789,28.390100479125977,28.537599563598633,4003,0.0,0.0,0.0
2022-09-12 00:00:00-04:00,28.614999771118164,28.639999389648438,28.59000015258789,28.60569953918457,8236,0.0,0.0,0.0
2022-09-13 00:00:00-04:00,28.189899444580078,28.189899444580078,27.822799682617188,27.822799682617188,6433,0.0,0.0,0.0
2022-09-14 00:00:00-04:00,27.950000762939453,27.959999084472656,27.795000076293945,27.848800659179688,7245,0.0,0.0,0.0
2022-09-15 00:00:00-04:00,27.93000030517578,27.93000030517578,27.600000381469727,27.672199249267578,10895,0.0,0.0,0.0
2022-09-16 00:00:00-04:00,27.530000686645508,27.530000686645508,27.360000610351562,27.528900146484375,4714,0.0,0.0,0.0
2022-09-19 00:00:00-04:00,27.54599952697754,27.709999084472656,27.47010040283203,27.70330047607422,3495,0.0,0.0,0.0
2022-09-20 00:00:00-04:00,27.399999618530273,27.559999465942383,27.399999618530273,27.44890022277832,22729,0.0,0.0,0.0
2022-09-21 00:00:00-04:00,27.540000915527344,27.649900436401367,27.1968994140625,27.1968994140625,7456,0.0,0.0,0.0
2022-09-22 00:00:00-04:00,27.048999786376953,27.149999618530273,26.985000610351562,27.017499923706055,10667,0.0,0.0,0.0
2022-09-23 00:00:00-04:00,26.690000534057617,26.71500015258789,26.458999633789062,26.601600646972656,2468,0.0,0.0,0.0
2022-09-26 00:00:00-04:00,26.485000610351562,26.56999969482422,26.434999465942383,26.4783992767334,9310,0.0,0.0,0.0
2022-09-27 00:00:00-04:00,26.560100555419922,26.68000030517578,26.389999389648438,26.422800064086914,21148,0.0,0.0,0.0
2022-09-28 00:00:00-04:00,26.5,26.84000015258789,26.5,26.8085994720459,293029,0.0,0.0,0.0
2022-09-29 00:00:00-04:00,26.359899520874023,26.420000076293945,26.181699752807617,26.414400100708008,6012,0.0,0.0,0.0
2022-09-30 00:00:00-04:00,26.3700008392334,26.469900131225586,26.126100540161133,26.126100540161133,8455,0.0,0.0,0.0
2022-10-03 00:00:00-04:00,26.48900032043457,26.670000076293945,26.48900032043457,26.6200008392334,4322,0.0,0.0,0.0
2022-10-04 00:00:00-04:00,27.09000015258789,27.181699752807617,26.989999771118164,27.136699676513672,16656,0.0,0.0,0.0
2022-10-05 00:00:00-04:00,26.700000762939453,27.239999771118164,26.549999237060547,27.128799438476562,21335,0.0,0.0,0.0
2022-10-06 00:00:00-04:00,27.1200008392334,27.139999389648438,26.98189926147461,26.98189926147461,21404,0.0,0.0,0.0
2022-10-07 00:00:00-04:00,26.809999465942383,26.809999465942383,26.34000015258789,26.469999313354492,29728,0.0,0.0,0.0
2022-10-10 00:00:00-04:00,26.30500030517578,26.3700008392334,26.26449966430664,26.26449966430664,5239,0.0,0.0,0.0
2022-10-11 00:00:00-04:00,26.360000610351562,26.399999618530273,26.079999923706055,26.148399353027344,7630,0.0,0.0,0.0
2022-10-12 00:00:00-04:00,26.190000534057617,26.270000457763672,26.100099563598633,26.100099563598633,23189,0.0,0.0,0.0
2022-10-13 00:00:00-04:00,25.770000457763672,26.6299991607666,25.770000457763672,26.553199768066406,18560,0.0,0.0,0.0
2022-10-14 00:00:00-04:00,26.479900360107422,26.479900360107422,26.11870002746582,26.11870002746582,7124,0.0,0.0,0.0
2022-10-17 00:00:00-04:00,26.549999237060547,26.6299991607666,26.549999237060547,26.583799362182617,5754,0.0,0.0,0.0
2022-10-18 00:00:00-04:00,26.829999923706055,26.860000610351562,26.75,26.763900756835938,7792,0.0,0.0,0.0
2022-10-19 00:00:00-04:00,26.639999389648438,26.809999465942383,26.540000915527344,26.68000030517578,9022,0.0,0.0,0.0
2022-10-20 00:00:00-04:00,26.600000381469727,26.860000610351562,26.489999771118164,26.595699310302734,22040,0.0,0.0,0.0
2022-10-21 00:00:00-04:00,26.719999313354492,27.030000686645508,26.719999313354492,26.972700119018555,3875,0.0,0.0,0.0
2022-10-24 00:00:00-04:00,27.200000762939453,27.219999313354492,27.030000686645508,27.200000762939453,4033,0.0,0.0,0.0
2022-10-25 00:00:00-04:00,27.479000091552734,27.530000686645508,27.31399917602539,27.46940040588379,11409,0.0,0.0,0.0
2022-10-26 00:00:00-04:00,27.420000076293945,27.670000076293945,27.39150047302246,27.39150047302246,8062,0.0,0.0,0.0
2022-10-27 00:00:00-04:00,27.540000915527344,27.579999923706055,27.280000686645508,27.281200408935547,30615,0.0,0.0,0.0
2022-10-28 00:00:00-04:00,27.450000762939453,27.799999237060547,27.450000762939453,27.75429916381836,8579,0.0,0.0,0.0
2022-10-31 00:00:00-04:00,27.65999984741211,27.75,27.6299991607666,27.704599380493164,7601,0.0,0.0,0.0
2022-11-01 00:00:00-04:00,27.719999313354492,27.719999313354492,27.56999969482422,27.626800537109375,6679,0.0,0.0,0.0
2022-11-02 00:00:00-04:00,27.530000686645508,27.625,27.090099334716797,27.090099334716797,6189,0.0,0.0,0.0
2022-11-03 00:00:00-04:00,26.864999771118164,27.09000015258789,26.864999771118164,26.950000762939453,11442,0.0,0.0,0.0
2022-11-04 00:00:00-04:00,27.1200008392334,27.149999618530273,26.920000076293945,27.149999618530273,4435,0.0,0.0,0.0
2022-11-07 00:00:00-05:00,27.200000762939453,27.40999984741211,27.200000762939453,27.3799991607666,7742,0.0,0.0,0.0
2022-11-08 00:00:00-05:00,27.559999465942383,27.597999572753906,27.43000030517578,27.467500686645508,7181,0.0,0.0,0.0
2022-11-09 00:00:00-05:00,27.3799991607666,27.3799991607666,27.106700897216797,27.106700897216797,14629,0.0,0.0,0.0
2022-11-10 00:00:00-05:00,27.8799991607666,28.108699798583984,25.65999984741211,28.108699798583984,24673,0.0,0.0,0.0
2022-11-11 00:00:00-05:00,28.209999084472656,28.309999465942383,28.155000686645508,28.27669906616211,22399,0.0,0.0,0.0
2022-11-14 00:00:00-05:00,28.309999465942383,28.40999984741211,28.16990089416504,28.16990089416504,6017,0.0,0.0,0.0
2022-11-15 00:00:00-05:00,28.34000015258789,28.36989974975586,28.149999618530273,28.281299591064453,11065,0.0,0.0,0.0
2022-11-16 00:00:00-05:00,28.249900817871094,28.249900817871094,28.16029930114746,28.16029930114746,10928,0.0,0.0,0.0
2022-11-17 00:00:00-05:00,27.959999084472656,28.149999618530273,27.940000534057617,28.139999389648438,19243,0.0,0.0,0.0
2022-11-18 00:00:00-05:00,28.199899673461914,28.219999313354492,28.110000610351562,28.184099197387695,8026,0.0,0.0,0.0
2022-11-21 00:00:00-05:00,28.170000076293945,28.209999084472656,28.100000381469727,28.163799285888672,12013,0.0,0.0,0.0
2022-11-22 00:00:00-05:00,28.260000228881836,28.449899673461914,28.170000076293945,28.417299270629883,13719,0.0,0.0,0.0
2022-11-23 00:00:00-05:00,28.510000228881836,28.614999771118164,28.495100021362305,28.59040069580078,14245,0.0,0.0,0.0
2022-11-25 00:00:00-05:00,28.54599952697754,28.559999465942383,28.54599952697754,28.559999465942383,788,0.0,0.0,0.0
2022-11-28 00:00:00-05:00,28.449899673461914,28.449899673461914,28.263399124145508,28.263399124145508,11334,0.0,0.0,0.0
2022-11-29 00:00:00-05:00,28.170000076293945,28.239999771118164,28.170000076293945,28.23310089111328,19000,0.0,0.0,0.0
2022-11-30 00:00:00-05:00,28.209999084472656,28.76959991455078,28.139999389648438,28.76959991455078,16463,0.0,0.0,0.0
2022-12-01 00:00:00-05:00,28.889999389648438,28.889999389648438,28.770000457763672,28.825700759887695,21406,0.0,0.0,0.0
2022-12-02 00:00:00-05:00,28.670000076293945,28.859899520874023,28.670000076293945,28.80739974975586,4108,0.0,0.0,0.0
2022-12-05 00:00:00-05:00,28.790000915527344,28.790000915527344,28.440000534057617,28.495500564575195,11708,0.0,0.0,0.0
2022-12-06 00:00:00-05:00,28.349899291992188,28.35409927368164,28.06999969482422,28.35409927368164,5769,0.0,0.0,0.0
2022-12-07 00:00:00-05:00,28.190000534057617,28.239999771118164,28.155000686645508,28.16710090637207,4984,0.0,0.0,0.0
2022-12-08 00:00:00-05:00,28.290000915527344,28.31999969482422,28.239999771118164,28.26729965209961,9108,0.0,0.0,0.0
2022-12-09 00:00:00-05:00,28.3700008392334,28.3700008392334,28.18720054626465,28.18720054626465,3296,0.0,0.0,0.0
2022-12-12 00:00:00-05:00,28.260000228881836,28.43779945373535,28.260000228881836,28.43779945373535,11028,0.0,0.0,0.0
2022-12-13 00:00:00-05:00,28.895000457763672,28.895000457763672,28.520099639892578,28.608600616455078,8325,0.0,0.0,0.0
2022-12-14 00:00:00-05:00,28.700000762939453,28.760000228881836,28.511699676513672,28.511699676513672,9472,0.0,0.0,0.0
2022-12-15 00:00:00-05:00,28.059999465942383,28.059999465942383,27.8700008392334,27.94809913635254,12398,0.0,0.0,0.0
2022-12-16 00:00:00-05:00,27.809900283813477,27.809900283813477,27.579999923706055,27.747900009155273,12259,0.0,0.0,0.0
2022-12-19 00:00:00-05:00,27.75,27.75,27.440099716186523,27.573400497436523,8309,0.0,0.0,0.0
2022-12-20 00:00:00-05:00,27.639999389648438,27.709999084472656,27.56999969482422,27.56999969482422,6767,0.0,0.0,0.0
2022-12-21 00:00:00-05:00,27.829999923706055,27.950000762939453,27.709999084472656,27.85379981994629,28538,0.0,0.0,0.0
2022-12-22 00:00:00-05:00,27.510000228881836,27.639999389648438,27.295000076293945,27.630699157714844,35229,0.0,0.0,0.0
2022-12-23 00:00:00-05:00,27.579999923706055,27.709999084472656,27.579999923706055,27.6835994720459,62674,0.0,0.0,0.0
2022-12-27 00:00:00-05:00,27.635000228881836,27.729900360107422,27.6299991607666,27.657899856567383,3788,0.0,0.0,0.0
2022-12-28 00:00:00-05:00,27.719999313354492,27.719999313354492,27.415000915527344,27.415000915527344,3544,0.0,0.0,0.0
2022-12-29 00:00:00-05:00,27.65999984741211,27.81999969482422,27.65999984741211,27.766599655151367,5258,0.0,0.0,0.0
2022-12-30 00:00:00-05:00,27.59000015258789,27.69059944152832,27.53499984741211,27.69059944152832,10553,0.0,0.0,0.0
2023-01-03 00:00:00-05:00,27.850000381469727,27.850000381469727,27.5,27.618799209594727,4565,0.0,0.0,0.0
2023-01-04 00:00:00-05:00,27.59000015258789,27.850000381469727,27.59000015258789,27.73579978942871,9146,0.0,0.0,0.0
2023-01-05 00:00:00-05:00,27.56999969482422,27.65999984741211,27.489999771118164,27.539199829101562,6584,0.0,0.0,0.0
2023-01-06 00:00:00-05:00,27.850000381469727,28.05500030517578,27.84149932861328,28.010499954223633,3089,0.0,0.0,0.0
2023-01-09 00:00:00-05:00,27.760000228881836,28.329999923706055,27.760000228881836,28.015100479125977,3312,0.0,0.0,0.0
2023-01-10 00:00:00-05:00,28.045000076293945,28.146099090576172,27.95009994506836,28.146099090576172,3058,0.0,0.0,0.0
2023-01-11 00:00:00-05:00,28.309999465942383,28.411699295043945,28.299999237060547,28.411699295043945,9038,0.0,0.0,0.0
2023-01-12 00:00:00-05:00,28.519899368286133,28.540000915527344,28.420000076293945,28.490299224853516,6127,0.0,0.0,0.0
2023-01-13 00:00:00-05:00,28.399999618530273,28.6200008392334,28.3799991607666,28.60409927368164,5153,0.0,0.0,0.0
2023-01-17 00:00:00-05:00,28.500099182128906,28.715999603271484,28.480100631713867,28.564300537109375,4994,0.0,0.0,0.0
2023-01-18 00:00:00-05:00,28.649999618530273,28.68000030517578,28.18000030517578,28.189699172973633,4848,0.0,0.0,0.0
2023-01-19 00:00:00-05:00,28.110000610351562,28.18000030517578,28.069599151611328,28.069599151611328,2425,0.0,0.0,0.0
2023-01-20 00:00:00-05:00,28.280000686645508,28.4596004486084,28.266000747680664,28.4596004486084,1802,0.0,0.0,0.0
2023-01-23 00:00:00-05:00,28.649999618530273,28.81999969482422,28.649999618530273,28.70009994506836,3817,0.0,0.0,0.0
2023-01-24 00:00:00-05:00,28.665000915527344,28.780000686645508,28.665000915527344,28.71299934387207,3696,0.0,0.0,0.0
2023-01-25 00:00:00-05:00,28.450000762939453,28.675500869750977,28.34000015258789,28.675500869750977,6548,0.0,0.0,0.0
2023-01-26 00:00:00-05:00,28.850000381469727,28.934999465942383,28.709999084472656,28.921899795532227,6663,0.0,0.0,0.0
2023-01-27 00:00:00-05:00,29.040000915527344,29.1299991607666,29.004199981689453,29.004199981689453,3715,0.0,0.0,0.0
2023-01-30 00:00:00-05:00,28.969999313354492,28.969999313354492,28.68000030517578,28.711200714111328,11786,0.0,0.0,0.0
2023-01-31 00:00:00-05:00,28.829999923706055,29.007400512695312,28.81999969482422,29.007400512695312,5693,0.0,0.0,0.0
2023-02-01 00:00:00-05:00,29.100000381469727,29.28499984741211,28.8799991607666,29.2637996673584,4644,0.0,0.0,0.0
2023-02-02 00:00:00-05:00,29.459999084472656,29.625,29.420000076293945,29.57069969177246,7175,0.0,0.0,0.0
2023-02-03 00:00:00-05:00,29.40999984741211,29.520000457763672,29.31999969482422,29.324399948120117,5386,0.0,0.0,0.0
2023-02-06 00:00:00-05:00,29.229999542236328,29.290000915527344,29.139999389648438,29.226499557495117,11776,0.0,0.0,0.0
2023-02-07 00:00:00-05:00,29.1200008392334,29.524700164794922,29.1200008392334,29.524700164794922,3415,0.0,0.0,0.0
2023-02-08 00:00:00-05:00,29.424999237060547,29.43000030517578,29.270999908447266,29.270999908447266,15277,0.0,0.0,0.0
2023-02-09 00:00:00-05:00,29.479999542236328,29.479999542236328,29.079999923706055,29.1200008392334,10737,0.0,0.0,0.0
2023-02-10 00:00:00-05:00,29.08989906311035,29.145200729370117,28.989999771118164,29.145200729370117,27843,0.0,0.0,0.0
2023-02-13 00:00:00-05:00,29.319900512695312,29.40999984741211,29.210100173950195,29.380800247192383,3016,0.0,0.0,0.0
2023-02-14 00:00:00-05:00,29.520000457763672,29.520000457763672,29.200000762939453,29.41469955444336,5862,0.0,0.0,0.0
2023-02-15 00:00:00-05:00,29.200000762939453,29.44580078125,29.200000762939453,29.44580078125,3186,0.0,0.0,0.0
2023-02-16 00:00:00-05:00,29.28499984741211,29.420000076293945,29.168699264526367,29.168699264526367,1988,0.0,0.0,0.0
2023-02-17 00:00:00-05:00,28.940099716186523,29.09000015258789,28.92009925842285,29.08810043334961,13528,0.0,0.0,0.0
2023-02-21 00:00:00-05:00,28.799999237060547,28.84000015258789,28.649099349975586,28.649099349975586,4877,0.0,0.0,0.0
2023-02-22 00:00:00-05:00,28.719900131225586,28.729999542236328,28.489999771118164,28.590999603271484,5563,0.0,0.0,0.0
2023-02-23 00:00:00-05:00,28.770000457763672,28.770000457763672,28.5049991607666,28.72879981994629,8341,0.0,0.0,0.0
2023-02-24 00:00:00-05:00,28.389999389648438,28.540000915527344,28.290000915527344,28.479700088500977,3374,0.0,0.0,0.0
2023-02-27 00:00:00-05:00,28.65999984741211,28.65999984741211,28.549999237060547,28.550899505615234,2385,0.0,0.0,0.0
2023-02-28 00:00:00-05:00,28.530000686645508,28.639999389648438,28.514999389648438,28.514999389648438,9683,0.0,0.0,0.0
2023-03-01 00:00:00-05:00,28.3799991607666,28.440000534057617,28.360000610351562,28.364999771118164,5213,0.0,0.0,0.0
2023-03-02 00:00:00-05:00,28.350000381469727,28.529199600219727,28.280000686645508,28.529199600219727,11082,0.0,0.0,0.0
2023-03-03 00:00:00-05:00,28.889999389648438,28.93000030517578,28.729999542236328,28.91699981689453,1450,0.0,0.0,0.0
2023-03-06 00:00:00-05:00,28.860000610351562,29.100000381469727,28.860000610351562,28.9468994140625,23047,0.0,0.0,0.0
2023-03-07 00:00:00-05:00,28.850000381469727,28.86870002746582,28.552499771118164,28.579999923706055,14130,0.0,0.0,0.0
2023-03-08 00:00:00-05:00,28.565000534057617,28.610000610351562,28.430200576782227,28.610000610351562,11806,0.0,0.0,0.0
2023-03-09 00:00:00-05:00,28.739999771118164,28.75,28.186100006103516,28.186100006103516,21679,0.0,0.0,0.0
2023-03-10 00:00:00-05:00,28.059999465942383,28.18899917602539,27.790000915527344,27.90999984741211,8903,0.0,0.0,0.0
2023-03-13 00:00:00-04:00,27.920000076293945,28.03499984741211,27.834999084472656,27.84779930114746,7734,0.0,0.0,0.0
2023-03-14 00:00:00-04:00,28.209999084472656,28.290000915527344,27.950000762939453,28.153200149536133,6575,0.0,0.0,0.0
2023-03-15 00:00:00-04:00,27.8799991607666,28.020000457763672,27.8700008392334,27.982999801635742,7672,0.0,0.0,0.0
2023-03-16 00:00:00-04:00,27.989900588989258,28.43000030517578,27.8799991607666,28.406099319458008,6684,0.0,0.0,0.0
2023-03-17 00:00:00-04:00,28.170000076293945,28.260000228881836,28.15999984741211,28.209999084472656,19435,0.0,0.0,0.0
2023-03-20 00:00:00-04:00,28.209999084472656,28.43000030517578,28.209999084472656,28.38170051574707,6764,0.0,0.0,0.0
2023-03-21 00:00:00-04:00,28.610000610351562,28.670000076293945,28.469999313354492,28.6200008392334,23593,0.0,0.0,0.0
2023-03-22 00:00:00-04:00,28.6299991607666,28.709999084472656,28.34630012512207,28.34630012512207,13969,0.0,0.0,0.0
2023-03-23 00:00:00-04:00,28.540000915527344,28.655000686645508,28.38010025024414,28.392499923706055,2594,0.0,0.0,0.0
2023-03-24 00:00:00-04:00,28.299999237060547,28.473100662231445,28.299999237060547,28.473100662231445,811,0.0,0.0,0.0
2023-03-27 00:00:00-04:00,28.679899215698242,28.679899215698242,28.469999313354492,28.535200119018555,10284,0.0,0.0,0.0
2023-03-28 00:00:00-04:00,28.520000457763672,28.530000686645508,28.469999313354492,28.476699829101562,2751,0.0,0.0,0.0
2023-03-29 00:00:00-04:00,28.739999771118164,28.829999923706055,28.66010093688965,28.796199798583984,7499,0.0,0.0,0.0
2023-03-30 00:00:00-04:00,28.93000030517578,28.939899444580078,28.809999465942383,28.929500579833984,13180,0.0,0.0,0.0
2023-03-31 00:00:00-04:00,28.6200008392334,29.24209976196289,28.6200008392334,29.24209976196289,5890,0.0,0.0,0.0
2023-04-03 00:00:00-04:00,29.31999969482422,29.3700008392334,29.219999313354492,29.35689926147461,14446,0.0,0.0,0.0
2023-04-04 00:00:00-04:00,29.352500915527344,29.417400360107422,29.139999389648438,29.18079948425293,14225,0.0,0.0,0.0
2023-04-05 00:00:00-04:00,29.18000030517578,29.200000762939453,29.079999923706055,29.189699172973633,8962,0.0,0.0,0.0
2023-04-06 00:00:00-04:00,29.11840057373047,29.274999618530273,29.11840057373047,29.263500213623047,5973,0.0,0.0,0.0
2023-04-10 00:00:00-04:00,29.09000015258789,29.280000686645508,29.09000015258789,29.252399444580078,13037,0.0,0.0,0.0
2023-04-11 00:00:00-04:00,29.25,29.389999389648438,29.239999771118164,29.281400680541992,14035,0.0,0.0,0.0
2023-04-12 00:00:00-04:00,29.329999923706055,29.3799991607666,29.154699325561523,29.154699325561523,12779,0.0,0.0,0.0
2023-04-13 00:00:00-04:00,29.15999984741211,29.54990005493164,29.15999984741211,29.487199783325195,18003,0.0,0.0,0.0
2023-04-14 00:00:00-04:00,29.510000228881836,29.519399642944336,29.334999084472656,29.449800491333008,6953,0.0,0.0,0.0
2023-04-17 00:00:00-04:00,29.3799991607666,29.540000915527344,29.350000381469727,29.51180076599121,8671,0.0,0.0,0.0
2023-04-18 00:00:00-04:00,29.540000915527344,29.609899520874023,29.43000030517578,29.54640007019043,11077,0.0,0.0,0.0
2023-04-19 00:00:00-04:00,29.5,29.55500030517578,29.459999084472656,29.529499053955078,4550,0.0,0.0,0.0
2023-04-20 00:00:00-04:00,29.440000534057617,29.459999084472656,29.260000228881836,29.372100830078125,5277,0.0,0.0,0.0
2023-04-21 00:00:00-04:00,29.440000534057617,29.469999313354492,29.290000915527344,29.40920066833496,12225,0.0,0.0,0.0
2023-04-24 00:00:00-04:00,29.299999237060547,29.469999313354492,29.299999237060547,29.42180061340332,11896,0.0,0.0,0.0
2023-04-25 00:00:00-04:00,29.260000228881836,29.290000915527344,29.020000457763672,29.048200607299805,21838,0.0,0.0,0.0
2023-04-26 00:00:00-04:00,29.084999084472656,29.084999084472656,28.899999618530273,28.944400787353516,4863,0.0,0.0,0.0
2023-04-27 00:00:00-04:00,28.979999542236328,29.43000030517578,28.979999542236328,29.40049934387207,12805,0.0,0.0,0.0
2023-04-28 00:00:00-04:00,29.569900512695312,29.6299991607666,29.3700008392334,29.600099563598633,22484,0.0,0.0,0.0
2023-05-01 00:00:00-04:00,29.6299991607666,29.729999542236328,29.579999923706055,29.614900588989258,340211,0.0,0.0,0.0
2023-05-02 00:00:00-04:00,29.34000015258789,29.350000381469727,29.1200008392334,29.309200286865234,7357,0.0,0.0,0.0
2023-05-03 00:00:00-04:00,29.299999237060547,29.459999084472656,29.131200790405273,29.131200790405273,9993,0.0,0.0,0.0
2023-05-04 00:00:00-04:00,28.940000534057617,29.049999237060547,28.81999969482422,28.942800521850586,8625,0.0,0.0,0.0
2023-05-05 00:00:00-04:00,29.3799991607666,29.469900131225586,29.239999771118164,29.396299362182617,335228,0.0,0.0,0.0
2023-05-08 00:00:00-04:00,29.3799991607666,29.389999389648438,29.350000381469727,29.378000259399414,3513,0.0,0.0,0.0
2023-05-09 00:00:00-04:00,29.29159927368164,29.35810089111328,29.260000228881836,29.30150032043457,12641,0.0,0.0,0.0
2023-05-10 00:00:00-04:00,29.420000076293945,29.43000030517578,29.229999542236328,29.40410041809082,3488,0.0,0.0,0.0
2023-05-11 00:00:00-04:00,29.2549991607666,29.399900436401367,29.209999084472656,29.362499237060547,6333,0.0,0.0,0.0
2023-05-12 00:00:00-04:00,29.360000610351562,29.360000610351562,29.15999984741211,29.314899444580078,6199,0.0,0.0,0.0
2023-05-15 00:00:00-04:00,29.65999984741211,29.65999984741211,29.299999237060547,29.377899169921875,3894,0.0,0.0,0.0
2023-05-16 00:00:00-04:00,29.350000381469727,29.350000381469727,29.235000610351562,29.235000610351562,3072,0.0,0.0,0.0
2023-05-17 00:00:00-04:00,29.2810001373291,29.56999969482422,29.2810001373291,29.547800064086914,5971,0.0,0.0,0.0
2023-05-18 00:00:00-04:00,29.524999618530273,29.805200576782227,29.524999618530273,29.805200576782227,6620,0.0,0.0,0.0
2023-05-19 00:00:00-04:00,29.81999969482422,29.829999923706055,29.719999313354492,29.829999923706055,1382,0.0,0.0,0.0
2023-05-22 00:00:00-04:00,29.80500030517578,29.825000762939453,29.729999542236328,29.774999618530273,4854,0.0,0.0,0.0
2023-05-23 00:00:00-04:00,29.704999923706055,29.725000381469727,29.48390007019043,29.48390007019043,2854,0.0,0.0,0.0
2023-05-24 00:00:00-04:00,29.202999114990234,29.290000915527344,29.202999114990234,29.219999313354492,5894,0.0,0.0,0.0
2023-05-25 00:00:00-04:00,29.420000076293945,29.509899139404297,29.389999389648438,29.489999771118164,4267,0.0,0.0,0.0
2023-05-26 00:00:00-04:00,29.219999313354492,29.8799991607666,29.219999313354492,29.861099243164062,11597,0.0,0.0,0.0
2023-05-30 00:00:00-04:00,29.989999771118164,29.989999771118164,29.809999465942383,29.825300216674805,2477,0.0,0.0,0.0
2023-05-31 00:00:00-04:00,29.549999237060547,29.719999313354492,29.549999237060547,29.680999755859375,1143,0.0,0.0,0.0
2023-06-01 00:00:00-04:00,29.65999984741211,29.940000534057617,29.590099334716797,29.914100646972656,5244,0.0,0.0,0.0
2023-06-02 00:00:00-04:00,30.070100784301758,30.424999237060547,30.06999969482422,30.374399185180664,10665,0.0,0.0,0.0
2023-06-05 00:00:00-04:00,30.31999969482422,30.4375,30.309999465942383,30.31439971923828,4313,0.0,0.0,0.0
2023-06-06 00:00:00-04:00,30.280000686645508,30.420000076293945,30.229999542236328,30.388999938964844,3697,0.0,0.0,0.0
2023-06-07 00:00:00-04:00,30.329999923706055,30.395000457763672,30.255399703979492,30.255399703979492,4169,0.0,0.0,0.0
2023-06-08 00:00:00-04:00,30.270000457763672,30.479999542236328,30.270000457763672,30.434999465942383,3861,0.0,0.0,0.0
2023-06-09 00:00:00-04:00,30.584999084472656,30.600000381469727,30.459999084472656,30.485700607299805,3669,0.0,0.0,0.0
2023-06-12 00:00:00-04:00,30.530000686645508,30.75,30.520099639892578,30.733999252319336,5537,0.0,0.0,0.0
2023-06-13 00:00:00-04:00,30.899999618530273,31.049999237060547,30.899999618530273,30.957599639892578,3666,0.0,0.0,0.0
2023-06-14 00:00:00-04:00,30.969999313354492,31.09000015258789,30.81999969482422,30.961000442504883,11977,0.0,0.0,0.0
2023-06-15 00:00:00-04:00,31.110000610351562,31.479999542236328,31.110000610351562,31.365699768066406,15590,0.0,0.0,0.0
2023-06-16 00:00:00-04:00,31.190000534057617,31.5,31.190000534057617,31.258800506591797,12736,0.0,0.0,0.0
2023-06-20 00:00:00-04:00,31.079999923706055,31.170000076293945,30.969999313354492,31.143699645996094,7684,0.0,0.0,0.0
2023-06-21 00:00:00-04:00,30.959999084472656,31.110000610351562,30.940000534057617,30.954099655151367,5054,0.0,0.0,0.0
2023-06-22 00:00:00-04:00,30.959999084472656,31.059999465942383,30.959999084472656,31.05430030822754,3717,0.0,0.0,0.0
2023-06-23 00:00:00-04:00,30.860000610351562,30.93000030517578,30.850000381469727,30.860000610351562,2560,0.0,0.0,0.0
2023-06-26 00:00:00-04:00,30.739999771118164,30.82990074157715,30.700899124145508,30.700899124145508,2683,0.0,0.0,0.0
2023-06-27 00:00:00-04:00,30.81999969482422,31.09000015258789,30.78499984741211,31.042999267578125,8514,0.0,0.0,0.0
2023-06-28 00:00:00-04:00,30.989999771118164,31.14900016784668,30.959999084472656,30.989299774169922,5125,0.0,0.0,0.0
2023-06-29 00:00:00-04:00,31.049999237060547,31.18000030517578,31.049999237060547,31.148700714111328,19271,0.0,0.0,0.0
2023-06-30 00:00:00-04:00,31.510000228881836,31.670000076293945,31.403499603271484,31.6387996673584,320223,0.0,0.0,0.0
2023-07-03 00:00:00-04:00,31.610000610351562,31.63990020751953,31.479999542236328,31.607999801635742,106558,0.0,0.0,0.0
2023-07-05 00:00:00-04:00,31.549999237060547,31.614999771118164,31.4950008392334,31.540000915527344,147020,0.0,0.0,0.0
2023-07-06 00:00:00-04:00,31.25,31.350000381469727,31.18000030517578,31.318099975585938,32484,0.0,0.0,0.0
2023-07-07 00:00:00-04:00,31.399999618530273,31.510000228881836,31.315000534057617,31.329999923706055,46754,0.0,0.0,0.0
2023-07-10 00:00:00-04:00,31.34000015258789,31.3799991607666,31.25979995727539,31.3700008392334,17713,0.0,0.0,0.0
2023-07-11 00:00:00-04:00,31.440000534057617,31.489999771118164,31.329999923706055,31.485700607299805,40210,0.0,0.0,0.0
2023-07-12 00:00:00-04:00,31.770000457763672,31.770000457763672,31.66900062561035,31.686500549316406,22092,0.0,0.0,0.0
2023-07-13 00:00:00-04:00,31.81999969482422,31.90999984741211,31.757099151611328,31.799999237060547,18050,0.0,0.0,0.0
2023-07-14 00:00:00-04:00,31.940000534057617,31.969999313354492,31.837400436401367,31.837400436401367,31815,0.0,0.0,0.0
2023-07-17 00:00:00-04:00,31.90999984741211,32.0,31.8700008392334,31.952999114990234,31608,0.0,0.0,0.0
2023-07-18 00:00:00-04:00,31.989999771118164,32.130001068115234,31.940000534057617,32.07099914550781,94165,0.0,0.0,0.0
2023-07-19 00:00:00-04:00,32.220001220703125,32.220001220703125,32.09000015258789,32.16510009765625,34809,0.0,0.0,0.0
2023-07-20 00:00:00-04:00,32.150001525878906,32.150001525878906,31.950000762939453,31.9596004486084,26992,0.0,0.0,0.0
2023-07-21 00:00:00-04:00,32.16999816894531,32.16999816894531,31.940000534057617,32.029998779296875,21224,0.0,0.0,0.0
2023-07-24 00:00:00-04:00,32.04999923706055,32.13999938964844,32.0099983215332,32.060001373291016,31913,0.0,0.0,0.0
2023-07-25 00:00:00-04:00,32.15999984741211,32.21989822387695,32.08000183105469,32.17829895019531,14052,0.0,0.0,0.0
2023-07-26 00:00:00-04:00,32.150001525878906,32.25,32.11000061035156,32.165199279785156,42952,0.0,0.0,0.0
2023-07-27 00:00:00-04:00,32.38999938964844,32.399898529052734,31.989999771118164,32.01089859008789,18898,0.0,0.0,0.0
2023-07-28 00:00:00-04:00,32.22999954223633,32.279998779296875,32.1349983215332,32.255001068115234,13543,0.0,0.0,0.0
