Date,Open,High,Low,Close,Volume,Dividends,Stock Splits,Capital Gains
2020-12-31 00:00:00-05:00,25.0,25.0,25.0,25.0,0,0.0,0.0,0.0
2021-01-04 00:00:00-05:00,25.030000686645508,25.04990005493164,24.799999237060547,24.868900299072266,1059080,0.0,0.0,0.0
2021-01-05 00:00:00-05:00,24.559999465942383,24.9689998626709,24.559999465942383,24.94729995727539,2178,0.0,0.0,0.0
2021-01-06 00:00:00-05:00,24.906099319458008,25.100000381469727,24.906099319458008,24.94499969482422,3964,0.0,0.0,0.0
2021-01-07 00:00:00-05:00,25.360000610351562,25.360000610351562,25.104999542236328,25.11680030822754,2685,0.0,0.0,0.0
2021-01-08 00:00:00-05:00,25.15999984741211,25.170000076293945,25.149999618530273,25.155000686645508,10152,0.0,0.0,0.0
2021-01-11 00:00:00-05:00,25.170000076293945,25.170000076293945,25.079999923706055,25.10569953918457,15168,0.0,0.0,0.0
2021-01-12 00:00:00-05:00,25.100000381469727,25.1299991607666,25.030000686645508,25.074800491333008,16982,0.0,0.0,0.0
2021-01-13 00:00:00-05:00,25.059999465942383,25.1299991607666,25.049999237060547,25.094999313354492,10200,0.0,0.0,0.0
2021-01-14 00:00:00-05:00,25.149999618530273,25.149999618530273,25.059999465942383,25.059999465942383,8123,0.0,0.0,0.0
2021-01-15 00:00:00-05:00,25.0,25.0,24.940000534057617,24.975000381469727,10474,0.0,0.0,0.0
2021-01-19 00:00:00-05:00,25.079999923706055,25.100000381469727,25.073400497436523,25.073400497436523,538,0.0,0.0,0.0
2021-01-20 00:00:00-05:00,25.110000610351562,25.16950035095215,25.110000610351562,25.16950035095215,9966,0.0,0.0,0.0
2021-01-21 00:00:00-05:00,25.139999389648438,25.154600143432617,25.110000610351562,25.154600143432617,13925,0.0,0.0,0.0
2021-01-22 00:00:00-05:00,25.079999923706055,25.159900665283203,25.079999923706055,25.154699325561523,12419,0.0,0.0,0.0
2021-01-25 00:00:00-05:00,25.135000228881836,25.135000228881836,25.030000686645508,25.094999313354492,13030,0.0,0.0,0.0
2021-01-26 00:00:00-05:00,25.149999618530273,25.149999618530273,25.079999923706055,25.095399856567383,89372,0.0,0.0,0.0
2021-01-27 00:00:00-05:00,25.059999465942383,25.059999465942383,24.860000610351562,24.88520050048828,22271,0.0,0.0,0.0
2021-01-28 00:00:00-05:00,24.889999389648438,25.059999465942383,24.889999389648438,24.947999954223633,44655,0.0,0.0,0.0
2021-01-29 00:00:00-05:00,24.8700008392334,24.8700008392334,24.690000534057617,24.813100814819336,17235,0.0,0.0,0.0
2021-02-01 00:00:00-05:00,24.940000534057617,24.979999542236328,24.8700008392334,24.905899047851562,23661,0.0,0.0,0.0
2021-02-02 00:00:00-05:00,25.100000381469727,25.100000381469727,25.030000686645508,25.096099853515625,10917,0.0,0.0,0.0
2021-02-03 00:00:00-05:00,25.1200008392334,25.149999618530273,25.059999465942383,25.079999923706055,13088,0.0,0.0,0.0
2021-02-04 00:00:00-05:00,25.1299991607666,25.229999542236328,25.110000610351562,25.165000915527344,23510,0.0,0.0,0.0
2021-02-05 00:00:00-05:00,25.19499969482422,25.25,25.15999984741211,25.21109962463379,16226,0.0,0.0,0.0
2021-02-08 00:00:00-05:00,25.25,25.299999237060547,25.235000610351562,25.296100616455078,50897,0.0,0.0,0.0
2021-02-09 00:00:00-05:00,25.208099365234375,25.299999237060547,25.170000076293945,25.21500015258789,40327,0.0,0.0,0.0
2021-02-10 00:00:00-05:00,25.229999542236328,25.288999557495117,25.149999618530273,25.187299728393555,12784,0.0,0.0,0.0
2021-02-11 00:00:00-05:00,25.25,25.270000457763672,25.149999618530273,25.225000381469727,16089,0.0,0.0,0.0
2021-02-12 00:00:00-05:00,25.149999618530273,25.299999237060547,25.149999618530273,25.295000076293945,26298,0.0,0.0,0.0
2021-02-16 00:00:00-05:00,25.299999237060547,25.309999465942383,25.27400016784668,25.27400016784668,15716,0.0,0.0,0.0
2021-02-17 00:00:00-05:00,25.25,25.270000457763672,25.18000030517578,25.243799209594727,45244,0.0,0.0,0.0
2021-02-18 00:00:00-05:00,25.184999465942383,25.290000915527344,25.184999465942383,25.249500274658203,5498,0.0,0.0,0.0
2021-02-19 00:00:00-05:00,25.280000686645508,25.288999557495117,25.170000076293945,25.239500045776367,37347,0.0,0.0,0.0
2021-02-22 00:00:00-05:00,25.184999465942383,25.229999542236328,25.139999389648438,25.219999313354492,20248,0.0,0.0,0.0
2021-02-23 00:00:00-05:00,25.1117000579834,25.239999771118164,25.1117000579834,25.179800033569336,17974,0.0,0.0,0.0
2021-02-24 00:00:00-05:00,25.264999389648438,25.34000015258789,25.239999771118164,25.28499984741211,38282,0.0,0.0,0.0
2021-02-25 00:00:00-05:00,25.229900360107422,25.260000228881836,25.030000686645508,25.07430076599121,22292,0.0,0.0,0.0
2021-02-26 00:00:00-05:00,24.979999542236328,25.170000076293945,24.979999542236328,25.010000228881836,29157,0.0,0.0,0.0
2021-03-01 00:00:00-05:00,25.149999618530273,25.34000015258789,25.149999618530273,25.274999618530273,15245,0.0,0.0,0.0
2021-03-02 00:00:00-05:00,25.264999389648438,25.309999465942383,25.200000762939453,25.23310089111328,39900,0.0,0.0,0.0
2021-03-03 00:00:00-05:00,25.184999465942383,25.229999542236328,25.100000381469727,25.107200622558594,17145,0.0,0.0,0.0
2021-03-04 00:00:00-05:00,25.135000228881836,25.135000228881836,24.950000762939453,24.96109962463379,25892,0.0,0.0,0.0
2021-03-05 00:00:00-05:00,25.06999969482422,25.209999084472656,24.940000534057617,25.162700653076172,26622,0.0,0.0,0.0
2021-03-08 00:00:00-05:00,25.139999389648438,25.27899932861328,25.079999923706055,25.190000534057617,28082,0.0,0.0,0.0
2021-03-09 00:00:00-05:00,25.25,25.329999923706055,25.239999771118164,25.274099349975586,18042,0.0,0.0,0.0
2021-03-10 00:00:00-05:00,25.360000610351562,25.3799991607666,25.239999771118164,25.274999618530273,36045,0.0,0.0,0.0
2021-03-11 00:00:00-05:00,25.43000030517578,25.43000030517578,25.34000015258789,25.374900817871094,37405,0.0,0.0,0.0
2021-03-12 00:00:00-05:00,25.399999618530273,25.399999618530273,25.309999465942383,25.354999542236328,14658,0.0,0.0,0.0
2021-03-15 00:00:00-04:00,25.364999771118164,25.440000534057617,25.360000610351562,25.405000686645508,661680,0.0,0.0,0.0
2021-03-16 00:00:00-04:00,25.489999771118164,25.489999771118164,25.3799991607666,25.399999618530273,19332,0.0,0.0,0.0
2021-03-17 00:00:00-04:00,25.450000762939453,25.52899932861328,25.360000610351562,25.510000228881836,20430,0.0,0.0,0.0
2021-03-18 00:00:00-04:00,25.399999618530273,25.49799919128418,25.350000381469727,25.385099411010742,14123,0.0,0.0,0.0
2021-03-19 00:00:00-04:00,25.440000534057617,25.450000762939453,25.384899139404297,25.384899139404297,21177,0.0,0.0,0.0
2021-03-22 00:00:00-04:00,25.520000457763672,25.530000686645508,25.405000686645508,25.46500015258789,24402,0.0,0.0,0.0
2021-03-23 00:00:00-04:00,25.530000686645508,25.549999237060547,25.399999618530273,25.41349983215332,15563,0.0,0.0,0.0
2021-03-24 00:00:00-04:00,25.43000030517578,25.523500442504883,25.43000030517578,25.43589973449707,13471,0.0,0.0,0.0
2021-03-25 00:00:00-04:00,25.31999969482422,25.5,25.31999969482422,25.49090003967285,14820,0.0,0.0,0.0
2021-03-26 00:00:00-04:00,25.58989906311035,25.65999984741211,25.49449920654297,25.65530014038086,9731,0.0,0.0,0.0
2021-03-29 00:00:00-04:00,25.549999237060547,25.6299991607666,25.520000457763672,25.577699661254883,25698,0.0,0.0,0.0
2021-03-30 00:00:00-04:00,25.55500030517578,25.579999923706055,25.489999771118164,25.51569938659668,41002,0.0,0.0,0.0
2021-03-31 00:00:00-04:00,25.520000457763672,25.68000030517578,25.520000457763672,25.65089988708496,38670,0.0,0.0,0.0
2021-04-01 00:00:00-04:00,25.600000381469727,25.719999313354492,25.600000381469727,25.65999984741211,23469,0.0,0.0,0.0
2021-04-05 00:00:00-04:00,26.079999923706055,26.079999923706055,25.729999542236328,25.765100479125977,23254,0.0,0.0,0.0
2021-04-06 00:00:00-04:00,25.78499984741211,25.809900283813477,25.740100860595703,25.764999389648438,7162,0.0,0.0,0.0
2021-04-07 00:00:00-04:00,25.735200881958008,25.81999969482422,25.709999084472656,25.765100479125977,27927,0.0,0.0,0.0
2021-04-08 00:00:00-04:00,25.780000686645508,25.84000015258789,25.745899200439453,25.795000076293945,20111,0.0,0.0,0.0
2021-04-09 00:00:00-04:00,25.829999923706055,25.8700008392334,25.790000915527344,25.852800369262695,23302,0.0,0.0,0.0
2021-04-12 00:00:00-04:00,25.8700008392334,25.8700008392334,25.790000915527344,25.825899124145508,25076,0.0,0.0,0.0
2021-04-13 00:00:00-04:00,25.899999618530273,25.93000030517578,25.84000015258789,25.857999801635742,27598,0.0,0.0,0.0
2021-04-14 00:00:00-04:00,25.899999618530273,25.899999618530273,25.790000915527344,25.8351993560791,14264,0.0,0.0,0.0
2021-04-15 00:00:00-04:00,25.889999389648438,25.940000534057617,25.850000381469727,25.91900062561035,27714,0.0,0.0,0.0
2021-04-16 00:00:00-04:00,25.9064998626709,25.93000030517578,25.850000381469727,25.92099952697754,12138,0.0,0.0,0.0
2021-04-19 00:00:00-04:00,25.899900436401367,25.899900436401367,25.850400924682617,25.88010025024414,21990,0.0,0.0,0.0
2021-04-20 00:00:00-04:00,25.850000381469727,25.889299392700195,25.850000381469727,25.8700008392334,8861,0.0,0.0,0.0
2021-04-21 00:00:00-04:00,25.920000076293945,25.940000534057617,25.86009979248047,25.917600631713867,11576,0.0,0.0,0.0
2021-04-22 00:00:00-04:00,25.90999984741211,25.950000762939453,25.820100784301758,25.839799880981445,11473,0.0,0.0,0.0
2021-04-23 00:00:00-04:00,25.904600143432617,25.940000534057617,25.8700008392334,25.908700942993164,20527,0.0,0.0,0.0
2021-04-26 00:00:00-04:00,25.940000534057617,25.940000534057617,25.891000747680664,25.905000686645508,14633,0.0,0.0,0.0
2021-04-27 00:00:00-04:00,25.93000030517578,25.950000762939453,25.90999984741211,25.91990089416504,19953,0.0,0.0,0.0
2021-04-28 00:00:00-04:00,25.979999542236328,25.989999771118164,25.899999618530273,25.93000030517578,28565,0.0,0.0,0.0
2021-04-29 00:00:00-04:00,25.93000030517578,25.969999313354492,25.871000289916992,25.904699325561523,26653,0.0,0.0,0.0
2021-04-30 00:00:00-04:00,25.90999984741211,25.950000762939453,25.870100021362305,25.905099868774414,12739,0.0,0.0,0.0
2021-05-03 00:00:00-04:00,25.950000762939453,25.969999313354492,25.891000747680664,25.920000076293945,27331,0.0,0.0,0.0
2021-05-04 00:00:00-04:00,25.8700008392334,25.889999389648438,25.760099411010742,25.889999389648438,11351,0.0,0.0,0.0
2021-05-05 00:00:00-04:00,25.940000534057617,25.969999313354492,25.8700008392334,25.90999984741211,119281,0.0,0.0,0.0
2021-05-06 00:00:00-04:00,25.8700008392334,25.950000762939453,25.840099334716797,25.940399169921875,21976,0.0,0.0,0.0
2021-05-07 00:00:00-04:00,25.979999542236328,25.993900299072266,25.950000762939453,25.993900299072266,15542,0.0,0.0,0.0
2021-05-10 00:00:00-04:00,25.985000610351562,26.020000457763672,25.92009925842285,25.937299728393555,8622,0.0,0.0,0.0
2021-05-11 00:00:00-04:00,25.875,25.889999389648438,25.84000015258789,25.854999542236328,11524,0.0,0.0,0.0
2021-05-12 00:00:00-04:00,25.760000228881836,25.770000457763672,25.6481990814209,25.6481990814209,15007,0.0,0.0,0.0
2021-05-13 00:00:00-04:00,25.739999771118164,25.8700008392334,25.739999771118164,25.824600219726562,18914,0.0,0.0,0.0
2021-05-14 00:00:00-04:00,25.860000610351562,25.959999084472656,25.85099983215332,25.956899642944336,22342,0.0,0.0,0.0
2021-05-17 00:00:00-04:00,25.8799991607666,25.920000076293945,25.8799991607666,25.916500091552734,14868,0.0,0.0,0.0
2021-05-18 00:00:00-04:00,25.90999984741211,25.920000076293945,25.83009910583496,25.88789939880371,13393,0.0,0.0,0.0
2021-05-19 00:00:00-04:00,25.709999084472656,25.829999923706055,25.709999084472656,25.79400062561035,12348,0.0,0.0,0.0
2021-05-20 00:00:00-04:00,25.950000762939453,25.950000762939453,25.85140037536621,25.93000030517578,25446,0.0,0.0,0.0
2021-05-21 00:00:00-04:00,25.940000534057617,25.940000534057617,25.86009979248047,25.885000228881836,15968,0.0,0.0,0.0
2021-05-24 00:00:00-04:00,25.969999313354492,26.0,25.90999984741211,25.97599983215332,12122,0.0,0.0,0.0
2021-05-25 00:00:00-04:00,25.999900817871094,25.999900817871094,25.93000030517578,25.954999923706055,14530,0.0,0.0,0.0
2021-05-26 00:00:00-04:00,25.969999313354492,25.979999542236328,25.90999984741211,25.940099716186523,16777,0.0,0.0,0.0
2021-05-27 00:00:00-04:00,26.0,26.049999237060547,25.969999313354492,26.0049991607666,25227,0.0,0.0,0.0
2021-05-28 00:00:00-04:00,26.069900512695312,26.079999923706055,26.034000396728516,26.040000915527344,11111,0.0,0.0,0.0
2021-06-01 00:00:00-04:00,26.037700653076172,26.049999237060547,25.979999542236328,26.014999389648438,11070,0.0,0.0,0.0
2021-06-02 00:00:00-04:00,25.969999313354492,26.049999237060547,25.959999084472656,26.010000228881836,13201,0.0,0.0,0.0
2021-06-03 00:00:00-04:00,25.977699279785156,26.020000457763672,25.940000534057617,25.979999542236328,25056,0.0,0.0,0.0
2021-06-04 00:00:00-04:00,26.010000228881836,26.06999969482422,26.0,26.040000915527344,19615,0.0,0.0,0.0
2021-06-07 00:00:00-04:00,26.059999465942383,26.099899291992188,25.969999313354492,26.049999237060547,13926,0.0,0.0,0.0
2021-06-08 00:00:00-04:00,26.07900047302246,26.079999923706055,26.010000228881836,26.045000076293945,28549,0.0,0.0,0.0
2021-06-09 00:00:00-04:00,26.049999237060547,26.079999923706055,26.0,26.021900177001953,25255,0.0,0.0,0.0
2021-06-10 00:00:00-04:00,26.04010009765625,26.110000610351562,26.040000915527344,26.075000762939453,12675,0.0,0.0,0.0
2021-06-11 00:00:00-04:00,26.100000381469727,26.1200008392334,26.049999237060547,26.092500686645508,17682,0.0,0.0,0.0
2021-06-14 00:00:00-04:00,26.062000274658203,26.1299991607666,26.049999237060547,26.102500915527344,12813,0.0,0.0,0.0
2021-06-15 00:00:00-04:00,26.1200008392334,26.15999984741211,26.09000015258789,26.135000228881836,12301,0.0,0.0,0.0
2021-06-16 00:00:00-04:00,26.06999969482422,26.129899978637695,26.050100326538086,26.06999969482422,13777,0.0,0.0,0.0
2021-06-17 00:00:00-04:00,26.099000930786133,26.110000610351562,26.030099868774414,26.0762996673584,9181,0.0,0.0,0.0
2021-06-18 00:00:00-04:00,25.960100173950195,26.030000686645508,25.960100173950195,25.989999771118164,4537,0.0,0.0,0.0
2021-06-21 00:00:00-04:00,26.08989906311035,26.08989906311035,26.049999237060547,26.062999725341797,10331,0.0,0.0,0.0
2021-06-22 00:00:00-04:00,26.128999710083008,26.138999938964844,26.06100082397461,26.104999542236328,15290,0.0,0.0,0.0
2021-06-23 00:00:00-04:00,26.135000228881836,26.170000076293945,26.100000381469727,26.12980079650879,14820,0.0,0.0,0.0
2021-06-24 00:00:00-04:00,26.200000762939453,26.209999084472656,26.1299991607666,26.209999084472656,19003,0.0,0.0,0.0
2021-06-25 00:00:00-04:00,26.170000076293945,26.199499130249023,26.140100479125977,26.18000030517578,9519,0.0,0.0,0.0
2021-06-28 00:00:00-04:00,26.150100708007812,26.219999313354492,26.149999618530273,26.190000534057617,7590,0.0,0.0,0.0
2021-06-29 00:00:00-04:00,26.2189998626709,26.219999313354492,26.139999389648438,26.153400421142578,18808,0.0,0.0,0.0
2021-06-30 00:00:00-04:00,26.190000534057617,26.219999313354492,26.15999984741211,26.19499969482422,18283,0.0,0.0,0.0
2021-07-01 00:00:00-04:00,26.204999923706055,26.239999771118164,26.170000076293945,26.21500015258789,12149,0.0,0.0,0.0
2021-07-02 00:00:00-04:00,26.21500015258789,26.260000228881836,26.190000534057617,26.235000610351562,9071,0.0,0.0,0.0
2021-07-06 00:00:00-04:00,26.21500015258789,26.239999771118164,26.190000534057617,26.225000381469727,2153,0.0,0.0,0.0
2021-07-07 00:00:00-04:00,26.23900032043457,26.25,26.18000030517578,26.213600158691406,16079,0.0,0.0,0.0
2021-07-08 00:00:00-04:00,26.170000076293945,26.219999313354492,26.120100021362305,26.185100555419922,18537,0.0,0.0,0.0
2021-07-09 00:00:00-04:00,26.260000228881836,26.270000457763672,26.209999084472656,26.25,15000,0.0,0.0,0.0
2021-07-12 00:00:00-04:00,26.259000778198242,26.260000228881836,26.190000534057617,26.229999542236328,10435,0.0,0.0,0.0
2021-07-13 00:00:00-04:00,26.219999313354492,26.280000686645508,26.190099716186523,26.202999114990234,26398,0.0,0.0,0.0
2021-07-14 00:00:00-04:00,26.270000457763672,26.277999877929688,26.210100173950195,26.2450008392334,5326,0.0,0.0,0.0
2021-07-15 00:00:00-04:00,26.239999771118164,26.25,26.18000030517578,26.237499237060547,15503,0.0,0.0,0.0
2021-07-16 00:00:00-04:00,26.239999771118164,26.259899139404297,26.139999389648438,26.199499130249023,15512,0.0,0.0,0.0
2021-07-19 00:00:00-04:00,26.170000076293945,26.170000076293945,26.049999237060547,26.09510040283203,11585,0.0,0.0,0.0
2021-07-20 00:00:00-04:00,26.159000396728516,26.170000076293945,26.090099334716797,26.135000228881836,12019,0.0,0.0,0.0
2021-07-21 00:00:00-04:00,26.19499969482422,26.229999542236328,26.15999984741211,26.20840072631836,11015,0.0,0.0,0.0
2021-07-22 00:00:00-04:00,26.239999771118164,26.25,26.18000030517578,26.21500015258789,18037,0.0,0.0,0.0
2021-07-23 00:00:00-04:00,26.259899139404297,26.280000686645508,26.190000534057617,26.239999771118164,13317,0.0,0.0,0.0
2021-07-26 00:00:00-04:00,26.219999313354492,26.299999237060547,26.219999313354492,26.270000457763672,8963,0.0,0.0,0.0
2021-07-27 00:00:00-04:00,26.180099487304688,26.22960090637207,26.180099487304688,26.225000381469727,2092,0.0,0.0,0.0
2021-07-28 00:00:00-04:00,26.209999084472656,26.27989959716797,26.209999084472656,26.214099884033203,5024,0.0,0.0,0.0
2021-07-29 00:00:00-04:00,26.295000076293945,26.32990074157715,26.260000228881836,26.290000915527344,6963,0.0,0.0,0.0
2021-07-30 00:00:00-04:00,26.28499984741211,26.28499984741211,26.270000457763672,26.280500411987305,1768,0.0,0.0,0.0
2021-08-02 00:00:00-04:00,26.230100631713867,26.27989959716797,26.219999313354492,26.239999771118164,3368,0.0,0.0,0.0
2021-08-03 00:00:00-04:00,26.270000457763672,26.289899826049805,26.230100631713867,26.264999389648438,7152,0.0,0.0,0.0
2021-08-04 00:00:00-04:00,26.235000610351562,26.268999099731445,26.200000762939453,26.239900588989258,4879,0.0,0.0,0.0
2021-08-05 00:00:00-04:00,26.274999618530273,26.309999465942383,26.239999771118164,26.274999618530273,22047,0.0,0.0,0.0
2021-08-06 00:00:00-04:00,26.239999771118164,26.29990005493164,26.239999771118164,26.27429962158203,4109,0.0,0.0,0.0
2021-08-09 00:00:00-04:00,26.240100860595703,26.31999969482422,26.239999771118164,26.279600143432617,16916,0.0,0.0,0.0
2021-08-10 00:00:00-04:00,26.312000274658203,26.329999923706055,26.270000457763672,26.299999237060547,7447,0.0,0.0,0.0
2021-08-11 00:00:00-04:00,26.349899291992188,26.349899291992188,26.280000686645508,26.315000534057617,11062,0.0,0.0,0.0
2021-08-12 00:00:00-04:00,26.309999465942383,26.31999969482422,26.25,26.28499984741211,6294,0.0,0.0,0.0
2021-08-13 00:00:00-04:00,26.358999252319336,26.360000610351562,26.29010009765625,26.325000762939453,9200,0.0,0.0,0.0
2021-08-16 00:00:00-04:00,26.301700592041016,26.379899978637695,26.299999237060547,26.354999542236328,3965,0.0,0.0,0.0
2021-08-17 00:00:00-04:00,26.315000534057617,26.349899291992188,26.280000686645508,26.30500030517578,7486,0.0,0.0,0.0
2021-08-18 00:00:00-04:00,26.36989974975586,26.36989974975586,26.303300857543945,26.309999465942383,5076,0.0,0.0,0.0
2021-08-19 00:00:00-04:00,26.21500015258789,26.280000686645508,26.210100173950195,26.2549991607666,8266,0.0,0.0,0.0
2021-08-20 00:00:00-04:00,26.309900283813477,26.31999969482422,26.239999771118164,26.28499984741211,14425,0.0,0.0,0.0
2021-08-23 00:00:00-04:00,26.360000610351562,26.3700008392334,26.300100326538086,26.3351993560791,12119,0.0,0.0,0.0
2021-08-24 00:00:00-04:00,26.360000610351562,26.36989974975586,26.3169002532959,26.334999084472656,4625,0.0,0.0,0.0
2021-08-25 00:00:00-04:00,26.3799991607666,26.3799991607666,26.31999969482422,26.35099983215332,7280,0.0,0.0,0.0
2021-08-26 00:00:00-04:00,26.350000381469727,26.360000610351562,26.300100326538086,26.315000534057617,11318,0.0,0.0,0.0
2021-08-27 00:00:00-04:00,26.385000228881836,26.41990089416504,26.350099563598633,26.385000228881836,6867,0.0,0.0,0.0
2021-08-30 00:00:00-04:00,26.40999984741211,26.420000076293945,26.350000381469727,26.385000228881836,31630,0.0,0.0,0.0
2021-08-31 00:00:00-04:00,26.3799991607666,26.409900665283203,26.350099563598633,26.375,10010,0.0,0.0,0.0
2021-09-01 00:00:00-04:00,26.34000015258789,26.420000076293945,26.34000015258789,26.375,10661,0.0,0.0,0.0
2021-09-02 00:00:00-04:00,26.41900062561035,26.420000076293945,26.350000381469727,26.375,10186,0.0,0.0,0.0
2021-09-03 00:00:00-04:00,26.385000228881836,26.429899215698242,26.350000381469727,26.389999389648438,9143,0.0,0.0,0.0
2021-09-07 00:00:00-04:00,26.40999984741211,26.40999984741211,26.329999923706055,26.3700008392334,29432,0.0,0.0,0.0
2021-09-08 00:00:00-04:00,26.395000457763672,26.440000534057617,26.3700008392334,26.399200439453125,13961,0.0,0.0,0.0
2021-09-09 00:00:00-04:00,26.360000610351562,26.399999618530273,26.320999145507812,26.35379981994629,14371,0.0,0.0,0.0
2021-09-10 00:00:00-04:00,26.310100555419922,26.379899978637695,26.29010009765625,26.31999969482422,12256,0.0,0.0,0.0
2021-09-13 00:00:00-04:00,26.334999084472656,26.36989974975586,26.32990074157715,26.32990074157715,5094,0.0,0.0,0.0
2021-09-14 00:00:00-04:00,26.310100555419922,26.3700008392334,26.290000915527344,26.314800262451172,8464,0.0,0.0,0.0
2021-09-15 00:00:00-04:00,26.36989974975586,26.389999389648438,26.320100784301758,26.354999542236328,5379,0.0,0.0,0.0
2021-09-16 00:00:00-04:00,26.38990020751953,26.40999984741211,26.31999969482422,26.387699127197266,13202,0.0,0.0,0.0
2021-09-17 00:00:00-04:00,26.31999969482422,26.3700008392334,26.299999237060547,26.31450080871582,7114,0.0,0.0,0.0
2021-09-20 00:00:00-04:00,26.260000228881836,26.270000457763672,26.20009994506836,26.26759910583496,13098,0.0,0.0,0.0
2021-09-21 00:00:00-04:00,26.280000686645508,26.309999465942383,26.22100067138672,26.255199432373047,12736,0.0,0.0,0.0
2021-09-22 00:00:00-04:00,26.260000228881836,26.350000381469727,26.260000228881836,26.299999237060547,7097,0.0,0.0,0.0
2021-09-23 00:00:00-04:00,26.3700008392334,26.3799991607666,26.31999969482422,26.344999313354492,11041,0.0,0.0,0.0
2021-09-24 00:00:00-04:00,26.350000381469727,26.3799991607666,26.31999969482422,26.327600479125977,8819,0.0,0.0,0.0
2021-09-27 00:00:00-04:00,26.420000076293945,26.43000030517578,26.36009979248047,26.416400909423828,5846,0.0,0.0,0.0
2021-09-28 00:00:00-04:00,26.260099411010742,26.329999923706055,26.260099411010742,26.29439926147461,9979,0.0,0.0,0.0
2021-09-29 00:00:00-04:00,26.31089973449707,26.34000015258789,26.25,26.290000915527344,13922,0.0,0.0,0.0
2021-09-30 00:00:00-04:00,26.329999923706055,26.33989906311035,26.239999771118164,26.26449966430664,12026,0.0,0.0,0.0
2021-10-01 00:00:00-04:00,26.233299255371094,26.30970001220703,26.18400001525879,26.297800064086914,8435,0.0,0.0,0.0
2021-10-04 00:00:00-04:00,26.22010040283203,26.289899826049805,26.201000213623047,26.233999252319336,1651,0.0,0.0,0.0
2021-10-05 00:00:00-04:00,26.290000915527344,26.349899291992188,26.270000457763672,26.299800872802734,11179,0.0,0.0,0.0
2021-10-06 00:00:00-04:00,26.299999237060547,26.34000015258789,26.240100860595703,26.315000534057617,7058,0.0,0.0,0.0
2021-10-07 00:00:00-04:00,26.364999771118164,26.398700714111328,26.31999969482422,26.350000381469727,10435,0.0,0.0,0.0
2021-10-08 00:00:00-04:00,26.3218994140625,26.389999389648438,26.320100784301758,26.353500366210938,13192,0.0,0.0,0.0
2021-10-11 00:00:00-04:00,26.3700008392334,26.389999389648438,26.31999969482422,26.344999313354492,10158,0.0,0.0,0.0
2021-10-12 00:00:00-04:00,26.350000381469727,26.389999389648438,26.31100082397461,26.34429931640625,8872,0.0,0.0,0.0
2021-10-13 00:00:00-04:00,26.3700008392334,26.3700008392334,26.290000915527344,26.34480094909668,4462,0.0,0.0,0.0
2021-10-14 00:00:00-04:00,26.43000030517578,26.440000534057617,26.3700008392334,26.405000686645508,9890,0.0,0.0,0.0
2021-10-15 00:00:00-04:00,26.479999542236328,26.5,26.42140007019043,26.464399337768555,11723,0.0,0.0,0.0
2021-10-18 00:00:00-04:00,26.454999923706055,26.479999542236328,26.42009925842285,26.473600387573242,5751,0.0,0.0,0.0
2021-10-19 00:00:00-04:00,26.48900032043457,26.489999771118164,26.43000030517578,26.459999084472656,8253,0.0,0.0,0.0
2021-10-20 00:00:00-04:00,26.4950008392334,26.520000457763672,26.459999084472656,26.4950008392334,9660,0.0,0.0,0.0
2021-10-21 00:00:00-04:00,26.459999084472656,26.530000686645508,26.459999084472656,26.47319984436035,8930,0.0,0.0,0.0
2021-10-22 00:00:00-04:00,26.475000381469727,26.510000228881836,26.440000534057617,26.469999313354492,9224,0.0,0.0,0.0
2021-10-25 00:00:00-04:00,26.5,26.520000457763672,26.450000762939453,26.479700088500977,3230,0.0,0.0,0.0
2021-10-26 00:00:00-04:00,26.479999542236328,26.520000457763672,26.440099716186523,26.47920036315918,19798,0.0,0.0,0.0
2021-10-27 00:00:00-04:00,26.485000610351562,26.520000457763672,26.450000762939453,26.47480010986328,11118,0.0,0.0,0.0
2021-10-28 00:00:00-04:00,26.520000457763672,26.539199829101562,26.469100952148438,26.5049991607666,4187,0.0,0.0,0.0
2021-10-29 00:00:00-04:00,26.510000228881836,26.52989959716797,26.479999542236328,26.49449920654297,6620,0.0,0.0,0.0
2021-11-01 00:00:00-04:00,26.460100173950195,26.4950008392334,26.459999084472656,26.49340057373047,3043,0.0,0.0,0.0
2021-11-02 00:00:00-04:00,26.490800857543945,26.559600830078125,26.490100860595703,26.524799346923828,2630,0.0,0.0,0.0
2021-11-03 00:00:00-04:00,26.514999389648438,26.549999237060547,26.480100631713867,26.52899932861328,5782,0.0,0.0,0.0
2021-11-04 00:00:00-04:00,26.545000076293945,26.57990074157715,26.5,26.539100646972656,9144,0.0,0.0,0.0
2021-11-05 00:00:00-04:00,26.530000686645508,26.56999969482422,26.500099182128906,26.533100128173828,6545,0.0,0.0,0.0
2021-11-08 00:00:00-05:00,26.5,26.559999465942383,26.490699768066406,26.550800323486328,7869,0.0,0.0,0.0
2021-11-09 00:00:00-05:00,26.524999618530273,26.559900283813477,26.489999771118164,26.524999618530273,10277,0.0,0.0,0.0
2021-11-10 00:00:00-05:00,26.5,26.56999969482422,26.479999542236328,26.524999618530273,27457,0.0,0.0,0.0
2021-11-11 00:00:00-05:00,26.514999389648438,26.559999465942383,26.481000900268555,26.520000457763672,9100,0.0,0.0,0.0
2021-11-12 00:00:00-05:00,26.540000915527344,26.579999923706055,26.510000228881836,26.545000076293945,9241,0.0,0.0,0.0
2021-11-15 00:00:00-05:00,26.589000701904297,26.59000015258789,26.519899368286133,26.56999969482422,8783,0.0,0.0,0.0
2021-11-16 00:00:00-05:00,26.57990074157715,26.579999923706055,26.520099639892578,26.549999237060547,7582,0.0,0.0,0.0
2021-11-17 00:00:00-05:00,26.579999923706055,26.600000381469727,26.530099868774414,26.565000534057617,8507,0.0,0.0,0.0
2021-11-18 00:00:00-05:00,26.540000915527344,26.579999923706055,26.511600494384766,26.545000076293945,14718,0.0,0.0,0.0
2021-11-19 00:00:00-05:00,26.510099411010742,26.579999923706055,26.510000228881836,26.545000076293945,11716,0.0,0.0,0.0
2021-11-22 00:00:00-05:00,26.51099967956543,26.579999923706055,26.510000228881836,26.51609992980957,10759,0.0,0.0,0.0
2021-11-23 00:00:00-05:00,26.53499984741211,26.56999969482422,26.5,26.540000915527344,6558,0.0,0.0,0.0
2021-11-24 00:00:00-05:00,26.5231990814209,26.579999923706055,26.5,26.545000076293945,14901,0.0,0.0,0.0
2021-11-26 00:00:00-05:00,26.471500396728516,26.610000610351562,26.469999313354492,26.469999313354492,3792,0.0,0.0,0.0
2021-11-29 00:00:00-05:00,26.510000228881836,26.569900512695312,26.5,26.53499984741211,7970,0.0,0.0,0.0
2021-11-30 00:00:00-05:00,26.47010040283203,26.539899826049805,26.440000534057617,26.484800338745117,7940,0.0,0.0,0.0
2021-12-01 00:00:00-05:00,26.469999313354492,26.548999786376953,26.440000534057617,26.46500015258789,14534,0.0,0.0,0.0
2021-12-02 00:00:00-05:00,26.489999771118164,26.510000228881836,26.440099716186523,26.483299255371094,9175,0.0,0.0,0.0
2021-12-03 00:00:00-05:00,26.539899826049805,26.539899826049805,26.410999298095703,26.462900161743164,16254,0.0,0.0,0.0
2021-12-06 00:00:00-05:00,26.485000610351562,26.520000457763672,26.450000762939453,26.4950008392334,8731,0.0,0.0,0.0
2021-12-07 00:00:00-05:00,26.489999771118164,26.559999465942383,26.489999771118164,26.520000457763672,7421,0.0,0.0,0.0
2021-12-08 00:00:00-05:00,26.729999542236328,26.729999542236328,26.510099411010742,26.58099937438965,17421,0.0,0.0,0.0
2021-12-09 00:00:00-05:00,26.545000076293945,26.57990074157715,26.51099967956543,26.545000076293945,11680,0.0,0.0,0.0
2021-12-10 00:00:00-05:00,26.59000015258789,26.59000015258789,26.510000228881836,26.549999237060547,17684,0.0,0.0,0.0
2021-12-13 00:00:00-05:00,26.57990074157715,26.579999923706055,26.510000228881836,26.545000076293945,9637,0.0,0.0,0.0
2021-12-14 00:00:00-05:00,26.565000534057617,26.600000381469727,26.546899795532227,26.565000534057617,11818,0.0,0.0,0.0
2021-12-15 00:00:00-05:00,26.565000534057617,26.599899291992188,26.479999542236328,26.545000076293945,12248,0.0,0.0,0.0
2021-12-16 00:00:00-05:00,26.559999465942383,26.619300842285156,26.559999465942383,26.594999313354492,5885,0.0,0.0,0.0
2021-12-17 00:00:00-05:00,26.530099868774414,26.600000381469727,26.530000686645508,26.565000534057617,8538,0.0,0.0,0.0
2021-12-20 00:00:00-05:00,26.6299991607666,26.649900436401367,26.58009910583496,26.6200008392334,25846,0.0,0.0,0.0
2021-12-21 00:00:00-05:00,26.530000686645508,26.609899520874023,26.530000686645508,26.56999969482422,151080,0.0,0.0,0.0
2021-12-22 00:00:00-05:00,26.540000915527344,26.609899520874023,26.540000915527344,26.540000915527344,9540,0.0,0.0,0.0
2021-12-23 00:00:00-05:00,26.579999923706055,26.618999481201172,26.549999237060547,26.584999084472656,422794,0.0,0.0,0.0
2021-12-27 00:00:00-05:00,26.579999923706055,26.610000610351562,26.541000366210938,26.594999313354492,11047,0.0,0.0,0.0
2021-12-28 00:00:00-05:00,26.6200008392334,26.6200008392334,26.540000915527344,26.584999084472656,62808,0.0,0.0,0.0
2021-12-29 00:00:00-05:00,26.6200008392334,26.6200008392334,26.540000915527344,26.598100662231445,95728,0.0,0.0,0.0
2021-12-30 00:00:00-05:00,26.610000610351562,26.6200008392334,26.540000915527344,26.584999084472656,131981,0.0,0.0,0.0
2021-12-31 00:00:00-05:00,26.639999389648438,26.68000030517578,26.549999237060547,26.610000610351562,85641,0.0,0.0,0.0
2022-01-03 00:00:00-05:00,26.540000915527344,26.759000778198242,26.540000915527344,26.719999313354492,122353,0.0,0.0,0.0
2022-01-04 00:00:00-05:00,26.6200008392334,26.69930076599121,26.56999969482422,26.605100631713867,107170,0.0,0.0,0.0
2022-01-05 00:00:00-05:00,26.649999618530273,26.649999618530273,26.42009925842285,26.42770004272461,41164,0.0,0.0,0.0
2022-01-06 00:00:00-05:00,26.43000030517578,26.489900588989258,26.350000381469727,26.39859962463379,23857,0.0,0.0,0.0
2022-01-07 00:00:00-05:00,26.40999984741211,26.450000762939453,26.325000762939453,26.409400939941406,19480,0.0,0.0,0.0
2022-01-10 00:00:00-05:00,26.325000762939453,26.329999923706055,26.150100708007812,26.320199966430664,26028,0.0,0.0,0.0
2022-01-11 00:00:00-05:00,26.399999618530273,26.549999237060547,26.315000534057617,26.47920036315918,43063,0.0,0.0,0.0
2022-01-12 00:00:00-05:00,26.549999237060547,26.549999237060547,26.469999313354492,26.53849983215332,49506,0.0,0.0,0.0
2022-01-13 00:00:00-05:00,26.579999923706055,26.579999923706055,26.36009979248047,26.370100021362305,35315,0.0,0.0,0.0
2022-01-14 00:00:00-05:00,26.34000015258789,26.40999984741211,26.290000915527344,26.40489959716797,31304,0.0,0.0,0.0
2022-01-18 00:00:00-05:00,26.350000381469727,26.350000381469727,26.18000030517578,26.18000030517578,62136,0.0,0.0,0.0
2022-01-19 00:00:00-05:00,26.239999771118164,26.239999771118164,26.059999465942383,26.059999465942383,38459,0.0,0.0,0.0
2022-01-20 00:00:00-05:00,26.200000762939453,26.290000915527344,26.010000228881836,26.020000457763672,117820,0.0,0.0,0.0
2022-01-21 00:00:00-05:00,25.889999389648438,26.020000457763672,25.79010009765625,25.799999237060547,30832,0.0,0.0,0.0
2022-01-24 00:00:00-05:00,25.6200008392334,25.760000228881836,25.31999969482422,25.700000762939453,147652,0.0,0.0,0.0
2022-01-25 00:00:00-05:00,25.584999084472656,25.780000686645508,25.479999542236328,25.6200008392334,33596,0.0,0.0,0.0
2022-01-26 00:00:00-05:00,25.829999923706055,25.90999984741211,25.540000915527344,25.600000381469727,67635,0.0,0.0,0.0
2022-01-27 00:00:00-05:00,25.899999618530273,25.899999618530273,25.530000686645508,25.639999389648438,27949,0.0,0.0,0.0
2022-01-28 00:00:00-05:00,25.479999542236328,25.83989906311035,25.46500015258789,25.799999237060547,74262,0.0,0.0,0.0
2022-01-31 00:00:00-05:00,25.829999923706055,26.079999923706055,25.829999923706055,26.079999923706055,43593,0.0,0.0,0.0
2022-02-01 00:00:00-05:00,26.09000015258789,26.34000015258789,26.030000686645508,26.200000762939453,83286,0.0,0.0,0.0
2022-02-02 00:00:00-05:00,26.249900817871094,26.299999237060547,26.15999984741211,26.299999237060547,13105,0.0,0.0,0.0
2022-02-03 00:00:00-05:00,26.155000686645508,26.18000030517578,25.959999084472656,25.959999084472656,41465,0.0,0.0,0.0
2022-02-04 00:00:00-05:00,26.06999969482422,26.1200008392334,25.90999984741211,26.014799118041992,89220,0.0,0.0,0.0
2022-02-07 00:00:00-05:00,26.079999923706055,26.08989906311035,25.940000534057617,25.940000534057617,35063,0.0,0.0,0.0
2022-02-08 00:00:00-05:00,26.030000686645508,26.1299991607666,25.900100708007812,26.1200008392334,28156,0.0,0.0,0.0
2022-02-09 00:00:00-05:00,26.229999542236328,26.269500732421875,26.16010093688965,26.190000534057617,18743,0.0,0.0,0.0
2022-02-10 00:00:00-05:00,26.139999389648438,26.25,26.0408992767334,26.060400009155273,18118,0.0,0.0,0.0
2022-02-11 00:00:00-05:00,26.100000381469727,26.110000610351562,25.770000457763672,25.770000457763672,13316,0.0,0.0,0.0
2022-02-14 00:00:00-05:00,26.020000457763672,26.020000457763672,25.719999313354492,25.760000228881836,28909,0.0,0.0,0.0
2022-02-15 00:00:00-05:00,26.0,26.020000457763672,25.890100479125977,25.959999084472656,60885,0.0,0.0,0.0
2022-02-16 00:00:00-05:00,25.940000534057617,26.049999237060547,25.8700008392334,25.950000762939453,21215,0.0,0.0,0.0
2022-02-17 00:00:00-05:00,25.969999313354492,25.969999313354492,25.709999084472656,25.709999084472656,36064,0.0,0.0,0.0
2022-02-18 00:00:00-05:00,25.709999084472656,25.790000915527344,25.64109992980957,25.674999237060547,27817,0.0,0.0,0.0
2022-02-22 00:00:00-05:00,25.739999771118164,25.739999771118164,25.461299896240234,25.520000457763672,55527,0.0,0.0,0.0
2022-02-23 00:00:00-05:00,25.579999923706055,25.609899520874023,25.360000610351562,25.3700008392334,65111,0.0,0.0,0.0
2022-02-24 00:00:00-05:00,25.149999618530273,25.532699584960938,25.1299991607666,25.520000457763672,27645,0.0,0.0,0.0
2022-02-25 00:00:00-05:00,25.6200008392334,25.799999237060547,25.530000686645508,25.75,41349,0.0,0.0,0.0
2022-02-28 00:00:00-05:00,25.71500015258789,25.790000915527344,25.63010025024414,25.790000915527344,36751,0.0,0.0,0.0
2022-03-01 00:00:00-05:00,25.770000457763672,25.81999969482422,25.50079917907715,25.58139991760254,12306,0.0,0.0,0.0
2022-03-02 00:00:00-05:00,25.700000762939453,25.84000015258789,25.560100555419922,25.729999542236328,26526,0.0,0.0,0.0
2022-03-03 00:00:00-05:00,25.8799991607666,25.8799991607666,25.610000610351562,25.610000610351562,20878,0.0,0.0,0.0
2022-03-04 00:00:00-05:00,25.700000762939453,25.700000762939453,25.5,25.609899520874023,16513,0.0,0.0,0.0
2022-03-07 00:00:00-05:00,25.475000381469727,25.510000228881836,25.260000228881836,25.260000228881836,13504,0.0,0.0,0.0
2022-03-08 00:00:00-05:00,25.229999542236328,25.510000228881836,25.20009994506836,25.2549991607666,108455,0.0,0.0,0.0
2022-03-09 00:00:00-05:00,25.399999618530273,25.549999237060547,25.389999389648438,25.487499237060547,15269,0.0,0.0,0.0
2022-03-10 00:00:00-05:00,25.350000381469727,25.489999771118164,25.250099182128906,25.469999313354492,39012,0.0,0.0,0.0
2022-03-11 00:00:00-05:00,25.600000381469727,25.600000381469727,25.25,25.25,20913,0.0,0.0,0.0
2022-03-14 00:00:00-04:00,25.3700008392334,25.420000076293945,25.209999084472656,25.209999084472656,29860,0.0,0.0,0.0
2022-03-15 00:00:00-04:00,25.450000762939453,25.469999313354492,25.250099182128906,25.44969940185547,24470,0.0,0.0,0.0
2022-03-16 00:00:00-04:00,25.600000381469727,25.65999984741211,25.46500015258789,25.64579963684082,47619,0.0,0.0,0.0
2022-03-17 00:00:00-04:00,25.68000030517578,25.8700008392334,25.63010025024414,25.8700008392334,16211,0.0,0.0,0.0
2022-03-18 00:00:00-04:00,25.969999313354492,25.9950008392334,25.75,25.982900619506836,48069,0.0,0.0,0.0
2022-03-21 00:00:00-04:00,25.97610092163086,26.030000686645508,25.84000015258789,25.952999114990234,20368,0.0,0.0,0.0
2022-03-22 00:00:00-04:00,25.940000534057617,26.1299991607666,25.940000534057617,26.085899353027344,52546,0.0,0.0,0.0
2022-03-23 00:00:00-04:00,26.059999465942383,26.084999084472656,25.9601993560791,25.9601993560791,38009,0.0,0.0,0.0
2022-03-24 00:00:00-04:00,26.010000228881836,26.100000381469727,25.95009994506836,26.059999465942383,45360,0.0,0.0,0.0
2022-03-25 00:00:00-04:00,26.15999984741211,26.229999542236328,26.08009910583496,26.200000762939453,43933,0.0,0.0,0.0
2022-03-28 00:00:00-04:00,26.06999969482422,26.209999084472656,26.06999969482422,26.208200454711914,10442,0.0,0.0,0.0
2022-03-29 00:00:00-04:00,26.270000457763672,26.350000381469727,26.239999771118164,26.299999237060547,29602,0.0,0.0,0.0
2022-03-30 00:00:00-04:00,26.290000915527344,26.290000915527344,26.160999298095703,26.260000228881836,64355,0.0,0.0,0.0
2022-03-31 00:00:00-04:00,26.200000762939453,26.270000457763672,26.1200008392334,26.1200008392334,41976,0.0,0.0,0.0
2022-04-01 00:00:00-04:00,26.15999984741211,26.15999984741211,26.0,26.154300689697266,34575,0.0,0.0,0.0
2022-04-04 00:00:00-04:00,26.200000762939453,26.25,26.1299991607666,26.25,17914,0.0,0.0,0.0
2022-04-05 00:00:00-04:00,26.200000762939453,26.260000228881836,26.140100479125977,26.149999618530273,31966,0.0,0.0,0.0
2022-04-06 00:00:00-04:00,26.010000228881836,26.079999923706055,25.92009925842285,26.0,39079,0.0,0.0,0.0
2022-04-07 00:00:00-04:00,26.0,26.100000381469727,25.940099716186523,26.020000457763672,23108,0.0,0.0,0.0
2022-04-08 00:00:00-04:00,25.990100860595703,26.1200008392334,25.990100860595703,26.059999465942383,51164,0.0,0.0,0.0
2022-04-11 00:00:00-04:00,26.020000457763672,26.020000457763672,25.829999923706055,25.829999923706055,14563,0.0,0.0,0.0
2022-04-12 00:00:00-04:00,25.92020034790039,25.989999771118164,25.740100860595703,25.813400268554688,19142,0.0,0.0,0.0
2022-04-13 00:00:00-04:00,25.796499252319336,26.0,25.79010009765625,25.94969940185547,23613,0.0,0.0,0.0
2022-04-14 00:00:00-04:00,25.900100708007812,25.959999084472656,25.790000915527344,25.790000915527344,34654,0.0,0.0,0.0
2022-04-18 00:00:00-04:00,25.719999313354492,25.889999389648438,25.719999313354492,25.799999237060547,17327,0.0,0.0,0.0
2022-04-19 00:00:00-04:00,25.969999313354492,26.0,25.889999389648438,25.974199295043945,22267,0.0,0.0,0.0
2022-04-20 00:00:00-04:00,26.09000015258789,26.09000015258789,25.976999282836914,26.040000915527344,27399,0.0,0.0,0.0
2022-04-21 00:00:00-04:00,26.139999389648438,26.139999389648438,25.850000381469727,25.850000381469727,22864,0.0,0.0,0.0
2022-04-22 00:00:00-04:00,25.729999542236328,25.760000228881836,25.526100158691406,25.526100158691406,10063,0.0,0.0,0.0
2022-04-25 00:00:00-04:00,25.489999771118164,25.575000762939453,25.290000915527344,25.575000762939453,70298,0.0,0.0,0.0
2022-04-26 00:00:00-04:00,25.520000457763672,25.520000457763672,25.229999542236328,25.229999542236328,24619,0.0,0.0,0.0
2022-04-27 00:00:00-04:00,25.309999465942383,25.459999084472656,25.260000228881836,25.280000686645508,34776,0.0,0.0,0.0
2022-04-28 00:00:00-04:00,25.300100326538086,25.639999389648438,25.300100326538086,25.580900192260742,32885,0.0,0.0,0.0
2022-04-29 00:00:00-04:00,25.420000076293945,25.520000457763672,25.19499969482422,25.219999313354492,36947,0.0,0.0,0.0
2022-05-02 00:00:00-04:00,25.19029998779297,25.280000686645508,24.979999542236328,25.190000534057617,41966,0.0,0.0,0.0
2022-05-03 00:00:00-04:00,25.31999969482422,25.40999984741211,25.260000228881836,25.360000610351562,53071,0.0,0.0,0.0
2022-05-04 00:00:00-04:00,25.329999923706055,25.600000381469727,25.280000686645508,25.56999969482422,44059,0.0,0.0,0.0
2022-05-05 00:00:00-04:00,25.53499984741211,25.540000915527344,25.1200008392334,25.190000534057617,40892,0.0,0.0,0.0
2022-05-06 00:00:00-04:00,25.110000610351562,25.290000915527344,25.059999465942383,25.139999389648438,57364,0.0,0.0,0.0
2022-05-09 00:00:00-04:00,25.0,25.040000915527344,24.780099868774414,24.829999923706055,47571,0.0,0.0,0.0
2022-05-10 00:00:00-04:00,24.969999313354492,24.989999771118164,24.770099639892578,24.902599334716797,22614,0.0,0.0,0.0
2022-05-11 00:00:00-04:00,24.920000076293945,25.059999465942383,24.709999084472656,24.709999084472656,22155,0.0,0.0,0.0
2022-05-12 00:00:00-04:00,24.709999084472656,24.8700008392334,24.540000915527344,24.719999313354492,30208,0.0,0.0,0.0
2022-05-13 00:00:00-04:00,24.959999084472656,25.11989974975586,24.940000534057617,24.989999771118164,2133650,0.0,0.0,0.0
2022-05-16 00:00:00-04:00,24.95009994506836,25.13990020751953,24.95009994506836,24.959999084472656,26983,0.0,0.0,0.0
2022-05-17 00:00:00-04:00,25.209999084472656,25.289899826049805,25.079999923706055,25.209999084472656,34693,0.0,0.0,0.0
2022-05-18 00:00:00-04:00,25.030000686645508,25.030000686645508,24.75,24.799999237060547,40188,0.0,0.0,0.0
2022-05-19 00:00:00-04:00,24.700000762939453,24.86989974975586,24.690000534057617,24.719999313354492,25382,0.0,0.0,0.0
2022-05-20 00:00:00-04:00,24.81999969482422,24.950000762939453,24.510000228881836,24.75,22893,0.0,0.0,0.0
2022-05-23 00:00:00-04:00,24.854999542236328,25.010000228881836,24.854999542236328,24.920000076293945,53384,0.0,0.0,0.0
2022-05-24 00:00:00-04:00,24.889999389648438,24.969999313354492,24.739999771118164,24.940000534057617,34739,0.0,0.0,0.0
2022-05-25 00:00:00-04:00,24.809999465942383,25.049999237060547,24.809999465942383,25.0049991607666,5660,0.0,0.0,0.0
2022-05-26 00:00:00-04:00,24.979999542236328,25.270000457763672,24.979999542236328,25.170000076293945,12929,0.0,0.0,0.0
2022-05-27 00:00:00-04:00,25.389999389648438,25.459999084472656,25.309999465942383,25.42289924621582,20714,0.0,0.0,0.0
2022-05-31 00:00:00-04:00,25.318500518798828,25.51799964904785,25.318500518798828,25.360000610351562,22885,0.0,0.0,0.0
2022-06-01 00:00:00-04:00,25.366500854492188,25.399999618530273,25.21430015563965,25.260000228881836,17083,0.0,0.0,0.0
2022-06-02 00:00:00-04:00,25.3700008392334,25.489999771118164,25.310100555419922,25.46500015258789,5185,0.0,0.0,0.0
2022-06-03 00:00:00-04:00,25.43000030517578,25.43000030517578,25.250099182128906,25.280000686645508,8123,0.0,0.0,0.0
2022-06-06 00:00:00-04:00,25.489999771118164,25.489999771118164,25.290000915527344,25.359399795532227,8679,0.0,0.0,0.0
2022-06-07 00:00:00-04:00,25.399999618530273,25.5,25.270000457763672,25.459699630737305,9104,0.0,0.0,0.0
2022-06-08 00:00:00-04:00,25.360000610351562,25.469999313354492,25.310100555419922,25.354999542236328,8005,0.0,0.0,0.0
2022-06-09 00:00:00-04:00,25.3700008392334,25.510000228881836,25.09000015258789,25.09000015258789,69033,0.0,0.0,0.0
2022-06-10 00:00:00-04:00,24.920000076293945,24.969999313354492,24.820100784301758,24.899999618530273,11965,0.0,0.0,0.0
2022-06-13 00:00:00-04:00,24.479900360107422,24.52989959716797,24.40999984741211,24.429500579833984,4777,0.0,0.0,0.0
2022-06-14 00:00:00-04:00,24.530000686645508,24.530000686645508,24.340099334716797,24.3799991607666,86858,0.0,0.0,0.0
2022-06-15 00:00:00-04:00,24.500099182128906,24.670000076293945,24.479999542236328,24.559999465942383,14193,0.0,0.0,0.0
2022-06-16 00:00:00-04:00,24.329999923706055,24.329999923706055,24.08009910583496,24.1299991607666,51695,0.0,0.0,0.0
2022-06-17 00:00:00-04:00,24.309999465942383,24.344999313354492,24.17009925842285,24.239999771118164,10577,0.0,0.0,0.0
2022-06-21 00:00:00-04:00,24.54010009765625,24.639999389648438,24.5,24.540000915527344,8837,0.0,0.0,0.0
2022-06-22 00:00:00-04:00,24.3700008392334,24.649900436401367,24.3700008392334,24.520000457763672,55392,0.0,0.0,0.0
2022-06-23 00:00:00-04:00,24.54010009765625,24.709999084472656,24.540000915527344,24.709999084472656,6941,0.0,0.0,0.0
2022-06-24 00:00:00-04:00,24.75,24.949899673461914,24.75,24.899999618530273,7313,0.0,0.0,0.0
2022-06-27 00:00:00-04:00,24.940000534057617,24.969999313354492,24.889999389648438,24.889999389648438,3779,0.0,0.0,0.0
2022-06-28 00:00:00-04:00,25.0,25.0492000579834,24.760000228881836,24.760000228881836,9681,0.0,0.0,0.0
2022-06-29 00:00:00-04:00,24.790000915527344,24.819900512695312,24.708200454711914,24.709999084472656,5262,0.0,0.0,0.0
2022-06-30 00:00:00-04:00,24.565000534057617,24.728099822998047,24.565000534057617,24.610000610351562,18255,0.0,0.0,0.0
2022-07-01 00:00:00-04:00,24.65999984741211,24.82990074157715,24.513999938964844,24.739999771118164,7945,0.0,0.0,0.0
2022-07-05 00:00:00-04:00,24.540000915527344,24.83989906311035,24.530000686645508,24.795299530029297,3338,0.0,0.0,0.0
2022-07-06 00:00:00-04:00,24.760000228881836,24.9335994720459,24.729999542236328,24.841100692749023,3643,0.0,0.0,0.0
2022-07-07 00:00:00-04:00,24.979900360107422,24.979999542236328,24.8799991607666,24.96769905090332,3653,0.0,0.0,0.0
2022-07-08 00:00:00-04:00,24.969999313354492,25.069900512695312,24.93000030517578,25.003299713134766,4552,0.0,0.0,0.0
2022-07-11 00:00:00-04:00,24.90999984741211,24.959999084472656,24.84000015258789,24.8700008392334,28841,0.0,0.0,0.0
2022-07-12 00:00:00-04:00,24.891599655151367,24.939899444580078,24.790000915527344,24.80929946899414,17883,0.0,0.0,0.0
2022-07-13 00:00:00-04:00,24.83839988708496,24.83839988708496,24.77869987487793,24.77869987487793,2214,0.0,0.0,0.0
2022-07-14 00:00:00-04:00,24.500099182128906,24.77899932861328,24.500099182128906,24.702999114990234,15072,0.0,0.0,0.0
2022-07-15 00:00:00-04:00,24.864999771118164,24.950000762939453,24.860000610351562,24.933700561523438,7814,0.0,0.0,0.0
2022-07-18 00:00:00-04:00,25.040000915527344,25.040000915527344,24.850000381469727,24.852100372314453,5692,0.0,0.0,0.0
2022-07-19 00:00:00-04:00,24.969999313354492,25.1200008392334,24.969999313354492,25.1200008392334,1014579,0.0,0.0,0.0
2022-07-20 00:00:00-04:00,25.080400466918945,25.16990089416504,25.0757999420166,25.145000457763672,1139,0.0,0.0,0.0
2022-07-21 00:00:00-04:00,24.990100860595703,25.239999771118164,24.990100860595703,25.239999771118164,4454,0.0,0.0,0.0
2022-07-22 00:00:00-04:00,25.170000076293945,25.170000076293945,25.161300659179688,25.161300659179688,1996,0.0,0.0,0.0
2022-07-25 00:00:00-04:00,25.18000030517578,25.259899139404297,25.110000610351562,25.144500732421875,4196,0.0,0.0,0.0
2022-07-26 00:00:00-04:00,25.20989990234375,25.20989990234375,25.059999465942383,25.0856990814209,3964,0.0,0.0,0.0
2022-07-27 00:00:00-04:00,25.299999237060547,25.35810089111328,25.299999237060547,25.35810089111328,637,0.0,0.0,0.0
2022-07-28 00:00:00-04:00,25.360000610351562,25.450000762939453,25.360000610351562,25.405000686645508,985,0.0,0.0,0.0
2022-07-29 00:00:00-04:00,25.565000534057617,25.56999969482422,25.508699417114258,25.508699417114258,682,0.0,0.0,0.0
2022-08-01 00:00:00-04:00,25.3799991607666,25.56999969482422,25.3799991607666,25.515100479125977,3284,0.0,0.0,0.0
2022-08-02 00:00:00-04:00,25.3799991607666,25.5,25.3799991607666,25.478500366210938,581,0.0,0.0,0.0
2022-08-03 00:00:00-04:00,25.56999969482422,25.593299865722656,25.530000686645508,25.593299865722656,4328,0.0,0.0,0.0
2022-08-04 00:00:00-04:00,25.489999771118164,25.670000076293945,25.489999771118164,25.599899291992188,24799,0.0,0.0,0.0
2022-08-05 00:00:00-04:00,25.440099716186523,25.606000900268555,25.440099716186523,25.575000762939453,370,0.0,0.0,0.0
2022-08-08 00:00:00-04:00,25.56999969482422,25.56999969482422,25.469999313354492,25.565000534057617,1199,0.0,0.0,0.0
2022-08-09 00:00:00-04:00,25.489999771118164,25.610000610351562,25.459999084472656,25.58639907836914,598,0.0,0.0,0.0
2022-08-10 00:00:00-04:00,25.637500762939453,25.709999084472656,25.637500762939453,25.709999084472656,1339,0.0,0.0,0.0
2022-08-11 00:00:00-04:00,25.850000381469727,25.859699249267578,25.700000762939453,25.700000762939453,13989,0.0,0.0,0.0
2022-08-12 00:00:00-04:00,25.790000915527344,25.834999084472656,25.790000915527344,25.834999084472656,1614,0.0,0.0,0.0
2022-08-15 00:00:00-04:00,25.844999313354492,25.844999313354492,25.790000915527344,25.80500030517578,4282,0.0,0.0,0.0
2022-08-16 00:00:00-04:00,25.829999923706055,25.884700775146484,25.829999923706055,25.884700775146484,2126,0.0,0.0,0.0
2022-08-17 00:00:00-04:00,25.72170066833496,25.88990020751953,25.72170066833496,25.81999969482422,911,0.0,0.0,0.0
2022-08-18 00:00:00-04:00,25.82900047302246,25.82900047302246,25.81999969482422,25.82110023498535,1182,0.0,0.0,0.0
2022-08-19 00:00:00-04:00,25.790000915527344,25.790000915527344,25.739900588989258,25.739900588989258,455,0.0,0.0,0.0
2022-08-22 00:00:00-04:00,25.6200008392334,25.6200008392334,25.56999969482422,25.56999969482422,477,0.0,0.0,0.0
2022-08-23 00:00:00-04:00,25.6299991607666,25.639999389648438,25.56999969482422,25.56999969482422,602,0.0,0.0,0.0
2022-08-24 00:00:00-04:00,25.644500732421875,25.65999984741211,25.530000686645508,25.609500885009766,8467,0.0,0.0,0.0
2022-08-25 00:00:00-04:00,25.709999084472656,25.72330093383789,25.69569969177246,25.69569969177246,572,0.0,0.0,0.0
2022-08-26 00:00:00-04:00,25.684999465942383,25.700000762939453,25.46470069885254,25.46470069885254,2000,0.0,0.0,0.0
2022-08-29 00:00:00-04:00,25.329999923706055,25.459999084472656,25.329999923706055,25.452299118041992,4185,0.0,0.0,0.0
2022-08-30 00:00:00-04:00,25.344900131225586,25.354799270629883,25.290000915527344,25.333900451660156,535,0.0,0.0,0.0
2022-08-31 00:00:00-04:00,25.29010009765625,25.34000015258789,25.224000930786133,25.328100204467773,4030,0.0,0.0,0.0
2022-09-01 00:00:00-04:00,25.27989959716797,25.280000686645508,25.209999084472656,25.270000457763672,4386,0.0,0.0,0.0
2022-09-02 00:00:00-04:00,25.3700008392334,25.3700008392334,25.27589988708496,25.27589988708496,184,0.0,0.0,0.0
2022-09-06 00:00:00-04:00,25.219999313354492,25.280000686645508,25.219999313354492,25.257999420166016,1104,0.0,0.0,0.0
2022-09-07 00:00:00-04:00,25.290000915527344,25.425800323486328,25.290000915527344,25.425800323486328,1001,0.0,0.0,0.0
2022-09-08 00:00:00-04:00,25.479999542236328,25.530000686645508,25.399999618530273,25.475000381469727,1807,0.0,0.0,0.0
2022-09-09 00:00:00-04:00,25.56529998779297,25.635000228881836,25.56529998779297,25.635000228881836,1822,0.0,0.0,0.0
2022-09-12 00:00:00-04:00,25.550100326538086,25.76129913330078,25.550100326538086,25.635000228881836,5944,0.0,0.0,0.0
2022-09-13 00:00:00-04:00,25.399999618530273,25.399999618530273,25.34000015258789,25.34000015258789,928,0.0,0.0,0.0
2022-09-14 00:00:00-04:00,25.399900436401367,25.399900436401367,25.299999237060547,25.3439998626709,3924,0.0,0.0,0.0
2022-09-15 00:00:00-04:00,25.309999465942383,25.40999984741211,25.270000457763672,25.31999969482422,7096,0.0,0.0,0.0
2022-09-16 00:00:00-04:00,25.17930030822754,25.200199127197266,25.100400924682617,25.200199127197266,10942,0.0,0.0,0.0
2022-09-19 00:00:00-04:00,25.25,25.299999237060547,25.217899322509766,25.29010009765625,1055,0.0,0.0,0.0
2022-09-20 00:00:00-04:00,25.171499252319336,25.171499252319336,25.171499252319336,25.171499252319336,116,0.0,0.0,0.0
2022-09-21 00:00:00-04:00,25.133699417114258,25.209999084472656,25.133699417114258,25.133699417114258,109,0.0,0.0,0.0
2022-09-22 00:00:00-04:00,24.950000762939453,25.02199935913086,24.950000762939453,24.97410011291504,2303,0.0,0.0,0.0
2022-09-23 00:00:00-04:00,24.760000228881836,24.765199661254883,24.700000762939453,24.765199661254883,36348,0.0,0.0,0.0
2022-09-26 00:00:00-04:00,24.690000534057617,24.695199966430664,24.690000534057617,24.695199966430664,100,0.0,0.0,0.0
2022-09-27 00:00:00-04:00,24.760000228881836,24.760000228881836,24.559999465942383,24.623300552368164,3337,0.0,0.0,0.0
2022-09-28 00:00:00-04:00,24.719999313354492,24.920000076293945,24.71980094909668,24.920000076293945,3638,0.0,0.0,0.0
2022-09-29 00:00:00-04:00,24.610000610351562,24.624500274658203,24.60110092163086,24.60110092163086,573,0.0,0.0,0.0
2022-09-30 00:00:00-04:00,24.670000076293945,24.670000076293945,24.513900756835938,24.513900756835938,4112,0.0,0.0,0.0
2022-10-03 00:00:00-04:00,24.670000076293945,24.899999618530273,24.670000076293945,24.88610076904297,56284,0.0,0.0,0.0
2022-10-04 00:00:00-04:00,25.145000457763672,25.18000030517578,25.103099822998047,25.10420036315918,5615,0.0,0.0,0.0
2022-10-05 00:00:00-04:00,25.030000686645508,25.143999099731445,25.030000686645508,25.143999099731445,574,0.0,0.0,0.0
2022-10-06 00:00:00-04:00,25.035999298095703,25.059999465942383,25.035999298095703,25.059499740600586,1467,0.0,0.0,0.0
2022-10-07 00:00:00-04:00,24.75,24.75,24.68000030517578,24.690399169921875,715,0.0,0.0,0.0
2022-10-10 00:00:00-04:00,24.579999923706055,24.610000610351562,24.579999923706055,24.600299835205078,4201,0.0,0.0,0.0
2022-10-11 00:00:00-04:00,24.610000610351562,24.719999313354492,24.390100479125977,24.48539924621582,3329,0.0,0.0,0.0
2022-10-12 00:00:00-04:00,24.510000228881836,24.549999237060547,24.509300231933594,24.509300231933594,588,0.0,0.0,0.0
2022-10-13 00:00:00-04:00,24.280000686645508,24.920000076293945,24.280000686645508,24.833099365234375,7672,0.0,0.0,0.0
2022-10-14 00:00:00-04:00,24.65999984741211,24.65999984741211,24.50749969482422,24.53700065612793,2659,0.0,0.0,0.0
2022-10-17 00:00:00-04:00,24.829999923706055,24.924999237060547,24.809999465942383,24.8700008392334,26968,0.0,0.0,0.0
2022-10-18 00:00:00-04:00,24.95009994506836,24.97920036315918,24.94499969482422,24.97879981994629,7925,0.0,0.0,0.0
2022-10-19 00:00:00-04:00,24.79010009765625,24.8700008392334,24.79010009765625,24.8700008392334,792,0.0,0.0,0.0
2022-10-20 00:00:00-04:00,24.93000030517578,24.93000030517578,24.874500274658203,24.874500274658203,100,0.0,0.0,0.0
2022-10-21 00:00:00-04:00,24.8700008392334,25.135000228881836,24.8700008392334,25.135000228881836,2798,0.0,0.0,0.0
2022-10-24 00:00:00-04:00,25.25,25.25,25.149999618530273,25.246299743652344,3345,0.0,0.0,0.0
2022-10-25 00:00:00-04:00,25.445600509643555,25.445600509643555,25.270000457763672,25.445600509643555,10202,0.0,0.0,0.0
2022-10-26 00:00:00-04:00,25.540000915527344,25.569900512695312,25.374900817871094,25.374900817871094,4665,0.0,0.0,0.0
2022-10-27 00:00:00-04:00,25.420000076293945,25.43000030517578,25.362499237060547,25.362499237060547,1170,0.0,0.0,0.0
2022-10-28 00:00:00-04:00,25.55500030517578,25.590499877929688,25.500099182128906,25.590499877929688,796,0.0,0.0,0.0
2022-10-31 00:00:00-04:00,25.510000228881836,25.535200119018555,25.510000228881836,25.535200119018555,341,0.0,0.0,0.0
2022-11-01 00:00:00-04:00,25.559999465942383,25.579999923706055,25.490100860595703,25.53499984741211,258443,0.0,0.0,0.0
2022-11-02 00:00:00-04:00,25.450000762939453,25.65999984741211,25.329999923706055,25.329999923706055,175565,0.0,0.0,0.0
2022-11-03 00:00:00-04:00,25.229999542236328,25.2549991607666,25.19499969482422,25.19499969482422,5031,0.0,0.0,0.0
2022-11-04 00:00:00-04:00,25.35890007019043,25.35890007019043,25.35890007019043,25.35890007019043,0,0.0,0.0,0.0
2022-11-07 00:00:00-05:00,25.469999313354492,25.48859977722168,25.469999313354492,25.48859977722168,528,0.0,0.0,0.0
2022-11-08 00:00:00-05:00,25.489900588989258,25.559999465942383,25.489900588989258,25.544599533081055,17196,0.0,0.0,0.0
2022-11-09 00:00:00-05:00,25.420000076293945,25.420000076293945,25.334999084472656,25.334999084472656,911,0.0,0.0,0.0
2022-11-10 00:00:00-05:00,25.84269905090332,25.84269905090332,25.84269905090332,25.84269905090332,31,0.0,0.0,0.0
2022-11-11 00:00:00-05:00,25.885000228881836,25.924999237060547,25.825000762939453,25.924999237060547,2324,0.0,0.0,0.0
2022-11-14 00:00:00-05:00,25.920000076293945,25.969999313354492,25.890499114990234,25.890499114990234,338,0.0,0.0,0.0
2022-11-15 00:00:00-05:00,26.059999465942383,26.059999465942383,25.89889907836914,25.89889907836914,291,0.0,0.0,0.0
2022-11-16 00:00:00-05:00,25.860000610351562,25.915000915527344,25.860000610351562,25.902000427246094,2092,0.0,0.0,0.0
2022-11-17 00:00:00-05:00,25.780000686645508,25.89069938659668,25.780000686645508,25.89069938659668,359,0.0,0.0,0.0
2022-11-18 00:00:00-05:00,25.892099380493164,25.940000534057617,25.892099380493164,25.940000534057617,174,0.0,0.0,0.0
2022-11-21 00:00:00-05:00,25.920000076293945,25.954999923706055,25.88010025024414,25.954999923706055,9287,0.0,0.0,0.0
2022-11-22 00:00:00-05:00,25.959999084472656,26.040000915527344,25.700000762939453,26.040000915527344,107493,0.0,0.0,0.0
2022-11-23 00:00:00-05:00,26.096900939941406,26.104999542236328,26.049999237060547,26.104999542236328,2514,0.0,0.0,0.0
2022-11-25 00:00:00-05:00,26.125,26.125,26.125,26.125,78,0.0,0.0,0.0
2022-11-28 00:00:00-05:00,26.088600158691406,26.09000015258789,26.010000228881836,26.045000076293945,12824,0.0,0.0,0.0
2022-11-29 00:00:00-05:00,26.0,26.045000076293945,26.0,26.045000076293945,530,0.0,0.0,0.0
2022-11-30 00:00:00-05:00,26.0,26.226299285888672,26.0,26.18560028076172,10948,0.0,0.0,0.0
2022-12-01 00:00:00-05:00,26.200000762939453,26.260000228881836,26.15999984741211,26.204999923706055,4928,0.0,0.0,0.0
2022-12-02 00:00:00-05:00,26.149999618530273,26.229999542236328,26.139999389648438,26.217100143432617,10169,0.0,0.0,0.0
2022-12-05 00:00:00-05:00,26.170000076293945,26.170000076293945,26.079999923706055,26.139999389648438,9775,0.0,0.0,0.0
2022-12-06 00:00:00-05:00,26.198400497436523,26.198400497436523,26.09000015258789,26.094999313354492,3530,0.0,0.0,0.0
2022-12-07 00:00:00-05:00,26.100000381469727,26.149999618530273,26.030000686645508,26.08810043334961,37160,0.0,0.0,0.0
2022-12-08 00:00:00-05:00,26.09000015258789,26.135000228881836,26.09000015258789,26.135000228881836,2510,0.0,0.0,0.0
2022-12-09 00:00:00-05:00,26.040000915527344,26.209999084472656,26.040000915527344,26.125,6603,0.0,0.0,0.0
2022-12-12 00:00:00-05:00,26.110000610351562,26.2007999420166,26.110000610351562,26.198200225830078,5021,0.0,0.0,0.0
2022-12-13 00:00:00-05:00,26.314899444580078,26.34000015258789,26.190099716186523,26.240299224853516,4411,0.0,0.0,0.0
2022-12-14 00:00:00-05:00,26.25,26.274999618530273,26.191999435424805,26.274999618530273,2379,0.0,0.0,0.0
2022-12-15 00:00:00-05:00,26.1200008392334,26.190000534057617,26.1200008392334,26.15999984741211,14734,0.0,0.0,0.0
2022-12-16 00:00:00-05:00,26.06999969482422,26.119400024414062,26.059999465942383,26.119400024414062,639,0.0,0.0,0.0
2022-12-19 00:00:00-05:00,26.1200008392334,26.158000946044922,26.010000228881836,26.08930015563965,14997,0.0,0.0,0.0
2022-12-20 00:00:00-05:00,26.125,26.200000762939453,26.10300064086914,26.114999771118164,7274,0.0,0.0,0.0
2022-12-21 00:00:00-05:00,26.25,26.290000915527344,26.25,26.25,4112,0.0,0.0,0.0
2022-12-22 00:00:00-05:00,25.989999771118164,26.144399642944336,25.989999771118164,26.144399642944336,2082,0.0,0.0,0.0
2022-12-23 00:00:00-05:00,26.200000762939453,26.257999420166016,26.19499969482422,26.229999542236328,3232,0.0,0.0,0.0
2022-12-27 00:00:00-05:00,26.239999771118164,26.31999969482422,26.239999771118164,26.280000686645508,34371,0.0,0.0,0.0
2022-12-28 00:00:00-05:00,26.30500030517578,26.30500030517578,26.149999618530273,26.149999618530273,5480,0.0,0.0,0.0
2022-12-29 00:00:00-05:00,26.28499984741211,26.399999618530273,26.28499984741211,26.389999389648438,129101,0.0,0.0,0.0
2022-12-30 00:00:00-05:00,26.360000610351562,26.459999084472656,26.299999237060547,26.450000762939453,551780,0.0,0.0,0.0
2023-01-03 00:00:00-05:00,26.700000762939453,26.700000762939453,26.190000534057617,26.363100051879883,546223,0.0,0.0,0.0
2023-01-04 00:00:00-05:00,26.459999084472656,26.540000915527344,26.294300079345703,26.401899337768555,338689,0.0,0.0,0.0
2023-01-05 00:00:00-05:00,26.420000076293945,26.43000030517578,26.209999084472656,26.327999114990234,192803,0.0,0.0,0.0
2023-01-06 00:00:00-05:00,26.420000076293945,26.638999938964844,26.350000381469727,26.61319923400879,115588,0.0,0.0,0.0
2023-01-09 00:00:00-05:00,26.719999313354492,26.760000228881836,26.549699783325195,26.600000381469727,86987,0.0,0.0,0.0
2023-01-10 00:00:00-05:00,26.639999389648438,26.719999313354492,26.56999969482422,26.69700050354004,63419,0.0,0.0,0.0
2023-01-11 00:00:00-05:00,26.81999969482422,26.84000015258789,26.7091007232666,26.79360008239746,77170,0.0,0.0,0.0
2023-01-12 00:00:00-05:00,26.770000457763672,26.959999084472656,26.75,26.93000030517578,59492,0.0,0.0,0.0
2023-01-13 00:00:00-05:00,26.848600387573242,27.00860023498535,26.83009910583496,26.993099212646484,28541,0.0,0.0,0.0
2023-01-17 00:00:00-05:00,26.96310043334961,27.02989959716797,26.93000030517578,26.93000030517578,38269,0.0,0.0,0.0
2023-01-18 00:00:00-05:00,27.209999084472656,27.209999084472656,26.780000686645508,26.780000686645508,40909,0.0,0.0,0.0
2023-01-19 00:00:00-05:00,26.81999969482422,26.829999923706055,26.670000076293945,26.75,37443,0.0,0.0,0.0
2023-01-20 00:00:00-05:00,26.790000915527344,26.989999771118164,26.770000457763672,26.969900131225586,26828,0.0,0.0,0.0
2023-01-23 00:00:00-05:00,26.989999771118164,27.15999984741211,26.989999771118164,27.06999969482422,41754,0.0,0.0,0.0
2023-01-24 00:00:00-05:00,27.065000534057617,27.15999984741211,27.010000228881836,27.120100021362305,21438,0.0,0.0,0.0
2023-01-25 00:00:00-05:00,27.010000228881836,27.165000915527344,26.950000762939453,27.165000915527344,54444,0.0,0.0,0.0
2023-01-26 00:00:00-05:00,27.290000915527344,27.299999237060547,27.139999389648438,27.265199661254883,130283,0.0,0.0,0.0
2023-01-27 00:00:00-05:00,27.309999465942383,27.3700008392334,27.239999771118164,27.309600830078125,28332,0.0,0.0,0.0
2023-01-30 00:00:00-05:00,27.280000686645508,27.299999237060547,27.18000030517578,27.190000534057617,34982,0.0,0.0,0.0
2023-01-31 00:00:00-05:00,27.190000534057617,27.311599731445312,27.180099487304688,27.311599731445312,55962,0.0,0.0,0.0
2023-02-01 00:00:00-05:00,27.333999633789062,27.489999771118164,27.209999084472656,27.459999084472656,15704,0.0,0.0,0.0
2023-02-02 00:00:00-05:00,27.510000228881836,27.6200008392334,27.510000228881836,27.58799934387207,26984,0.0,0.0,0.0
2023-02-03 00:00:00-05:00,27.510000228881836,27.59000015258789,27.43000030517578,27.474899291992188,40949,0.0,0.0,0.0
2023-02-06 00:00:00-05:00,27.309999465942383,27.394100189208984,27.309999465942383,27.355199813842773,12491,0.0,0.0,0.0
2023-02-07 00:00:00-05:00,27.3799991607666,27.51740074157715,27.300100326538086,27.51740074157715,8437,0.0,0.0,0.0
2023-02-08 00:00:00-05:00,27.489999771118164,27.489999771118164,27.337600708007812,27.399999618530273,75781,0.0,0.0,0.0
2023-02-09 00:00:00-05:00,27.40999984741211,27.469999313354492,27.250099182128906,27.28619956970215,21454,0.0,0.0,0.0
2023-02-10 00:00:00-05:00,27.280000686645508,27.30500030517578,27.239299774169922,27.30500030517578,7857,0.0,0.0,0.0
2023-02-13 00:00:00-05:00,27.260000228881836,27.450000762939453,27.260000228881836,27.450000762939453,19570,0.0,0.0,0.0
2023-02-14 00:00:00-05:00,27.440000534057617,27.520000457763672,27.350900650024414,27.456499099731445,16074,0.0,0.0,0.0
2023-02-15 00:00:00-05:00,27.34000015258789,27.48080062866211,27.34000015258789,27.48080062866211,1506,0.0,0.0,0.0
2023-02-16 00:00:00-05:00,27.29010009765625,27.449899673461914,27.29010009765625,27.356300354003906,1116,0.0,0.0,0.0
2023-02-17 00:00:00-05:00,27.280000686645508,27.350000381469727,27.219999313354492,27.318500518798828,9160,0.0,0.0,0.0
2023-02-21 00:00:00-05:00,27.200000762939453,27.200000762939453,27.059999465942383,27.09480094909668,12709,0.0,0.0,0.0
2023-02-22 00:00:00-05:00,27.09000015258789,27.149999618530273,27.016799926757812,27.058799743652344,20445,0.0,0.0,0.0
2023-02-23 00:00:00-05:00,27.06999969482422,27.164899826049805,27.030000686645508,27.164899826049805,2425,0.0,0.0,0.0
2023-02-24 00:00:00-05:00,26.92009925842285,27.02389907836914,26.92009925842285,27.02389907836914,11222,0.0,0.0,0.0
2023-02-27 00:00:00-05:00,27.100000381469727,27.100000381469727,27.065099716186523,27.065099716186523,4109,0.0,0.0,0.0
2023-02-28 00:00:00-05:00,27.110000610351562,27.149999618530273,27.049999237060547,27.083999633789062,8549,0.0,0.0,0.0
2023-03-01 00:00:00-05:00,27.010000228881836,27.069000244140625,27.0049991607666,27.0049991607666,2063,0.0,0.0,0.0
2023-03-02 00:00:00-05:00,26.932100296020508,27.128400802612305,26.932100296020508,27.09320068359375,21578,0.0,0.0,0.0
2023-03-03 00:00:00-05:00,27.1200008392334,27.264699935913086,27.1200008392334,27.264699935913086,3244,0.0,0.0,0.0
2023-03-06 00:00:00-05:00,27.329999923706055,27.350000381469727,27.25,27.266799926757812,49707,0.0,0.0,0.0
2023-03-07 00:00:00-05:00,27.290000915527344,27.290000915527344,27.04010009765625,27.079999923706055,4303,0.0,0.0,0.0
2023-03-08 00:00:00-05:00,27.139999389648438,27.139999389648438,27.020000457763672,27.100000381469727,21488,0.0,0.0,0.0
2023-03-09 00:00:00-05:00,27.189899444580078,27.189899444580078,26.8799991607666,26.90760040283203,4800,0.0,0.0,0.0
2023-03-10 00:00:00-05:00,26.850000381469727,26.894699096679688,26.639999389648438,26.68000030517578,13434,0.0,0.0,0.0
2023-03-13 00:00:00-04:00,26.739999771118164,26.93000030517578,26.739999771118164,26.793500900268555,5548,0.0,0.0,0.0
2023-03-14 00:00:00-04:00,26.989999771118164,27.020000457763672,26.841999053955078,26.940200805664062,30937,0.0,0.0,0.0
2023-03-15 00:00:00-04:00,26.854999542236328,26.91900062561035,26.70009994506836,26.850099563598633,39945,0.0,0.0,0.0
2023-03-16 00:00:00-04:00,26.729999542236328,27.100000381469727,26.729999542236328,27.075199127197266,3497,0.0,0.0,0.0
2023-03-17 00:00:00-04:00,27.06999969482422,27.06999969482422,26.921100616455078,26.965099334716797,3088,0.0,0.0,0.0
2023-03-20 00:00:00-04:00,27.0049991607666,27.065000534057617,27.0,27.065000534057617,870,0.0,0.0,0.0
2023-03-21 00:00:00-04:00,27.139999389648438,27.23940086364746,27.11009979248047,27.23940086364746,27690,0.0,0.0,0.0
2023-03-22 00:00:00-04:00,27.290000915527344,27.40999984741211,27.09000015258789,27.090499877929688,4485,0.0,0.0,0.0
2023-03-23 00:00:00-04:00,27.229999542236328,27.229999542236328,27.09000015258789,27.125099182128906,1297,0.0,0.0,0.0
2023-03-24 00:00:00-04:00,27.040000915527344,27.229900360107422,27.010000228881836,27.171899795532227,5156,0.0,0.0,0.0
2023-03-27 00:00:00-04:00,27.219999313354492,27.299999237060547,27.200000762939453,27.221599578857422,1543,0.0,0.0,0.0
2023-03-28 00:00:00-04:00,27.149999618530273,27.229999542236328,27.1299991607666,27.195199966430664,2790,0.0,0.0,0.0
2023-03-29 00:00:00-04:00,27.299999237060547,27.420000076293945,27.260000228881836,27.347999572753906,58183,0.0,0.0,0.0
2023-03-30 00:00:00-04:00,27.389999389648438,27.4060001373291,27.329999923706055,27.395000457763672,18469,0.0,0.0,0.0
2023-03-31 00:00:00-04:00,27.539899826049805,27.600000381469727,27.44219970703125,27.589099884033203,38885,0.0,0.0,0.0
2023-04-03 00:00:00-04:00,27.520000457763672,27.649999618530273,27.520000457763672,27.609399795532227,13381,0.0,0.0,0.0
2023-04-04 00:00:00-04:00,27.594999313354492,27.639999389648438,27.540000915527344,27.589799880981445,10680,0.0,0.0,0.0
2023-04-05 00:00:00-04:00,27.510000228881836,27.58989906311035,27.510000228881836,27.555299758911133,2170,0.0,0.0,0.0
2023-04-06 00:00:00-04:00,27.489999771118164,27.60540008544922,27.489999771118164,27.60540008544922,6328,0.0,0.0,0.0
2023-04-10 00:00:00-04:00,27.469999313354492,27.62019920349121,27.469999313354492,27.62019920349121,1773,0.0,0.0,0.0
2023-04-11 00:00:00-04:00,27.689899444580078,27.689899444580078,27.610000610351562,27.637100219726562,3048,0.0,0.0,0.0
2023-04-12 00:00:00-04:00,27.670000076293945,27.709999084472656,27.595199584960938,27.595199584960938,3734,0.0,0.0,0.0
2023-04-13 00:00:00-04:00,27.579999923706055,27.770000457763672,27.579999923706055,27.73509979248047,3549,0.0,0.0,0.0
2023-04-14 00:00:00-04:00,27.65999984741211,27.760000228881836,27.65999984741211,27.682899475097656,8067,0.0,0.0,0.0
2023-04-17 00:00:00-04:00,27.68000030517578,27.750099182128906,27.639999389648438,27.750099182128906,17313,0.0,0.0,0.0
2023-04-18 00:00:00-04:00,27.75,27.759700775146484,27.743099212646484,27.759700775146484,1405,0.0,0.0,0.0
2023-04-19 00:00:00-04:00,27.649999618530273,27.790000915527344,27.649999618530273,27.75029945373535,1142,0.0,0.0,0.0
2023-04-20 00:00:00-04:00,27.690000534057617,27.790000915527344,27.65999984741211,27.709999084472656,29514,0.0,0.0,0.0
2023-04-21 00:00:00-04:00,27.700000762939453,27.799999237060547,27.700000762939453,27.754100799560547,6412,0.0,0.0,0.0
2023-04-24 00:00:00-04:00,27.770000457763672,27.828800201416016,27.690099716186523,27.730300903320312,11263,0.0,0.0,0.0
2023-04-25 00:00:00-04:00,27.670000076293945,27.719999313354492,27.579999923706055,27.59480094909668,5709,0.0,0.0,0.0
2023-04-26 00:00:00-04:00,27.56100082397461,27.58989906311035,27.545000076293945,27.545000076293945,1325,0.0,0.0,0.0
2023-04-27 00:00:00-04:00,27.655500411987305,27.76219940185547,27.610000610351562,27.76219940185547,3308,0.0,0.0,0.0
2023-04-28 00:00:00-04:00,27.730100631713867,27.889999389648438,27.730100631713867,27.845300674438477,23431,0.0,0.0,0.0
2023-05-01 00:00:00-04:00,27.8799991607666,27.8799991607666,27.829999923706055,27.8700008392334,86719,0.0,0.0,0.0
2023-05-02 00:00:00-04:00,27.8799991607666,27.8799991607666,27.700000762939453,27.75,5243,0.0,0.0,0.0
2023-05-03 00:00:00-04:00,27.769100189208984,27.790000915527344,27.690000534057617,27.690000534057617,4474,0.0,0.0,0.0
2023-05-04 00:00:00-04:00,27.639999389648438,27.670000076293945,27.559999465942383,27.592599868774414,3578,0.0,0.0,0.0
2023-05-05 00:00:00-04:00,27.829999923706055,27.829999923706055,27.739999771118164,27.790000915527344,5446,0.0,0.0,0.0
2023-05-08 00:00:00-04:00,27.831300735473633,27.84000015258789,27.770000457763672,27.809999465942383,7271,0.0,0.0,0.0
2023-05-09 00:00:00-04:00,27.729999542236328,27.829999923706055,27.729999542236328,27.784299850463867,6363,0.0,0.0,0.0
2023-05-10 00:00:00-04:00,27.84000015258789,27.8799991607666,27.729999542236328,27.855100631713867,16555,0.0,0.0,0.0
2023-05-11 00:00:00-04:00,27.829999923706055,27.85300064086914,27.829999923706055,27.834999084472656,6449,0.0,0.0,0.0
2023-05-12 00:00:00-04:00,27.875,27.875,27.740100860595703,27.818300247192383,8685,0.0,0.0,0.0
2023-05-15 00:00:00-04:00,27.850000381469727,27.899999618530273,27.83009910583496,27.88050079345703,5705,0.0,0.0,0.0
2023-05-16 00:00:00-04:00,27.8080997467041,27.860000610351562,27.790000915527344,27.84000015258789,2000,0.0,0.0,0.0
2023-05-17 00:00:00-04:00,27.770000457763672,27.950000762939453,27.770000457763672,27.946800231933594,2025,0.0,0.0,0.0
2023-05-18 00:00:00-04:00,27.913400650024414,28.084699630737305,27.913400650024414,28.084699630737305,1762,0.0,0.0,0.0
2023-05-19 00:00:00-04:00,28.030000686645508,28.059999465942383,28.030000686645508,28.059799194335938,2772,0.0,0.0,0.0
2023-05-22 00:00:00-04:00,28.030000686645508,28.059999465942383,28.030000686645508,28.055099487304688,1015,0.0,0.0,0.0
2023-05-23 00:00:00-04:00,27.8700008392334,28.07990074157715,27.8700008392334,27.91710090637207,9222,0.0,0.0,0.0
2023-05-24 00:00:00-04:00,27.780000686645508,27.8799991607666,27.780000686645508,27.790000915527344,5262,0.0,0.0,0.0
2023-05-25 00:00:00-04:00,27.84000015258789,27.979999542236328,27.84000015258789,27.96500015258789,4176,0.0,0.0,0.0
2023-05-26 00:00:00-04:00,28.059900283813477,28.110000610351562,28.030000686645508,28.097700119018555,5136,0.0,0.0,0.0
2023-05-30 00:00:00-04:00,28.06999969482422,28.101200103759766,28.049999237060547,28.077600479125977,6942,0.0,0.0,0.0
2023-05-31 00:00:00-04:00,27.989999771118164,28.065000534057617,27.969999313354492,28.065000534057617,4960,0.0,0.0,0.0
2023-06-01 00:00:00-04:00,28.059999465942383,28.239999771118164,28.059999465942383,28.1299991607666,2715,0.0,0.0,0.0
2023-06-02 00:00:00-04:00,28.25,28.3700008392334,28.229999542236328,28.299999237060547,10145,0.0,0.0,0.0
2023-06-05 00:00:00-04:00,28.309900283813477,28.3700008392334,28.299999237060547,28.315099716186523,15259,0.0,0.0,0.0
2023-06-06 00:00:00-04:00,28.219999313354492,28.389999389648438,28.219999313354492,28.345399856567383,5399,0.0,0.0,0.0
2023-06-07 00:00:00-04:00,28.368999481201172,28.40999984741211,28.31999969482422,28.32740020751953,2666,0.0,0.0,0.0
2023-06-08 00:00:00-04:00,28.219999313354492,28.469999313354492,28.219999313354492,28.434999465942383,5946,0.0,0.0,0.0
2023-06-09 00:00:00-04:00,28.475900650024414,28.475900650024414,28.43000030517578,28.44379997253418,1088,0.0,0.0,0.0
2023-06-12 00:00:00-04:00,28.360000610351562,28.535200119018555,28.360000610351562,28.535200119018555,3359,0.0,0.0,0.0
2023-06-13 00:00:00-04:00,28.56999969482422,28.6299991607666,28.540000915527344,28.575000762939453,5358,0.0,0.0,0.0
2023-06-14 00:00:00-04:00,28.647499084472656,28.670000076293945,28.56999969482422,28.594999313354492,44495,0.0,0.0,0.0
2023-06-15 00:00:00-04:00,28.649999618530273,28.710800170898438,28.649999618530273,28.710800170898438,2801,0.0,0.0,0.0
2023-06-16 00:00:00-04:00,28.709999084472656,28.760000228881836,28.690000534057617,28.69499969482422,11130,0.0,0.0,0.0
2023-06-20 00:00:00-04:00,28.719999313354492,28.719999313354492,28.659799575805664,28.659799575805664,892,0.0,0.0,0.0
2023-06-21 00:00:00-04:00,28.5,28.625,28.5,28.60810089111328,6462,0.0,0.0,0.0
2023-06-22 00:00:00-04:00,28.59000015258789,28.670499801635742,28.59000015258789,28.670499801635742,260,0.0,0.0,0.0
2023-06-23 00:00:00-04:00,28.639999389648438,28.639999389648438,28.540000915527344,28.618499755859375,32667,0.0,0.0,0.0
2023-06-26 00:00:00-04:00,28.6299991607666,28.649999618530273,28.56999969482422,28.59939956665039,22125,0.0,0.0,0.0
2023-06-27 00:00:00-04:00,28.58099937438965,28.729000091552734,28.579999923706055,28.704999923706055,3964,0.0,0.0,0.0
2023-06-28 00:00:00-04:00,28.68000030517578,28.68000030517578,28.625,28.66010093688965,20340,0.0,0.0,0.0
2023-06-29 00:00:00-04:00,28.68000030517578,28.770000457763672,28.649999618530273,28.7450008392334,9862,0.0,0.0,0.0
2023-06-30 00:00:00-04:00,28.739999771118164,28.8700008392334,28.71500015258789,28.8439998626709,22107,0.0,0.0,0.0
2023-07-03 00:00:00-04:00,28.770000457763672,28.86750030517578,28.770000457763672,28.84600067138672,31614,0.0,0.0,0.0
2023-07-05 00:00:00-04:00,28.75,28.886199951171875,28.75,28.8351993560791,32460,0.0,0.0,0.0
2023-07-06 00:00:00-04:00,28.700000762939453,28.81999969482422,28.670000076293945,28.780099868774414,11448,0.0,0.0,0.0
2023-07-07 00:00:00-04:00,28.739999771118164,28.813899993896484,28.72010040283203,28.765100479125977,11866,0.0,0.0,0.0
2023-07-10 00:00:00-04:00,28.719999313354492,28.809999465942383,28.719999313354492,28.780500411987305,155308,0.0,0.0,0.0
2023-07-11 00:00:00-04:00,28.823999404907227,28.829999923706055,28.799999237060547,28.829999923706055,3600,0.0,0.0,0.0
2023-07-12 00:00:00-04:00,28.899999618530273,28.930099487304688,28.899999618530273,28.930099487304688,1653,0.0,0.0,0.0
2023-07-13 00:00:00-04:00,28.954999923706055,29.030000686645508,28.954999923706055,28.979999542236328,5659,0.0,0.0,0.0
2023-07-14 00:00:00-04:00,29.099899291992188,29.099899291992188,28.969999313354492,29.024999618530273,8667,0.0,0.0,0.0
2023-07-17 00:00:00-04:00,28.990999221801758,29.05500030517578,28.989999771118164,29.05500030517578,4800,0.0,0.0,0.0
2023-07-18 00:00:00-04:00,29.09000015258789,29.129899978637695,29.049999237060547,29.09000015258789,2513,0.0,0.0,0.0
2023-07-19 00:00:00-04:00,29.070999145507812,29.114999771118164,29.059999465942383,29.110000610351562,5016,0.0,0.0,0.0
2023-07-20 00:00:00-04:00,29.06730079650879,29.100000381469727,29.05500030517578,29.05500030517578,479,0.0,0.0,0.0
2023-07-21 00:00:00-04:00,29.15999984741211,29.15999984741211,29.024999618530273,29.053800582885742,2268,0.0,0.0,0.0
2023-07-24 00:00:00-04:00,29.09830093383789,29.125,29.049999237060547,29.065099716186523,3088,0.0,0.0,0.0
2023-07-25 00:00:00-04:00,29.16900062561035,29.190000534057617,29.05500030517578,29.149999618530273,3315,0.0,0.0,0.0
2023-07-26 00:00:00-04:00,29.030000686645508,29.125,29.030000686645508,29.110000610351562,4778,0.0,0.0,0.0
2023-07-27 00:00:00-04:00,29.110000610351562,29.190000534057617,29.03499984741211,29.075000762939453,10935,0.0,0.0,0.0
2023-07-28 00:00:00-04:00,29.079999923706055,29.219999313354492,29.079999923706055,29.15019989013672,10387,0.0,0.0,0.0
