Date,Open,High,Low,Close,Volume,Dividends,Stock Splits,Capital Gains
2023-05-11 00:00:00-04:00,47.720001220703125,47.720001220703125,47.720001220703125,47.720001220703125,100,0.0,0.0,0.0
2023-05-12 00:00:00-04:00,47.16999816894531,47.16999816894531,47.16999816894531,47.16999816894531,201,0.0,0.0,0.0
2023-05-15 00:00:00-04:00,47.66999816894531,47.9900016784668,47.66999816894531,47.9900016784668,400,0.0,0.0,0.0
2023-05-16 00:00:00-04:00,47.63999938964844,47.650001525878906,47.63999938964844,47.63999938964844,303,0.0,0.0,0.0
2023-05-17 00:00:00-04:00,47.80970001220703,47.80970001220703,47.80970001220703,47.80970001220703,0,0.0,0.0,0.0
2023-05-18 00:00:00-04:00,47.575199127197266,47.575199127197266,47.575199127197266,47.575199127197266,0,0.0,0.0,0.0
2023-05-19 00:00:00-04:00,47.65999984741211,47.65999984741211,47.65999984741211,47.65999984741211,300,0.0,0.0,0.0
2023-05-22 00:00:00-04:00,47.97999954223633,47.97999954223633,47.97999954223633,47.97999954223633,101,0.0,0.0,0.0
2023-05-23 00:00:00-04:00,47.345001220703125,47.345001220703125,47.345001220703125,47.345001220703125,0,0.0,0.0,0.0
2023-05-24 00:00:00-04:00,47.07360076904297,47.07360076904297,47.07360076904297,47.07360076904297,0,0.0,0.0,0.0
2023-05-25 00:00:00-04:00,46.932498931884766,46.932498931884766,46.932498931884766,46.932498931884766,0,0.0,0.0,0.0
2023-05-26 00:00:00-04:00,47.72480010986328,47.72480010986328,47.72480010986328,47.72480010986328,1,0.0,0.0,0.0
2023-05-30 00:00:00-04:00,47.215301513671875,47.215301513671875,47.215301513671875,47.215301513671875,0,0.0,0.0,0.0
2023-05-31 00:00:00-04:00,46.855201721191406,46.855201721191406,46.855201721191406,46.855201721191406,0,0.0,0.0,0.0
2023-06-02 00:00:00-04:00,48.279998779296875,48.290000915527344,48.279998779296875,48.290000915527344,401,0.0,0.0,0.0
2023-06-05 00:00:00-04:00,47.9900016784668,48.34000015258789,47.9900016784668,48.310001373291016,5206190,0.0,0.0,0.0
2023-06-06 00:00:00-04:00,48.65999984741211,48.65999984741211,48.61000061035156,48.630001068115234,5058834,0.0,0.0,0.0
2023-06-07 00:00:00-04:00,48.529998779296875,48.529998779296875,48.4900016784668,48.529998779296875,500,0.0,0.0,0.0
2023-06-08 00:00:00-04:00,48.689998626708984,48.70000076293945,48.65999984741211,48.70000076293945,5604,0.0,0.0,0.0
2023-06-09 00:00:00-04:00,48.93199920654297,48.93199920654297,48.93199920654297,48.93199920654297,0,0.0,0.0,0.0
2023-06-12 00:00:00-04:00,49.0099983215332,49.099998474121094,49.0099983215332,49.07529830932617,4722,0.0,0.0,0.0
2023-06-13 00:00:00-04:00,49.49440002441406,49.49440002441406,49.49440002441406,49.49440002441406,0,0.0,0.0,0.0
2023-06-14 00:00:00-04:00,49.56990051269531,49.75199890136719,49.56990051269531,49.75199890136719,133,0.0,0.0,0.0
2023-06-15 00:00:00-04:00,50.208900451660156,50.208900451660156,50.208900451660156,50.208900451660156,8,0.0,0.0,0.0
2023-06-16 00:00:00-04:00,50.189998626708984,50.189998626708984,50.029998779296875,50.029998779296875,123806,0.0,0.0,0.0
2023-06-20 00:00:00-04:00,49.400001525878906,49.400001525878906,49.14459991455078,49.14459991455078,211,0.0,0.0,0.0
2023-06-21 00:00:00-04:00,49.00429916381836,49.00429916381836,49.00429916381836,49.00429916381836,10,0.0,0.0,0.0
2023-06-22 00:00:00-04:00,48.72999954223633,48.86050033569336,48.72999954223633,48.86050033569336,1448,0.0,0.0,0.0
2023-06-23 00:00:00-04:00,48.179901123046875,48.179901123046875,48.16999816894531,48.16999816894531,540,0.0,0.0,0.0
2023-06-26 00:00:00-04:00,48.34109878540039,48.34109878540039,48.34109878540039,48.34109878540039,8,0.0,0.0,0.0
2023-06-27 00:00:00-04:00,48.720001220703125,48.8650016784668,48.720001220703125,48.83000183105469,2306,0.0,0.0,0.0
2023-06-28 00:00:00-04:00,48.54460144042969,48.54460144042969,48.54460144042969,48.54460144042969,5,0.0,0.0,0.0
2023-06-29 00:00:00-04:00,48.36000061035156,48.36000061035156,48.29999923706055,48.29999923706055,1200,0.0,0.0,0.0
2023-06-30 00:00:00-04:00,48.709999084472656,48.720001220703125,48.650001525878906,48.720001220703125,73842,0.0,0.0,0.0
2023-07-03 00:00:00-04:00,48.849998474121094,49.2599983215332,48.849998474121094,49.2599983215332,4503,0.0,0.0,0.0
2023-07-05 00:00:00-04:00,48.939998626708984,48.939998626708984,48.91999816894531,48.939998626708984,403,0.0,0.0,0.0
2023-07-06 00:00:00-04:00,48.06999969482422,48.06999969482422,48.02000045776367,48.06999969482422,503,0.0,0.0,0.0
2023-07-07 00:00:00-04:00,48.52000045776367,48.52000045776367,48.52000045776367,48.52000045776367,310,0.0,0.0,0.0
2023-07-10 00:00:00-04:00,48.45000076293945,48.52000045776367,48.45000076293945,48.52000045776367,641,0.0,0.0,0.0
2023-07-11 00:00:00-04:00,49.0099983215332,49.0099983215332,49.0099983215332,49.0099983215332,100,0.0,0.0,0.0
2023-07-12 00:00:00-04:00,49.93000030517578,49.93000030517578,49.93000030517578,49.93000030517578,103,0.0,0.0,0.0
2023-07-13 00:00:00-04:00,50.49580001831055,50.49580001831055,50.49580001831055,50.49580001831055,48,0.0,0.0,0.0
2023-07-14 00:00:00-04:00,50.29570007324219,50.29570007324219,50.29570007324219,50.29570007324219,5,0.0,0.0,0.0
2023-07-17 00:00:00-04:00,50.33000183105469,50.400001525878906,50.33000183105469,50.400001525878906,12426,0.0,0.0,0.0
2023-07-18 00:00:00-04:00,50.06999969482422,50.06999969482422,50.06999969482422,50.06999969482422,302,0.0,0.0,0.0
2023-07-19 00:00:00-04:00,50.060001373291016,50.060001373291016,50.040000915527344,50.040000915527344,29898,0.0,0.0,0.0
2023-07-20 00:00:00-04:00,49.70000076293945,49.70000076293945,49.70000076293945,49.70000076293945,342,0.0,0.0,0.0
2023-07-21 00:00:00-04:00,49.75,49.75,49.66999816894531,49.66999816894531,57886,0.0,0.0,0.0
2023-07-24 00:00:00-04:00,49.88999938964844,50.349998474121094,49.88999938964844,50.349998474121094,56863,0.0,0.0,0.0
2023-07-25 00:00:00-04:00,50.80860137939453,50.80860137939453,50.7400016784668,50.7400016784668,237,0.0,0.0,0.0
2023-07-26 00:00:00-04:00,51.02000045776367,51.02000045776367,51.02000045776367,51.02000045776367,205,0.0,0.0,0.0
2023-07-27 00:00:00-04:00,50.369998931884766,50.369998931884766,50.369998931884766,50.369998931884766,100,0.0,0.0,0.0
2023-07-28 00:00:00-04:00,51.560001373291016,51.560001373291016,51.560001373291016,51.560001373291016,300,0.0,0.0,0.0
