Date,Open,High,Low,Close,Volume,Dividends,Stock Splits,Capital Gains
2022-09-20 00:00:00-04:00,24.7189998626709,24.719999313354492,24.65999984741211,24.665000915527344,1300,0.0,0.0,0.0
2022-09-21 00:00:00-04:00,24.790000915527344,24.809999465942383,24.57900047302246,24.57900047302246,800,0.0,0.0,0.0
2022-09-22 00:00:00-04:00,24.385000228881836,24.385000228881836,24.385000228881836,24.385000228881836,0,0.0,0.0,0.0
2022-09-23 00:00:00-04:00,24.058000564575195,24.06999969482422,24.040000915527344,24.040000915527344,600,0.0,0.0,0.0
2022-09-26 00:00:00-04:00,23.969999313354492,23.979999542236328,23.684999465942383,23.684999465942383,1300,0.0,0.0,0.0
2022-09-27 00:00:00-04:00,23.614999771118164,23.614999771118164,23.614999771118164,23.614999771118164,0,0.0,0.0,0.0
2022-09-28 00:00:00-04:00,24.052000045776367,24.052000045776367,24.052000045776367,24.052000045776367,0,0.0,0.0,0.0
2022-09-29 00:00:00-04:00,23.760000228881836,23.829999923706055,23.760000228881836,23.799999237060547,700,0.0,0.0,0.0
2022-09-30 00:00:00-04:00,23.68000030517578,23.68000030517578,23.632999420166016,23.632999420166016,500,0.0,0.0,0.0
2022-10-03 00:00:00-04:00,23.860000610351562,23.9689998626709,23.850000381469727,23.9689998626709,1000,0.0,0.0,0.0
2022-10-04 00:00:00-04:00,24.506000518798828,24.506000518798828,24.506000518798828,24.506000518798828,100,0.0,0.0,0.0
2022-10-05 00:00:00-04:00,24.288999557495117,24.433000564575195,24.288999557495117,24.433000564575195,1800,0.0,0.0,0.0
2022-10-06 00:00:00-04:00,24.40999984741211,24.40999984741211,24.316999435424805,24.316999435424805,200,0.0,0.0,0.0
2022-10-07 00:00:00-04:00,23.968000411987305,23.968000411987305,23.968000411987305,23.968000411987305,0,0.0,0.0,0.0
2022-10-10 00:00:00-04:00,23.634000778198242,23.634000778198242,23.634000778198242,23.634000778198242,100,0.0,0.0,0.0
2022-10-11 00:00:00-04:00,23.725000381469727,23.725000381469727,23.725000381469727,23.725000381469727,0,0.0,0.0,0.0
2022-10-12 00:00:00-04:00,23.820999145507812,23.820999145507812,23.788000106811523,23.788000106811523,400,0.0,0.0,0.0
2022-10-13 00:00:00-04:00,23.440000534057617,23.843000411987305,23.440000534057617,23.843000411987305,1100,0.0,0.0,0.0
2022-10-14 00:00:00-04:00,23.729999542236328,23.729999542236328,23.729999542236328,23.729999542236328,0,0.0,0.0,0.0
2022-10-17 00:00:00-04:00,24.10300064086914,24.10300064086914,24.10300064086914,24.10300064086914,0,0.0,0.0,0.0
2022-10-18 00:00:00-04:00,24.329999923706055,24.329999923706055,24.31599998474121,24.31599998474121,300,0.0,0.0,0.0
2022-10-19 00:00:00-04:00,24.1299991607666,24.1299991607666,24.006000518798828,24.006000518798828,800,0.0,0.0,0.0
2022-10-20 00:00:00-04:00,23.857999801635742,23.857999801635742,23.857999801635742,23.857999801635742,100,0.0,0.0,0.0
2022-10-21 00:00:00-04:00,24.05500030517578,24.05500030517578,24.05500030517578,24.05500030517578,0,0.0,0.0,0.0
2022-10-24 00:00:00-04:00,23.961999893188477,23.961999893188477,23.961999893188477,23.961999893188477,100,0.0,0.0,0.0
2022-10-25 00:00:00-04:00,24.15999984741211,24.239999771118164,24.149999618530273,24.225000381469727,2500,0.0,0.0,0.0
2022-10-26 00:00:00-04:00,24.32900047302246,24.329999923706055,24.26799964904785,24.26799964904785,1400,0.0,0.0,0.0
2022-10-27 00:00:00-04:00,24.53499984741211,24.53499984741211,24.53499984741211,24.53499984741211,100,0.0,0.0,0.0
2022-10-28 00:00:00-04:00,24.700000762939453,24.7450008392334,24.700000762939453,24.7450008392334,3100,0.0,0.0,0.0
2022-10-31 00:00:00-04:00,24.579999923706055,24.579999923706055,24.30500030517578,24.347000122070312,20100,0.0,0.0,0.0
2022-11-01 00:00:00-04:00,24.3700008392334,24.530000686645508,24.360000610351562,24.424999237060547,16100,0.0,0.0,0.0
2022-11-02 00:00:00-04:00,24.530000686645508,24.530000686645508,24.187000274658203,24.187000274658203,27900,0.0,0.0,0.0
2022-11-03 00:00:00-04:00,23.93000030517578,24.059999465942383,23.81999969482422,24.031999588012695,1100,0.0,0.0,0.0
2022-11-04 00:00:00-04:00,23.959999084472656,24.072999954223633,23.959999084472656,24.072999954223633,700,0.0,0.0,0.0
2022-11-07 00:00:00-05:00,24.114999771118164,24.114999771118164,24.048999786376953,24.05500030517578,2000,0.0,0.0,0.0
2022-11-08 00:00:00-05:00,23.99799919128418,23.99799919128418,23.99799919128418,23.99799919128418,100,0.0,0.0,0.0
2022-11-09 00:00:00-05:00,23.89299964904785,23.89299964904785,23.66699981689453,23.66699981689453,300,0.0,0.0,0.0
2022-11-10 00:00:00-05:00,24.448999404907227,24.52199935913086,24.400999069213867,24.52199935913086,1900,0.0,0.0,0.0
2022-11-11 00:00:00-05:00,24.604999542236328,24.604999542236328,24.604999542236328,24.604999542236328,100,0.0,0.0,0.0
2022-11-14 00:00:00-05:00,24.5,24.5,24.405000686645508,24.405000686645508,800,0.0,0.0,0.0
2022-11-15 00:00:00-05:00,24.67099952697754,24.67099952697754,24.67099952697754,24.67099952697754,0,0.0,0.0,0.0
2022-11-16 00:00:00-05:00,24.66900062561035,24.700000762939453,24.631000518798828,24.631000518798828,300,0.0,0.0,0.0
2022-11-17 00:00:00-05:00,24.4950008392334,24.4950008392334,24.4950008392334,24.4950008392334,100,0.0,0.0,0.0
2022-11-18 00:00:00-05:00,24.565000534057617,24.565000534057617,24.565000534057617,24.565000534057617,800,0.0,0.0,0.0
2022-11-21 00:00:00-05:00,24.400999069213867,24.400999069213867,24.400999069213867,24.400999069213867,100,0.0,0.0,0.0
2022-11-22 00:00:00-05:00,24.56999969482422,24.618999481201172,24.56999969482422,24.618999481201172,300,0.0,0.0,0.0
2022-11-23 00:00:00-05:00,24.709999084472656,24.799999237060547,24.709999084472656,24.799999237060547,1600,0.0,0.0,0.0
2022-11-25 00:00:00-05:00,24.768999099731445,24.770000457763672,24.764999389648438,24.764999389648438,1700,0.0,0.0,0.0
2022-11-28 00:00:00-05:00,24.600000381469727,24.600000381469727,24.37700080871582,24.37700080871582,1200,0.0,0.0,0.0
2022-11-29 00:00:00-05:00,24.40999984741211,24.520000457763672,24.40999984741211,24.5049991607666,1800,0.0,0.0,0.0
2022-11-30 00:00:00-05:00,24.5,24.902000427246094,24.499000549316406,24.902000427246094,1800,0.0,0.0,0.0
2022-12-01 00:00:00-05:00,25.000999450683594,25.000999450683594,25.000999450683594,25.000999450683594,100,0.0,0.0,0.0
2022-12-02 00:00:00-05:00,24.979000091552734,25.006000518798828,24.969999313354492,25.006000518798828,300,0.0,0.0,0.0
2022-12-05 00:00:00-05:00,24.760000228881836,24.760000228881836,24.760000228881836,24.760000228881836,200,0.0,0.0,0.0
2022-12-06 00:00:00-05:00,24.649999618530273,24.649999618530273,24.64900016784668,24.649999618530273,700,0.0,0.0,0.0
2022-12-07 00:00:00-05:00,24.75,24.815000534057617,24.190000534057617,24.815000534057617,17100,0.0,0.0,0.0
2022-12-08 00:00:00-05:00,24.823999404907227,24.823999404907227,24.823999404907227,24.823999404907227,100,0.0,0.0,0.0
2022-12-09 00:00:00-05:00,24.854999542236328,24.854999542236328,24.854999542236328,24.854999542236328,100,0.0,0.0,0.0
2022-12-12 00:00:00-05:00,24.941999435424805,24.941999435424805,24.941999435424805,24.941999435424805,0,0.0,0.0,0.0
2022-12-13 00:00:00-05:00,25.399999618530273,25.399999618530273,25.250999450683594,25.250999450683594,200,0.0,0.0,0.0
2022-12-14 00:00:00-05:00,25.09000015258789,25.09000015258789,25.09000015258789,25.09000015258789,100,0.0,0.0,0.0
2022-12-15 00:00:00-05:00,24.968000411987305,24.968000411987305,24.968000411987305,24.968000411987305,100,0.0,0.0,0.0
2022-12-16 00:00:00-05:00,24.83099937438965,24.83099937438965,24.83099937438965,24.83099937438965,100,0.0,0.0,0.0
2022-12-19 00:00:00-05:00,24.510000228881836,24.510000228881836,24.399999618530273,24.42099952697754,800,0.0,0.0,0.0
2022-12-20 00:00:00-05:00,24.34000015258789,24.375,24.270000457763672,24.354999542236328,4700,0.0,0.0,0.0
2022-12-21 00:00:00-05:00,24.559999465942383,24.59000015258789,24.549999237060547,24.579999923706055,2500,0.0,0.0,0.0
2022-12-22 00:00:00-05:00,24.5,24.5,24.395000457763672,24.395000457763672,1700,0.0,0.0,0.0
2022-12-23 00:00:00-05:00,24.489999771118164,24.489999771118164,24.489999771118164,24.489999771118164,100,0.0,0.0,0.0
2022-12-27 00:00:00-05:00,24.364999771118164,24.399999618530273,24.19499969482422,24.204999923706055,32600,0.0,0.0,0.0
2022-12-28 00:00:00-05:00,24.209999084472656,24.209999084472656,23.75,23.75,9200,0.0,0.0,0.0
2022-12-29 00:00:00-05:00,23.940000534057617,24.200000762939453,23.90999984741211,24.200000762939453,4000,0.0,0.0,0.0
2022-12-30 00:00:00-05:00,24.18000030517578,24.19499969482422,24.18000030517578,24.19499969482422,200,0.0,0.0,0.0
2023-01-03 00:00:00-05:00,24.299999237060547,24.299999237060547,24.200000762939453,24.25,900,0.0,0.0,0.0
2023-01-04 00:00:00-05:00,24.56800079345703,24.56800079345703,24.56800079345703,24.56800079345703,100,0.0,0.0,0.0
2023-01-05 00:00:00-05:00,24.489999771118164,24.520000457763672,24.489999771118164,24.514999389648438,600,0.0,0.0,0.0
2023-01-06 00:00:00-05:00,24.834999084472656,24.950000762939453,24.81999969482422,24.90999984741211,900,0.0,0.0,0.0
2023-01-09 00:00:00-05:00,25.059999465942383,25.100000381469727,25.010000228881836,25.027000427246094,23300,0.0,0.0,0.0
2023-01-10 00:00:00-05:00,25.0,25.0,24.94700050354004,24.94700050354004,1800,0.0,0.0,0.0
2023-01-11 00:00:00-05:00,25.100000381469727,25.15999984741211,25.075000762939453,25.114999771118164,4200,0.0,0.0,0.0
2023-01-12 00:00:00-05:00,25.235000610351562,25.295000076293945,25.235000610351562,25.295000076293945,200,0.0,0.0,0.0
2023-01-13 00:00:00-05:00,25.270000457763672,25.299999237060547,25.270000457763672,25.295000076293945,400,0.0,0.0,0.0
2023-01-17 00:00:00-05:00,25.21500015258789,25.21500015258789,25.21500015258789,25.21500015258789,100,0.0,0.0,0.0
2023-01-18 00:00:00-05:00,25.40999984741211,25.40999984741211,25.22800064086914,25.22800064086914,3100,0.0,0.0,0.0
2023-01-19 00:00:00-05:00,25.1200008392334,25.1200008392334,25.040000915527344,25.049999237060547,900,0.0,0.0,0.0
2023-01-20 00:00:00-05:00,25.030000686645508,25.110000610351562,25.010000228881836,25.110000610351562,2900,0.0,0.0,0.0
2023-01-23 00:00:00-05:00,24.959999084472656,25.049999237060547,24.959999084472656,24.969999313354492,4900,0.0,0.0,0.0
2023-01-24 00:00:00-05:00,24.90999984741211,25.014999389648438,24.899999618530273,25.014999389648438,1100,0.0,0.0,0.0
2023-01-25 00:00:00-05:00,24.93000030517578,25.024999618530273,24.93000030517578,25.024999618530273,19800,0.0,0.0,0.0
2023-01-26 00:00:00-05:00,24.985000610351562,25.059999465942383,24.985000610351562,25.05500030517578,1400,0.0,0.0,0.0
2023-01-27 00:00:00-05:00,25.010000228881836,25.010000228881836,24.98200035095215,24.985000610351562,2400,0.0,0.0,0.0
2023-01-30 00:00:00-05:00,24.8799991607666,24.8799991607666,24.790000915527344,24.790000915527344,2900,0.0,0.0,0.0
2023-01-31 00:00:00-05:00,24.93899917602539,25.05900001525879,24.93899917602539,25.049999237060547,5300,0.0,0.0,0.0
2023-02-01 00:00:00-05:00,25.05900001525879,25.399999618530273,25.040000915527344,25.334999084472656,6800,0.0,0.0,0.0
2023-02-02 00:00:00-05:00,25.524999618530273,25.559999465942383,25.458999633789062,25.489999771118164,5000,0.0,0.0,0.0
2023-02-03 00:00:00-05:00,25.299999237060547,25.360000610351562,25.200000762939453,25.200000762939453,1400,0.0,0.0,0.0
2023-02-06 00:00:00-05:00,25.058000564575195,25.058000564575195,25.0,25.014999389648438,1700,0.0,0.0,0.0
2023-02-07 00:00:00-05:00,25.0,25.13800048828125,24.979999542236328,25.114999771118164,2300,0.0,0.0,0.0
2023-02-08 00:00:00-05:00,25.0049991607666,25.059999465942383,24.93000030517578,25.014999389648438,1400,0.0,0.0,0.0
2023-02-09 00:00:00-05:00,24.979000091552734,24.979999542236328,24.770000457763672,24.770000457763672,1600,0.0,0.0,0.0
2023-02-10 00:00:00-05:00,24.709999084472656,24.709999084472656,24.565000534057617,24.565000534057617,10100,0.0,0.0,0.0
2023-02-13 00:00:00-05:00,24.700000762939453,24.700000762939453,24.652999877929688,24.6560001373291,3800,0.0,0.0,0.0
2023-02-14 00:00:00-05:00,24.600000381469727,24.690000534057617,24.600000381469727,24.639999389648438,2500,0.0,0.0,0.0
2023-02-15 00:00:00-05:00,24.540000915527344,24.649999618530273,24.507999420166016,24.615999221801758,5600,0.0,0.0,0.0
2023-02-16 00:00:00-05:00,24.440000534057617,24.479999542236328,24.389999389648438,24.389999389648438,900,0.0,0.0,0.0
2023-02-17 00:00:00-05:00,24.25,24.510000228881836,24.184999465942383,24.5,11200,0.0,0.0,0.0
2023-02-21 00:00:00-05:00,24.1200008392334,24.1200008392334,23.790000915527344,23.844999313354492,12500,0.0,0.0,0.0
2023-02-22 00:00:00-05:00,24.010000228881836,24.139999389648438,24.010000228881836,24.03499984741211,900,0.0,0.0,0.0
2023-02-23 00:00:00-05:00,24.200000762939453,24.325000762939453,24.149999618530273,24.325000762939453,6800,0.0,0.0,0.0
2023-02-24 00:00:00-05:00,24.079999923706055,24.170000076293945,24.079999923706055,24.170000076293945,800,0.0,0.0,0.0
2023-02-27 00:00:00-05:00,24.239999771118164,24.34000015258789,24.239999771118164,24.309999465942383,1100,0.0,0.0,0.0
2023-02-28 00:00:00-05:00,24.290000915527344,24.290000915527344,24.274999618530273,24.274999618530273,700,0.0,0.0,0.0
2023-03-01 00:00:00-05:00,24.200000762939453,24.204999923706055,24.170000076293945,24.204999923706055,8000,0.0,0.0,0.0
2023-03-02 00:00:00-05:00,24.09000015258789,24.239999771118164,24.09000015258789,24.207000732421875,1400,0.0,0.0,0.0
2023-03-03 00:00:00-05:00,24.320999145507812,24.579999923706055,24.320999145507812,24.530000686645508,1300,0.0,0.0,0.0
2023-03-06 00:00:00-05:00,24.440000534057617,24.610000610351562,24.440000534057617,24.510000228881836,3500,0.0,0.0,0.0
2023-03-07 00:00:00-05:00,24.520999908447266,24.520999908447266,24.34000015258789,24.34000015258789,2500,0.0,0.0,0.0
2023-03-08 00:00:00-05:00,24.34000015258789,24.34000015258789,24.139999389648438,24.190000534057617,1500,0.0,0.0,0.0
2023-03-09 00:00:00-05:00,24.31999969482422,24.31999969482422,23.9950008392334,24.014999389648438,2800,0.0,0.0,0.0
2023-03-10 00:00:00-05:00,24.031999588012695,24.031999588012695,24.031999588012695,24.031999588012695,100,0.0,0.0,0.0
2023-03-13 00:00:00-04:00,24.02899932861328,24.049999237060547,23.96500015258789,23.975000381469727,3300,0.0,0.0,0.0
2023-03-14 00:00:00-04:00,24.209999084472656,24.219999313354492,24.209999084472656,24.219999313354492,1000,0.0,0.0,0.0
2023-03-15 00:00:00-04:00,24.059999465942383,24.128999710083008,24.059999465942383,24.128999710083008,1700,0.0,0.0,0.0
2023-03-16 00:00:00-04:00,24.059999465942383,24.30299949645996,24.059999465942383,24.30299949645996,900,0.0,0.0,0.0
2023-03-17 00:00:00-04:00,24.191999435424805,24.209999084472656,24.174999237060547,24.190000534057617,1800,0.0,0.0,0.0
2023-03-20 00:00:00-04:00,24.049999237060547,24.079999923706055,23.95800018310547,23.95800018310547,400,0.0,0.0,0.0
2023-03-21 00:00:00-04:00,24.295000076293945,24.309999465942383,24.295000076293945,24.298999786376953,800,0.0,0.0,0.0
2023-03-22 00:00:00-04:00,24.260000228881836,24.469999313354492,24.260000228881836,24.336999893188477,700,0.0,0.0,0.0
2023-03-23 00:00:00-04:00,24.489999771118164,24.5,24.25,24.25,1100,0.0,0.0,0.0
2023-03-24 00:00:00-04:00,24.200000762939453,24.235000610351562,24.200000762939453,24.235000610351562,500,0.0,0.0,0.0
2023-03-27 00:00:00-04:00,24.270000457763672,24.270000457763672,24.19499969482422,24.19499969482422,1100,0.0,0.0,0.0
2023-03-28 00:00:00-04:00,24.149999618530273,24.15999984741211,24.149999618530273,24.15999984741211,200,0.0,0.0,0.0
2023-03-29 00:00:00-04:00,24.520000457763672,24.59000015258789,24.520000457763672,24.59000015258789,400,0.0,0.0,0.0
2023-03-30 00:00:00-04:00,24.670000076293945,24.819000244140625,24.6200008392334,24.819000244140625,700,0.0,0.0,0.0
2023-03-31 00:00:00-04:00,25.020000457763672,25.020000457763672,25.020000457763672,25.020000457763672,200,0.0,0.0,0.0
2023-04-03 00:00:00-04:00,25.049999237060547,25.049999237060547,24.975000381469727,25.020000457763672,500,0.0,0.0,0.0
2023-04-04 00:00:00-04:00,25.0,25.0,24.895000457763672,24.895000457763672,1200,0.0,0.0,0.0
2023-04-05 00:00:00-04:00,24.81999969482422,24.90999984741211,24.719999313354492,24.729999542236328,16000,0.0,0.0,0.0
2023-04-06 00:00:00-04:00,24.8799991607666,24.950000762939453,24.860000610351562,24.860000610351562,3100,0.0,0.0,0.0
2023-04-10 00:00:00-04:00,24.7549991607666,24.8799991607666,24.7549991607666,24.827999114990234,6800,0.0,0.0,0.0
2023-04-11 00:00:00-04:00,24.829999923706055,24.90999984741211,24.829999923706055,24.90999984741211,74800,0.0,0.0,0.0
2023-04-12 00:00:00-04:00,25.014999389648438,25.014999389648438,24.899999618530273,24.899999618530273,4100,0.0,0.0,0.0
2023-04-13 00:00:00-04:00,25.118999481201172,25.139999389648438,25.049999237060547,25.089000701904297,3400,0.0,0.0,0.0
2023-04-14 00:00:00-04:00,25.094999313354492,25.094999313354492,24.969999313354492,25.014999389648438,1900,0.0,0.0,0.0
2023-04-17 00:00:00-04:00,24.93000030517578,24.93000030517578,24.860000610351562,24.920000076293945,2200,0.0,0.0,0.0
2023-04-18 00:00:00-04:00,25.01799964904785,25.01799964904785,24.90999984741211,24.959999084472656,1800,0.0,0.0,0.0
2023-04-19 00:00:00-04:00,24.864999771118164,24.8799991607666,24.829999923706055,24.829999923706055,1100,0.0,0.0,0.0
2023-04-20 00:00:00-04:00,24.760000228881836,24.815000534057617,24.760000228881836,24.79599952697754,2100,0.0,0.0,0.0
2023-04-21 00:00:00-04:00,24.850000381469727,24.850000381469727,24.847000122070312,24.847000122070312,1100,0.0,0.0,0.0
2023-04-24 00:00:00-04:00,24.76099967956543,24.81999969482422,24.76099967956543,24.81999969482422,1300,0.0,0.0,0.0
2023-04-25 00:00:00-04:00,24.82900047302246,24.829999923706055,24.76799964904785,24.76799964904785,2400,0.0,0.0,0.0
2023-04-26 00:00:00-04:00,24.700000762939453,24.70199966430664,24.649999618530273,24.649999618530273,3900,0.0,0.0,0.0
2023-04-27 00:00:00-04:00,24.860000610351562,24.860000610351562,24.690000534057617,24.770999908447266,2300,0.0,0.0,0.0
2023-04-28 00:00:00-04:00,24.80500030517578,24.915000915527344,24.80500030517578,24.895000457763672,1600,0.0,0.0,0.0
2023-05-01 00:00:00-04:00,24.780000686645508,24.780000686645508,24.724000930786133,24.724000930786133,800,0.0,0.0,0.0
2023-05-02 00:00:00-04:00,24.729999542236328,24.729999542236328,24.729999542236328,24.729999542236328,100,0.0,0.0,0.0
2023-05-03 00:00:00-04:00,24.795000076293945,24.84000015258789,24.71500015258789,24.71500015258789,1300,0.0,0.0,0.0
2023-05-04 00:00:00-04:00,24.559999465942383,24.639999389648438,24.479999542236328,24.639999389648438,6700,0.0,0.0,0.0
2023-05-05 00:00:00-04:00,24.75,24.827999114990234,24.75,24.790000915527344,1500,0.0,0.0,0.0
2023-05-08 00:00:00-04:00,24.75,24.75,24.68000030517578,24.719999313354492,2000,0.0,0.0,0.0
2023-05-09 00:00:00-04:00,24.65999984741211,24.65999984741211,24.649999618530273,24.652999877929688,2100,0.0,0.0,0.0
2023-05-10 00:00:00-04:00,24.780000686645508,24.839000701904297,24.780000686645508,24.827999114990234,4400,0.0,0.0,0.0
2023-05-11 00:00:00-04:00,24.770000457763672,24.799999237060547,24.770000457763672,24.790000915527344,2100,0.0,0.0,0.0
2023-05-12 00:00:00-04:00,24.760000228881836,24.770000457763672,24.658000946044922,24.670000076293945,1100,0.0,0.0,0.0
2023-05-15 00:00:00-04:00,24.665000915527344,24.68000030517578,24.65999984741211,24.667999267578125,5000,0.0,0.0,0.0
2023-05-16 00:00:00-04:00,24.649999618530273,24.649999618530273,24.3439998626709,24.3439998626709,10700,0.0,0.0,0.0
2023-05-17 00:00:00-04:00,24.43000030517578,24.559999465942383,24.43000030517578,24.485000610351562,1500,0.0,0.0,0.0
2023-05-18 00:00:00-04:00,24.450000762939453,24.549999237060547,24.450000762939453,24.510000228881836,12300,0.0,0.0,0.0
2023-05-19 00:00:00-04:00,24.549999237060547,24.59000015258789,24.535999298095703,24.535999298095703,3300,0.0,0.0,0.0
2023-05-22 00:00:00-04:00,24.531999588012695,24.540000915527344,24.520000457763672,24.524999618530273,1700,0.0,0.0,0.0
2023-05-23 00:00:00-04:00,24.415000915527344,24.420000076293945,24.368999481201172,24.368999481201172,2700,0.0,0.0,0.0
2023-05-24 00:00:00-04:00,24.2189998626709,24.260000228881836,24.1200008392334,24.18400001525879,12500,0.0,0.0,0.0
2023-05-25 00:00:00-04:00,24.190000534057617,24.190000534057617,24.15999984741211,24.15999984741211,300,0.0,0.0,0.0
2023-05-26 00:00:00-04:00,24.316999435424805,24.34000015258789,24.23200035095215,24.34000015258789,700,0.0,0.0,0.0
2023-05-30 00:00:00-04:00,24.409000396728516,24.457000732421875,24.3700008392334,24.457000732421875,500,0.0,0.0,0.0
2023-05-31 00:00:00-04:00,24.315000534057617,24.395000457763672,24.315000534057617,24.395000457763672,600,0.0,0.0,0.0
2023-06-01 00:00:00-04:00,24.540000915527344,24.600000381469727,24.540000915527344,24.575000762939453,2100,0.0,0.0,0.0
2023-06-02 00:00:00-04:00,24.770999908447266,24.770999908447266,24.764999389648438,24.764999389648438,300,0.0,0.0,0.0
2023-06-05 00:00:00-04:00,24.679000854492188,24.690000534057617,24.670000076293945,24.670000076293945,1900,0.0,0.0,0.0
2023-06-06 00:00:00-04:00,24.6200008392334,24.729999542236328,24.6200008392334,24.729999542236328,1200,0.0,0.0,0.0
2023-06-07 00:00:00-04:00,24.757999420166016,24.790000915527344,24.549999237060547,24.562999725341797,1600,0.0,0.0,0.0
2023-06-08 00:00:00-04:00,24.540000915527344,24.735000610351562,24.540000915527344,24.735000610351562,3600,0.0,0.0,0.0
2023-06-09 00:00:00-04:00,24.774999618530273,24.774999618530273,24.753000259399414,24.753000259399414,100,0.0,0.0,0.0
2023-06-12 00:00:00-04:00,24.670000076293945,24.770000457763672,24.670000076293945,24.72100067138672,1400,0.0,0.0,0.0
2023-06-13 00:00:00-04:00,24.79199981689453,24.79199981689453,24.75,24.75,700,0.0,0.0,0.0
2023-06-14 00:00:00-04:00,24.75,24.93000030517578,24.75,24.790000915527344,51400,0.0,0.0,0.0
2023-06-15 00:00:00-04:00,24.739999771118164,24.905000686645508,24.739999771118164,24.905000686645508,900,0.0,0.0,0.0
2023-06-16 00:00:00-04:00,24.860000610351562,24.860000610351562,24.829999923706055,24.829999923706055,1400,0.0,0.0,0.0
2023-06-20 00:00:00-04:00,24.68000030517578,24.68000030517578,24.655000686645508,24.655000686645508,1300,0.0,0.0,0.0
2023-06-21 00:00:00-04:00,24.540000915527344,24.56999969482422,24.53499984741211,24.53499984741211,3100,0.0,0.0,0.0
2023-06-22 00:00:00-04:00,24.48200035095215,24.48200035095215,24.441999435424805,24.450000762939453,1800,0.0,0.0,0.0
2023-06-23 00:00:00-04:00,24.389999389648438,24.389999389648438,24.350000381469727,24.350000381469727,1500,0.0,0.0,0.0
2023-06-26 00:00:00-04:00,24.429000854492188,24.459999084472656,24.40999984741211,24.44499969482422,3800,0.0,0.0,0.0
2023-06-27 00:00:00-04:00,24.5,24.5,24.5,24.5,100,0.0,0.0,0.0
2023-06-28 00:00:00-04:00,24.672000885009766,24.672000885009766,24.672000885009766,24.672000885009766,100,0.0,0.0,0.0
2023-06-29 00:00:00-04:00,24.55900001525879,24.59000015258789,24.540000915527344,24.59000015258789,6000,0.0,0.0,0.0
2023-06-30 00:00:00-04:00,24.73900032043457,24.774999618530273,24.73900032043457,24.774999618530273,1400,0.0,0.0,0.0
2023-07-03 00:00:00-04:00,24.68000030517578,24.690000534057617,24.68000030517578,24.690000534057617,400,0.0,0.0,0.0
2023-07-05 00:00:00-04:00,24.638999938964844,24.638999938964844,24.60300064086914,24.6200008392334,6000,0.0,0.0,0.0
2023-07-06 00:00:00-04:00,24.350000381469727,24.395000457763672,24.350000381469727,24.395000457763672,400,0.0,0.0,0.0
2023-07-07 00:00:00-04:00,24.399999618530273,24.59000015258789,24.3799991607666,24.423999786376953,6000,0.0,0.0,0.0
2023-07-10 00:00:00-04:00,24.56599998474121,24.56599998474121,24.56599998474121,24.56599998474121,0,0.0,0.0,0.0
2023-07-11 00:00:00-04:00,24.6200008392334,24.69499969482422,24.6200008392334,24.69499969482422,1200,0.0,0.0,0.0
2023-07-12 00:00:00-04:00,24.929000854492188,24.954999923706055,24.929000854492188,24.954999923706055,400,0.0,0.0,0.0
2023-07-13 00:00:00-04:00,25.059999465942383,25.110000610351562,25.059999465942383,25.09000015258789,2600,0.0,0.0,0.0
2023-07-14 00:00:00-04:00,24.985000610351562,24.985000610351562,24.864999771118164,24.868000030517578,4800,0.0,0.0,0.0
2023-07-17 00:00:00-04:00,24.929000854492188,24.959999084472656,24.929000854492188,24.94499969482422,300,0.0,0.0,0.0
2023-07-18 00:00:00-04:00,25.0,25.066999435424805,24.979999542236328,25.020000457763672,1900,0.0,0.0,0.0
2023-07-19 00:00:00-04:00,25.100000381469727,25.100000381469727,25.06999969482422,25.06999969482422,400,0.0,0.0,0.0
2023-07-20 00:00:00-04:00,24.989999771118164,24.989999771118164,24.899999618530273,24.93000030517578,1700,0.0,0.0,0.0
2023-07-21 00:00:00-04:00,25.049999237060547,25.049999237060547,25.0049991607666,25.0049991607666,300,0.0,0.0,0.0
2023-07-24 00:00:00-04:00,24.90999984741211,24.950000762939453,24.760000228881836,24.760000228881836,8100,0.0,0.0,0.0
2023-07-25 00:00:00-04:00,24.729999542236328,24.795000076293945,24.729999542236328,24.729999542236328,4500,0.0,0.0,0.0
2023-07-26 00:00:00-04:00,24.75,24.8700008392334,24.75,24.850000381469727,1300,0.0,0.0,0.0
2023-07-27 00:00:00-04:00,24.889999389648438,24.889999389648438,24.600000381469727,24.608999252319336,2800,0.0,0.0,0.0
2023-07-28 00:00:00-04:00,24.72100067138672,24.770000457763672,24.72100067138672,24.759000778198242,3300,0.0,0.0,0.0
