Date,Open,High,Low,Close,Volume,Dividends,Stock Splits
2021-10-21 00:00:00-04:00,25.0,25.0,25.0,25.0,0,0.0,0.0
2021-10-22 00:00:00-04:00,24.269899368286133,24.269899368286133,24.269899368286133,24.269899368286133,0,0.0,0.0
2021-10-25 00:00:00-04:00,25.15999984741211,25.389999389648438,24.913700103759766,24.950000762939453,1267170,0.0,0.0
2021-10-26 00:00:00-04:00,24.835399627685547,24.979999542236328,24.579999923706055,24.639999389648438,1276831,0.0,0.0
2021-10-27 00:00:00-04:00,23.43000030517578,23.600000381469727,23.110000610351562,23.440000534057617,509164,0.0,0.0
2021-10-28 00:00:00-04:00,24.479999542236328,24.56999969482422,23.040000915527344,24.389999389648438,427040,0.0,0.0
2021-10-29 00:00:00-04:00,24.299999237060547,25.049999237060547,24.247499465942383,24.8700008392334,272477,0.0,0.0
2021-11-01 00:00:00-04:00,24.56999969482422,24.639999389648438,23.790000915527344,24.329999923706055,292974,0.0,0.0
2021-11-02 00:00:00-04:00,25.100000381469727,25.489999771118164,24.989999771118164,25.25,460642,0.0,0.0
2021-11-03 00:00:00-04:00,24.75,25.09000015258789,24.110000610351562,24.8700008392334,319576,0.0,0.0
2021-11-04 00:00:00-04:00,24.75,24.75,24.010000228881836,24.229999542236328,391385,0.0,0.0
2021-11-05 00:00:00-04:00,24.399999618530273,24.5,24.02989959716797,24.209999084472656,277355,0.0,0.0
2021-11-08 00:00:00-05:00,25.979999542236328,26.399999618530273,25.85110092163086,26.219999313354492,453994,0.0,0.0
2021-11-09 00:00:00-05:00,26.860000610351562,27.0,26.209999084472656,26.670000076293945,468683,0.0,0.0
2021-11-10 00:00:00-05:00,27.040000915527344,27.270000457763672,25.790000915527344,26.059999465942383,765899,0.0,0.0
2021-11-11 00:00:00-05:00,25.59000015258789,25.940000534057617,25.530000686645508,25.65999984741211,400373,0.0,0.0
2021-11-12 00:00:00-05:00,25.170000076293945,25.420000076293945,24.59000015258789,25.34000015258789,867243,0.0,0.0
2021-11-15 00:00:00-05:00,25.729999542236328,25.760000228881836,25.079999923706055,25.200000762939453,729256,0.0,0.0
2021-11-16 00:00:00-05:00,24.0,24.209999084472656,23.350000381469727,23.530000686645508,636968,0.0,0.0
2021-11-17 00:00:00-05:00,23.780000686645508,23.93000030517578,23.40999984741211,23.850000381469727,428682,0.0,0.0
2021-11-18 00:00:00-05:00,23.280000686645508,23.3700008392334,22.31999969482422,22.8700008392334,689081,0.0,0.0
2021-11-19 00:00:00-05:00,22.799999237060547,23.010000228881836,22.739999771118164,22.799999237060547,337693,0.0,0.0
2021-11-22 00:00:00-05:00,23.010000228881836,23.049999237060547,21.950000762939453,22.0,314106,0.0,0.0
2021-11-23 00:00:00-05:00,22.469999313354492,22.81999969482422,22.329999923706055,22.81999969482422,209803,0.0,0.0
2021-11-24 00:00:00-05:00,22.100000381469727,22.610000610351562,22.0,22.600000381469727,249952,0.0,0.0
2021-11-26 00:00:00-05:00,21.510000228881836,21.510000228881836,21.149999618530273,21.290000915527344,224347,0.0,0.0
2021-11-29 00:00:00-05:00,22.489999771118164,23.149999618530273,22.329999923706055,22.850000381469727,333684,0.0,0.0
2021-11-30 00:00:00-05:00,22.989999771118164,23.31999969482422,22.18000030517578,22.549999237060547,421538,0.0,0.0
2021-12-01 00:00:00-05:00,23.049999237060547,23.260000228881836,22.209999084472656,22.290000915527344,510326,0.0,0.0
2021-12-02 00:00:00-05:00,22.190000534057617,22.540000915527344,21.969999313354492,22.34000015258789,314534,0.0,0.0
2021-12-03 00:00:00-05:00,22.229999542236328,22.25,20.18000030517578,20.899999618530273,853075,0.0,0.0
2021-12-06 00:00:00-05:00,18.940000534057617,19.3700008392334,18.722299575805664,19.1200008392334,713699,0.0,0.0
2021-12-07 00:00:00-05:00,19.989999771118164,20.389999389648438,19.68000030517578,19.780000686645508,210978,0.0,0.0
2021-12-08 00:00:00-05:00,19.729999542236328,20.06999969482422,19.549999237060547,19.8700008392334,397969,0.0,0.0
2021-12-09 00:00:00-05:00,19.229999542236328,19.229999542236328,18.510000228881836,18.629100799560547,523944,0.0,0.0
2021-12-10 00:00:00-05:00,19.40999984741211,19.469999313354492,18.510000228881836,18.969999313354492,492707,0.0,0.0
2021-12-13 00:00:00-05:00,18.75,18.770000457763672,17.8700008392334,18.239999771118164,852886,0.0,0.0
2021-12-14 00:00:00-05:00,18.34000015258789,18.739999771118164,18.15999984741211,18.700000762939453,1104845,0.0,0.0
2021-12-15 00:00:00-05:00,18.65999984741211,19.3799991607666,18.200000762939453,19.270000457763672,786325,0.0,0.0
2021-12-16 00:00:00-05:00,19.06999969482422,19.1200008392334,18.600000381469727,18.729999542236328,438692,0.0,0.0
2021-12-17 00:00:00-05:00,18.219999313354492,18.510000228881836,17.760000228881836,18.040000915527344,179789,0.0,0.0
2021-12-20 00:00:00-05:00,17.850000381469727,18.459999084472656,17.782899856567383,18.389999389648438,445195,0.0,0.0
2021-12-21 00:00:00-05:00,19.059999465942383,19.132999420166016,18.889999389648438,19.0,385267,0.0,0.0
2021-12-22 00:00:00-05:00,19.06999969482422,19.260000228881836,18.969999313354492,19.18000030517578,524295,0.0,0.0
2021-12-23 00:00:00-05:00,19.010000228881836,20.09000015258789,18.959999084472656,19.940000534057617,835683,0.0,0.0
2021-12-27 00:00:00-05:00,20.049999237060547,20.3799991607666,19.920000076293945,20.010000228881836,384919,0.0,0.0
2021-12-28 00:00:00-05:00,19.18000030517578,19.229999542236328,18.5,18.670000076293945,370301,0.0,0.0
2021-12-29 00:00:00-05:00,18.5,18.75,18.350000381469727,18.479999542236328,271952,0.0,0.0
2021-12-30 00:00:00-05:00,18.450000762939453,18.709999084472656,18.3799991607666,18.43000030517578,477286,0.0,0.0
2021-12-31 00:00:00-05:00,18.770000457763672,18.809999465942383,17.81999969482422,17.889999389648438,465818,0.0,0.0
2022-01-03 00:00:00-05:00,18.3799991607666,18.450000762939453,17.829999923706055,17.899999618530273,423375,0.0,0.0
2022-01-04 00:00:00-05:00,18.34000015258789,18.559999465942383,17.739999771118164,18.059999465942383,903576,0.0,0.0
2022-01-05 00:00:00-05:00,18.079999923706055,18.260000228881836,16.989999771118164,17.06999969482422,1357624,0.0,0.0
2022-01-06 00:00:00-05:00,16.690000534057617,16.979999542236328,16.579999923706055,16.860000610351562,1317475,0.0,0.0
2022-01-07 00:00:00-05:00,16.309999465942383,16.43000030517578,15.789999961853027,16.31999969482422,1571060,0.0,0.0
2022-01-10 00:00:00-05:00,15.5,16.40999984741211,15.390000343322754,16.25,1386689,0.0,0.0
2022-01-11 00:00:00-05:00,16.1299991607666,16.81999969482422,16.06999969482422,16.709999084472656,1179379,0.0,0.0
2022-01-12 00:00:00-05:00,17.110000610351562,17.170000076293945,16.899999618530273,17.079999923706055,421042,0.0,0.0
2022-01-13 00:00:00-05:00,17.25,17.31999969482422,16.489999771118164,16.649999618530273,381574,0.0,0.0
2022-01-14 00:00:00-05:00,16.479999542236328,16.920000076293945,16.40999984741211,16.809999465942383,951054,0.0,0.0
2022-01-18 00:00:00-05:00,16.149999618530273,16.290000915527344,16.059999465942383,16.25,432673,0.0,0.0
2022-01-19 00:00:00-05:00,16.469999313354492,16.610000610351562,16.168500900268555,16.200000762939453,724153,0.0,0.0
2022-01-20 00:00:00-05:00,16.540000915527344,16.969999313354492,16.540000915527344,16.6299991607666,1053149,0.0,0.0
2022-01-21 00:00:00-05:00,15.029999732971191,15.199999809265137,14.630000114440918,14.90999984741211,2060341,0.0,0.0
2022-01-24 00:00:00-05:00,13.079999923706055,14.640000343322754,12.9399995803833,14.489999771118164,2418335,0.0,0.0
2022-01-25 00:00:00-05:00,14.270000457763672,14.640000343322754,14.020000457763672,14.380000114440918,2022618,0.0,0.0
2022-01-26 00:00:00-05:00,14.979999542236328,15.142200469970703,14.300000190734863,14.420000076293945,813727,0.0,0.0
2022-01-27 00:00:00-05:00,14.399999618530273,14.489999771118164,13.819999694824219,13.850000381469727,391794,0.0,0.0
2022-01-28 00:00:00-05:00,14.4399995803833,14.759900093078613,14.260000228881836,14.710000038146973,568359,0.0,0.0
2022-01-31 00:00:00-05:00,14.550000190734863,15.100000381469727,14.501899719238281,14.989999771118164,228838,0.0,0.0
2022-02-01 00:00:00-05:00,15.1899995803833,15.289999961853027,14.880000114440918,15.010000228881836,353775,0.0,0.0
2022-02-02 00:00:00-05:00,14.9399995803833,14.9399995803833,14.425000190734863,14.630000114440918,387855,0.0,0.0
2022-02-03 00:00:00-05:00,14.1899995803833,14.449999809265137,14.100000381469727,14.119999885559082,880318,0.0,0.0
2022-02-04 00:00:00-05:00,14.699999809265137,15.9399995803833,14.619999885559082,15.829999923706055,2047451,0.0,0.0
2022-02-07 00:00:00-05:00,16.75,17.3700008392334,16.670000076293945,17.219999313354492,1056807,0.0,0.0
2022-02-08 00:00:00-05:00,17.020000457763672,17.290000915527344,16.68000030517578,17.270000457763672,645773,0.0,0.0
2022-02-09 00:00:00-05:00,17.18000030517578,17.489999771118164,17.049999237060547,17.479999542236328,896765,0.0,0.0
2022-02-10 00:00:00-05:00,16.969999313354492,17.860000610351562,16.969999313354492,17.209999084472656,2444177,0.0,0.0
2022-02-11 00:00:00-05:00,17.020000457763672,17.149999618530273,16.389999389648438,16.530000686645508,2498380,0.0,0.0
2022-02-14 00:00:00-05:00,16.639999389648438,16.709999084472656,16.299999237060547,16.440000534057617,1415782,0.0,0.0
2022-02-15 00:00:00-05:00,17.260000228881836,17.3700008392334,17.100000381469727,17.209999084472656,724451,0.0,0.0
2022-02-16 00:00:00-05:00,17.010000228881836,17.299999237060547,16.8799991607666,17.209999084472656,815153,0.0,0.0
2022-02-17 00:00:00-05:00,16.43000030517578,16.469999313354492,15.899999618530273,15.930000305175781,411089,0.0,0.0
2022-02-18 00:00:00-05:00,15.739999771118164,15.890000343322754,15.390000343322754,15.569999694824219,530970,0.0,0.0
2022-02-22 00:00:00-05:00,14.630000114440918,14.920000076293945,14.5600004196167,14.760000228881836,450001,0.0,0.0
2022-02-23 00:00:00-05:00,15.170000076293945,15.1899995803833,14.550000190734863,14.65999984741211,230763,0.0,0.0
2022-02-24 00:00:00-05:00,13.75,15.4399995803833,13.710000038146973,14.930000305175781,410356,0.0,0.0
2022-02-25 00:00:00-05:00,15.270000457763672,15.40999984741211,15.0,15.210000038146973,637749,0.0,0.0
2022-02-28 00:00:00-05:00,15.199999809265137,16.360000610351562,15.199999809265137,16.34000015258789,880105,0.0,0.0
2022-03-01 00:00:00-05:00,17.329999923706055,17.3799991607666,16.860000610351562,17.200000762939453,1025667,0.0,0.0
2022-03-02 00:00:00-05:00,17.09000015258789,17.68000030517578,16.950000762939453,17.100000381469727,1026828,0.0,0.0
2022-03-03 00:00:00-05:00,17.09000015258789,17.1200008392334,16.280000686645508,16.3799991607666,962756,0.0,0.0
2022-03-04 00:00:00-05:00,16.100000381469727,16.15999984741211,15.210000038146973,15.369999885559082,713628,0.0,0.0
2022-03-07 00:00:00-05:00,15.239999771118164,15.369999885559082,14.470000267028809,14.600000381469727,598221,0.0,0.0
2022-03-08 00:00:00-05:00,15.079999923706055,15.329999923706055,14.84000015258789,14.970000267028809,550349,0.0,0.0
2022-03-09 00:00:00-05:00,16.440000534057617,16.610000610351562,16.270000457763672,16.31999969482422,389418,0.0,0.0
2022-03-10 00:00:00-05:00,15.229999542236328,15.4399995803833,15.119999885559082,15.40999984741211,199027,0.0,0.0
2022-03-11 00:00:00-05:00,15.329999923706055,15.420000076293945,14.880000114440918,14.899999618530273,252812,0.0,0.0
2022-03-14 00:00:00-04:00,15.09000015258789,15.242199897766113,14.9399995803833,15.096699714660645,163788,0.0,0.0
2022-03-15 00:00:00-04:00,15.100000381469727,15.510000228881836,14.979999542236328,15.470000267028809,165824,0.0,0.0
2022-03-16 00:00:00-04:00,15.720000267028809,16.040000915527344,15.350000381469727,15.9399995803833,528106,0.0,0.0
2022-03-17 00:00:00-04:00,15.960000038146973,16.030000686645508,15.84000015258789,15.90999984741211,195911,0.0,0.0
2022-03-18 00:00:00-04:00,15.720000267028809,16.389999389648438,15.720000267028809,16.3700008392334,208931,0.0,0.0
2022-03-21 00:00:00-04:00,16.100000381469727,16.18000030517578,15.843000411987305,16.020000457763672,158161,0.0,0.0
2022-03-22 00:00:00-04:00,16.700000762939453,16.84000015258789,16.469999313354492,16.479999542236328,147554,0.0,0.0
2022-03-23 00:00:00-04:00,16.440000534057617,16.655000686645508,16.329999923706055,16.420000076293945,125269,0.0,0.0
2022-03-24 00:00:00-04:00,16.68000030517578,17.25,16.639999389648438,17.110000610351562,137318,0.0,0.0
2022-03-25 00:00:00-04:00,17.479999542236328,17.600000381469727,17.149999618530273,17.309999465942383,107086,0.0,0.0
2022-03-28 00:00:00-04:00,18.450000762939453,18.780000686645508,18.440000534057617,18.700000762939453,209894,0.0,0.0
2022-03-29 00:00:00-04:00,18.6200008392334,18.729999542236328,18.38279914855957,18.56999969482422,128496,0.0,0.0
2022-03-30 00:00:00-04:00,18.3700008392334,18.59000015258789,18.229999542236328,18.299999237060547,77058,0.0,0.0
2022-03-31 00:00:00-04:00,18.3799991607666,18.3799991607666,17.698999404907227,17.700000762939453,141323,0.0,0.0
2022-04-01 00:00:00-04:00,17.639999389648438,18.17729949951172,17.6200008392334,18.030000686645508,110560,0.0,0.0
2022-04-04 00:00:00-04:00,17.899999618530273,18.020000457763672,17.549999237060547,17.850000381469727,70547,0.0,0.0
2022-04-05 00:00:00-04:00,18.040000915527344,18.09000015258789,17.649999618530273,17.8700008392334,101129,0.0,0.0
2022-04-06 00:00:00-04:00,17.40999984741211,17.450000762939453,16.809999465942383,16.969999313354492,140295,0.0,0.0
2022-04-07 00:00:00-04:00,16.81999969482422,16.979999542236328,16.700000762939453,16.81999969482422,62234,0.0,0.0
2022-04-08 00:00:00-04:00,16.6299991607666,17.06999969482422,16.450000762939453,16.56999969482422,78316,0.0,0.0
2022-04-11 00:00:00-04:00,15.859999656677246,15.970000267028809,15.418899536132812,15.489999771118164,109486,0.0,0.0
2022-04-12 00:00:00-04:00,15.699999809265137,15.699999809265137,15.199999809265137,15.199999809265137,80142,0.0,0.0
2022-04-13 00:00:00-04:00,15.430000305175781,16.079999923706055,15.420000076293945,15.930000305175781,117734,0.0,0.0
2022-04-14 00:00:00-04:00,15.970000267028809,16.0,15.380000114440918,15.430000305175781,92572,0.0,0.0
2022-04-18 00:00:00-04:00,15.270000457763672,15.920000076293945,15.149999618530273,15.760000228881836,116634,0.0,0.0
2022-04-19 00:00:00-04:00,15.920000076293945,16.15999984741211,15.869999885559082,16.06999969482422,81141,0.0,0.0
2022-04-20 00:00:00-04:00,16.31999969482422,16.31999969482422,15.845000267028809,15.989999771118164,143723,0.0,0.0
2022-04-21 00:00:00-04:00,16.6299991607666,16.65999984741211,15.960000038146973,15.979999542236328,199630,0.0,0.0
2022-04-22 00:00:00-04:00,15.6899995803833,15.729999542236328,15.1899995803833,15.288399696350098,107413,0.0,0.0
2022-04-25 00:00:00-04:00,15.029999732971191,15.640000343322754,14.979999542236328,15.585000038146973,134574,0.0,0.0
2022-04-26 00:00:00-04:00,15.569999694824219,15.569999694824219,14.699999809265137,14.800000190734863,246455,0.0,0.0
2022-04-27 00:00:00-04:00,15.079999923706055,15.262999534606934,14.880000114440918,15.039999961853027,77826,0.0,0.0
2022-04-28 00:00:00-04:00,15.260000228881836,15.609999656677246,15.0600004196167,15.470000267028809,178828,0.0,0.0
2022-04-29 00:00:00-04:00,15.109999656677246,15.25,14.729999542236328,14.800000190734863,121392,0.0,0.0
2022-05-02 00:00:00-04:00,14.979999542236328,15.119999885559082,14.699999809265137,14.890000343322754,240761,0.0,0.0
2022-05-03 00:00:00-04:00,14.800000190734863,14.859999656677246,14.479999542236328,14.539999961853027,127654,0.0,0.0
2022-05-04 00:00:00-04:00,15.100000381469727,15.479999542236328,14.9399995803833,15.420000076293945,253329,0.0,0.0
2022-05-05 00:00:00-04:00,15.229999542236328,15.229999542236328,13.730999946594238,14.010000228881836,384450,0.0,0.0
2022-05-06 00:00:00-04:00,13.890000343322754,14.029999732971191,13.640000343322754,13.890000343322754,114020,0.0,0.0
2022-05-09 00:00:00-04:00,12.649999618530273,12.899999618530273,11.739999771118164,11.930000305175781,442275,0.0,0.0
2022-05-10 00:00:00-04:00,12.40999984741211,12.489999771118164,11.90999984741211,12.100000381469727,197938,0.0,0.0
2022-05-11 00:00:00-04:00,11.520000457763672,12.319999694824219,11.25,11.300000190734863,1101373,0.0,0.0
2022-05-12 00:00:00-04:00,11.010000228881836,11.520000457763672,10.710000038146973,11.039999961853027,1154042,0.0,0.0
2022-05-13 00:00:00-04:00,11.800000190734863,11.979999542236328,11.390000343322754,11.609999656677246,190297,0.0,0.0
2022-05-16 00:00:00-04:00,11.520000457763672,11.5600004196167,11.229999542236328,11.390000343322754,73806,0.0,0.0
2022-05-17 00:00:00-04:00,11.800000190734863,11.858799934387207,11.390000343322754,11.609999656677246,262922,0.0,0.0
2022-05-18 00:00:00-04:00,11.390000343322754,11.40999984741211,11.100000381469727,11.279999732971191,152766,0.0,0.0
2022-05-19 00:00:00-04:00,11.449999809265137,11.789999961853027,11.34000015258789,11.569999694824219,236830,0.0,0.0
2022-05-20 00:00:00-04:00,11.710000038146973,11.729999542236328,11.079999923706055,11.3100004196167,203132,0.0,0.0
2022-05-23 00:00:00-04:00,11.739999771118164,11.79010009765625,11.210000038146973,11.220000267028809,71715,0.0,0.0
2022-05-24 00:00:00-04:00,11.289999961853027,11.4399995803833,11.050000190734863,11.350000381469727,682169,0.0,0.0
2022-05-25 00:00:00-04:00,11.380000114440918,11.59000015258789,11.380000114440918,11.420000076293945,112203,0.0,0.0
2022-05-26 00:00:00-04:00,10.880000114440918,11.470000267028809,10.880000114440918,11.34000015258789,98901,0.0,0.0
2022-05-27 00:00:00-04:00,11.229999542236328,11.319999694824219,10.880000114440918,11.119999885559082,163852,0.0,0.0
2022-05-31 00:00:00-04:00,12.329999923706055,12.510000228881836,12.069999694824219,12.220000267028809,268179,0.0,0.0
2022-06-01 00:00:00-04:00,12.300000190734863,12.3100004196167,11.539999961853027,11.600000381469727,213492,0.0,0.0
2022-06-02 00:00:00-04:00,11.520000457763672,11.739999771118164,11.463299751281738,11.699999809265137,238039,0.0,0.0
2022-06-03 00:00:00-04:00,11.399999618530273,11.460000038146973,11.270000457763672,11.399999618530273,110108,0.0,0.0
2022-06-06 00:00:00-04:00,12.149999618530273,12.250399589538574,11.993000030517578,12.149999618530273,110223,0.0,0.0
2022-06-07 00:00:00-04:00,11.40999984741211,12.100000381469727,11.34000015258789,12.010000228881836,132688,0.0,0.0
2022-06-08 00:00:00-04:00,11.699999809265137,11.880000114440918,11.539999961853027,11.619999885559082,122646,0.0,0.0
2022-06-09 00:00:00-04:00,11.619999885559082,11.729999542236328,11.550000190734863,11.569999694824219,66595,0.0,0.0
2022-06-10 00:00:00-04:00,11.350000381469727,11.430000305175781,11.119999885559082,11.170000076293945,87690,0.0,0.0
2022-06-13 00:00:00-04:00,9.010000228881836,9.319999694824219,8.6899995803833,8.920000076293945,501157,0.0,0.0
2022-06-14 00:00:00-04:00,8.670000076293945,8.75,8.479299545288086,8.543100357055664,139724,0.0,0.0
2022-06-15 00:00:00-04:00,8.239999771118164,8.609999656677246,7.800000190734863,8.319999694824219,659624,0.0,0.0
2022-06-16 00:00:00-04:00,8.170000076293945,8.25,7.989999771118164,8.029999732971191,446443,0.0,0.0
2022-06-17 00:00:00-04:00,7.940000057220459,8.045000076293945,7.840000152587891,7.892199993133545,138792,0.0,0.0
2022-06-21 00:00:00-04:00,8.149999618530273,8.350000381469727,8.039999961853027,8.050000190734863,448460,0.0,0.0
2022-06-22 00:00:00-04:00,7.929999828338623,8.039999961853027,7.650000095367432,7.75,697303,0.0,0.0
2022-06-23 00:00:00-04:00,7.940000057220459,8.069999694824219,7.797299861907959,8.050000190734863,122972,0.0,0.0
2022-06-24 00:00:00-04:00,8.170000076293945,8.239999771118164,8.024399757385254,8.1899995803833,303493,0.0,0.0
2022-06-27 00:00:00-04:00,8.15999984741211,8.180000305175781,7.869999885559082,8.029999732971191,371265,0.0,0.0
2022-06-28 00:00:00-04:00,8.079999923706055,8.130000114440918,7.760000228881836,7.769999980926514,266352,0.0,0.0
2022-06-29 00:00:00-04:00,7.730000019073486,7.789999961853027,7.639999866485596,7.772500038146973,285783,0.0,0.0
2022-06-30 00:00:00-04:00,7.389999866485596,7.389999866485596,7.195000171661377,7.239999771118164,356633,0.0,0.0
2022-07-01 00:00:00-04:00,7.400000095367432,7.539999961853027,7.369999885559082,7.440000057220459,314437,0.0,0.0
2022-07-05 00:00:00-04:00,7.440000057220459,7.885000228881836,7.420000076293945,7.869999885559082,237504,0.0,0.0
2022-07-06 00:00:00-04:00,7.760000228881836,7.869999885559082,7.710000038146973,7.809999942779541,208357,0.0,0.0
2022-07-07 00:00:00-04:00,7.849999904632568,8.420000076293945,7.840000152587891,8.406299591064453,287035,0.0,0.0
2022-07-08 00:00:00-04:00,8.239999771118164,8.510000228881836,8.15999984741211,8.390000343322754,198078,0.0,0.0
2022-07-11 00:00:00-04:00,7.900000095367432,7.96999979019165,7.800000190734863,7.880000114440918,190597,0.0,0.0
2022-07-12 00:00:00-04:00,7.639999866485596,7.690000057220459,7.400000095367432,7.440000057220459,194794,0.0,0.0
2022-07-13 00:00:00-04:00,7.320000171661377,7.690000057220459,7.269999980926514,7.559999942779541,804321,0.0,0.0
2022-07-14 00:00:00-04:00,7.570000171661377,8.029999732971191,7.550000190734863,7.949999809265137,251790,0.0,0.0
2022-07-15 00:00:00-04:00,8.0600004196167,8.170000076293945,7.949999809265137,8.149999618530273,331399,0.0,0.0
2022-07-18 00:00:00-04:00,8.5600004196167,8.760000228881836,8.241399765014648,8.319999694824219,574422,0.0,0.0
2022-07-19 00:00:00-04:00,8.59000015258789,9.119999885559082,8.5,9.020000457763672,642395,0.0,0.0
2022-07-20 00:00:00-04:00,9.199999809265137,9.34000015258789,9.050000190734863,9.130000114440918,527587,0.0,0.0
2022-07-21 00:00:00-04:00,8.739999771118164,8.960000038146973,8.619099617004395,8.9399995803833,669161,0.0,0.0
2022-07-22 00:00:00-04:00,9.079999923706055,9.149999618530273,8.680000305175781,8.710000038146973,206555,0.0,0.0
2022-07-25 00:00:00-04:00,8.460000038146973,8.470000267028809,8.319999694824219,8.430000305175781,321317,0.0,0.0
2022-07-26 00:00:00-04:00,8.0600004196167,8.119999885559082,7.980000019073486,8.039999961853027,285736,0.0,0.0
2022-07-27 00:00:00-04:00,8.220000267028809,8.899999618530273,8.194999694824219,8.779999732971191,341945,0.0,0.0
2022-07-28 00:00:00-04:00,8.90999984741211,9.260000228881836,8.779999732971191,9.180000305175781,195890,0.0,0.0
2022-07-29 00:00:00-04:00,9.100000381469727,9.35990047454834,9.039999961853027,9.210000038146973,464587,0.0,0.0
2022-08-01 00:00:00-04:00,8.899999618530273,9.0600004196167,8.800000190734863,8.829999923706055,390394,0.0,0.0
2022-08-02 00:00:00-04:00,8.779999732971191,9.020000457763672,8.720000267028809,8.829999923706055,260022,0.0,0.0
2022-08-03 00:00:00-04:00,8.949999809265137,9.0649995803833,8.9399995803833,9.039999961853027,110125,0.0,0.0
2022-08-04 00:00:00-04:00,8.819999694824219,8.899999618530273,8.609999656677246,8.619999885559082,154667,0.0,0.0
2022-08-05 00:00:00-04:00,8.850000381469727,8.989999771118164,8.73550033569336,8.8100004196167,127700,0.0,0.0
2022-08-08 00:00:00-04:00,9.260000228881836,9.329999923706055,9.15999984741211,9.199999809265137,313141,0.0,0.0
2022-08-09 00:00:00-04:00,8.9399995803833,8.960000038146973,8.779999732971191,8.84000015258789,297379,0.0,0.0
2022-08-10 00:00:00-04:00,9.300000190734863,9.300000190734863,9.045000076293945,9.079999923706055,126307,0.0,0.0
2022-08-11 00:00:00-04:00,9.475000381469727,9.579999923706055,9.260000228881836,9.319999694824219,101870,0.0,0.0
2022-08-12 00:00:00-04:00,9.15999984741211,9.329999923706055,9.109999656677246,9.300000190734863,110143,0.0,0.0
2022-08-15 00:00:00-04:00,9.279999732971191,9.329999923706055,9.210000038146973,9.220000267028809,111929,0.0,0.0
2022-08-16 00:00:00-04:00,9.199999809265137,9.234999656677246,9.079999923706055,9.199999809265137,132841,0.0,0.0
2022-08-17 00:00:00-04:00,9.069999694824219,9.079999923706055,8.90999984741211,8.920000076293945,220461,0.0,0.0
2022-08-18 00:00:00-04:00,9.020000457763672,9.020000457763672,8.920000076293945,8.960000038146973,151079,0.0,0.0
2022-08-19 00:00:00-04:00,8.239999771118164,8.27239990234375,8.085000038146973,8.149999618530273,307304,0.0,0.0
2022-08-22 00:00:00-04:00,8.109999656677246,8.229999542236328,8.024999618530273,8.050000190734863,198590,0.0,0.0
2022-08-23 00:00:00-04:00,8.210000038146973,8.3100004196167,8.1899995803833,8.25,449646,0.0,0.0
2022-08-24 00:00:00-04:00,8.220000267028809,8.390000343322754,8.199999809265137,8.329999923706055,264009,0.0,0.0
2022-08-25 00:00:00-04:00,8.270000457763672,8.34000015258789,8.199999809265137,8.279999732971191,222817,0.0,0.0
2022-08-26 00:00:00-04:00,8.359999656677246,8.359999656677246,7.820000171661377,7.840000152587891,744138,0.0,0.0
2022-08-29 00:00:00-04:00,7.630000114440918,7.800000190734863,7.619999885559082,7.690000057220459,227954,0.0,0.0
2022-08-30 00:00:00-04:00,7.789999961853027,7.829999923706055,7.449999809265137,7.599999904632568,229318,0.0,0.0
2022-08-31 00:00:00-04:00,7.760000228881836,7.820000171661377,7.585000038146973,7.711100101470947,204297,0.0,0.0
2022-09-01 00:00:00-04:00,7.619999885559082,7.659999847412109,7.440000057220459,7.570000171661377,360011,0.0,0.0
2022-09-02 00:00:00-04:00,7.78000020980835,7.840000152587891,7.525000095367432,7.603899955749512,371305,0.0,0.0
2022-09-06 00:00:00-04:00,7.579999923706055,7.599999904632568,7.150000095367432,7.170000076293945,317774,0.0,0.0
2022-09-07 00:00:00-04:00,7.199999809265137,7.349999904632568,7.190000057220459,7.28000020980835,302825,0.0,0.0
2022-09-08 00:00:00-04:00,7.320000171661377,7.420000076293945,7.289999961853027,7.409999847412109,169746,0.0,0.0
2022-09-09 00:00:00-04:00,8.0600004196167,8.260000228881836,8.0600004196167,8.210000038146973,230747,0.0,0.0
2022-09-12 00:00:00-04:00,8.600000381469727,8.649999618530273,8.479999542236328,8.640000343322754,164342,0.0,0.0
2022-09-13 00:00:00-04:00,8.210000038146973,8.260000228881836,7.710000038146973,7.800000190734863,466236,0.0,0.0
2022-09-14 00:00:00-04:00,7.820000171661377,7.820000171661377,7.539999961853027,7.659999847412109,226572,0.0,0.0
2022-09-15 00:00:00-04:00,7.679999828338623,7.75,7.5,7.590000152587891,164014,0.0,0.0
2022-09-16 00:00:00-04:00,7.579999923706055,7.590000152587891,7.420000076293945,7.53000020980835,214782,0.0,0.0
2022-09-19 00:00:00-04:00,7.199999809265137,7.500100135803223,7.199999809265137,7.489999771118164,100745,0.0,0.0
2022-09-20 00:00:00-04:00,7.239999771118164,7.409999847412109,7.190000057220459,7.289999961853027,79411,0.0,0.0
2022-09-21 00:00:00-04:00,7.409999847412109,7.639999866485596,7.179999828338623,7.308700084686279,431717,0.0,0.0
2022-09-22 00:00:00-04:00,7.329999923706055,7.489999771118164,7.21999979019165,7.409999847412109,345065,0.0,0.0
2022-09-23 00:00:00-04:00,7.300000190734863,7.300000190734863,7.119999885559082,7.210000038146973,87877,0.0,0.0
2022-09-26 00:00:00-04:00,7.329999923706055,7.400000095367432,7.300000190734863,7.374899864196777,63530,0.0,0.0
2022-09-27 00:00:00-04:00,7.730000019073486,7.828199863433838,7.239999771118164,7.327400207519531,402759,0.0,0.0
2022-09-28 00:00:00-04:00,7.34499979019165,7.550000190734863,7.329999923706055,7.524199962615967,27362,0.0,0.0
2022-09-29 00:00:00-04:00,7.409999847412109,7.490600109100342,7.25,7.472700119018555,611930,0.0,0.0
2022-09-30 00:00:00-04:00,7.400000095367432,7.775000095367432,7.389999866485596,7.489999771118164,135212,0.0,0.0
2022-10-03 00:00:00-04:00,7.389999866485596,7.579999923706055,7.335000038146973,7.519999980926514,294340,0.0,0.0
2022-10-04 00:00:00-04:00,7.710000038146973,7.829999923706055,7.675000190734863,7.820000171661377,171092,0.0,0.0
2022-10-05 00:00:00-04:00,7.679999828338623,7.844200134277344,7.619999885559082,7.769999980926514,294803,0.0,0.0
2022-10-06 00:00:00-04:00,7.75,7.840000152587891,7.659999847412109,7.710000038146973,165663,0.0,0.0
2022-10-07 00:00:00-04:00,7.539999961853027,7.559999942779541,7.429999828338623,7.46999979019165,336817,0.0,0.0
2022-10-10 00:00:00-04:00,7.449999809265137,7.460000038146973,7.329999923706055,7.360000133514404,75817,0.0,0.0
2022-10-11 00:00:00-04:00,7.329999923706055,7.375,7.239999771118164,7.286600112915039,118370,0.0,0.0
2022-10-12 00:00:00-04:00,7.329999923706055,7.369999885559082,7.315000057220459,7.360000133514404,210787,0.0,0.0
2022-10-13 00:00:00-04:00,7.0,7.519999980926514,6.989999771118164,7.460000038146973,550054,0.0,0.0
2022-10-14 00:00:00-04:00,7.599999904632568,7.610000133514404,7.360000133514404,7.369900226593018,520061,0.0,0.0
2022-10-17 00:00:00-04:00,7.539999961853027,7.579999923706055,7.489999771118164,7.519999980926514,114600,0.0,0.0
2022-10-18 00:00:00-04:00,7.590000152587891,7.590000152587891,7.34499979019165,7.389999866485596,84797,0.0,0.0
2022-10-19 00:00:00-04:00,7.369999885559082,7.434999942779541,7.34499979019165,7.400000095367432,65530,0.0,0.0
2022-10-20 00:00:00-04:00,7.375,7.449900150299072,7.303500175476074,7.335000038146973,66080,0.0,0.0
2022-10-21 00:00:00-04:00,7.300000190734863,7.409999847412109,7.269999980926514,7.394999980926514,348095,0.0,0.0
2022-10-24 00:00:00-04:00,7.449999809265137,7.480000019073486,7.377699851989746,7.454999923706055,78158,0.0,0.0
2022-10-25 00:00:00-04:00,7.480000019073486,7.869999885559082,7.46999979019165,7.820000171661377,282663,0.0,0.0
2022-10-26 00:00:00-04:00,7.900000095367432,8.109999656677246,7.860000133514404,8.015000343322754,133078,0.0,0.0
2022-10-27 00:00:00-04:00,8.0,8.010000228881836,7.889999866485596,7.96999979019165,78107,0.0,0.0
2022-10-28 00:00:00-04:00,7.840000152587891,7.994999885559082,7.8333001136779785,7.949999809265137,150073,0.0,0.0
2022-10-31 00:00:00-04:00,7.96999979019165,7.980000019073486,7.804999828338623,7.840000152587891,203888,0.0,0.0
2022-11-01 00:00:00-04:00,7.900000095367432,7.909999847412109,7.829999923706055,7.880000114440918,47573,0.0,0.0
2022-11-02 00:00:00-04:00,7.860000133514404,8.024999618530273,7.739999771118164,7.789999961853027,559106,0.0,0.0
2022-11-03 00:00:00-04:00,7.760000228881836,7.829999923706055,7.75,7.809999942779541,55543,0.0,0.0
2022-11-04 00:00:00-04:00,8.050000190734863,8.210000038146973,7.96999979019165,8.15999984741211,73997,0.0,0.0
2022-11-07 00:00:00-05:00,7.989999771118164,8.045000076293945,7.949999809265137,8.020000457763672,221401,0.0,0.0
2022-11-08 00:00:00-05:00,7.539999961853027,7.949999809265137,6.489999771118164,6.940000057220459,1877423,0.0,0.0
2022-11-09 00:00:00-05:00,6.670000076293945,6.789999961853027,5.989999771118164,6.0,1777091,0.0,0.0
2022-11-10 00:00:00-05:00,6.420000076293945,6.894999980926514,6.239999771118164,6.820000171661377,2125467,0.0,0.0
2022-11-11 00:00:00-05:00,6.090000152587891,6.369999885559082,6.090000152587891,6.130000114440918,564813,0.0,0.0
2022-11-14 00:00:00-05:00,6.230000019073486,6.28000020980835,6.099999904632568,6.150000095367432,308168,0.0,0.0
2022-11-15 00:00:00-05:00,6.440000057220459,6.5,6.309999942779541,6.420000076293945,347454,0.0,0.0
2022-11-16 00:00:00-05:00,6.239999771118164,6.28000020980835,6.170000076293945,6.269999980926514,358530,0.0,0.0
2022-11-17 00:00:00-05:00,6.239999771118164,6.400000095367432,6.239999771118164,6.360000133514404,244593,0.0,0.0
2022-11-18 00:00:00-05:00,6.400000095367432,6.400000095367432,6.309999942779541,6.364999771118164,147780,0.0,0.0
2022-11-21 00:00:00-05:00,6.210000038146973,6.25,5.96999979019165,6.019999980926514,423427,0.0,0.0
2022-11-22 00:00:00-05:00,6.159999847412109,6.239999771118164,6.130000114440918,6.179999828338623,101472,0.0,0.0
2022-11-23 00:00:00-05:00,6.269999980926514,6.420000076293945,6.25,6.409999847412109,101471,0.0,0.0
2022-11-25 00:00:00-05:00,6.369999885559082,6.429999828338623,6.360000133514404,6.429999828338623,42257,0.0,0.0
2022-11-28 00:00:00-05:00,6.260000228881836,6.324999809265137,6.175000190734863,6.289999961853027,75540,0.0,0.0
2022-11-29 00:00:00-05:00,6.360000133514404,6.420000076293945,6.329999923706055,6.420000076293945,115589,0.0,0.0
2022-11-30 00:00:00-05:00,6.559999942779541,6.75,6.53000020980835,6.730000019073486,305723,0.0,0.0
2022-12-01 00:00:00-05:00,6.659999847412109,6.739999771118164,6.610000133514404,6.619999885559082,71891,0.0,0.0
2022-12-02 00:00:00-05:00,6.630000114440918,6.699999809265137,6.630000114440918,6.690000057220459,50993,0.0,0.0
2022-12-05 00:00:00-05:00,6.760000228881836,6.78000020980835,6.619999885559082,6.635000228881836,103395,0.0,0.0
2022-12-06 00:00:00-05:00,6.679999828338623,6.699999809265137,6.635000228881836,6.670000076293945,52313,0.0,0.0
2022-12-07 00:00:00-05:00,6.630000114440918,6.639999866485596,6.579999923706055,6.590000152587891,74204,0.0,0.0
2022-12-08 00:00:00-05:00,6.610000133514404,6.815000057220459,6.610000133514404,6.769999980926514,52988,0.0,0.0
2022-12-09 00:00:00-05:00,6.730000019073486,6.78000020980835,6.71999979019165,6.71999979019165,84596,0.0,0.0
2022-12-12 00:00:00-05:00,6.710000038146973,6.75,6.684999942779541,6.75,41178,0.0,0.0
2022-12-13 00:00:00-05:00,7.079999923706055,7.079999923706055,6.949999809265137,7.000999927520752,102289,0.0,0.0
2022-12-14 00:00:00-05:00,7.090000152587891,7.25,6.974999904632568,7.019999980926514,191753,0.0,0.0
2022-12-15 00:00:00-05:00,6.909999847412109,6.920000076293945,6.820000171661377,6.861700057983398,57782,0.0,0.0
2022-12-16 00:00:00-05:00,6.699999809265137,6.71999979019165,6.589099884033203,6.610000133514404,48701,0.0,0.0
2022-12-19 00:00:00-05:00,6.570000171661377,6.590000152587891,6.4791998863220215,6.489999771118164,147565,0.0,0.0
2022-12-20 00:00:00-05:00,6.590000152587891,6.695000171661377,6.584400177001953,6.639999866485596,53373,0.0,0.0
2022-12-21 00:00:00-05:00,6.630000114440918,6.650000095367432,6.579999923706055,6.599999904632568,86366,0.0,0.0
2022-12-22 00:00:00-05:00,6.579999923706055,6.619999885559082,6.503900051116943,6.599999904632568,55125,0.0,0.0
2022-12-23 00:00:00-05:00,6.599999904632568,6.650000095367432,6.599999904632568,6.619999885559082,44846,0.0,0.0
2022-12-27 00:00:00-05:00,6.610000133514404,6.630000114440918,6.519999980926514,6.545000076293945,114741,0.0,0.0
2022-12-28 00:00:00-05:00,6.550000190734863,6.599999904632568,6.502099990844727,6.53000020980835,39748,0.0,0.0
2022-12-29 00:00:00-05:00,6.53000020980835,6.560100078582764,6.53000020980835,6.53000020980835,53302,0.0,0.0
2022-12-30 00:00:00-05:00,6.5,6.610000133514404,6.420000076293945,6.610000133514404,172612,0.0,0.0
2023-01-03 00:00:00-05:00,6.679999828338623,6.679999828338623,6.59499979019165,6.623000144958496,45886,0.0,0.0
2023-01-04 00:00:00-05:00,6.690000057220459,6.78000020980835,6.679999828338623,6.690899848937988,45962,0.0,0.0
2023-01-05 00:00:00-05:00,6.699999809265137,6.7382001876831055,6.670100212097168,6.715799808502197,43174,0.0,0.0
2023-01-06 00:00:00-05:00,6.670000076293945,6.809999942779541,6.65500020980835,6.739999771118164,59852,0.0,0.0
2023-01-09 00:00:00-05:00,6.880000114440918,6.950099945068359,6.860000133514404,6.869999885559082,95431,0.0,0.0
2023-01-10 00:00:00-05:00,6.909999847412109,6.989999771118164,6.889999866485596,6.988100051879883,46551,0.0,0.0
2023-01-11 00:00:00-05:00,6.949999809265137,7.025000095367432,6.914999961853027,7.019999980926514,36106,0.0,0.0
2023-01-12 00:00:00-05:00,7.269999980926514,7.650000095367432,7.179999828338623,7.639999866485596,330007,0.0,0.0
2023-01-13 00:00:00-05:00,7.590000152587891,7.809999942779541,7.579999923706055,7.800000190734863,96405,0.0,0.0
2023-01-17 00:00:00-05:00,8.520000457763672,8.579999923706055,8.430999755859375,8.555000305175781,243204,0.0,0.0
2023-01-18 00:00:00-05:00,8.600000381469727,8.629899978637695,8.170000076293945,8.3100004196167,425380,0.0,0.0
2023-01-19 00:00:00-05:00,8.3100004196167,8.475000381469727,8.3100004196167,8.452199935913086,40142,0.0,0.0
2023-01-20 00:00:00-05:00,8.437899589538574,8.949999809265137,8.430000305175781,8.930000305175781,249063,0.0,0.0
2023-01-23 00:00:00-05:00,9.119999885559082,9.260000228881836,9.039999961853027,9.210000038146973,83522,0.0,0.0
2023-01-24 00:00:00-05:00,9.149999618530273,9.21500015258789,9.100000381469727,9.191200256347656,102010,0.0,0.0
2023-01-25 00:00:00-05:00,9.020000457763672,9.15999984741211,8.97089958190918,9.15999984741211,34181,0.0,0.0
2023-01-26 00:00:00-05:00,9.25,9.260000228881836,9.140000343322754,9.220000267028809,63244,0.0,0.0
2023-01-27 00:00:00-05:00,9.140000343322754,9.34000015258789,9.130000114440918,9.210000038146973,196729,0.0,0.0
2023-01-30 00:00:00-05:00,9.220000267028809,9.260299682617188,9.0,9.020000457763672,62600,0.0,0.0
2023-01-31 00:00:00-05:00,9.1899995803833,9.239999771118164,9.1850004196167,9.1850004196167,29392,0.0,0.0
2023-02-01 00:00:00-05:00,9.170000076293945,9.399999618530273,9.0600004196167,9.390000343322754,142670,0.0,0.0
2023-02-02 00:00:00-05:00,9.529999732971191,9.600000381469727,9.399999618530273,9.5,73943,0.0,0.0
2023-02-03 00:00:00-05:00,9.270000457763672,9.420000076293945,9.270000457763672,9.279999732971191,98120,0.0,0.0
2023-02-06 00:00:00-05:00,9.0600004196167,9.175000190734863,9.029999732971191,9.140000343322754,35564,0.0,0.0
2023-02-07 00:00:00-05:00,9.119999885559082,9.229999542236328,9.050000190734863,9.210000038146973,31709,0.0,0.0
2023-02-08 00:00:00-05:00,9.140000343322754,9.163999557495117,9.010000228881836,9.050000190734863,86524,0.0,0.0
2023-02-09 00:00:00-05:00,9.029999732971191,9.0600004196167,8.670000076293945,8.699999809265137,246037,0.0,0.0
2023-02-10 00:00:00-05:00,8.640000343322754,8.680000305175781,8.541600227355957,8.609999656677246,84677,0.0,0.0
2023-02-13 00:00:00-05:00,8.529999732971191,8.600000381469727,8.505000114440918,8.59000015258789,22192,0.0,0.0
2023-02-14 00:00:00-05:00,8.5600004196167,8.84000015258789,8.5600004196167,8.829999923706055,123295,0.0,0.0
2023-02-15 00:00:00-05:00,9.0,9.600000381469727,8.987099647521973,9.59000015258789,183547,0.0,0.0
2023-02-16 00:00:00-05:00,9.6899995803833,10.00570011138916,9.630000114440918,9.75,171115,0.0,0.0
2023-02-17 00:00:00-05:00,9.529899597167969,9.887800216674805,9.40999984741211,9.84000015258789,276543,0.0,0.0
2023-02-21 00:00:00-05:00,9.760000228881836,9.800000190734863,9.619999885559082,9.685500144958496,67158,0.0,0.0
2023-02-22 00:00:00-05:00,9.5,9.5,9.345999717712402,9.420000076293945,27010,0.0,0.0
2023-02-23 00:00:00-05:00,9.529999732971191,9.529999732971191,9.395000457763672,9.47350025177002,31880,0.0,0.0
2023-02-24 00:00:00-05:00,9.380000114440918,9.423999786376953,9.020000457763672,9.156999588012695,354796,0.0,0.0
2023-02-27 00:00:00-05:00,9.380000114440918,9.414199829101562,9.109999656677246,9.184900283813477,42193,0.0,0.0
2023-02-28 00:00:00-05:00,9.25,9.3100004196167,9.15999984741211,9.177399635314941,96412,0.0,0.0
2023-03-01 00:00:00-05:00,9.34000015258789,9.369999885559082,9.210100173950195,9.220000267028809,153287,0.0,0.0
2023-03-02 00:00:00-05:00,9.180000305175781,9.279999732971191,9.145000457763672,9.244999885559082,122736,0.0,0.0
2023-03-03 00:00:00-05:00,8.800000190734863,8.824999809265137,8.739999771118164,8.739999771118164,169714,0.0,0.0
2023-03-06 00:00:00-05:00,8.8100004196167,8.880000114440918,8.770000457763672,8.770000457763672,132528,0.0,0.0
2023-03-07 00:00:00-05:00,8.770000457763672,8.829999923706055,8.609999656677246,8.654600143432617,210044,0.0,0.0
2023-03-08 00:00:00-05:00,8.640000343322754,8.720000267028809,8.59000015258789,8.670000076293945,118931,0.0,0.0
2023-03-09 00:00:00-05:00,8.520000457763672,8.539999961853027,7.829999923706055,7.869999885559082,725304,0.0,0.0
2023-03-10 00:00:00-05:00,7.829999923706055,7.949999809265137,7.710000038146973,7.835000038146973,234789,0.0,0.0
2023-03-13 00:00:00-04:00,8.819999694824219,9.649999618530273,8.748900413513184,9.59000015258789,912601,0.0,0.0
2023-03-14 00:00:00-04:00,10.229999542236328,10.300000190734863,9.5600004196167,9.899999618530273,1131138,0.0,0.0
2023-03-15 00:00:00-04:00,9.890000343322754,9.90999984741211,9.420000076293945,9.59160041809082,789081,0.0,0.0
2023-03-16 00:00:00-04:00,9.720000267028809,9.920000076293945,9.699999809265137,9.849300384521484,646863,0.0,0.0
2023-03-17 00:00:00-04:00,10.5,10.635000228881836,10.3100004196167,10.565500259399414,1339028,0.0,0.0
2023-03-20 00:00:00-04:00,11.109999656677246,11.119999885559082,10.859999656677246,10.960000038146973,551414,0.0,0.0
2023-03-21 00:00:00-04:00,11.079999923706055,11.25,10.960000038146973,11.109999656677246,344390,0.0,0.0
2023-03-22 00:00:00-04:00,11.199999809265137,11.399999618530273,10.479999542236328,10.5,1044826,0.0,0.0
2023-03-23 00:00:00-04:00,10.779999732971191,11.350000381469727,10.75,11.220000267028809,1450568,0.0,0.0
2023-03-24 00:00:00-04:00,10.989999771118164,11.140000343322754,10.850000381469727,10.949999809265137,814737,0.0,0.0
2023-03-27 00:00:00-04:00,10.9399995803833,10.949999809265137,10.420000076293945,10.600000381469727,1222983,0.0,0.0
2023-03-28 00:00:00-04:00,10.579999923706055,10.8100004196167,10.520000457763672,10.789999961853027,577072,0.0,0.0
2023-03-29 00:00:00-04:00,11.15999984741211,11.239999771118164,11.0600004196167,11.180000305175781,319978,0.0,0.0
2023-03-30 00:00:00-04:00,11.239999771118164,11.25,10.880000114440918,11.010000228881836,678433,0.0,0.0
2023-03-31 00:00:00-04:00,11.119999885559082,11.279999732971191,11.109999656677246,11.1899995803833,684299,0.0,0.0
2023-04-03 00:00:00-04:00,11.069999694824219,11.130000114440918,10.9399995803833,11.010000228881836,324926,0.0,0.0
2023-04-04 00:00:00-04:00,11.069999694824219,11.09000015258789,10.9399995803833,11.050000190734863,268869,0.0,0.0
2023-04-05 00:00:00-04:00,11.170000076293945,11.170000076293945,10.869999885559082,11.050000190734863,476080,0.0,0.0
2023-04-06 00:00:00-04:00,10.90999984741211,11.029999732971191,10.84000015258789,10.960000038146973,476292,0.0,0.0
2023-04-10 00:00:00-04:00,11.050000190734863,11.550000190734863,11.010000228881836,11.449999809265137,496910,0.0,0.0
2023-04-11 00:00:00-04:00,11.829999923706055,11.970000267028809,11.760000228881836,11.8100004196167,761348,0.0,0.0
2023-04-12 00:00:00-04:00,11.829999923706055,11.859999656677246,11.600099563598633,11.670000076293945,520837,0.0,0.0
2023-04-13 00:00:00-04:00,11.880000114440918,12.029999732971191,11.84000015258789,11.90999984741211,258793,0.0,0.0
2023-04-14 00:00:00-04:00,12.020000457763672,12.057499885559082,11.720000267028809,11.890000343322754,762863,0.0,0.0
2023-04-17 00:00:00-04:00,11.470000267028809,11.5600004196167,11.420000076293945,11.510000228881836,421192,0.0,0.0
2023-04-18 00:00:00-04:00,11.850000381469727,11.904999732971191,11.710000038146973,11.829999923706055,133072,0.0,0.0
2023-04-19 00:00:00-04:00,11.430000305175781,11.527999877929688,11.380000114440918,11.420000076293945,246698,0.0,0.0
2023-04-20 00:00:00-04:00,11.220000267028809,11.270000457763672,10.920000076293945,10.960000038146973,344195,0.0,0.0
2023-04-21 00:00:00-04:00,10.989999771118164,11.039999961853027,10.609999656677246,10.649999618530273,353416,0.0,0.0
2023-04-24 00:00:00-04:00,10.6899995803833,10.8100004196167,10.529999732971191,10.699999809265137,206324,0.0,0.0
2023-04-25 00:00:00-04:00,10.6899995803833,10.84000015258789,10.619999885559082,10.770000457763672,341131,0.0,0.0
2023-04-26 00:00:00-04:00,11.619999885559082,11.670000076293945,10.8100004196167,10.869999885559082,488876,0.0,0.0
2023-04-27 00:00:00-04:00,11.270000457763672,11.649999618530273,11.25100040435791,11.600000381469727,186064,0.0,0.0
2023-04-28 00:00:00-04:00,11.4399995803833,11.449999809265137,11.25,11.420000076293945,311710,0.0,0.0
2023-05-01 00:00:00-04:00,11.100000381469727,11.11989974975586,10.789999961853027,10.800000190734863,302260,0.0,0.0
2023-05-02 00:00:00-04:00,10.880000114440918,11.239999771118164,10.829999923706055,11.15999984741211,347497,0.0,0.0
2023-05-03 00:00:00-04:00,10.970000267028809,11.170000076293945,10.920000076293945,11.0,334668,0.0,0.0
2023-05-04 00:00:00-04:00,11.220000267028809,11.270000457763672,11.140000343322754,11.239999771118164,308664,0.0,0.0
2023-05-05 00:00:00-04:00,11.279999732971191,11.569999694824219,11.270000457763672,11.529999732971191,443131,0.0,0.0
2023-05-08 00:00:00-04:00,10.84000015258789,10.899999618530273,10.579999923706055,10.619999885559082,279526,0.0,0.0
2023-05-09 00:00:00-04:00,10.739999771118164,10.760000228881836,10.609999656677246,10.746600151062012,306547,0.0,0.0
2023-05-10 00:00:00-04:00,10.930000305175781,11.0,10.350000381469727,10.760000228881836,1238572,0.0,0.0
2023-05-11 00:00:00-04:00,10.609999656677246,10.65999984741211,10.359999656677246,10.40999984741211,751779,0.0,0.0
2023-05-12 00:00:00-04:00,10.25,10.3100004196167,10.010000228881836,10.25,305989,0.0,0.0
2023-05-15 00:00:00-04:00,10.630000114440918,10.739999771118164,10.5600004196167,10.649999618530273,188937,0.0,0.0
2023-05-16 00:00:00-04:00,10.489999771118164,10.529999732971191,10.430000305175781,10.4399995803833,234472,0.0,0.0
2023-05-17 00:00:00-04:00,10.359999656677246,10.649999618530273,10.289999961853027,10.630000114440918,290810,0.0,0.0
2023-05-18 00:00:00-04:00,10.550000190734863,10.630000114440918,10.220000267028809,10.369999885559082,398648,0.0,0.0
2023-05-19 00:00:00-04:00,10.430000305175781,10.539999961853027,10.329999923706055,10.40999984741211,501986,0.0,0.0
2023-05-22 00:00:00-04:00,10.380000114440918,10.520000457763672,10.380000114440918,10.420000076293945,172754,0.0,0.0
2023-05-23 00:00:00-04:00,10.569999694824219,10.609999656677246,10.5,10.539999961853027,200883,0.0,0.0
2023-05-24 00:00:00-04:00,10.34000015258789,10.34000015258789,10.079999923706055,10.15999984741211,282149,0.0,0.0
2023-05-25 00:00:00-04:00,10.210000038146973,10.279999732971191,10.109999656677246,10.239999771118164,195927,0.0,0.0
2023-05-26 00:00:00-04:00,10.229999542236328,10.4399995803833,10.229999542236328,10.369999885559082,212522,0.0,0.0
2023-05-30 00:00:00-04:00,10.869999885559082,10.869999885559082,10.680000305175781,10.819999694824219,130925,0.0,0.0
2023-05-31 00:00:00-04:00,10.520000457763672,10.550000190734863,10.369999885559082,10.4399995803833,243683,0.0,0.0
2023-06-01 00:00:00-04:00,10.399999618530273,10.510000228881836,10.30090045928955,10.380000114440918,144762,0.0,0.0
2023-06-02 00:00:00-04:00,10.460000038146973,10.569999694824219,10.369999885559082,10.569999694824219,293608,0.0,0.0
2023-06-05 00:00:00-04:00,10.329999923706055,10.368399620056152,9.789999961853027,9.880000114440918,827852,0.0,0.0
2023-06-06 00:00:00-04:00,9.850000381469727,10.550000190734863,9.829999923706055,10.520899772644043,789064,0.0,0.0
2023-06-07 00:00:00-04:00,10.359999656677246,10.40999984741211,10.15999984741211,10.260000228881836,133387,0.0,0.0
2023-06-08 00:00:00-04:00,10.210000038146973,10.390000343322754,10.170000076293945,10.279999732971191,217075,0.0,0.0
2023-06-09 00:00:00-04:00,10.34000015258789,10.350000381469727,10.199999809265137,10.220000267028809,128316,0.0,0.0
2023-06-12 00:00:00-04:00,10.0,10.029999732971191,9.90999984741211,9.979999542236328,159904,0.0,0.0
2023-06-13 00:00:00-04:00,10.09000015258789,10.100000381469727,9.930000305175781,10.0,116843,0.0,0.0
2023-06-14 00:00:00-04:00,10.039999961853027,10.079999923706055,9.949999809265137,10.0,203444,0.0,0.0
2023-06-15 00:00:00-04:00,9.670000076293945,9.84000015258789,9.600000381469727,9.829999923706055,185768,0.0,0.0
2023-06-16 00:00:00-04:00,9.880000114440918,10.25,9.699999809265137,10.199999809265137,217772,0.0,0.0
2023-06-20 00:00:00-04:00,10.390000343322754,10.925000190734863,10.300000190734863,10.880000114440918,422551,0.0,0.0
2023-06-21 00:00:00-04:00,11.1899995803833,11.8100004196167,11.15999984741211,11.550000190734863,836600,0.0,0.0
2023-06-22 00:00:00-04:00,11.65999984741211,11.6899995803833,11.369999885559082,11.596599578857422,261054,0.0,0.0
2023-06-23 00:00:00-04:00,11.569999694824219,12.09000015258789,11.510000228881836,11.899999618530273,613236,0.0,0.0
2023-06-26 00:00:00-04:00,11.699999809265137,11.770000457763672,11.470000267028809,11.579999923706055,200014,0.0,0.0
2023-06-27 00:00:00-04:00,11.729999542236328,11.890000343322754,11.649999618530273,11.729999542236328,208361,0.0,0.0
2023-06-28 00:00:00-04:00,11.539999961853027,11.65999984741211,11.40999984741211,11.510000228881836,277784,0.0,0.0
2023-06-29 00:00:00-04:00,11.760000228881836,11.779999732971191,11.640000343322754,11.6899995803833,287171,0.0,0.0
2023-06-30 00:00:00-04:00,11.869999885559082,11.880000114440918,11.170000076293945,11.5600004196167,1563477,0.0,0.0
2023-07-03 00:00:00-04:00,11.649999618530273,11.890000343322754,11.649999618530273,11.84000015258789,450711,0.0,0.0
2023-07-05 00:00:00-04:00,11.489999771118164,11.71090030670166,11.470000267028809,11.569999694824219,249233,0.0,0.0
2023-07-06 00:00:00-04:00,11.630000114440918,11.640000343322754,11.34000015258789,11.502400398254395,415942,0.0,0.0
2023-07-07 00:00:00-04:00,11.489999771118164,11.569999694824219,11.420000076293945,11.449999809265137,274809,0.0,0.0
2023-07-10 00:00:00-04:00,11.449999809265137,11.720000267028809,11.449999809265137,11.712699890136719,162537,0.0,0.0
2023-07-11 00:00:00-04:00,11.510000228881836,11.6899995803833,11.470000267028809,11.600000381469727,167648,0.0,0.0
2023-07-12 00:00:00-04:00,11.630000114440918,11.710000038146973,11.4399995803833,11.479999542236328,392407,0.0,0.0
2023-07-13 00:00:00-04:00,11.579999923706055,12.140000343322754,11.5600004196167,12.029999732971191,1895830,0.0,0.0
2023-07-14 00:00:00-04:00,11.819999694824219,11.899999618530273,11.329999923706055,11.40999984741211,849282,0.0,0.0
2023-07-17 00:00:00-04:00,11.4399995803833,11.479999542236328,11.225000381469727,11.3100004196167,468498,0.0,0.0
2023-07-18 00:00:00-04:00,11.25,11.359999656677246,11.149999618530273,11.229999542236328,236568,0.0,0.0
2023-07-19 00:00:00-04:00,11.3100004196167,11.380000114440918,11.239999771118164,11.359999656677246,156658,0.0,0.0
2023-07-20 00:00:00-04:00,11.430000305175781,11.460000038146973,11.170000076293945,11.25,155859,0.0,0.0
2023-07-21 00:00:00-04:00,11.289999961853027,11.369999885559082,11.25,11.279999732971191,224169,0.0,0.0
2023-07-24 00:00:00-04:00,11.039999961853027,11.050000190734863,10.880000114440918,10.989999771118164,389333,0.0,0.0
2023-07-25 00:00:00-04:00,10.989999771118164,11.079999923706055,10.989999771118164,11.023900032043457,94331,0.0,0.0
2023-07-26 00:00:00-04:00,11.029999732971191,11.119999885559082,11.020000457763672,11.085000038146973,103948,0.0,0.0
2023-07-27 00:00:00-04:00,11.130000114440918,11.130000114440918,10.944000244140625,10.979999542236328,169231,0.0,0.0
2023-07-28 00:00:00-04:00,11.050000190734863,11.15999984741211,11.020000457763672,11.069999694824219,93769,0.0,0.0
