Date,Open,High,Low,Close,Volume,Dividends,Stock Splits,Capital Gains
2021-09-27 00:00:00-04:00,18.989999771118164,20.489999771118164,18.989999771118164,20.489999771118164,1007,0.0,0.0,0.0
2021-09-28 00:00:00-04:00,21.959999084472656,30.100000381469727,18.719999313354492,18.719999313354492,14328,0.0,0.0,0.0
2021-09-29 00:00:00-04:00,20.899999618530273,21.989999771118164,18.799999237060547,20.5,4060,0.0,0.0,0.0
2021-09-30 00:00:00-04:00,22.0,22.0,18.420000076293945,20.024999618530273,10819,0.0,0.0,0.0
2021-10-01 00:00:00-04:00,21.0,21.375,18.25,18.834999084472656,11551,0.0,0.0,0.0
2021-10-04 00:00:00-04:00,19.0,19.0,17.799999237060547,17.850000381469727,7468,0.0,0.0,0.0
2021-10-05 00:00:00-04:00,17.799999237060547,19.0,17.799999237060547,18.143999099731445,6070,0.0,0.0,0.0
2021-10-06 00:00:00-04:00,19.579999923706055,20.0,18.0,18.661699295043945,10625,0.0,0.0,0.0
2021-10-07 00:00:00-04:00,19.989999771118164,19.989999771118164,17.989999771118164,18.594999313354492,5875,0.0,0.0,0.0
2021-10-08 00:00:00-04:00,18.010000228881836,18.475000381469727,17.975000381469727,17.975000381469727,3472,0.0,0.0,0.0
2021-10-11 00:00:00-04:00,17.510000228881836,19.260000228881836,17.510000228881836,18.243999481201172,3333,0.0,0.0,0.0
2021-10-12 00:00:00-04:00,20.049999237060547,20.049999237060547,17.6200008392334,17.65999984741211,1945,0.0,0.0,0.0
2021-10-13 00:00:00-04:00,19.43000030517578,19.43000030517578,18.170000076293945,18.27359962463379,3043,0.0,0.0,0.0
2021-10-14 00:00:00-04:00,17.670000076293945,18.959999084472656,17.66029930114746,18.329999923706055,2210,0.0,0.0,0.0
2021-10-15 00:00:00-04:00,17.67009925842285,17.760000228881836,16.850000381469727,17.760000228881836,4134,0.0,0.0,0.0
2021-10-18 00:00:00-04:00,16.500099182128906,17.920000076293945,16.500099182128906,17.920000076293945,1147,0.0,0.0,0.0
2021-10-19 00:00:00-04:00,17.920000076293945,17.920000076293945,16.760000228881836,17.750999450683594,1608,0.0,0.0,0.0
2021-10-20 00:00:00-04:00,17.5,17.875,17.5,17.875,2137,0.0,0.0,0.0
2021-10-21 00:00:00-04:00,18.760000228881836,18.760000228881836,18.000099182128906,18.725000381469727,809,0.0,0.0,0.0
2021-10-22 00:00:00-04:00,18.71500015258789,18.71500015258789,18.71500015258789,18.71500015258789,628,0.0,0.0,0.0
2021-10-25 00:00:00-04:00,18.468900680541992,19.0,18.100000381469727,18.961999893188477,5476,0.0,0.0,0.0
2021-10-26 00:00:00-04:00,18.299999237060547,18.405000686645508,17.95210075378418,17.95210075378418,510,0.0,0.0,0.0
2021-10-27 00:00:00-04:00,17.950000762939453,17.950000762939453,17.600000381469727,17.70560073852539,3404,0.0,0.0,0.0
2021-10-28 00:00:00-04:00,17.860000610351562,17.899999618530273,17.559999465942383,17.736099243164062,1054,0.0,0.0,0.0
2021-10-29 00:00:00-04:00,16.959999084472656,17.834999084472656,16.959999084472656,17.834999084472656,428,0.0,0.0,0.0
2021-11-01 00:00:00-04:00,18.860000610351562,19.29990005493164,17.780000686645508,17.780000686645508,1463,0.0,0.0,0.0
2021-11-02 00:00:00-04:00,17.5,17.5,17.475000381469727,17.475000381469727,450,0.0,0.0,0.0
2021-11-03 00:00:00-04:00,17.450000762939453,17.700000762939453,17.450000762939453,17.700000762939453,396,0.0,0.0,0.0
2021-11-04 00:00:00-04:00,17.899999618530273,17.899999618530273,17.81999969482422,17.860000610351562,714,0.0,0.0,0.0
2021-11-05 00:00:00-04:00,17.579999923706055,17.84000015258789,17.579999923706055,17.674999237060547,589,0.0,0.0,0.0
2021-11-08 00:00:00-05:00,16.950000762939453,18.777299880981445,16.950000762939453,18.389999389648438,7995,0.0,0.0,0.0
2021-11-09 00:00:00-05:00,18.500099182128906,18.75,18.5,18.75,1901,0.0,0.0,0.0
2021-11-10 00:00:00-05:00,18.90719985961914,20.189899444580078,18.5,19.0,11695,0.0,0.0,0.0
2021-11-11 00:00:00-05:00,19.920000076293945,19.920000076293945,18.5,19.0,1391,0.0,0.0,0.0
2021-11-12 00:00:00-05:00,18.809999465942383,19.499900817871094,18.809999465942383,19.09000015258789,8301,0.0,0.0,0.0
2021-11-15 00:00:00-05:00,19.600000381469727,19.799999237060547,19.110000610351562,19.454999923706055,4073,0.0,0.0,0.0
2021-11-16 00:00:00-05:00,19.799999237060547,19.799999237060547,18.84000015258789,19.270000457763672,4993,0.0,0.0,0.0
2021-11-17 00:00:00-05:00,19.299999237060547,19.739999771118164,18.84000015258789,19.125,2556,0.0,0.0,0.0
2021-11-18 00:00:00-05:00,18.5,18.52720069885254,17.100000381469727,17.55500030517578,5272,0.0,0.0,0.0
2021-11-19 00:00:00-05:00,18.899999618530273,19.139699935913086,17.756099700927734,17.756099700927734,1177,0.0,0.0,0.0
2021-11-22 00:00:00-05:00,17.75,17.75,16.670000076293945,16.670000076293945,8493,0.0,0.0,0.0
2021-11-23 00:00:00-05:00,16.0,16.44379997253418,16.0,16.44379997253418,541,0.0,0.0,0.0
2021-11-24 00:00:00-05:00,16.913999557495117,18.610000610351562,16.913999557495117,18.610000610351562,431,0.0,0.0,0.0
2021-11-26 00:00:00-05:00,17.5,17.989999771118164,17.5,17.989999771118164,957,0.0,0.0,0.0
2021-11-29 00:00:00-05:00,16.697799682617188,16.697799682617188,16.697799682617188,16.697799682617188,208,0.0,0.0,0.0
2021-11-30 00:00:00-05:00,16.049999237060547,17.31999969482422,15.359999656677246,16.860000610351562,5930,0.0,0.0,0.0
2021-12-01 00:00:00-05:00,15.819999694824219,16.5,15.00100040435791,15.625,2779,0.0,0.0,0.0
2021-12-02 00:00:00-05:00,15.75,15.75,15.5,15.5,1226,0.0,0.0,0.0
2021-12-03 00:00:00-05:00,15.849900245666504,15.849900245666504,13.899999618530273,15.010000228881836,11965,0.0,0.0,0.0
2021-12-06 00:00:00-05:00,14.140000343322754,15.25,13.25,15.199999809265137,8522,0.0,0.0,0.0
2021-12-07 00:00:00-05:00,14.800000190734863,15.920000076293945,14.350099563598633,15.920000076293945,1508,0.0,0.0,0.0
2021-12-08 00:00:00-05:00,15.75,16.104999542236328,15.489999771118164,16.104999542236328,723,0.0,0.0,0.0
2021-12-09 00:00:00-05:00,16.399999618530273,16.399999618530273,14.710000038146973,15.568699836730957,3281,0.0,0.0,0.0
2021-12-10 00:00:00-05:00,15.135000228881836,15.9399995803833,15.135000228881836,15.9399995803833,369,0.0,0.0,0.0
2021-12-13 00:00:00-05:00,15.899999618530273,15.899999618530273,15.104999542236328,15.5,4955,0.0,0.0,0.0
2021-12-14 00:00:00-05:00,14.40999984741211,15.0,14.020000457763672,14.710000038146973,1345,0.0,0.0,0.0
2021-12-15 00:00:00-05:00,14.0,14.541399955749512,14.0,14.541399955749512,928,0.0,0.0,0.0
2021-12-16 00:00:00-05:00,13.800000190734863,13.800000190734863,12.899999618530273,13.260000228881836,2738,0.0,0.0,0.0
2021-12-17 00:00:00-05:00,14.130000114440918,15.180000305175781,14.095000267028809,14.095000267028809,2796,0.0,0.0,0.0
2021-12-20 00:00:00-05:00,13.850000381469727,13.850000381469727,12.5600004196167,13.711000442504883,2016,0.0,0.0,0.0
2021-12-21 00:00:00-05:00,14.0,14.0,13.75,13.75,200,0.0,0.0,0.0
2021-12-22 00:00:00-05:00,13.529999732971191,14.5,13.460000038146973,14.121999740600586,1544,0.0,0.0,0.0
2021-12-23 00:00:00-05:00,12.940999984741211,14.319999694824219,12.940999984741211,14.125,1131,0.0,0.0,0.0
2021-12-27 00:00:00-05:00,13.880000114440918,14.5,12.440099716186523,13.739999771118164,3958,0.0,0.0,0.0
2021-12-28 00:00:00-05:00,13.800000190734863,13.800000190734863,13.800000190734863,13.800000190734863,467,0.0,0.0,0.0
2021-12-29 00:00:00-05:00,12.8100004196167,14.100000381469727,12.800000190734863,13.918499946594238,3162,0.0,0.0,0.0
2021-12-30 00:00:00-05:00,14.0,14.000100135803223,13.645000457763672,13.645000457763672,1467,0.0,0.0,0.0
2021-12-31 00:00:00-05:00,13.550000190734863,14.0,13.0,13.839900016784668,5615,0.0,0.0,0.0
2022-01-03 00:00:00-05:00,15.220000267028809,15.220000267028809,13.954999923706055,13.954999923706055,564,0.0,0.0,0.0
2022-01-04 00:00:00-05:00,13.721599578857422,13.721599578857422,13.430000305175781,13.432700157165527,1157,0.0,0.0,0.0
2022-01-05 00:00:00-05:00,13.970000267028809,13.970000267028809,12.829999923706055,13.227299690246582,2409,0.0,0.0,0.0
2022-01-06 00:00:00-05:00,13.354999542236328,13.354999542236328,13.020000457763672,13.020000457763672,668,0.0,0.0,0.0
2022-01-07 00:00:00-05:00,13.680000305175781,13.680000305175781,13.020000457763672,13.020000457763672,1066,0.0,0.0,0.0
2022-01-10 00:00:00-05:00,13.300000190734863,13.385000228881836,13.100000381469727,13.385000228881836,721,0.0,0.0,0.0
2022-01-11 00:00:00-05:00,13.289999961853027,13.494999885559082,13.289999961853027,13.494999885559082,526,0.0,0.0,0.0
2022-01-12 00:00:00-05:00,13.300000190734863,13.300000190734863,13.300000190734863,13.300000190734863,194,0.0,0.0,0.0
2022-01-13 00:00:00-05:00,13.300000190734863,13.770000457763672,12.460000038146973,13.770000457763672,4161,0.0,0.0,0.0
2022-01-14 00:00:00-05:00,12.8100004196167,13.270000457763672,12.699999809265137,12.90999984741211,1600,0.0,0.0,0.0
2022-01-18 00:00:00-05:00,12.119999885559082,13.0,12.119999885559082,12.694999694824219,813,0.0,0.0,0.0
2022-01-19 00:00:00-05:00,12.619999885559082,12.729999542236328,11.899999618530273,11.899999618530273,1789,0.0,0.0,0.0
2022-01-20 00:00:00-05:00,12.300000190734863,12.300000190734863,11.90999984741211,11.90999984741211,761,0.0,0.0,0.0
2022-01-21 00:00:00-05:00,11.600000381469727,11.819999694824219,11.130000114440918,11.321499824523926,2022,0.0,0.0,0.0
2022-01-24 00:00:00-05:00,10.858200073242188,11.170000076293945,10.04010009765625,11.170000076293945,6187,0.0,0.0,0.0
2022-01-25 00:00:00-05:00,11.154999732971191,11.154999732971191,11.154999732971191,11.154999732971191,132,0.0,0.0,0.0
2022-01-26 00:00:00-05:00,11.5,11.5,10.800000190734863,10.800000190734863,464,0.0,0.0,0.0
2022-01-27 00:00:00-05:00,9.520099639892578,9.711999893188477,9.520000457763672,9.711999893188477,676,0.0,0.0,0.0
2022-01-28 00:00:00-05:00,10.0649995803833,10.274999618530273,9.070099830627441,10.255000114440918,1203,0.0,0.0,0.0
2022-01-31 00:00:00-05:00,10.90999984741211,10.90999984741211,10.90999984741211,10.90999984741211,372,0.0,0.0,0.0
2022-02-01 00:00:00-05:00,11.5,11.5,11.399999618530273,11.399999618530273,1004,0.0,0.0,0.0
2022-02-02 00:00:00-05:00,11.842300415039062,11.850000381469727,11.430000305175781,11.430000305175781,1033,0.0,0.0,0.0
2022-02-03 00:00:00-05:00,11.430000305175781,11.430000305175781,10.960000038146973,10.960000038146973,1206,0.0,0.0,0.0
2022-02-04 00:00:00-05:00,10.970000267028809,11.270000457763672,10.970000267028809,11.21500015258789,1835,0.0,0.0,0.0
2022-02-07 00:00:00-05:00,11.5600004196167,11.5600004196167,11.489999771118164,11.489999771118164,760,0.0,0.0,0.0
2022-02-08 00:00:00-05:00,11.0,11.41670036315918,11.0,11.41670036315918,658,0.0,0.0,0.0
2022-02-09 00:00:00-05:00,10.619999885559082,12.0,10.619999885559082,12.0,2087,0.0,0.0,0.0
2022-02-10 00:00:00-05:00,12.239999771118164,13.279999732971191,12.239999771118164,12.369999885559082,5553,0.0,0.0,0.0
2022-02-11 00:00:00-05:00,12.369999885559082,12.649999618530273,12.20009994506836,12.649999618530273,1546,0.0,0.0,0.0
2022-02-14 00:00:00-05:00,12.800000190734863,12.989999771118164,12.199999809265137,12.199999809265137,1255,0.0,0.0,0.0
2022-02-15 00:00:00-05:00,12.949999809265137,12.949999809265137,12.220000267028809,12.600000381469727,1237,0.0,0.0,0.0
2022-02-16 00:00:00-05:00,12.989999771118164,13.020000457763672,12.760000228881836,12.760000228881836,2546,0.0,0.0,0.0
2022-02-17 00:00:00-05:00,12.470000267028809,12.470000267028809,11.789999961853027,12.4399995803833,2403,0.0,0.0,0.0
2022-02-18 00:00:00-05:00,12.0,12.59000015258789,11.869999885559082,11.869999885559082,3737,0.0,0.0,0.0
2022-02-22 00:00:00-05:00,11.274999618530273,11.789999961853027,10.619999885559082,10.875,1613,0.0,0.0,0.0
2022-02-23 00:00:00-05:00,10.989999771118164,10.989999771118164,10.800000190734863,10.800000190734863,794,0.0,0.0,0.0
2022-02-24 00:00:00-05:00,10.789999961853027,10.789999961853027,10.789999961853027,10.789999961853027,607,0.0,0.0,0.0
2022-02-25 00:00:00-05:00,10.979999542236328,10.979999542236328,10.979999542236328,10.979999542236328,578,0.0,0.0,0.0
2022-02-28 00:00:00-05:00,10.6899995803833,11.279999732971191,9.770000457763672,11.279999732971191,1195,0.0,0.0,0.0
2022-03-01 00:00:00-05:00,11.279999732971191,11.279999732971191,11.279999732971191,11.279999732971191,0,0.0,0.0,0.0
2022-03-02 00:00:00-05:00,11.163700103759766,11.163700103759766,11.163700103759766,11.163700103759766,304,0.0,0.0,0.0
2022-03-03 00:00:00-05:00,11.149999618530273,11.149999618530273,10.90999984741211,10.90999984741211,840,0.0,0.0,0.0
2022-03-04 00:00:00-05:00,10.699999809265137,10.699999809265137,10.699999809265137,10.699999809265137,261,0.0,0.0,0.0
2022-03-07 00:00:00-05:00,11.800000190734863,11.800000190734863,10.84000015258789,10.84000015258789,570,0.0,0.0,0.0
2022-03-08 00:00:00-05:00,9.765199661254883,10.739999771118164,9.75,10.739999771118164,1872,0.0,0.0,0.0
2022-03-09 00:00:00-05:00,10.739999771118164,10.739999771118164,10.739999771118164,10.739999771118164,0,0.0,0.0,0.0
2022-03-10 00:00:00-05:00,10.0600004196167,10.739999771118164,9.75,10.739999771118164,783,0.0,0.0,0.0
2022-03-11 00:00:00-05:00,10.699999809265137,10.759499549865723,10.699999809265137,10.759499549865723,465,0.0,0.0,0.0
2022-03-14 00:00:00-04:00,10.539999961853027,10.539999961853027,10.010000228881836,10.010000228881836,784,0.0,0.0,0.0
2022-03-15 00:00:00-04:00,10.0,10.020000457763672,9.75,10.020000457763672,1579,0.0,0.0,0.0
2022-03-16 00:00:00-04:00,10.020000457763672,10.180000305175781,9.84000015258789,10.180000305175781,938,0.0,0.0,0.0
2022-03-17 00:00:00-04:00,10.180000305175781,10.180000305175781,10.180000305175781,10.180000305175781,0,0.0,0.0,0.0
2022-03-18 00:00:00-04:00,10.180000305175781,10.180000305175781,10.180000305175781,10.180000305175781,0,0.0,0.0,0.0
2022-03-21 00:00:00-04:00,10.199999809265137,10.34000015258789,10.199999809265137,10.34000015258789,656,0.0,0.0,0.0
2022-03-22 00:00:00-04:00,10.34000015258789,10.34000015258789,10.34000015258789,10.34000015258789,0,0.0,0.0,0.0
2022-03-23 00:00:00-04:00,11.369999885559082,11.399999618530273,11.300000190734863,11.399999618530273,2272,0.0,0.0,0.0
2022-03-24 00:00:00-04:00,11.5,11.5,11.5,11.5,869,0.0,0.0,0.0
2022-03-25 00:00:00-04:00,11.510000228881836,12.305000305175781,11.489999771118164,12.129199981689453,4151,0.0,0.0,0.0
2022-03-28 00:00:00-04:00,12.180000305175781,12.180000305175781,11.569999694824219,11.74940013885498,1319,0.0,0.0,0.0
2022-03-29 00:00:00-04:00,12.1899995803833,13.0,11.9399995803833,12.510499954223633,3165,0.0,0.0,0.0
2022-03-30 00:00:00-04:00,12.569999694824219,12.579999923706055,11.630999565124512,11.952199935913086,2804,0.0,0.0,0.0
2022-03-31 00:00:00-04:00,11.619999885559082,12.260000228881836,10.510000228881836,11.449999809265137,3236,0.0,0.0,0.0
2022-04-01 00:00:00-04:00,11.8100004196167,11.8100004196167,11.470000267028809,11.734999656677246,1103,0.0,0.0,0.0
2022-04-04 00:00:00-04:00,11.819999694824219,11.960599899291992,11.819999694824219,11.960599899291992,1391,0.0,0.0,0.0
2022-04-05 00:00:00-04:00,11.5,11.689900398254395,10.710000038146973,11.1899995803833,5790,0.0,0.0,0.0
2022-04-06 00:00:00-04:00,11.010000228881836,11.029999732971191,10.6899995803833,10.9399995803833,2786,0.0,0.0,0.0
2022-04-07 00:00:00-04:00,10.449999809265137,10.779999732971191,9.680000305175781,10.774200439453125,6537,0.0,0.0,0.0
2022-04-08 00:00:00-04:00,10.800000190734863,10.800000190734863,10.5600004196167,10.5600004196167,513,0.0,0.0,0.0
2022-04-11 00:00:00-04:00,9.949999809265137,10.649999618530273,9.949999809265137,10.449999809265137,4536,0.0,0.0,0.0
2022-04-12 00:00:00-04:00,9.770999908447266,10.38379955291748,9.6899995803833,10.38379955291748,855,0.0,0.0,0.0
2022-04-13 00:00:00-04:00,9.680000305175781,10.49209976196289,9.680000305175781,10.49209976196289,1139,0.0,0.0,0.0
2022-04-14 00:00:00-04:00,10.279999732971191,10.34000015258789,9.90999984741211,10.34000015258789,900,0.0,0.0,0.0
2022-04-18 00:00:00-04:00,9.770000457763672,10.265000343322754,9.770000457763672,10.265000343322754,959,0.0,0.0,0.0
2022-04-19 00:00:00-04:00,10.0,10.420000076293945,10.0,10.420000076293945,539,0.0,0.0,0.0
2022-04-20 00:00:00-04:00,10.420000076293945,10.49489974975586,10.005000114440918,10.005000114440918,583,0.0,0.0,0.0
2022-04-21 00:00:00-04:00,9.699999809265137,10.229999542236328,9.609999656677246,9.609999656677246,3303,0.0,0.0,0.0
2022-04-22 00:00:00-04:00,9.600000381469727,10.234999656677246,9.529999732971191,10.234999656677246,4833,0.0,0.0,0.0
2022-04-25 00:00:00-04:00,9.899999618530273,9.970000267028809,9.899999618530273,9.970000267028809,855,0.0,0.0,0.0
2022-04-26 00:00:00-04:00,9.970000267028809,9.970000267028809,9.970000267028809,9.970000267028809,0,0.0,0.0,0.0
2022-04-27 00:00:00-04:00,9.970000267028809,9.970000267028809,9.970000267028809,9.970000267028809,0,0.0,0.0,0.0
2022-04-28 00:00:00-04:00,9.970000267028809,9.970000267028809,9.970000267028809,9.970000267028809,0,0.0,0.0,0.0
2022-04-29 00:00:00-04:00,9.970000267028809,9.970000267028809,9.970000267028809,9.970000267028809,0,0.0,0.0,0.0
2022-05-02 00:00:00-04:00,9.970000267028809,9.970000267028809,9.970000267028809,9.970000267028809,0,0.0,0.0,0.0
