Date,Open,High,Low,Close,Volume,Dividends,Stock Splits
2022-11-18 00:00:00-05:00,9.999999974752427e-07,9.999999974752427e-07,9.999999974752427e-07,9.999999974752427e-07,377,0.0,0.0
2022-12-08 00:00:00-05:00,9.999999974752427e-07,9.999999974752427e-07,9.999999974752427e-07,9.999999974752427e-07,120,0.0,0.0
2022-12-20 00:00:00-05:00,9.999999974752427e-07,9.999999974752427e-07,9.999999974752427e-07,9.999999974752427e-07,101,0.0,0.0
2022-12-21 00:00:00-05:00,9.999999747378752e-06,9.999999747378752e-06,9.999999747378752e-06,9.999999747378752e-06,8388,0.0,0.0
2022-12-27 00:00:00-05:00,9.999999974752427e-07,9.999999974752427e-07,9.999999974752427e-07,9.999999974752427e-07,125,0.0,0.0
2022-12-30 00:00:00-05:00,9.999999974752427e-07,9.999999974752427e-07,9.999999974752427e-07,9.999999974752427e-07,37635,0.0,0.0
2023-01-06 00:00:00-05:00,9.999999974752427e-07,9.999999974752427e-07,9.999999974752427e-07,9.999999974752427e-07,37635,0.0,0.0
2023-01-24 00:00:00-05:00,9.999999974752427e-07,9.999999974752427e-07,9.999999974752427e-07,9.999999974752427e-07,144,0.0,0.0
2023-01-27 00:00:00-05:00,9.999999974752427e-07,9.999999974752427e-07,9.999999974752427e-07,9.999999974752427e-07,627,0.0,0.0
2023-02-13 00:00:00-05:00,9.999999974752427e-07,9.999999974752427e-07,9.999999974752427e-07,9.999999974752427e-07,798,0.0,0.0
2023-03-14 00:00:00-04:00,9.999999974752427e-07,9.999999974752427e-07,9.999999974752427e-07,9.999999974752427e-07,82945,0.0,0.0
2023-05-12 00:00:00-04:00,9.999999974752427e-07,9.999999974752427e-07,9.999999974752427e-07,9.999999974752427e-07,105,0.0,0.0
