Date,Open,High,Low,Close,Volume,Dividends,Stock Splits,Capital Gains
2022-11-08 00:00:00-05:00,20.059999465942383,20.059999465942383,20.03499984741211,20.03499984741211,450100,0.0,0.0,0.0
2022-11-09 00:00:00-05:00,20.049999237060547,20.049999237060547,20.03499984741211,20.03499984741211,300,0.0,0.0,0.0
2022-11-10 00:00:00-05:00,20.049999237060547,20.06999969482422,20.049999237060547,20.049999237060547,400,0.0,0.0,0.0
2022-11-11 00:00:00-05:00,20.03499984741211,20.03499984741211,20.03499984741211,20.03499984741211,0,0.0,0.0,0.0
2022-11-14 00:00:00-05:00,20.05699920654297,20.06999969482422,20.05699920654297,20.06999969482422,4500,0.0,0.0,0.0
2022-11-15 00:00:00-05:00,20.09000015258789,20.09000015258789,20.065000534057617,20.065000534057617,200,0.0,0.0,0.0
2022-11-16 00:00:00-05:00,20.079999923706055,20.084999084472656,20.079999923706055,20.084999084472656,30000,0.0,0.0,0.0
2022-11-17 00:00:00-05:00,20.100000381469727,20.115999221801758,20.100000381469727,20.114999771118164,452300,0.0,0.0,0.0
2022-11-18 00:00:00-05:00,20.100000381469727,20.209999084472656,20.075000762939453,20.075000762939453,32700,0.0,0.0,0.0
2022-11-21 00:00:00-05:00,20.084999084472656,20.08799934387207,20.075000762939453,20.075000762939453,1200,0.0,0.0,0.0
2022-11-22 00:00:00-05:00,20.110000610351562,20.1299991607666,20.100000381469727,20.100000381469727,6100,0.0,0.0,0.0
2022-11-23 00:00:00-05:00,20.108999252319336,20.110000610351562,20.100000381469727,20.110000610351562,16800,0.0,0.0,0.0
2022-11-25 00:00:00-05:00,20.100000381469727,20.100000381469727,20.100000381469727,20.100000381469727,0,0.0,0.0,0.0
2022-11-28 00:00:00-05:00,20.100000381469727,20.1299991607666,20.100000381469727,20.114999771118164,500,0.0,0.0,0.0
2022-11-29 00:00:00-05:00,20.113000869750977,20.1299991607666,20.113000869750977,20.125,2900,0.0,0.0,0.0
2022-11-30 00:00:00-05:00,20.1200008392334,20.1299991607666,20.1200008392334,20.1299991607666,22900,0.0,0.0,0.0
2022-12-01 00:00:00-05:00,20.15999984741211,20.174999237060547,20.159000396728516,20.174999237060547,4300,0.0,0.0,0.0
2022-12-02 00:00:00-05:00,20.15999984741211,20.15999984741211,20.139999389648438,20.139999389648438,1800,0.0,0.0,0.0
2022-12-05 00:00:00-05:00,20.15999984741211,20.170000076293945,20.1299991607666,20.1299991607666,7900,0.0,0.0,0.0
2022-12-06 00:00:00-05:00,20.18000030517578,20.200000762939453,20.18000030517578,20.18000030517578,11100,0.0,0.0,0.0
2022-12-07 00:00:00-05:00,20.170000076293945,20.190000534057617,20.170000076293945,20.170000076293945,16800,0.0,0.0,0.0
2022-12-08 00:00:00-05:00,20.200000762939453,20.200000762939453,20.170000076293945,20.170000076293945,3600,0.0,0.0,0.0
2022-12-09 00:00:00-05:00,20.17099952697754,20.209999084472656,20.170000076293945,20.170000076293945,11100,0.0,0.0,0.0
2022-12-12 00:00:00-05:00,20.17799949645996,20.329999923706055,20.15999984741211,20.15999984741211,18400,0.0,0.0,0.0
2022-12-13 00:00:00-05:00,20.15999984741211,21.020000457763672,20.15999984741211,20.18000030517578,69900,0.0,0.0,0.0
2022-12-14 00:00:00-05:00,20.25,21.200000762939453,20.190000534057617,20.2549991607666,24100,0.0,0.0,0.0
2022-12-15 00:00:00-05:00,20.399999618530273,20.399999618530273,20.229000091552734,20.261999130249023,17100,0.0,0.0,0.0
2022-12-16 00:00:00-05:00,20.231000900268555,20.270000457763672,20.231000900268555,20.239999771118164,93600,0.0,0.0,0.0
2022-12-19 00:00:00-05:00,20.270000457763672,20.270000457763672,20.25,20.25,107700,0.0,0.0,0.0
2022-12-20 00:00:00-05:00,20.190000534057617,20.280000686645508,20.190000534057617,20.260000228881836,77400,0.0,0.0,0.0
2022-12-21 00:00:00-05:00,20.225000381469727,20.270000457763672,20.219999313354492,20.2450008392334,74600,0.0,0.0,0.0
2022-12-22 00:00:00-05:00,20.239999771118164,22.56999969482422,20.18000030517578,20.21500015258789,50700,0.0,0.0,0.0
2022-12-23 00:00:00-05:00,20.239999771118164,20.239999771118164,20.209999084472656,20.209999084472656,3500,0.0,0.0,0.0
2022-12-27 00:00:00-05:00,20.219999313354492,20.270000457763672,20.19499969482422,20.270000457763672,16500,0.0,0.0,0.0
2022-12-28 00:00:00-05:00,20.15999984741211,20.15999984741211,20.15999984741211,20.15999984741211,200,0.0,0.0,0.0
2022-12-29 00:00:00-05:00,20.06599998474121,20.110000610351562,20.059999465942383,20.059999465942383,4000,0.0,0.0,0.0
2022-12-30 00:00:00-05:00,20.06999969482422,20.100000381469727,20.065000534057617,20.079999923706055,19800,0.0,0.0,0.0
2023-01-03 00:00:00-05:00,20.06999969482422,20.079999923706055,20.06800079345703,20.06800079345703,1800,0.0,0.0,0.0
2023-01-04 00:00:00-05:00,20.077999114990234,20.110000610351562,20.077999114990234,20.079999923706055,1500,0.0,0.0,0.0
2023-01-05 00:00:00-05:00,20.06999969482422,20.1299991607666,20.06999969482422,20.104999542236328,19800,0.0,0.0,0.0
2023-01-06 00:00:00-05:00,20.139999389648438,20.139999389648438,20.110000610351562,20.110000610351562,1400,0.0,0.0,0.0
2023-01-09 00:00:00-05:00,20.200000762939453,20.200000762939453,20.200000762939453,20.200000762939453,300,0.0,0.0,0.0
2023-01-10 00:00:00-05:00,20.25,20.25,20.239999771118164,20.246999740600586,1800,0.0,0.0,0.0
2023-01-11 00:00:00-05:00,20.219999313354492,20.25,20.219999313354492,20.219999313354492,1200,0.0,0.0,0.0
2023-01-12 00:00:00-05:00,20.288999557495117,20.288999557495117,20.260000228881836,20.260000228881836,2100,0.0,0.0,0.0
2023-01-13 00:00:00-05:00,20.350000381469727,20.350000381469727,20.329999923706055,20.344999313354492,4000,0.0,0.0,0.0
2023-01-17 00:00:00-05:00,20.358999252319336,20.358999252319336,20.329999923706055,20.329999923706055,500,0.0,0.0,0.0
2023-01-18 00:00:00-05:00,20.3700008392334,20.3700008392334,20.33799934387207,20.34000015258789,1600,0.0,0.0,0.0
2023-01-19 00:00:00-05:00,20.3799991607666,20.40999984741211,20.3799991607666,20.385000228881836,700,0.0,0.0,0.0
2023-01-20 00:00:00-05:00,20.409000396728516,20.40999984741211,20.350000381469727,20.3799991607666,7300,0.0,0.0,0.0
2023-01-23 00:00:00-05:00,20.36400032043457,20.388999938964844,20.360000610351562,20.360000610351562,3100,0.0,0.0,0.0
2023-01-24 00:00:00-05:00,20.389999389648438,20.389999389648438,20.357999801635742,20.360000610351562,1000,0.0,0.0,0.0
2023-01-25 00:00:00-05:00,20.399999618530273,20.399999618530273,20.360000610351562,20.399999618530273,2200,0.0,0.0,0.0
2023-01-26 00:00:00-05:00,20.43000030517578,20.43000030517578,20.415000915527344,20.415000915527344,1100,0.0,0.0,0.0
2023-01-27 00:00:00-05:00,20.43000030517578,20.434999465942383,20.40999984741211,20.424999237060547,5400,0.0,0.0,0.0
2023-01-30 00:00:00-05:00,20.420000076293945,20.450000762939453,20.420000076293945,20.43000030517578,1300,0.0,0.0,0.0
2023-01-31 00:00:00-05:00,20.40999984741211,20.43000030517578,20.3799991607666,20.399999618530273,15300,0.0,0.0,0.0
2023-02-01 00:00:00-05:00,20.329999923706055,20.350000381469727,20.309999465942383,20.31999969482422,5300,0.0,0.0,0.0
2023-02-02 00:00:00-05:00,20.3799991607666,20.3799991607666,20.350000381469727,20.350000381469727,2200,0.0,0.0,0.0
2023-02-03 00:00:00-05:00,20.3799991607666,20.389999389648438,20.357999801635742,20.360000610351562,4100,0.0,0.0,0.0
2023-02-06 00:00:00-05:00,20.31800079345703,20.31800079345703,20.290000915527344,20.290000915527344,600,0.0,0.0,0.0
2023-02-07 00:00:00-05:00,20.299999237060547,20.299999237060547,20.274999618530273,20.274999618530273,100,0.0,0.0,0.0
2023-02-08 00:00:00-05:00,20.280000686645508,20.280000686645508,20.25,20.264999389648438,300,0.0,0.0,0.0
2023-02-09 00:00:00-05:00,20.309999465942383,20.309999465942383,20.28499984741211,20.28499984741211,300,0.0,0.0,0.0
2023-02-10 00:00:00-05:00,20.280000686645508,20.280000686645508,20.250999450683594,20.260000228881836,1300,0.0,0.0,0.0
2023-02-13 00:00:00-05:00,20.260000228881836,20.260000228881836,20.209999084472656,20.239999771118164,2700,0.0,0.0,0.0
2023-02-14 00:00:00-05:00,20.270000457763672,20.270000457763672,20.219999313354492,20.219999313354492,600,0.0,0.0,0.0
2023-02-15 00:00:00-05:00,20.229999542236328,20.229999542236328,20.190000534057617,20.190000534057617,800,0.0,0.0,0.0
2023-02-16 00:00:00-05:00,20.219999313354492,20.219999313354492,20.1299991607666,20.18000030517578,8200,0.0,0.0,0.0
2023-02-17 00:00:00-05:00,20.209999084472656,20.209999084472656,20.18000030517578,20.19499969482422,1900,0.0,0.0,0.0
2023-02-21 00:00:00-05:00,20.170000076293945,20.200000762939453,20.139999389648438,20.139999389648438,16700,0.0,0.0,0.0
2023-02-22 00:00:00-05:00,20.209999084472656,20.219999313354492,20.184999465942383,20.184999465942383,5400,0.0,0.0,0.0
2023-02-23 00:00:00-05:00,20.209999084472656,20.209999084472656,20.190000534057617,20.190000534057617,400,0.0,0.0,0.0
2023-02-24 00:00:00-05:00,20.15999984741211,20.209999084472656,20.139999389648438,20.139999389648438,8600,0.0,0.0,0.0
2023-02-27 00:00:00-05:00,20.209999084472656,20.209999084472656,20.179000854492188,20.184999465942383,300,0.0,0.0,0.0
2023-02-28 00:00:00-05:00,20.1299991607666,20.160999298095703,20.1299991607666,20.15999984741211,7200,0.0,0.0,0.0
2023-03-01 00:00:00-05:00,20.030000686645508,20.079999923706055,20.020000457763672,20.040000915527344,5600,0.0,0.0,0.0
2023-03-02 00:00:00-05:00,20.020000457763672,20.030000686645508,20.010000228881836,20.030000686645508,1300,0.0,0.0,0.0
2023-03-03 00:00:00-05:00,20.010000228881836,20.040000915527344,20.0,20.040000915527344,16600,0.0,0.0,0.0
2023-03-06 00:00:00-05:00,20.229999542236328,20.229999542236328,20.020000457763672,20.049999237060547,23400,0.0,0.0,0.0
2023-03-07 00:00:00-05:00,20.05299949645996,20.06999969482422,20.030000686645508,20.045000076293945,4600,0.0,0.0,0.0
2023-03-08 00:00:00-05:00,20.033000946044922,20.033000946044922,20.030000686645508,20.030000686645508,500,0.0,0.0,0.0
2023-03-09 00:00:00-05:00,20.020000457763672,20.049999237060547,20.020000457763672,20.040000915527344,1800,0.0,0.0,0.0
2023-03-10 00:00:00-05:00,20.100000381469727,20.110000610351562,20.072999954223633,20.110000610351562,3600,0.0,0.0,0.0
2023-03-13 00:00:00-04:00,20.1200008392334,20.190000534057617,20.1200008392334,20.170000076293945,12300,0.0,0.0,0.0
2023-03-14 00:00:00-04:00,20.200000762939453,20.209999084472656,20.18000030517578,20.18000030517578,400,0.0,0.0,0.0
2023-03-15 00:00:00-04:00,20.260000228881836,20.260000228881836,20.239999771118164,20.239999771118164,800,0.0,0.0,0.0
2023-03-16 00:00:00-04:00,20.21500015258789,20.25,20.21500015258789,20.21500015258789,1600,0.0,0.0,0.0
2023-03-17 00:00:00-04:00,20.260000228881836,20.270000457763672,20.190000534057617,20.270000457763672,2700,0.0,0.0,0.0
2023-03-20 00:00:00-04:00,20.260000228881836,20.260000228881836,20.229999542236328,20.229999542236328,1400,0.0,0.0,0.0
2023-03-21 00:00:00-04:00,20.225000381469727,20.229999542236328,20.225000381469727,20.229999542236328,800,0.0,0.0,0.0
2023-03-22 00:00:00-04:00,20.18000030517578,20.299999237060547,20.18000030517578,20.2450008392334,2500,0.0,0.0,0.0
2023-03-23 00:00:00-04:00,20.280000686645508,20.31999969482422,20.280000686645508,20.28499984741211,1800,0.0,0.0,0.0
2023-03-24 00:00:00-04:00,20.350000381469727,20.350000381469727,20.349000930786133,20.349000930786133,300,0.0,0.0,0.0
2023-03-27 00:00:00-04:00,20.30900001525879,20.315000534057617,20.291000366210938,20.315000534057617,900,0.0,0.0,0.0
2023-03-28 00:00:00-04:00,20.290000915527344,20.299999237060547,20.25,20.280000686645508,4300,0.0,0.0,0.0
2023-03-29 00:00:00-04:00,20.209999084472656,20.225000381469727,20.209999084472656,20.225000381469727,200,0.0,0.0,0.0
2023-03-30 00:00:00-04:00,20.260000228881836,20.270000457763672,20.239999771118164,20.239999771118164,2200,0.0,0.0,0.0
2023-03-31 00:00:00-04:00,20.280000686645508,20.290000915527344,20.2549991607666,20.264999389648438,3600,0.0,0.0,0.0
2023-04-03 00:00:00-04:00,20.198999404907227,20.200000762939453,20.170000076293945,20.170000076293945,900,0.0,0.0,0.0
2023-04-04 00:00:00-04:00,20.25,20.25,20.25,20.25,200,0.0,0.0,0.0
2023-04-05 00:00:00-04:00,20.299999237060547,20.31999969482422,20.299999237060547,20.309999465942383,9800,0.0,0.0,0.0
2023-04-06 00:00:00-04:00,20.299999237060547,20.301000595092773,20.280000686645508,20.295000076293945,800,0.0,0.0,0.0
2023-04-10 00:00:00-04:00,20.299999237060547,20.299999237060547,20.297000885009766,20.297000885009766,200,0.0,0.0,0.0
2023-04-11 00:00:00-04:00,20.190000534057617,20.219999313354492,20.190000534057617,20.219999313354492,700,0.0,0.0,0.0
2023-04-12 00:00:00-04:00,20.219999313354492,20.219999313354492,20.219999313354492,20.219999313354492,600,0.0,0.0,0.0
2023-04-13 00:00:00-04:00,20.219999313354492,20.253000259399414,20.219999313354492,20.2450008392334,7900,0.0,0.0,0.0
2023-04-14 00:00:00-04:00,20.260000228881836,20.270000457763672,20.239999771118164,20.239999771118164,6700,0.0,0.0,0.0
2023-04-17 00:00:00-04:00,20.25,20.25,20.229999542236328,20.229999542236328,1000,0.0,0.0,0.0
2023-04-18 00:00:00-04:00,20.219999313354492,20.229999542236328,20.197999954223633,20.204999923706055,9600,0.0,0.0,0.0
2023-04-19 00:00:00-04:00,20.200000762939453,20.229000091552734,20.200000762939453,20.200000762939453,3100,0.0,0.0,0.0
2023-04-20 00:00:00-04:00,20.170000076293945,20.229999542236328,20.170000076293945,20.222999572753906,2000,0.0,0.0,0.0
2023-04-21 00:00:00-04:00,20.21500015258789,20.229999542236328,20.21500015258789,20.219999313354492,1200,0.0,0.0,0.0
2023-04-24 00:00:00-04:00,20.219999313354492,20.239999771118164,20.200000762939453,20.239999771118164,1500,0.0,0.0,0.0
2023-04-25 00:00:00-04:00,20.229999542236328,20.290000915527344,20.229999542236328,20.260000228881836,1300,0.0,0.0,0.0
2023-04-26 00:00:00-04:00,20.229999542236328,20.260000228881836,20.229999542236328,20.260000228881836,1500,0.0,0.0,0.0
2023-04-27 00:00:00-04:00,20.270000457763672,20.280000686645508,20.2549991607666,20.263999938964844,4600,0.0,0.0,0.0
2023-04-28 00:00:00-04:00,20.270000457763672,20.270000457763672,20.270000457763672,20.270000457763672,800,0.0,0.0,0.0
2023-05-01 00:00:00-04:00,20.170000076293945,20.170000076293945,20.149999618530273,20.149999618530273,1400,0.0,0.0,0.0
2023-05-02 00:00:00-04:00,20.170000076293945,20.18000030517578,20.16900062561035,20.174999237060547,6300,0.0,0.0,0.0
2023-05-03 00:00:00-04:00,20.18000030517578,20.209999084472656,20.18000030517578,20.19499969482422,4100,0.0,0.0,0.0
2023-05-04 00:00:00-04:00,20.209999084472656,20.229999542236328,20.209999084472656,20.21500015258789,14700,0.0,0.0,0.0
2023-05-05 00:00:00-04:00,20.200000762939453,20.200000762939453,20.149999618530273,20.174999237060547,16500,0.0,0.0,0.0
2023-05-08 00:00:00-04:00,20.149999618530273,20.170000076293945,20.149999618530273,20.15999984741211,7600,0.0,0.0,0.0
2023-05-09 00:00:00-04:00,20.149999618530273,20.149999618530273,20.149999618530273,20.149999618530273,200,0.0,0.0,0.0
2023-05-10 00:00:00-04:00,20.190000534057617,20.190000534057617,20.18000030517578,20.18000030517578,500,0.0,0.0,0.0
2023-05-11 00:00:00-04:00,20.211999893188477,20.211999893188477,20.209999084472656,20.209999084472656,200,0.0,0.0,0.0
2023-05-12 00:00:00-04:00,20.200000762939453,20.25,20.200000762939453,20.225000381469727,2300,0.0,0.0,0.0
2023-05-15 00:00:00-04:00,20.219999313354492,20.229999542236328,20.190000534057617,20.209999084472656,3500,0.0,0.0,0.0
2023-05-16 00:00:00-04:00,20.200000762939453,20.224000930786133,20.170000076293945,20.200000762939453,4700,0.0,0.0,0.0
2023-05-17 00:00:00-04:00,20.229999542236328,20.229999542236328,20.209999084472656,20.219999313354492,1200,0.0,0.0,0.0
2023-05-18 00:00:00-04:00,20.200000762939453,20.219999313354492,20.200000762939453,20.219999313354492,700,0.0,0.0,0.0
2023-05-19 00:00:00-04:00,20.190000534057617,20.190000534057617,20.174999237060547,20.174999237060547,1500,0.0,0.0,0.0
2023-05-22 00:00:00-04:00,20.18899917602539,20.209999084472656,20.18000030517578,20.18000030517578,4700,0.0,0.0,0.0
2023-05-23 00:00:00-04:00,20.190000534057617,20.200000762939453,20.170000076293945,20.170000076293945,3400,0.0,0.0,0.0
2023-05-24 00:00:00-04:00,20.104999542236328,20.104999542236328,20.100000381469727,20.100000381469727,900,0.0,0.0,0.0
2023-05-25 00:00:00-04:00,20.110000610351562,20.1299991607666,20.079999923706055,20.079999923706055,24100,0.0,0.0,0.0
2023-05-26 00:00:00-04:00,20.100000381469727,20.110000610351562,20.084999084472656,20.084999084472656,10200,0.0,0.0,0.0
2023-05-30 00:00:00-04:00,20.139999389648438,20.149999618530273,20.08099937438965,20.115999221801758,1500,0.0,0.0,0.0
2023-05-31 00:00:00-04:00,20.15999984741211,20.15999984741211,20.139999389648438,20.139999389648438,1000,0.0,0.0,0.0
2023-06-01 00:00:00-04:00,20.077999114990234,20.077999114990234,20.049999237060547,20.049999237060547,600,0.0,0.0,0.0
2023-06-02 00:00:00-04:00,20.070999145507812,20.09000015258789,20.065000534057617,20.065000534057617,7600,0.0,0.0,0.0
2023-06-05 00:00:00-04:00,20.06999969482422,20.06999969482422,20.05500030517578,20.05500030517578,800,0.0,0.0,0.0
2023-06-06 00:00:00-04:00,20.065000534057617,20.108999252319336,20.049999237060547,20.075000762939453,31100,0.0,0.0,0.0
2023-06-07 00:00:00-04:00,20.09000015258789,20.100000381469727,20.077999114990234,20.094999313354492,4000,0.0,0.0,0.0
2023-06-08 00:00:00-04:00,20.079999923706055,20.110000610351562,20.040000915527344,20.059999465942383,4300,0.0,0.0,0.0
2023-06-09 00:00:00-04:00,20.100000381469727,20.110000610351562,20.084999084472656,20.084999084472656,5000,0.0,0.0,0.0
2023-06-12 00:00:00-04:00,20.09000015258789,20.114999771118164,20.09000015258789,20.09000015258789,4000,0.0,0.0,0.0
2023-06-13 00:00:00-04:00,20.1200008392334,20.1299991607666,20.094999313354492,20.094999313354492,5100,0.0,0.0,0.0
2023-06-14 00:00:00-04:00,20.100000381469727,20.110000610351562,20.075000762939453,20.075000762939453,24400,0.0,0.0,0.0
2023-06-15 00:00:00-04:00,20.1299991607666,20.149999618530273,20.09000015258789,20.1200008392334,5100,0.0,0.0,0.0
2023-06-16 00:00:00-04:00,20.104999542236328,20.104999542236328,20.104999542236328,20.104999542236328,300,0.0,0.0,0.0
2023-06-20 00:00:00-04:00,20.139999389648438,20.149999618530273,20.100000381469727,20.1200008392334,6500,0.0,0.0,0.0
2023-06-21 00:00:00-04:00,20.139999389648438,20.149999618530273,20.1200008392334,20.1200008392334,1300,0.0,0.0,0.0
2023-06-22 00:00:00-04:00,20.139999389648438,20.149999618530273,20.1200008392334,20.1200008392334,1300,0.0,0.0,0.0
2023-06-23 00:00:00-04:00,20.10099983215332,20.545000076293945,20.10099983215332,20.1299991607666,39700,0.0,0.0,0.0
2023-06-26 00:00:00-04:00,20.100000381469727,20.149999618530273,20.100000381469727,20.1200008392334,7000,0.0,0.0,0.0
2023-06-27 00:00:00-04:00,20.15999984741211,20.170000076293945,20.1299991607666,20.145000457763672,19900,0.0,0.0,0.0
2023-06-28 00:00:00-04:00,20.135000228881836,20.170000076293945,20.132999420166016,20.139999389648438,4700,0.0,0.0,0.0
2023-06-29 00:00:00-04:00,20.135000228881836,20.170000076293945,20.134000778198242,20.139999389648438,7700,0.0,0.0,0.0
2023-06-30 00:00:00-04:00,20.139999389648438,20.149999618530273,20.139999389648438,20.145000457763672,11200,0.0,0.0,0.0
2023-07-03 00:00:00-04:00,20.06999969482422,20.15999984741211,20.06999969482422,20.1200008392334,6200,0.0,0.0,0.0
2023-07-05 00:00:00-04:00,20.030000686645508,20.06999969482422,20.0,20.03499984741211,13500,0.0,0.0,0.0
2023-07-06 00:00:00-04:00,20.030000686645508,20.049999237060547,20.011999130249023,20.040000915527344,13200,0.0,0.0,0.0
2023-07-07 00:00:00-04:00,20.0,20.03499984741211,20.0,20.0,2700,0.0,0.0,0.0
2023-07-10 00:00:00-04:00,20.003000259399414,20.03499984741211,19.992000579833984,20.03499984741211,5900,0.0,0.0,0.0
2023-07-11 00:00:00-04:00,20.027000427246094,20.079999923706055,20.016000747680664,20.049999237060547,18000,0.0,0.0,0.0
2023-07-12 00:00:00-04:00,20.110000610351562,20.1200008392334,20.110000610351562,20.110000610351562,5400,0.0,0.0,0.0
2023-07-13 00:00:00-04:00,20.16900062561035,20.170000076293945,20.1299991607666,20.1299991607666,13300,0.0,0.0,0.0
2023-07-14 00:00:00-04:00,20.170000076293945,20.18000030517578,20.1200008392334,20.139999389648438,4000,0.0,0.0,0.0
2023-07-17 00:00:00-04:00,20.170000076293945,20.190000534057617,20.155000686645508,20.155000686645508,16900,0.0,0.0,0.0
2023-07-18 00:00:00-04:00,20.139999389648438,20.198999404907227,20.139999389648438,20.165000915527344,5400,0.0,0.0,0.0
2023-07-19 00:00:00-04:00,20.172000885009766,20.200000762939453,20.172000885009766,20.18000030517578,7800,0.0,0.0,0.0
2023-07-20 00:00:00-04:00,20.20400047302246,20.20400047302246,20.200000762939453,20.200000762939453,300,0.0,0.0,0.0
2023-07-21 00:00:00-04:00,20.15999984741211,20.202999114990234,20.149999618530273,20.200000762939453,6700,0.0,0.0,0.0
2023-07-24 00:00:00-04:00,20.184999465942383,20.184999465942383,20.149999618530273,20.184999465942383,400,0.0,0.0,0.0
2023-07-25 00:00:00-04:00,20.219999313354492,20.229999542236328,20.15999984741211,20.19499969482422,13800,0.0,0.0,0.0
2023-07-26 00:00:00-04:00,20.190000534057617,20.209999084472656,20.190000534057617,20.190000534057617,3300,0.0,0.0,0.0
2023-07-27 00:00:00-04:00,20.209999084472656,20.209999084472656,20.18000030517578,20.18000030517578,900,0.0,0.0,0.0
2023-07-28 00:00:00-04:00,20.209999084472656,20.219999313354492,20.19499969482422,20.200000762939453,17200,0.0,0.0,0.0
