Date,Open,High,Low,Close,Volume,Dividends,Stock Splits
2021-10-22 00:00:00-04:00,9.89799976348877,9.949999809265137,9.670000076293945,9.8100004196167,4600,0.0,0.0
2021-10-25 00:00:00-04:00,9.949999809265137,9.949999809265137,9.6899995803833,9.763999938964844,1600,0.0,0.0
2021-10-26 00:00:00-04:00,9.6899995803833,9.6899995803833,9.6899995803833,9.6899995803833,300,0.0,0.0
2021-10-27 00:00:00-04:00,9.75,9.75,9.75,9.75,200,0.0,0.0
2021-10-28 00:00:00-04:00,9.75,9.75,9.6899995803833,9.699999809265137,10300,0.0,0.0
2021-10-29 00:00:00-04:00,9.710000038146973,9.710000038146973,9.6899995803833,9.699999809265137,30600,0.0,0.0
2021-11-01 00:00:00-04:00,9.699999809265137,9.729999542236328,9.670000076293945,9.725000381469727,107200,0.0,0.0
2021-11-02 00:00:00-04:00,9.6899995803833,9.770000457763672,9.6899995803833,9.729999542236328,1171000,0.0,0.0
2021-11-03 00:00:00-04:00,9.729999542236328,9.729999542236328,9.729999542236328,9.729999542236328,900,0.0,0.0
2021-11-04 00:00:00-04:00,9.729999542236328,9.75,9.729999542236328,9.739999771118164,260400,0.0,0.0
2021-11-05 00:00:00-04:00,9.729999542236328,9.760000228881836,9.729999542236328,9.729999542236328,7000,0.0,0.0
2021-11-08 00:00:00-05:00,9.720000267028809,9.729999542236328,9.720000267028809,9.729999542236328,5600,0.0,0.0
2021-11-09 00:00:00-05:00,9.729999542236328,9.729999542236328,9.729999542236328,9.729999542236328,0,0.0,0.0
2021-11-10 00:00:00-05:00,9.729999542236328,9.729999542236328,9.729999542236328,9.729999542236328,200,0.0,0.0
2021-11-11 00:00:00-05:00,9.729999542236328,9.729999542236328,9.729999542236328,9.729999542236328,600,0.0,0.0
2021-11-12 00:00:00-05:00,9.729999542236328,9.729999542236328,9.729999542236328,9.729999542236328,400,0.0,0.0
2021-11-15 00:00:00-05:00,9.760000228881836,9.760000228881836,9.75,9.75,9700,0.0,0.0
2021-11-16 00:00:00-05:00,9.75,9.75,9.75,9.75,0,0.0,0.0
2021-11-17 00:00:00-05:00,9.720000267028809,9.75,9.711000442504883,9.75,1200,0.0,0.0
2021-11-18 00:00:00-05:00,9.715999603271484,9.75,9.710000038146973,9.75,1800,0.0,0.0
2021-11-19 00:00:00-05:00,9.75,9.75,9.75,9.75,0,0.0,0.0
2021-11-22 00:00:00-05:00,9.710000038146973,9.770000457763672,9.710000038146973,9.739999771118164,1300,0.0,0.0
2021-11-23 00:00:00-05:00,9.729999542236328,9.739999771118164,9.729999542236328,9.739999771118164,174000,0.0,0.0
2021-11-24 00:00:00-05:00,9.739999771118164,9.739999771118164,9.739999771118164,9.739999771118164,0,0.0,0.0
2021-11-26 00:00:00-05:00,9.710000038146973,9.729999542236328,9.699999809265137,9.729999542236328,11300,0.0,0.0
2021-11-29 00:00:00-05:00,9.779999732971191,9.779999732971191,9.710000038146973,9.739999771118164,7500,0.0,0.0
2021-11-30 00:00:00-05:00,9.739999771118164,9.760000228881836,9.739999771118164,9.760000228881836,5200,0.0,0.0
2021-12-01 00:00:00-05:00,9.720000267028809,9.760000228881836,9.710000038146973,9.729999542236328,3700,0.0,0.0
2021-12-02 00:00:00-05:00,9.729999542236328,9.729999542236328,9.729999542236328,9.729999542236328,0,0.0,0.0
2021-12-03 00:00:00-05:00,9.729999542236328,9.729999542236328,9.729999542236328,9.729999542236328,0,0.0,0.0
2021-12-06 00:00:00-05:00,9.75,9.75,9.729999542236328,9.75,17800,0.0,0.0
2021-12-07 00:00:00-05:00,9.739999771118164,9.739999771118164,9.739999771118164,9.739999771118164,300,0.0,0.0
2021-12-08 00:00:00-05:00,9.75,9.75,9.75,9.75,700,0.0,0.0
2021-12-09 00:00:00-05:00,9.75,9.800000190734863,9.75,9.800000190734863,1100,0.0,0.0
2021-12-10 00:00:00-05:00,9.760000228881836,9.760000228881836,9.739999771118164,9.744999885559082,900,0.0,0.0
2021-12-13 00:00:00-05:00,9.739999771118164,9.739999771118164,9.739999771118164,9.739999771118164,800,0.0,0.0
2021-12-14 00:00:00-05:00,9.720000267028809,9.720000267028809,9.720000267028809,9.720000267028809,372100,0.0,0.0
2021-12-15 00:00:00-05:00,9.720000267028809,9.720000267028809,9.720000267028809,9.720000267028809,0,0.0,0.0
2021-12-16 00:00:00-05:00,9.739999771118164,9.739999771118164,9.729999542236328,9.729999542236328,19300,0.0,0.0
2021-12-17 00:00:00-05:00,9.699999809265137,9.699999809265137,9.699999809265137,9.699999809265137,2000,0.0,0.0
2021-12-20 00:00:00-05:00,9.699999809265137,9.739999771118164,9.699999809265137,9.739999771118164,2100,0.0,0.0
2021-12-21 00:00:00-05:00,9.739999771118164,9.739999771118164,9.699999809265137,9.699999809265137,4200,0.0,0.0
2021-12-22 00:00:00-05:00,9.739999771118164,9.739999771118164,9.739999771118164,9.739999771118164,2400,0.0,0.0
2021-12-23 00:00:00-05:00,9.739999771118164,9.739999771118164,9.739999771118164,9.739999771118164,0,0.0,0.0
2021-12-27 00:00:00-05:00,9.739999771118164,9.739999771118164,9.739999771118164,9.739999771118164,1700,0.0,0.0
2021-12-28 00:00:00-05:00,9.739999771118164,9.739999771118164,9.739999771118164,9.739999771118164,1600,0.0,0.0
2021-12-29 00:00:00-05:00,9.739999771118164,9.739999771118164,9.739999771118164,9.739999771118164,100,0.0,0.0
2021-12-30 00:00:00-05:00,9.6899995803833,9.729999542236328,9.6899995803833,9.729999542236328,400,0.0,0.0
2021-12-31 00:00:00-05:00,9.729999542236328,9.729999542236328,9.729999542236328,9.729999542236328,0,0.0,0.0
2022-01-03 00:00:00-05:00,9.729999542236328,9.729999542236328,9.720000267028809,9.720000267028809,30700,0.0,0.0
2022-01-04 00:00:00-05:00,9.739999771118164,9.739999771118164,9.729999542236328,9.739999771118164,2600,0.0,0.0
2022-01-05 00:00:00-05:00,9.739999771118164,9.739999771118164,9.739999771118164,9.739999771118164,700,0.0,0.0
2022-01-06 00:00:00-05:00,9.739999771118164,9.739999771118164,9.739999771118164,9.739999771118164,0,0.0,0.0
2022-01-07 00:00:00-05:00,9.65999984741211,9.739999771118164,9.65999984741211,9.739999771118164,12600,0.0,0.0
2022-01-10 00:00:00-05:00,9.720000267028809,9.720000267028809,9.710000038146973,9.710000038146973,5100,0.0,0.0
2022-01-11 00:00:00-05:00,9.699999809265137,9.699999809265137,9.6899995803833,9.6899995803833,134900,0.0,0.0
2022-01-12 00:00:00-05:00,9.720000267028809,9.720000267028809,9.720000267028809,9.720000267028809,100,0.0,0.0
2022-01-13 00:00:00-05:00,9.720000267028809,9.720000267028809,9.710000038146973,9.710000038146973,16500,0.0,0.0
2022-01-14 00:00:00-05:00,9.720000267028809,9.720000267028809,9.720000267028809,9.720000267028809,100,0.0,0.0
2022-01-18 00:00:00-05:00,9.720000267028809,9.720000267028809,9.720000267028809,9.720000267028809,0,0.0,0.0
2022-01-19 00:00:00-05:00,9.699999809265137,9.720000267028809,9.699999809265137,9.720000267028809,1400,0.0,0.0
2022-01-20 00:00:00-05:00,9.720000267028809,9.720000267028809,9.720000267028809,9.720000267028809,2600,0.0,0.0
2022-01-21 00:00:00-05:00,9.720000267028809,9.720000267028809,9.720000267028809,9.720000267028809,0,0.0,0.0
2022-01-24 00:00:00-05:00,9.670000076293945,9.6899995803833,9.670000076293945,9.6899995803833,300,0.0,0.0
2022-01-25 00:00:00-05:00,9.680000305175781,9.720000267028809,9.630000114440918,9.720000267028809,9600,0.0,0.0
2022-01-26 00:00:00-05:00,9.720000267028809,9.720000267028809,9.720000267028809,9.720000267028809,0,0.0,0.0
2022-01-27 00:00:00-05:00,9.680000305175781,9.680000305175781,9.680000305175781,9.680000305175781,300,0.0,0.0
2022-01-28 00:00:00-05:00,9.710000038146973,9.710000038146973,9.710000038146973,9.710000038146973,100,0.0,0.0
2022-01-31 00:00:00-05:00,9.710000038146973,9.710000038146973,9.710000038146973,9.710000038146973,300,0.0,0.0
2022-02-01 00:00:00-05:00,9.710000038146973,9.710000038146973,9.710000038146973,9.710000038146973,100,0.0,0.0
2022-02-02 00:00:00-05:00,9.710000038146973,9.729999542236328,9.710000038146973,9.729999542236328,13200,0.0,0.0
2022-02-03 00:00:00-05:00,9.720000267028809,9.720000267028809,9.720000267028809,9.720000267028809,1600,0.0,0.0
2022-02-04 00:00:00-05:00,9.720000267028809,9.720000267028809,9.720000267028809,9.720000267028809,0,0.0,0.0
2022-02-07 00:00:00-05:00,9.720000267028809,9.720000267028809,9.720000267028809,9.720000267028809,1200,0.0,0.0
2022-02-08 00:00:00-05:00,9.720000267028809,9.720000267028809,9.720000267028809,9.720000267028809,1400,0.0,0.0
2022-02-09 00:00:00-05:00,9.720000267028809,9.720000267028809,9.720000267028809,9.720000267028809,0,0.0,0.0
2022-02-10 00:00:00-05:00,9.720000267028809,9.720000267028809,9.720000267028809,9.720000267028809,0,0.0,0.0
2022-02-11 00:00:00-05:00,9.720000267028809,9.720000267028809,9.720000267028809,9.720000267028809,0,0.0,0.0
2022-02-14 00:00:00-05:00,9.710000038146973,9.720000267028809,9.710000038146973,9.720000267028809,500,0.0,0.0
2022-02-15 00:00:00-05:00,9.720000267028809,9.720000267028809,9.720000267028809,9.720000267028809,100,0.0,0.0
2022-02-16 00:00:00-05:00,9.720000267028809,9.720000267028809,9.720000267028809,9.720000267028809,0,0.0,0.0
2022-02-17 00:00:00-05:00,9.680000305175781,9.729999542236328,9.680000305175781,9.704999923706055,6100,0.0,0.0
2022-02-18 00:00:00-05:00,9.6899995803833,9.6899995803833,9.6899995803833,9.6899995803833,200,0.0,0.0
2022-02-22 00:00:00-05:00,9.6899995803833,9.6899995803833,9.6899995803833,9.6899995803833,0,0.0,0.0
2022-02-23 00:00:00-05:00,9.6899995803833,9.6899995803833,9.6899995803833,9.6899995803833,0,0.0,0.0
2022-02-24 00:00:00-05:00,9.699999809265137,9.699999809265137,9.699999809265137,9.699999809265137,60100,0.0,0.0
2022-02-25 00:00:00-05:00,9.710000038146973,9.710000038146973,9.710000038146973,9.710000038146973,400,0.0,0.0
2022-02-28 00:00:00-05:00,9.710000038146973,9.710000038146973,9.710000038146973,9.710000038146973,0,0.0,0.0
2022-03-01 00:00:00-05:00,9.710000038146973,9.710000038146973,9.710000038146973,9.710000038146973,300,0.0,0.0
2022-03-02 00:00:00-05:00,9.720000267028809,9.720000267028809,9.720000267028809,9.720000267028809,100,0.0,0.0
2022-03-03 00:00:00-05:00,9.720000267028809,9.737000465393066,9.720000267028809,9.729999542236328,7900,0.0,0.0
2022-03-04 00:00:00-05:00,9.710000038146973,9.710000038146973,9.710000038146973,9.710000038146973,3800,0.0,0.0
2022-03-07 00:00:00-05:00,9.725000381469727,9.725000381469727,9.725000381469727,9.725000381469727,1000,0.0,0.0
2022-03-08 00:00:00-05:00,9.725000381469727,9.725000381469727,9.725000381469727,9.725000381469727,0,0.0,0.0
2022-03-09 00:00:00-05:00,9.725000381469727,9.729999542236328,9.722999572753906,9.729999542236328,2400,0.0,0.0
2022-03-10 00:00:00-05:00,9.729999542236328,9.729999542236328,9.720000267028809,9.720000267028809,17600,0.0,0.0
2022-03-11 00:00:00-05:00,9.720000267028809,9.720000267028809,9.720000267028809,9.720000267028809,0,0.0,0.0
2022-03-14 00:00:00-04:00,9.720000267028809,9.729999542236328,9.720000267028809,9.729999542236328,7800,0.0,0.0
2022-03-15 00:00:00-04:00,9.789999961853027,9.789999961853027,9.789999961853027,9.789999961853027,200,0.0,0.0
2022-03-16 00:00:00-04:00,9.739999771118164,9.739999771118164,9.739999771118164,9.739999771118164,200,0.0,0.0
2022-03-17 00:00:00-04:00,9.739999771118164,9.739999771118164,9.739999771118164,9.739999771118164,0,0.0,0.0
2022-03-18 00:00:00-04:00,9.729999542236328,9.729999542236328,9.729999542236328,9.729999542236328,1200,0.0,0.0
2022-03-21 00:00:00-04:00,9.729999542236328,9.729999542236328,9.729999542236328,9.729999542236328,0,0.0,0.0
2022-03-22 00:00:00-04:00,9.720000267028809,9.720000267028809,9.720000267028809,9.720000267028809,200,0.0,0.0
2022-03-23 00:00:00-04:00,9.720000267028809,9.720000267028809,9.720000267028809,9.720000267028809,0,0.0,0.0
2022-03-24 00:00:00-04:00,9.720000267028809,9.720000267028809,9.720000267028809,9.720000267028809,0,0.0,0.0
2022-03-25 00:00:00-04:00,9.720000267028809,9.720000267028809,9.720000267028809,9.720000267028809,0,0.0,0.0
2022-03-28 00:00:00-04:00,9.75,9.760000228881836,9.75,9.760000228881836,10100,0.0,0.0
2022-03-29 00:00:00-04:00,9.760000228881836,9.760000228881836,9.760000228881836,9.760000228881836,100,0.0,0.0
2022-03-30 00:00:00-04:00,9.760000228881836,9.760000228881836,9.760000228881836,9.760000228881836,0,0.0,0.0
2022-03-31 00:00:00-04:00,9.75,9.75,9.75,9.75,150000,0.0,0.0
2022-04-01 00:00:00-04:00,9.75,9.75,9.75,9.75,0,0.0,0.0
2022-04-04 00:00:00-04:00,9.789999961853027,9.789999961853027,9.789999961853027,9.789999961853027,200,0.0,0.0
2022-04-05 00:00:00-04:00,9.789999961853027,9.789999961853027,9.789999961853027,9.789999961853027,0,0.0,0.0
2022-04-06 00:00:00-04:00,9.75,9.75,9.75,9.75,300,0.0,0.0
2022-04-07 00:00:00-04:00,9.760000228881836,9.760000228881836,9.760000228881836,9.760000228881836,10100,0.0,0.0
2022-04-08 00:00:00-04:00,9.760000228881836,9.760000228881836,9.760000228881836,9.760000228881836,0,0.0,0.0
2022-04-11 00:00:00-04:00,9.770000457763672,9.770000457763672,9.770000457763672,9.770000457763672,800,0.0,0.0
2022-04-12 00:00:00-04:00,9.789999961853027,9.789999961853027,9.789999961853027,9.789999961853027,400,0.0,0.0
2022-04-13 00:00:00-04:00,9.789999961853027,9.789999961853027,9.789999961853027,9.789999961853027,0,0.0,0.0
2022-04-14 00:00:00-04:00,9.779999732971191,9.779999732971191,9.779999732971191,9.779999732971191,6300,0.0,0.0
2022-04-18 00:00:00-04:00,9.779999732971191,9.779999732971191,9.779999732971191,9.779999732971191,0,0.0,0.0
2022-04-19 00:00:00-04:00,9.779999732971191,9.779999732971191,9.779999732971191,9.779999732971191,0,0.0,0.0
2022-04-20 00:00:00-04:00,9.779999732971191,9.779999732971191,9.779999732971191,9.779999732971191,0,0.0,0.0
2022-04-21 00:00:00-04:00,9.795000076293945,9.795000076293945,9.795000076293945,9.795000076293945,4500,0.0,0.0
2022-04-22 00:00:00-04:00,9.795000076293945,9.795000076293945,9.795000076293945,9.795000076293945,1600,0.0,0.0
2022-04-25 00:00:00-04:00,9.800000190734863,9.8100004196167,9.800000190734863,9.8100004196167,400,0.0,0.0
2022-04-26 00:00:00-04:00,9.8100004196167,9.8100004196167,9.8100004196167,9.8100004196167,0,0.0,0.0
2022-04-27 00:00:00-04:00,9.8100004196167,9.8100004196167,9.8100004196167,9.8100004196167,0,0.0,0.0
2022-04-28 00:00:00-04:00,9.8100004196167,9.8100004196167,9.8100004196167,9.8100004196167,100,0.0,0.0
2022-04-29 00:00:00-04:00,9.8100004196167,9.8100004196167,9.8100004196167,9.8100004196167,0,0.0,0.0
2022-05-02 00:00:00-04:00,9.8100004196167,9.8100004196167,9.8100004196167,9.8100004196167,0,0.0,0.0
2022-05-03 00:00:00-04:00,9.8100004196167,9.8100004196167,9.8100004196167,9.8100004196167,0,0.0,0.0
2022-05-04 00:00:00-04:00,9.789999961853027,9.789999961853027,9.779999732971191,9.789999961853027,6400,0.0,0.0
2022-05-05 00:00:00-04:00,9.800000190734863,9.800000190734863,9.789999961853027,9.800000190734863,23600,0.0,0.0
2022-05-06 00:00:00-04:00,9.800000190734863,9.800000190734863,9.800000190734863,9.800000190734863,0,0.0,0.0
2022-05-09 00:00:00-04:00,9.800000190734863,9.800000190734863,9.800000190734863,9.800000190734863,10000,0.0,0.0
2022-05-10 00:00:00-04:00,9.789999961853027,9.789999961853027,9.779999732971191,9.779999732971191,6500,0.0,0.0
2022-05-11 00:00:00-04:00,9.770000457763672,9.800000190734863,9.760000228881836,9.800000190734863,14000,0.0,0.0
2022-05-12 00:00:00-04:00,9.770000457763672,9.770000457763672,9.770000457763672,9.770000457763672,300,0.0,0.0
2022-05-13 00:00:00-04:00,9.770000457763672,9.770000457763672,9.770000457763672,9.770000457763672,0,0.0,0.0
2022-05-16 00:00:00-04:00,9.770000457763672,9.770000457763672,9.770000457763672,9.770000457763672,0,0.0,0.0
2022-05-17 00:00:00-04:00,9.770000457763672,9.770000457763672,9.770000457763672,9.770000457763672,0,0.0,0.0
2022-05-18 00:00:00-04:00,9.770000457763672,9.770000457763672,9.770000457763672,9.770000457763672,230100,0.0,0.0
2022-05-19 00:00:00-04:00,9.760000228881836,9.760000228881836,9.760000228881836,9.760000228881836,14900,0.0,0.0
2022-05-20 00:00:00-04:00,9.760000228881836,9.760000228881836,9.760000228881836,9.760000228881836,0,0.0,0.0
2022-05-23 00:00:00-04:00,9.760000228881836,9.779999732971191,9.760000228881836,9.779999732971191,10200,0.0,0.0
2022-05-24 00:00:00-04:00,9.779999732971191,9.779999732971191,9.779999732971191,9.779999732971191,30100,0.0,0.0
2022-05-25 00:00:00-04:00,9.770000457763672,9.779999732971191,9.770000457763672,9.770000457763672,800,0.0,0.0
2022-05-26 00:00:00-04:00,9.800000190734863,9.800000190734863,9.800000190734863,9.800000190734863,200,0.0,0.0
2022-05-27 00:00:00-04:00,9.800000190734863,9.800000190734863,9.800000190734863,9.800000190734863,0,0.0,0.0
2022-05-31 00:00:00-04:00,9.800000190734863,9.800000190734863,9.800000190734863,9.800000190734863,0,0.0,0.0
2022-06-01 00:00:00-04:00,9.800000190734863,9.800000190734863,9.800000190734863,9.800000190734863,0,0.0,0.0
2022-06-02 00:00:00-04:00,9.770000457763672,9.770000457763672,9.770000457763672,9.770000457763672,100,0.0,0.0
2022-06-03 00:00:00-04:00,9.78499984741211,9.78499984741211,9.770000457763672,9.770000457763672,134400,0.0,0.0
2022-06-06 00:00:00-04:00,9.770000457763672,9.770000457763672,9.770000457763672,9.770000457763672,700,0.0,0.0
2022-06-07 00:00:00-04:00,9.779999732971191,9.779999732971191,9.779999732971191,9.779999732971191,400,0.0,0.0
2022-06-08 00:00:00-04:00,9.770000457763672,9.789999961853027,9.770000457763672,9.789999961853027,300,0.0,0.0
2022-06-09 00:00:00-04:00,9.779999732971191,9.779999732971191,9.779999732971191,9.779999732971191,3000,0.0,0.0
2022-06-10 00:00:00-04:00,9.779999732971191,9.779999732971191,9.779999732971191,9.779999732971191,0,0.0,0.0
2022-06-13 00:00:00-04:00,9.779999732971191,9.779999732971191,9.779999732971191,9.779999732971191,0,0.0,0.0
2022-06-14 00:00:00-04:00,9.779999732971191,9.779999732971191,9.760000228881836,9.760000228881836,5200,0.0,0.0
2022-06-15 00:00:00-04:00,9.760000228881836,9.760000228881836,9.760000228881836,9.760000228881836,0,0.0,0.0
2022-06-16 00:00:00-04:00,9.760000228881836,9.760000228881836,9.760000228881836,9.760000228881836,400,0.0,0.0
2022-06-17 00:00:00-04:00,9.760000228881836,9.760000228881836,9.760000228881836,9.760000228881836,0,0.0,0.0
2022-06-21 00:00:00-04:00,9.760000228881836,9.760000228881836,9.760000228881836,9.760000228881836,0,0.0,0.0
2022-06-22 00:00:00-04:00,9.760000228881836,9.760000228881836,9.760000228881836,9.760000228881836,0,0.0,0.0
2022-06-23 00:00:00-04:00,9.760000228881836,9.760000228881836,9.760000228881836,9.760000228881836,0,0.0,0.0
2022-06-24 00:00:00-04:00,9.779999732971191,9.779999732971191,9.779999732971191,9.779999732971191,5700,0.0,0.0
2022-06-27 00:00:00-04:00,9.779999732971191,9.779999732971191,9.779999732971191,9.779999732971191,0,0.0,0.0
2022-06-28 00:00:00-04:00,9.779999732971191,9.779999732971191,9.779999732971191,9.779999732971191,0,0.0,0.0
2022-06-29 00:00:00-04:00,9.779999732971191,9.779999732971191,9.779999732971191,9.779999732971191,0,0.0,0.0
2022-06-30 00:00:00-04:00,9.779999732971191,9.779999732971191,9.779999732971191,9.779999732971191,500,0.0,0.0
2022-07-01 00:00:00-04:00,9.779999732971191,9.779999732971191,9.779999732971191,9.779999732971191,0,0.0,0.0
2022-07-05 00:00:00-04:00,9.779999732971191,9.779999732971191,9.779999732971191,9.779999732971191,0,0.0,0.0
2022-07-06 00:00:00-04:00,9.779999732971191,9.779999732971191,9.779999732971191,9.779999732971191,0,0.0,0.0
2022-07-07 00:00:00-04:00,9.779999732971191,9.779999732971191,9.779999732971191,9.779999732971191,0,0.0,0.0
2022-07-08 00:00:00-04:00,9.779999732971191,9.779999732971191,9.779999732971191,9.779999732971191,0,0.0,0.0
2022-07-11 00:00:00-04:00,9.779999732971191,9.779999732971191,9.779999732971191,9.779999732971191,0,0.0,0.0
2022-07-12 00:00:00-04:00,9.779999732971191,9.779999732971191,9.779999732971191,9.779999732971191,0,0.0,0.0
2022-07-13 00:00:00-04:00,9.789999961853027,9.789999961853027,9.779999732971191,9.789999961853027,31300,0.0,0.0
2022-07-14 00:00:00-04:00,9.789999961853027,9.789999961853027,9.789999961853027,9.789999961853027,0,0.0,0.0
2022-07-15 00:00:00-04:00,9.789999961853027,9.789999961853027,9.789999961853027,9.789999961853027,0,0.0,0.0
2022-07-18 00:00:00-04:00,9.819999694824219,9.84000015258789,9.819999694824219,9.84000015258789,400,0.0,0.0
2022-07-19 00:00:00-04:00,9.829999923706055,9.829999923706055,9.829999923706055,9.829999923706055,200,0.0,0.0
2022-07-20 00:00:00-04:00,9.8100004196167,9.8100004196167,9.8100004196167,9.8100004196167,100,0.0,0.0
2022-07-21 00:00:00-04:00,9.8100004196167,9.8100004196167,9.8100004196167,9.8100004196167,0,0.0,0.0
2022-07-22 00:00:00-04:00,9.8100004196167,9.8100004196167,9.8100004196167,9.8100004196167,100,0.0,0.0
2022-07-25 00:00:00-04:00,9.819999694824219,9.829999923706055,9.819999694824219,9.829999923706055,2400,0.0,0.0
2022-07-26 00:00:00-04:00,9.829999923706055,9.829999923706055,9.829999923706055,9.829999923706055,0,0.0,0.0
2022-07-27 00:00:00-04:00,9.819999694824219,9.819999694824219,9.760000228881836,9.760000228881836,199500,0.0,0.0
2022-07-28 00:00:00-04:00,9.869999885559082,9.869999885559082,9.8100004196167,9.859999656677246,3800,0.0,0.0
2022-07-29 00:00:00-04:00,9.859999656677246,9.859999656677246,9.859999656677246,9.859999656677246,0,0.0,0.0
2022-08-01 00:00:00-04:00,9.850000381469727,9.850000381469727,9.850000381469727,9.850000381469727,200,0.0,0.0
2022-08-02 00:00:00-04:00,9.850000381469727,9.850000381469727,9.850000381469727,9.850000381469727,0,0.0,0.0
2022-08-03 00:00:00-04:00,9.850000381469727,9.850000381469727,9.850000381469727,9.850000381469727,0,0.0,0.0
2022-08-04 00:00:00-04:00,9.850000381469727,9.850000381469727,9.850000381469727,9.850000381469727,0,0.0,0.0
2022-08-05 00:00:00-04:00,9.850000381469727,9.850000381469727,9.850000381469727,9.850000381469727,0,0.0,0.0
2022-08-08 00:00:00-04:00,9.850000381469727,9.850000381469727,9.850000381469727,9.850000381469727,0,0.0,0.0
2022-08-09 00:00:00-04:00,9.84000015258789,9.84000015258789,9.829999923706055,9.829999923706055,1300,0.0,0.0
2022-08-10 00:00:00-04:00,9.829999923706055,9.829999923706055,9.829999923706055,9.829999923706055,100,0.0,0.0
2022-08-11 00:00:00-04:00,9.859999656677246,9.859999656677246,9.859999656677246,9.859999656677246,100,0.0,0.0
2022-08-12 00:00:00-04:00,9.850000381469727,9.850000381469727,9.850000381469727,9.850000381469727,200,0.0,0.0
2022-08-15 00:00:00-04:00,9.850000381469727,9.850000381469727,9.850000381469727,9.850000381469727,0,0.0,0.0
2022-08-16 00:00:00-04:00,9.850000381469727,9.850000381469727,9.850000381469727,9.850000381469727,0,0.0,0.0
2022-08-17 00:00:00-04:00,9.850000381469727,9.850000381469727,9.850000381469727,9.850000381469727,130300,0.0,0.0
2022-08-18 00:00:00-04:00,9.84000015258789,9.84000015258789,9.84000015258789,9.84000015258789,200,0.0,0.0
2022-08-19 00:00:00-04:00,9.84000015258789,9.84000015258789,9.84000015258789,9.84000015258789,0,0.0,0.0
2022-08-22 00:00:00-04:00,9.84000015258789,9.84000015258789,9.84000015258789,9.84000015258789,0,0.0,0.0
2022-08-23 00:00:00-04:00,9.850000381469727,9.850000381469727,9.850000381469727,9.850000381469727,1200,0.0,0.0
2022-08-24 00:00:00-04:00,9.84000015258789,9.84000015258789,9.84000015258789,9.84000015258789,200,0.0,0.0
2022-08-25 00:00:00-04:00,9.84000015258789,9.84000015258789,9.84000015258789,9.84000015258789,0,0.0,0.0
2022-08-26 00:00:00-04:00,9.84000015258789,9.84000015258789,9.84000015258789,9.84000015258789,0,0.0,0.0
2022-08-29 00:00:00-04:00,9.829999923706055,9.829999923706055,9.829999923706055,9.829999923706055,200,0.0,0.0
2022-08-30 00:00:00-04:00,9.829999923706055,9.829999923706055,9.829999923706055,9.829999923706055,0,0.0,0.0
2022-08-31 00:00:00-04:00,9.829999923706055,9.829999923706055,9.829999923706055,9.829999923706055,0,0.0,0.0
2022-09-01 00:00:00-04:00,9.829999923706055,9.829999923706055,9.829999923706055,9.829999923706055,0,0.0,0.0
2022-09-02 00:00:00-04:00,9.829999923706055,9.829999923706055,9.829999923706055,9.829999923706055,300,0.0,0.0
2022-09-06 00:00:00-04:00,9.829999923706055,9.829999923706055,9.829999923706055,9.829999923706055,100,0.0,0.0
2022-09-07 00:00:00-04:00,9.829999923706055,9.829999923706055,9.829999923706055,9.829999923706055,100,0.0,0.0
2022-09-08 00:00:00-04:00,9.829999923706055,9.829999923706055,9.829999923706055,9.829999923706055,126100,0.0,0.0
2022-09-09 00:00:00-04:00,9.819999694824219,9.819999694824219,9.800000190734863,9.8100004196167,6600,0.0,0.0
2022-09-12 00:00:00-04:00,9.8100004196167,9.8100004196167,9.8100004196167,9.8100004196167,0,0.0,0.0
2022-09-13 00:00:00-04:00,9.8100004196167,9.8100004196167,9.8100004196167,9.8100004196167,0,0.0,0.0
2022-09-14 00:00:00-04:00,9.8100004196167,9.8100004196167,9.800000190734863,9.800000190734863,3700,0.0,0.0
2022-09-15 00:00:00-04:00,9.800000190734863,9.800000190734863,9.800000190734863,9.800000190734863,0,0.0,0.0
2022-09-16 00:00:00-04:00,9.8100004196167,9.8100004196167,9.800000190734863,9.8100004196167,9600,0.0,0.0
2022-09-19 00:00:00-04:00,9.8100004196167,9.8100004196167,9.8100004196167,9.8100004196167,175000,0.0,0.0
2022-09-20 00:00:00-04:00,9.829999923706055,9.829999923706055,9.829999923706055,9.829999923706055,200,0.0,0.0
2022-09-21 00:00:00-04:00,9.829999923706055,9.829999923706055,9.829999923706055,9.829999923706055,0,0.0,0.0
2022-09-22 00:00:00-04:00,9.829999923706055,9.829999923706055,9.829999923706055,9.829999923706055,0,0.0,0.0
2022-09-23 00:00:00-04:00,9.829999923706055,9.829999923706055,9.829999923706055,9.829999923706055,0,0.0,0.0
2022-09-26 00:00:00-04:00,9.819999694824219,9.819999694824219,9.819999694824219,9.819999694824219,200,0.0,0.0
2022-09-27 00:00:00-04:00,9.819999694824219,9.819999694824219,9.819999694824219,9.819999694824219,0,0.0,0.0
2022-09-28 00:00:00-04:00,9.84000015258789,9.850000381469727,9.84000015258789,9.850000381469727,5900,0.0,0.0
2022-09-29 00:00:00-04:00,9.829999923706055,9.829999923706055,9.829999923706055,9.829999923706055,300,0.0,0.0
2022-09-30 00:00:00-04:00,9.829999923706055,9.829999923706055,9.829999923706055,9.829999923706055,0,0.0,0.0
2022-10-03 00:00:00-04:00,9.84000015258789,9.859999656677246,9.84000015258789,9.859999656677246,3400,0.0,0.0
2022-10-04 00:00:00-04:00,9.850000381469727,9.859999656677246,9.850000381469727,9.859999656677246,18700,0.0,0.0
2022-10-05 00:00:00-04:00,9.859999656677246,9.864999771118164,9.859999656677246,9.859999656677246,15900,0.0,0.0
2022-10-06 00:00:00-04:00,9.869999885559082,9.880000114440918,9.869000434875488,9.869999885559082,5000,0.0,0.0
2022-10-07 00:00:00-04:00,9.869999885559082,9.869999885559082,9.869999885559082,9.869999885559082,0,0.0,0.0
2022-10-10 00:00:00-04:00,9.869999885559082,9.869999885559082,9.869999885559082,9.869999885559082,0,0.0,0.0
2022-10-11 00:00:00-04:00,9.869999885559082,9.869999885559082,9.869999885559082,9.869999885559082,0,0.0,0.0
2022-10-12 00:00:00-04:00,9.869999885559082,9.869999885559082,9.869999885559082,9.869999885559082,100,0.0,0.0
2022-10-13 00:00:00-04:00,9.864999771118164,9.869999885559082,9.864999771118164,9.869999885559082,2100,0.0,0.0
2022-10-14 00:00:00-04:00,9.869999885559082,9.869999885559082,9.869999885559082,9.869999885559082,100,0.0,0.0
2022-10-17 00:00:00-04:00,9.869999885559082,9.869999885559082,9.869999885559082,9.869999885559082,0,0.0,0.0
2022-10-18 00:00:00-04:00,9.880000114440918,9.880000114440918,9.880000114440918,9.880000114440918,800,0.0,0.0
2022-10-19 00:00:00-04:00,9.880000114440918,9.890000343322754,9.880000114440918,9.890000343322754,2000,0.0,0.0
2022-10-20 00:00:00-04:00,9.890000343322754,9.890000343322754,9.890000343322754,9.890000343322754,0,0.0,0.0
2022-10-21 00:00:00-04:00,9.890000343322754,9.890000343322754,9.890000343322754,9.890000343322754,0,0.0,0.0
2022-10-24 00:00:00-04:00,9.890000343322754,9.890000343322754,9.890000343322754,9.890000343322754,0,0.0,0.0
2022-10-25 00:00:00-04:00,9.890000343322754,9.890000343322754,9.890000343322754,9.890000343322754,0,0.0,0.0
2022-10-26 00:00:00-04:00,9.890000343322754,9.890000343322754,9.890000343322754,9.890000343322754,0,0.0,0.0
2022-10-27 00:00:00-04:00,9.890000343322754,9.890000343322754,9.890000343322754,9.890000343322754,0,0.0,0.0
2022-10-28 00:00:00-04:00,9.890000343322754,9.890000343322754,9.890000343322754,9.890000343322754,0,0.0,0.0
2022-10-31 00:00:00-04:00,9.890000343322754,9.890000343322754,9.890000343322754,9.890000343322754,0,0.0,0.0
2022-11-01 00:00:00-04:00,9.90999984741211,9.90999984741211,9.90999984741211,9.90999984741211,19400,0.0,0.0
2022-11-02 00:00:00-04:00,9.914999961853027,9.930000305175781,9.914999961853027,9.930000305175781,5400,0.0,0.0
2022-11-03 00:00:00-04:00,9.930000305175781,9.930000305175781,9.930000305175781,9.930000305175781,0,0.0,0.0
2022-11-04 00:00:00-04:00,9.925000190734863,9.930000305175781,9.925000190734863,9.930000305175781,400,0.0,0.0
2022-11-07 00:00:00-05:00,9.930000305175781,9.930000305175781,9.930000305175781,9.930000305175781,0,0.0,0.0
2022-11-08 00:00:00-05:00,9.930000305175781,9.930000305175781,9.930000305175781,9.930000305175781,0,0.0,0.0
2022-11-09 00:00:00-05:00,9.930000305175781,9.930000305175781,9.930000305175781,9.930000305175781,0,0.0,0.0
2022-11-10 00:00:00-05:00,9.930000305175781,9.930000305175781,9.930000305175781,9.930000305175781,0,0.0,0.0
2022-11-11 00:00:00-05:00,9.930000305175781,9.930000305175781,9.930000305175781,9.930000305175781,0,0.0,0.0
2022-11-14 00:00:00-05:00,9.90999984741211,9.90999984741211,9.90999984741211,9.90999984741211,200,0.0,0.0
2022-11-15 00:00:00-05:00,9.920000076293945,9.920000076293945,9.920000076293945,9.920000076293945,500,0.0,0.0
2022-11-16 00:00:00-05:00,9.930000305175781,9.9399995803833,9.930000305175781,9.9399995803833,1400,0.0,0.0
2022-11-17 00:00:00-05:00,9.9399995803833,9.9399995803833,9.920000076293945,9.930000305175781,1000,0.0,0.0
2022-11-18 00:00:00-05:00,9.930000305175781,9.930000305175781,9.930000305175781,9.930000305175781,0,0.0,0.0
2022-11-21 00:00:00-05:00,9.930000305175781,9.930000305175781,9.930000305175781,9.930000305175781,7300,0.0,0.0
2022-11-22 00:00:00-05:00,9.930000305175781,9.930000305175781,9.930000305175781,9.930000305175781,0,0.0,0.0
2022-11-23 00:00:00-05:00,9.9399995803833,9.944999694824219,9.9399995803833,9.944999694824219,400,0.0,0.0
2022-11-25 00:00:00-05:00,9.944999694824219,9.944999694824219,9.944999694824219,9.944999694824219,0,0.0,0.0
2022-11-28 00:00:00-05:00,9.960000038146973,9.960000038146973,9.960000038146973,9.960000038146973,700,0.0,0.0
2022-11-29 00:00:00-05:00,9.949999809265137,9.989999771118164,9.949999809265137,9.989999771118164,170500,0.0,0.0
2022-11-30 00:00:00-05:00,9.949999809265137,9.970000267028809,9.949999809265137,9.949999809265137,16300,0.0,0.0
2022-12-01 00:00:00-05:00,9.949999809265137,9.949999809265137,9.949999809265137,9.949999809265137,900,0.0,0.0
2022-12-02 00:00:00-05:00,9.949999809265137,9.949999809265137,9.949999809265137,9.949999809265137,5800,0.0,0.0
2022-12-05 00:00:00-05:00,9.960000038146973,9.960000038146973,9.960000038146973,9.960000038146973,3700,0.0,0.0
2022-12-06 00:00:00-05:00,9.949999809265137,9.949999809265137,9.949999809265137,9.949999809265137,3700,0.0,0.0
2022-12-07 00:00:00-05:00,9.949999809265137,9.949999809265137,9.949999809265137,9.949999809265137,0,0.0,0.0
2022-12-08 00:00:00-05:00,9.949999809265137,9.949999809265137,9.949999809265137,9.949999809265137,0,0.0,0.0
2022-12-09 00:00:00-05:00,9.949999809265137,9.949999809265137,9.949999809265137,9.949999809265137,0,0.0,0.0
2022-12-12 00:00:00-05:00,9.949999809265137,9.949999809265137,9.949999809265137,9.949999809265137,0,0.0,0.0
2022-12-13 00:00:00-05:00,10.010000228881836,10.010000228881836,10.010000228881836,10.010000228881836,300,0.0,0.0
2022-12-14 00:00:00-05:00,10.010000228881836,10.010000228881836,10.010000228881836,10.010000228881836,0,0.0,0.0
2022-12-15 00:00:00-05:00,10.010000228881836,10.010000228881836,10.010000228881836,10.010000228881836,0,0.0,0.0
2022-12-16 00:00:00-05:00,10.005000114440918,10.005000114440918,10.0,10.005000114440918,900,0.0,0.0
2022-12-19 00:00:00-05:00,10.0,10.0,10.0,10.0,300,0.0,0.0
2022-12-20 00:00:00-05:00,10.0,10.020000457763672,10.0,10.0,3100,0.0,0.0
2022-12-21 00:00:00-05:00,10.0,10.0,10.0,10.0,0,0.0,0.0
2022-12-22 00:00:00-05:00,10.0,10.0,10.0,10.0,100,0.0,0.0
2022-12-23 00:00:00-05:00,10.0,10.0,10.0,10.0,0,0.0,0.0
2022-12-27 00:00:00-05:00,10.03499984741211,10.039999961853027,10.010000228881836,10.020000457763672,29300,0.0,0.0
2022-12-28 00:00:00-05:00,10.020000457763672,10.020000457763672,10.020000457763672,10.020000457763672,0,0.0,0.0
2022-12-29 00:00:00-05:00,10.020000457763672,10.020000457763672,10.020000457763672,10.020000457763672,0,0.0,0.0
2022-12-30 00:00:00-05:00,10.020000457763672,10.020000457763672,10.020000457763672,10.020000457763672,0,0.0,0.0
2023-01-03 00:00:00-05:00,10.020000457763672,10.020000457763672,10.020000457763672,10.020000457763672,0,0.0,0.0
2023-01-04 00:00:00-05:00,10.020000457763672,10.020000457763672,10.020000457763672,10.020000457763672,0,0.0,0.0
2023-01-05 00:00:00-05:00,10.020000457763672,10.020000457763672,10.020000457763672,10.020000457763672,0,0.0,0.0
2023-01-06 00:00:00-05:00,10.039999961853027,10.0600004196167,10.029999732971191,10.029999732971191,18000,0.0,0.0
2023-01-09 00:00:00-05:00,10.029999732971191,10.029999732971191,10.029999732971191,10.029999732971191,0,0.0,0.0
2023-01-10 00:00:00-05:00,10.029999732971191,10.029999732971191,10.029999732971191,10.029999732971191,100,0.0,0.0
2023-01-11 00:00:00-05:00,10.029999732971191,10.029999732971191,10.029999732971191,10.029999732971191,0,0.0,0.0
2023-01-12 00:00:00-05:00,10.0649995803833,10.069999694824219,10.0600004196167,10.0600004196167,1417300,0.0,0.0
2023-01-13 00:00:00-05:00,10.0600004196167,10.0600004196167,10.0600004196167,10.0600004196167,0,0.0,0.0
2023-01-17 00:00:00-05:00,10.0600004196167,10.0600004196167,10.0600004196167,10.0600004196167,0,0.0,0.0
2023-01-18 00:00:00-05:00,10.069999694824219,10.074999809265137,10.069999694824219,10.069999694824219,6700,0.0,0.0
2023-01-19 00:00:00-05:00,10.069999694824219,10.069999694824219,10.069999694824219,10.069999694824219,0,0.0,0.0
2023-01-20 00:00:00-05:00,10.069999694824219,10.069999694824219,10.069999694824219,10.069999694824219,0,0.0,0.0
2023-01-23 00:00:00-05:00,10.09000015258789,10.100000381469727,10.09000015258789,10.09000015258789,4000,0.0,0.0
2023-01-24 00:00:00-05:00,10.100000381469727,10.119999885559082,10.100000381469727,10.109999656677246,330800,0.0,0.0
2023-01-25 00:00:00-05:00,10.109999656677246,10.109999656677246,10.109999656677246,10.109999656677246,100,0.0,0.0
2023-01-26 00:00:00-05:00,10.119999885559082,10.149999618530273,10.119999885559082,10.130000114440918,90600,0.0,0.0
2023-01-27 00:00:00-05:00,10.130000114440918,10.130000114440918,10.130000114440918,10.130000114440918,0,0.0,0.0
2023-01-30 00:00:00-05:00,10.125,10.130000114440918,10.119999885559082,10.119999885559082,46100,0.0,0.0
2023-01-31 00:00:00-05:00,10.119999885559082,10.119999885559082,10.09000015258789,10.09000015258789,662700,0.0,0.0
2023-02-01 00:00:00-05:00,10.100000381469727,10.100000381469727,10.09000015258789,10.100000381469727,31900,0.0,0.0
2023-02-02 00:00:00-05:00,10.09000015258789,10.100000381469727,10.09000015258789,10.100000381469727,338700,0.0,0.0
2023-02-03 00:00:00-05:00,10.09000015258789,10.100000381469727,10.079999923706055,10.079999923706055,61200,0.0,0.0
2023-02-06 00:00:00-05:00,10.09000015258789,10.09000015258789,10.0600004196167,10.079000473022461,401500,0.0,0.0
2023-02-07 00:00:00-05:00,10.069999694824219,10.100000381469727,10.069999694824219,10.079999923706055,107800,0.0,0.0
2023-02-08 00:00:00-05:00,10.079999923706055,10.100000381469727,10.069999694824219,10.100000381469727,576300,0.0,0.0
2023-02-09 00:00:00-05:00,10.100000381469727,10.100000381469727,10.100000381469727,10.100000381469727,0,0.0,0.0
2023-02-10 00:00:00-05:00,10.168999671936035,10.168999671936035,10.168999671936035,10.168999671936035,300,0.0,0.0
2023-02-13 00:00:00-05:00,10.5,11.539999961853027,10.069999694824219,10.220000267028809,24900,0.0,0.0
2023-02-14 00:00:00-05:00,10.210000038146973,10.880000114440918,10.140000343322754,10.430000305175781,71100,0.0,0.0
2023-02-15 00:00:00-05:00,10.279999732971191,10.579999923706055,10.0649995803833,10.069999694824219,13600,0.0,0.0
2023-02-16 00:00:00-05:00,10.399999618530273,10.800000190734863,10.109999656677246,10.220000267028809,83400,0.0,0.0
2023-02-17 00:00:00-05:00,10.199999809265137,10.350000381469727,10.100000381469727,10.279999732971191,6200,0.0,0.0
2023-02-21 00:00:00-05:00,10.220000267028809,10.270000457763672,10.199999809265137,10.199999809265137,1200,0.0,0.0
2023-02-22 00:00:00-05:00,10.199999809265137,10.199999809265137,10.199999809265137,10.199999809265137,0,0.0,0.0
2023-02-23 00:00:00-05:00,10.199999809265137,10.199999809265137,10.199999809265137,10.199999809265137,0,0.0,0.0
2023-02-24 00:00:00-05:00,10.109999656677246,10.779999732971191,10.109999656677246,10.239999771118164,51100,0.0,0.0
2023-02-27 00:00:00-05:00,10.399999618530273,10.399999618530273,10.260000228881836,10.260000228881836,1600,0.0,0.0
2023-02-28 00:00:00-05:00,10.25,10.75,10.119999885559082,10.449999809265137,17900,0.0,0.0
2023-03-01 00:00:00-05:00,10.960000038146973,14.0,10.75,12.880000114440918,421400,0.0,0.0
2023-03-02 00:00:00-05:00,12.210000038146973,12.210000038146973,10.34000015258789,10.4399995803833,322000,0.0,0.0
2023-03-03 00:00:00-05:00,10.40999984741211,10.649999618530273,10.380000114440918,10.449999809265137,51000,0.0,0.0
2023-03-06 00:00:00-05:00,10.40999984741211,10.989999771118164,10.40999984741211,10.5600004196167,25100,0.0,0.0
2023-03-07 00:00:00-05:00,10.520000457763672,10.579999923706055,10.40999984741211,10.418999671936035,35400,0.0,0.0
2023-03-08 00:00:00-05:00,10.5,10.5,10.40999984741211,10.40999984741211,5800,0.0,0.0
2023-03-09 00:00:00-05:00,10.430000305175781,10.550000190734863,10.40999984741211,10.460000038146973,41000,0.0,0.0
2023-03-10 00:00:00-05:00,10.399999618530273,10.460000038146973,10.380000114440918,10.4399995803833,9500,0.0,0.0
2023-03-13 00:00:00-04:00,10.4350004196167,10.4350004196167,10.40999984741211,10.430000305175781,4200,0.0,0.0
2023-03-14 00:00:00-04:00,10.399999618530273,10.404999732971191,10.399999618530273,10.404999732971191,1800,0.0,0.0
2023-03-15 00:00:00-04:00,10.380000114440918,10.40999984741211,10.369999885559082,10.390000343322754,11100,0.0,0.0
2023-03-16 00:00:00-04:00,10.40999984741211,10.40999984741211,10.380000114440918,10.380000114440918,31700,0.0,0.0
2023-03-17 00:00:00-04:00,10.380000114440918,10.380999565124512,10.380000114440918,10.380000114440918,2500,0.0,0.0
2023-03-20 00:00:00-04:00,10.399999618530273,10.399999618530273,10.380000114440918,10.380000114440918,700,0.0,0.0
2023-03-21 00:00:00-04:00,10.39900016784668,10.39900016784668,10.300000190734863,10.359999656677246,68100,0.0,0.0
2023-03-22 00:00:00-04:00,10.3100004196167,10.350000381469727,10.300000190734863,10.34000015258789,10100,0.0,0.0
2023-03-23 00:00:00-04:00,10.34000015258789,10.350000381469727,10.3100004196167,10.350000381469727,8400,0.0,0.0
2023-03-24 00:00:00-04:00,10.350000381469727,10.420000076293945,10.3100004196167,10.40999984741211,13700,0.0,0.0
2023-03-27 00:00:00-04:00,10.40999984741211,10.40999984741211,10.319999694824219,10.399999618530273,13900,0.0,0.0
2023-03-28 00:00:00-04:00,10.420000076293945,10.420000076293945,10.350000381469727,10.350000381469727,1100,0.0,0.0
2023-03-29 00:00:00-04:00,10.350000381469727,10.350000381469727,10.3100004196167,10.3100004196167,17600,0.0,0.0
2023-03-30 00:00:00-04:00,10.3100004196167,10.3100004196167,10.3100004196167,10.3100004196167,200,0.0,0.0
2023-03-31 00:00:00-04:00,10.321000099182129,10.34000015258789,10.3100004196167,10.34000015258789,7900,0.0,0.0
2023-04-03 00:00:00-04:00,10.329999923706055,10.329999923706055,10.319999694824219,10.319999694824219,4000,0.0,0.0
2023-04-04 00:00:00-04:00,10.321000099182129,10.321000099182129,10.321000099182129,10.321000099182129,100,0.0,0.0
2023-04-05 00:00:00-04:00,10.321000099182129,10.321000099182129,10.321000099182129,10.321000099182129,0,0.0,0.0
2023-04-06 00:00:00-04:00,10.3100004196167,10.3100004196167,10.3100004196167,10.3100004196167,600,0.0,0.0
2023-04-10 00:00:00-04:00,10.3100004196167,10.317000389099121,10.300000190734863,10.300000190734863,3800,0.0,0.0
2023-04-11 00:00:00-04:00,10.25,10.319999694824219,10.25,10.319999694824219,10000,0.0,0.0
2023-04-12 00:00:00-04:00,10.300000190734863,10.300000190734863,10.300000190734863,10.300000190734863,4800,0.0,0.0
2023-04-13 00:00:00-04:00,10.265000343322754,10.279999732971191,10.265000343322754,10.279999732971191,17200,0.0,0.0
2023-04-14 00:00:00-04:00,10.34000015258789,11.180000305175781,10.34000015258789,10.5600004196167,70000,0.0,0.0
2023-04-17 00:00:00-04:00,10.699999809265137,10.951000213623047,10.520000457763672,10.609999656677246,41900,0.0,0.0
2023-04-18 00:00:00-04:00,10.640000343322754,11.170000076293945,10.625,10.699999809265137,57800,0.0,0.0
2023-04-19 00:00:00-04:00,10.829999923706055,10.829999923706055,10.680000305175781,10.6899995803833,11400,0.0,0.0
2023-04-20 00:00:00-04:00,10.619999885559082,10.62399959564209,10.550000190734863,10.550000190734863,7700,0.0,0.0
2023-04-21 00:00:00-04:00,10.550000190734863,10.5600004196167,10.460000038146973,10.5600004196167,6500,0.0,0.0
2023-04-24 00:00:00-04:00,10.5649995803833,10.5649995803833,10.479999542236328,10.539999961853027,11400,0.0,0.0
2023-04-25 00:00:00-04:00,10.489999771118164,10.60099983215332,10.489999771118164,10.489999771118164,2900,0.0,0.0
2023-04-26 00:00:00-04:00,10.5600004196167,10.5600004196167,10.449999809265137,10.449999809265137,2900,0.0,0.0
2023-04-27 00:00:00-04:00,10.449999809265137,10.449999809265137,10.449999809265137,10.449999809265137,0,0.0,0.0
2023-04-28 00:00:00-04:00,10.449999809265137,10.449999809265137,10.449999809265137,10.449999809265137,700,0.0,0.0
2023-05-01 00:00:00-04:00,10.543000221252441,10.543000221252441,10.399999618530273,10.399999618530273,1700,0.0,0.0
2023-05-02 00:00:00-04:00,10.399999618530273,10.399999618530273,10.399999618530273,10.399999618530273,200,0.0,0.0
2023-05-03 00:00:00-04:00,10.399999618530273,10.399999618530273,10.399999618530273,10.399999618530273,300,0.0,0.0
2023-05-04 00:00:00-04:00,10.399999618530273,10.399999618530273,10.399999618530273,10.399999618530273,1300,0.0,0.0
2023-05-05 00:00:00-04:00,10.399999618530273,10.399999618530273,10.399999618530273,10.399999618530273,0,0.0,0.0
2023-05-08 00:00:00-04:00,10.359999656677246,10.359999656677246,10.350000381469727,10.350000381469727,900,0.0,0.0
2023-05-09 00:00:00-04:00,10.350000381469727,10.350000381469727,10.350000381469727,10.350000381469727,400,0.0,0.0
2023-05-10 00:00:00-04:00,10.350000381469727,10.350000381469727,10.350000381469727,10.350000381469727,0,0.0,0.0
2023-05-11 00:00:00-04:00,10.375,10.399999618530273,10.300000190734863,10.300000190734863,3600,0.0,0.0
2023-05-12 00:00:00-04:00,10.300000190734863,10.300000190734863,10.300000190734863,10.300000190734863,0,0.0,0.0
2023-05-15 00:00:00-04:00,10.300000190734863,10.399999618530273,10.300000190734863,10.350000381469727,2300,0.0,0.0
2023-05-16 00:00:00-04:00,10.369999885559082,10.369999885559082,10.3100004196167,10.3100004196167,700,0.0,0.0
2023-05-17 00:00:00-04:00,10.3100004196167,10.3100004196167,10.3100004196167,10.3100004196167,700,0.0,0.0
2023-05-18 00:00:00-04:00,10.329999923706055,10.34000015258789,10.329999923706055,10.329999923706055,900,0.0,0.0
2023-05-19 00:00:00-04:00,10.329999923706055,10.329999923706055,10.300000190734863,10.300000190734863,1900,0.0,0.0
2023-05-22 00:00:00-04:00,10.350000381469727,10.350000381469727,10.289999961853027,10.289999961853027,900,0.0,0.0
2023-05-23 00:00:00-04:00,10.329999923706055,10.449999809265137,10.329999923706055,10.416999816894531,13300,0.0,0.0
2023-05-24 00:00:00-04:00,10.4399995803833,10.600000381469727,10.3100004196167,10.550000190734863,49000,0.0,0.0
2023-05-25 00:00:00-04:00,10.510000228881836,10.520000457763672,10.510000228881836,10.520000457763672,5000,0.0,0.0
2023-05-26 00:00:00-04:00,10.5600004196167,10.5600004196167,10.539999961853027,10.539999961853027,400,0.0,0.0
2023-05-30 00:00:00-04:00,10.529999732971191,10.529999732971191,10.529999732971191,10.529999732971191,100,0.0,0.0
2023-05-31 00:00:00-04:00,10.590999603271484,10.6899995803833,10.585000038146973,10.670000076293945,22700,0.0,0.0
2023-06-01 00:00:00-04:00,10.640000343322754,11.887999534606934,10.640000343322754,10.899999618530273,45400,0.0,0.0
2023-06-02 00:00:00-04:00,10.989999771118164,11.010000228881836,10.800000190734863,10.850000381469727,11400,0.0,0.0
2023-06-05 00:00:00-04:00,10.850000381469727,11.0,10.829999923706055,10.869999885559082,15600,0.0,0.0
2023-06-06 00:00:00-04:00,10.925000190734863,11.0,10.90999984741211,11.0,2100,0.0,0.0
2023-06-07 00:00:00-04:00,11.0,11.0,11.0,11.0,0,0.0,0.0
2023-06-08 00:00:00-04:00,10.829999923706055,10.859999656677246,10.829999923706055,10.829999923706055,900,0.0,0.0
2023-06-09 00:00:00-04:00,11.0,11.0,10.899999618530273,10.930000305175781,5500,0.0,0.0
2023-06-12 00:00:00-04:00,10.930000305175781,10.930000305175781,10.930000305175781,10.930000305175781,0,0.0,0.0
2023-06-13 00:00:00-04:00,10.930000305175781,10.930000305175781,10.930000305175781,10.930000305175781,0,0.0,0.0
2023-06-14 00:00:00-04:00,10.829999923706055,10.899999618530273,10.829999923706055,10.899999618530273,11300,0.0,0.0
2023-06-15 00:00:00-04:00,10.850000381469727,10.991000175476074,10.850000381469727,10.970000267028809,22300,0.0,0.0
2023-06-16 00:00:00-04:00,11.0,11.0,11.0,11.0,4000,0.0,0.0
2023-06-20 00:00:00-04:00,10.859999656677246,10.979999542236328,10.859999656677246,10.949999809265137,4100,0.0,0.0
2023-06-21 00:00:00-04:00,10.949999809265137,10.949999809265137,10.880000114440918,10.880000114440918,1000,0.0,0.0
2023-06-22 00:00:00-04:00,10.9399995803833,11.0,10.9399995803833,10.970000267028809,8600,0.0,0.0
2023-06-23 00:00:00-04:00,10.970000267028809,10.970000267028809,10.970000267028809,10.970000267028809,0,0.0,0.0
2023-06-26 00:00:00-04:00,11.0,11.0,11.0,11.0,1900,0.0,0.0
2023-06-27 00:00:00-04:00,10.944999694824219,11.0,10.944999694824219,11.0,900,0.0,0.0
2023-06-28 00:00:00-04:00,11.0,11.0,11.0,11.0,0,0.0,0.0
2023-06-29 00:00:00-04:00,11.0,11.0,11.0,11.0,0,0.0,0.0
2023-06-30 00:00:00-04:00,11.0,11.0,11.0,11.0,0,0.0,0.0
2023-07-03 00:00:00-04:00,11.0,11.0,11.0,11.0,0,0.0,0.0
2023-07-05 00:00:00-04:00,11.130000114440918,11.140000343322754,11.071000099182129,11.079999923706055,10100,0.0,0.0
2023-07-06 00:00:00-04:00,11.079999923706055,11.079999923706055,11.0,11.079999923706055,12900,0.0,0.0
2023-07-07 00:00:00-04:00,11.25,11.25,11.074999809265137,11.130000114440918,3500,0.0,0.0
2023-07-10 00:00:00-04:00,11.140000343322754,11.157999992370605,11.140000343322754,11.157999992370605,300,0.0,0.0
2023-07-11 00:00:00-04:00,11.149999618530273,11.25,11.029999732971191,11.25,14200,0.0,0.0
2023-07-12 00:00:00-04:00,11.350000381469727,11.350000381469727,11.319999694824219,11.319999694824219,2200,0.0,0.0
2023-07-13 00:00:00-04:00,11.300000190734863,13.489999771118164,11.149999618530273,11.359999656677246,234300,0.0,0.0
2023-07-14 00:00:00-04:00,11.65999984741211,12.489999771118164,11.199999809265137,11.260000228881836,168400,0.0,0.0
2023-07-17 00:00:00-04:00,11.210000038146973,11.489999771118164,11.149999618530273,11.260000228881836,44400,0.0,0.0
2023-07-18 00:00:00-04:00,11.239999771118164,11.319999694824219,11.170000076293945,11.260000228881836,10600,0.0,0.0
2023-07-19 00:00:00-04:00,11.220000267028809,11.260000228881836,11.170000076293945,11.25,6200,0.0,0.0
2023-07-20 00:00:00-04:00,11.319999694824219,11.399999618530273,11.260000228881836,11.390000343322754,2900,0.0,0.0
2023-07-21 00:00:00-04:00,11.28499984741211,11.289999961853027,11.279999732971191,11.289999961853027,700,0.0,0.0
2023-07-24 00:00:00-04:00,11.460000038146973,11.600000381469727,11.298999786376953,11.600000381469727,15200,0.0,0.0
2023-07-25 00:00:00-04:00,11.600000381469727,11.899999618530273,11.529999732971191,11.770000457763672,40400,0.0,0.0
2023-07-26 00:00:00-04:00,11.649999618530273,11.899999618530273,11.649999618530273,11.75,3800,0.0,0.0
2023-07-27 00:00:00-04:00,11.649999618530273,11.699999809265137,11.600000381469727,11.65999984741211,29800,0.0,0.0
2023-07-28 00:00:00-04:00,11.65999984741211,12.119999885559082,11.649999618530273,11.949999809265137,32600,0.0,0.0
