Date,Open,High,Low,Close,Volume,Dividends,Stock Splits,Capital Gains
2017-11-01 00:00:00-04:00,8.81768501130864e-05,8.81768501130864e-05,8.81768501130864e-05,8.81768501130864e-05,0,0.0,0.0,0.0
2017-11-02 00:00:00-04:00,8.81768501130864e-05,8.81768501130864e-05,8.81768501130864e-05,8.81768501130864e-05,0,0.0,0.0,0.0
2017-11-03 00:00:00-04:00,8.81768501130864e-05,8.81768501130864e-05,8.81768501130864e-05,8.81768501130864e-05,0,0.0,0.0,0.0
2017-11-06 00:00:00-05:00,8.81768501130864e-05,8.81768501130864e-05,8.81768501130864e-05,8.81768501130864e-05,0,0.0,0.0,0.0
2017-11-07 00:00:00-05:00,8.81768501130864e-05,8.81768501130864e-05,8.81768501130864e-05,8.81768501130864e-05,0,0.0,0.0,0.0
2017-11-08 00:00:00-05:00,8.81768501130864e-05,8.81768501130864e-05,8.81768501130864e-05,8.81768501130864e-05,0,0.0,0.0,0.0
2017-11-09 00:00:00-05:00,8.81768501130864e-05,8.81768501130864e-05,8.81768501130864e-05,8.81768501130864e-05,0,0.0,0.0,0.0
2017-11-10 00:00:00-05:00,8.81768501130864e-05,8.81768501130864e-05,8.81768501130864e-05,8.81768501130864e-05,0,0.0,0.0,0.0
2017-11-13 00:00:00-05:00,8.81768501130864e-05,8.81768501130864e-05,8.81768501130864e-05,8.81768501130864e-05,0,0.0,0.0,0.0
2017-11-14 00:00:00-05:00,15.915921732421886,16.427259970961245,14.60208678833215,15.519126892089844,1658846,0.0,0.0,0.0
2017-11-15 00:00:00-05:00,14.990063043938921,15.492670771023684,14.945975295957364,15.254592895507812,1294236,0.0,0.0,0.0
2017-11-16 00:00:00-05:00,15.007700031615471,15.774837672413632,15.007700031615471,15.35158920288086,947808,0.0,0.0,0.0
2017-11-17 00:00:00-05:00,15.228140919454791,15.351500503606434,15.078240221741812,15.254592895507812,644792,0.0,0.0,0.0
2017-11-20 00:00:00-05:00,15.184051323801409,15.422041741049538,15.12232780456543,15.12232780456543,837315,0.0,0.0,0.0
2017-11-21 00:00:00-05:00,15.034151516439001,15.157600244048142,14.919522357058936,15.025335311889648,839221,0.0,0.0,0.0
2017-11-22 00:00:00-05:00,14.901887131610673,15.298683624499919,14.901887131610673,15.210506439208984,779026,0.0,0.0,0.0
2017-11-24 00:00:00-05:00,15.166419293666511,15.633755535259452,15.166419293666511,15.501490592956543,178615,0.0,0.0,0.0
2017-11-27 00:00:00-05:00,15.430949358217696,15.739568681750052,15.430949358217696,15.563214302062988,562759,0.0,0.0,0.0
2017-11-28 00:00:00-05:00,15.430948509675023,15.871832752808595,15.430948509675023,15.598484992980957,394049,0.0,0.0,0.0
2017-11-29 00:00:00-05:00,15.554396041003514,15.924738883972168,15.545578154047123,15.924738883972168,524077,0.0,0.0,0.0
2017-11-30 00:00:00-05:00,15.924736864753783,16.004096155458782,15.633753359448704,15.968826293945312,521026,0.0,0.0,0.0
2017-12-01 00:00:00-05:00,15.907103054729387,16.409710783475617,15.880649396749138,16.374439239501953,527145,0.0,0.0,0.0
2017-12-04 00:00:00-05:00,16.22453847253816,16.34798719408306,15.880649329451163,15.96000862121582,479976,0.0,0.0,0.0
2017-12-05 00:00:00-05:00,15.95119224429882,16.118728729633727,15.871832945026494,15.9071044921875,592597,0.0,0.0,0.0
2017-12-06 00:00:00-05:00,15.88064876681946,16.136360723126195,15.483852322054178,15.695476531982422,445016,0.0,0.0,0.0
2017-12-07 00:00:00-05:00,15.686663153435216,15.834535573629939,15.492672998015811,15.766020774841309,532288,0.0,0.0,0.0
2017-12-08 00:00:00-05:00,15.651389093502894,16.75359959304535,15.616117550234456,16.735963821411133,448229,0.0,0.0,0.0
2017-12-11 00:00:00-05:00,16.74478342065837,16.753601307377778,15.695478446807423,15.942374229431152,498059,0.0,0.0,0.0
2017-12-12 00:00:00-05:00,15.827744699204633,16.118728226846617,15.697065740167659,16.057003021240234,300861,0.0,0.0,0.0
2017-12-13 00:00:00-05:00,15.924738330784791,15.976762684732329,15.717523880947587,15.739567756652832,236805,0.0,0.0,0.0
2017-12-14 00:00:00-05:00,15.739564380406923,15.775717203365248,15.64265846739819,15.651387214660645,213325,0.0,0.0,0.0
2017-12-15 00:00:00-05:00,15.62493811141401,16.145181690823353,15.62493811141401,16.07464027404785,401795,0.0,0.0,0.0
2017-12-18 00:00:00-05:00,16.18045117778099,16.241293415293956,15.272229080947788,15.31631851196289,214008,0.0,0.0,0.0
2017-12-19 00:00:00-05:00,15.430947938921378,15.65139005233454,15.069423007470979,15.166418075561523,263032,0.0,0.0,0.0
2017-12-20 00:00:00-05:00,15.166416725340671,15.184050814645525,14.990062377574501,15.034150123596191,323530,0.0,0.0,0.0
2017-12-21 00:00:00-05:00,15.060605319097041,15.13114672904298,14.804893338732963,14.910704612731934,657219,0.0,0.0,0.0
2017-12-22 00:00:00-05:00,15.069422862406759,15.069422862406759,14.857798637388083,14.954792022705078,236878,0.0,0.0,0.0
2017-12-26 00:00:00-05:00,14.88424881928083,15.12029837580346,14.85779684549358,14.99006175994873,249904,0.0,0.0,0.0
2017-12-27 00:00:00-05:00,14.990063484667312,15.02004396145933,14.557997150753563,14.610902786254883,1318334,0.0,0.0,0.0
2017-12-28 00:00:00-05:00,14.416830262192244,14.461189063050153,14.239391674401041,14.390213966369629,1211286,0.10125,0.0,0.0
2017-12-29 00:00:00-05:00,14.239391050773046,14.363598733659005,14.026466616146598,14.177288055419922,1524897,0.0,0.0,0.0
2018-01-02 00:00:00-05:00,14.008722093567659,14.195031921379357,13.898710954919059,13.93774700164795,1318242,0.0,0.0,0.0
2018-01-03 00:00:00-05:00,13.92887714292423,14.452320010641076,13.884517491820434,14.088571548461914,844397,0.0,0.0,0.0
2018-01-04 00:00:00-05:00,14.053082973472938,14.178176520526348,13.973235776518447,13.99985122680664,739059,0.0,0.0,0.0
2018-01-05 00:00:00-05:00,14.097442452847577,14.195033000131115,14.026467355534114,14.106313705444336,493780,0.0,0.0,0.0
2018-01-08 00:00:00-05:00,14.053082412660258,14.106313311112375,13.751437834465348,13.778053283691406,832479,0.0,0.0,0.0
2018-01-09 00:00:00-05:00,13.733693835932844,13.892856035235658,13.54738484256985,13.58287239074707,727376,0.0,0.0,0.0
2018-01-10 00:00:00-05:00,13.600615195684323,13.707077835941185,13.529640102179748,13.627230644226074,957658,0.0,0.0,0.0
2018-01-11 00:00:00-05:00,13.52964045930271,14.194145064758487,13.52964045930271,13.87564468383789,659745,0.0,0.0,0.0
2018-01-12 00:00:00-05:00,13.884516850200574,14.407958847638579,13.884516850200574,14.32811164855957,664320,0.0,0.0,0.0
2018-01-16 00:00:00-05:00,14.274880285302144,14.727347168069324,14.2127772862874,14.6563720703125,982571,0.0,0.0,0.0
2018-01-17 00:00:00-05:00,14.745091709315242,14.860425611291504,14.674116609903729,14.807194709777832,770086,0.0,0.0,0.0
2018-01-18 00:00:00-05:00,14.860424173598144,15.002374358687991,14.718473988508299,14.842679977416992,651784,0.0,0.0,0.0
2018-01-19 00:00:00-05:00,14.789449482594494,14.922527573206903,14.567652100847233,14.718474388122559,586313,0.0,0.0,0.0
2018-01-22 00:00:00-05:00,14.638627390666809,14.807193876854516,14.310366516741249,14.523293495178223,532310,0.0,0.0,0.0
2018-01-23 00:00:00-05:00,14.470061848660059,14.667551084088233,14.301497043653143,14.32811164855957,733642,0.0,0.0,0.0
2018-01-24 00:00:00-05:00,14.416831705143599,14.46119051044129,14.239393099592926,14.257137298583984,514355,0.0,0.0,0.0
2018-01-25 00:00:00-05:00,14.28375216799729,14.44344655857966,14.137365925326748,14.221649169921875,581122,0.0,0.0,0.0
2018-01-26 00:00:00-05:00,14.239392898230234,14.461190305942107,14.190598043874799,14.283753395080566,606796,0.0,0.0,0.0
2018-01-29 00:00:00-05:00,14.266008200107455,14.345855396682182,13.946620259898449,14.008723258972168,543088,0.0,0.0,0.0
2018-01-30 00:00:00-05:00,13.911132199777455,14.106313288576565,13.911132199777455,13.964363098144531,393495,0.0,0.0,0.0
2018-01-31 00:00:00-05:00,13.911132980305332,14.168417926421645,13.866773331783914,14.070826530456543,581174,0.0,0.0,0.0
2018-02-01 00:00:00-05:00,14.097443002004459,14.177289355025046,13.920004405718894,14.061955451965332,635953,0.0,0.0,0.0
2018-02-02 00:00:00-05:00,13.94661916559115,14.017594257846385,13.840156527208297,13.928874969482422,591153,0.0,0.0,0.0
2018-02-05 00:00:00-05:00,13.884515136969153,14.088569159002521,13.352201952275252,13.48528003692627,887977,0.0,0.0,0.0
2018-02-06 00:00:00-05:00,13.440921136358995,14.00872274417701,13.39656233641639,13.964363098144531,1076958,0.0,0.0,0.0
2018-02-07 00:00:00-05:00,13.928875672653174,14.088570061334217,13.581895904240307,13.680462837219238,511614,0.0,0.0,0.0
2018-02-08 00:00:00-05:00,13.653848274961057,13.804670574939523,13.066084825389979,13.227996826171875,990103,0.0,0.0,0.0
2018-02-09 00:00:00-05:00,13.325588644303885,13.503026401027046,12.802146627403085,13.103791236877441,715864,0.0,0.0,0.0
2018-02-12 00:00:00-05:00,13.023942750232923,13.328159443190776,13.023942750232923,13.219123840332031,372447,0.0,0.0,0.0
2018-02-13 00:00:00-05:00,13.192508938231828,13.52964107978345,13.077174191430753,13.440921783447266,617543,0.0,0.0,0.0
2018-02-14 00:00:00-05:00,13.405433654785156,13.618359787571942,13.347766706921782,13.405433654785156,456181,0.0,0.0,0.0
2018-02-15 00:00:00-05:00,13.369947134113346,13.556256985808375,13.130406379699707,13.130406379699707,598542,0.0,0.0,0.0
2018-02-16 00:00:00-05:00,13.068302021265698,13.227996415363416,12.917568565411784,13.08604621887207,799971,0.0,0.0,0.0
2018-02-20 00:00:00-05:00,13.041686740484183,13.121533938571032,12.873121091481883,12.979583740234375,614264,0.0,0.0,0.0
2018-02-21 00:00:00-05:00,13.245740235969148,14.044210491551837,13.17476513974357,13.769182205200195,869449,0.0,0.0,0.0
2018-02-22 00:00:00-05:00,13.804669302637564,13.911131943500287,13.715950012207031,13.715950012207031,523188,0.0,0.0,0.0
2018-02-23 00:00:00-05:00,13.680463924977882,13.963477628637591,13.56512917354775,13.6627197265625,597395,0.0,0.0,0.0
2018-02-26 00:00:00-05:00,13.715949785790398,13.97323470848397,13.662718043192832,13.831284523010254,438222,0.0,0.0,0.0
2018-02-27 00:00:00-05:00,13.857901679731123,13.988318830606213,13.751439027500622,13.760311126708984,555658,0.0,0.0,0.0
2018-02-28 00:00:00-05:00,13.857901679731123,14.168418383304214,13.74256692829226,13.760311126708984,794633,0.0,0.0,0.0
2018-03-01 00:00:00-05:00,13.769181369861098,14.017594191580082,13.680462081916541,13.93774700164795,491345,0.0,0.0,0.0
2018-03-02 00:00:00-05:00,13.884516110698119,14.115185596620705,13.769182213826713,14.035338401794434,521895,0.0,0.0,0.0
2018-03-05 00:00:00-05:00,13.9909794371936,14.195032625055633,13.98210733874137,14.141800880432129,734741,0.0,0.0,0.0
2018-03-06 00:00:00-05:00,14.168417483389042,14.203815346349602,13.752325702370575,14.115185737609863,610419,0.0,0.0,0.0
2018-03-07 00:00:00-05:00,14.088571440128124,14.195034094304614,14.01697530730966,14.186161994934082,366130,0.0,0.0,0.0
2018-03-08 00:00:00-05:00,14.195033079651633,14.376906873297477,14.16841762953246,14.292624473571777,645404,0.0,0.0,0.0
2018-03-09 00:00:00-05:00,14.328110902182134,14.465625891694765,14.28375210152891,14.399085998535156,507315,0.0,0.0,0.0
2018-03-12 00:00:00-04:00,14.478933411808859,14.949144489851157,14.478933411808859,14.833808898925781,736085,0.0,0.0,0.0
2018-03-13 00:00:00-04:00,14.860425261721119,15.037863852165833,14.656372067235566,14.824936866760254,731632,0.0,0.0,0.0
2018-03-14 00:00:00-04:00,14.851552963256836,14.904783862802475,14.709602769681938,14.851552963256836,423433,0.0,0.0,0.0
2018-03-15 00:00:00-04:00,14.895913127001498,15.28627530461137,14.860424733302557,15.064477920532227,805366,0.0,0.0,0.0
2018-03-16 00:00:00-04:00,15.126582347412606,15.286276749796066,14.993504242819691,15.19755744934082,1898663,0.0,0.0,0.0
2018-03-19 00:00:00-04:00,15.144324723201532,15.392738396141707,15.082221728011413,15.286274909973145,460313,0.0,0.0,0.0
2018-03-20 00:00:00-04:00,15.24191663743738,15.348378435102079,14.86042486274938,14.878169059753418,389537,0.0,0.0,0.0
2018-03-21 00:00:00-04:00,14.780577800371084,15.064478186251284,14.709602703901034,14.860424995422363,448443,0.0,0.0,0.0
2018-03-22 00:00:00-04:00,14.86042500316027,15.224172584281153,14.7450911059038,15.126581192016602,633341,0.0,0.0,0.0
2018-03-23 00:00:00-04:00,15.153198104715793,15.339508798244434,15.00326250921616,15.07335090637207,608409,0.0,0.0,0.0
2018-03-26 00:00:00-04:00,15.144326559058861,15.357251865027958,14.993504255808261,15.028992652893066,310206,0.0,0.0,0.0
2018-03-27 00:00:00-04:00,15.12658194810349,15.34837934729668,14.95801714308617,15.250789642333984,1016232,0.0,0.0,0.0
2018-03-28 00:00:00-04:00,15.252778617399386,15.607071293210218,15.207355368757122,15.443551063537598,1018396,0.40219,0.0,0.0
2018-03-29 00:00:00-04:00,15.525311795441093,15.684288840208286,15.243694573544994,15.352706909179688,3254070,0.0,0.0,0.0
2018-04-02 00:00:00-04:00,15.398128157854813,15.50259902122334,15.289114103672224,15.307283401489258,372488,0.0,0.0,0.0
2018-04-03 00:00:00-04:00,15.389045238140383,15.55710693003321,15.389045238140383,15.534396171569824,499798,0.0,0.0,0.0
2018-04-04 00:00:00-04:00,15.42538310278283,15.668755743951632,15.352707631367783,15.543481826782227,577110,0.0,0.0,0.0
2018-04-05 00:00:00-04:00,15.507141595632913,15.779675884348551,15.507141595632913,15.65249252319336,714060,0.0,0.0,0.0
2018-04-06 00:00:00-04:00,15.570733378834994,15.73425361569648,15.54802261987531,15.62524127960205,564773,0.0,0.0,0.0
2018-04-09 00:00:00-04:00,15.652492703987841,15.725168168607503,15.407212361126572,15.425381660461426,496566,0.0,0.0,0.0
2018-04-10 00:00:00-04:00,15.443549817987549,15.479888413970587,15.080172521755298,15.10742473602295,510099,0.0,0.0,0.0
2018-04-11 00:00:00-04:00,15.089256921960482,15.461718861047368,15.089256921960482,15.289113998413086,368597,0.0,0.0,0.0
2018-04-12 00:00:00-04:00,15.325453843367805,15.443550822555366,15.274579459138364,15.370875358581543,301513,0.0,0.0,0.0
2018-04-13 00:00:00-04:00,15.334535762758062,15.334535762758062,15.071995817843225,15.10742473602295,393103,0.0,0.0,0.0
2018-04-16 00:00:00-04:00,15.134680033536014,15.289115614805556,15.089258517223707,15.207355499267578,344860,0.0,0.0,0.0
2018-04-17 00:00:00-04:00,15.207353101583614,15.525308863798273,15.207353101583614,15.316367149353027,441694,0.0,0.0,0.0
2018-04-18 00:00:00-04:00,15.361790309797719,15.434465771882971,15.141402226600345,15.27094554901123,331116,0.0,0.0,0.0
2018-04-19 00:00:00-04:00,15.225523294032218,15.443549669677788,15.225523294032218,15.307283401489258,350123,0.0,0.0,0.0
2018-04-20 00:00:00-04:00,15.343622207641602,15.369786277046892,15.252779172490573,15.343622207641602,293703,0.0,0.0,0.0
2018-04-23 00:00:00-04:00,15.352704860495146,15.443549616548173,15.223797452928322,15.298198699951172,419903,0.0,0.0,0.0
2018-04-24 00:00:00-04:00,15.307285070353744,15.434466703499632,15.16193413740993,15.234609603881836,323028,0.0,0.0,0.0
2018-04-25 00:00:00-04:00,15.16193413740993,15.389045186724614,15.16193413740993,15.234609603881836,269178,0.0,0.0,0.0
2018-04-26 00:00:00-04:00,15.261862592279943,15.261862592279943,15.080174783276542,15.171019554138184,387284,0.0,0.0,0.0
2018-04-27 00:00:00-04:00,15.18918562645127,15.343621201892784,15.171018060243814,15.3345365524292,242072,0.0,0.0,0.0
2018-04-30 00:00:00-04:00,15.343620510229055,15.43237560816847,15.225523537965486,15.379959106445312,340233,0.0,0.0,0.0
2018-05-01 00:00:00-04:00,15.334537287330836,15.42538205360067,15.171018787308892,15.234609603881836,342151,0.0,0.0,0.0
2018-05-02 00:00:00-04:00,15.089258356678611,15.17101847134669,14.889399528503418,14.889399528503418,450737,0.0,0.0,0.0
2018-05-03 00:00:00-04:00,14.780387088880296,15.14376441100328,14.780387088880296,15.098342895507812,260029,0.0,0.0,0.0
2018-05-04 00:00:00-04:00,14.980244584884401,15.194637470598467,14.907569118509453,14.971159934997559,266483,0.0,0.0,0.0
2018-05-07 00:00:00-04:00,15.00749783954754,15.1437641161001,14.989328540615276,15.016582489013672,281971,0.0,0.0,0.0
2018-05-08 00:00:00-04:00,14.952990635223873,15.171018767068512,14.952990635223873,14.971159934997559,303001,0.0,0.0,0.0
2018-05-09 00:00:00-04:00,14.907567724982089,15.207354212345326,14.907567724982089,15.08925724029541,291342,0.0,0.0,0.0
2018-05-10 00:00:00-04:00,15.134679274191344,15.352705660447102,15.080173110807326,15.27094554901123,392550,0.0,0.0,0.0
2018-05-11 00:00:00-04:00,15.217252146919165,15.280497895924952,15.080160130738186,15.107579231262207,402344,0.10125,0.0,0.0
2018-05-14 00:00:00-04:00,15.080160086542937,15.272088559989914,15.06188068624716,15.198972702026367,524576,0.0,0.0,0.0
2018-05-15 00:00:00-04:00,14.897369686797244,15.363483938675826,14.778557070382503,15.29036808013916,445233,0.0,0.0,0.0
2018-05-16 00:00:00-04:00,15.262951507579594,15.345207070565685,14.961348357703812,14.988765716552734,465284,0.0,0.0,0.0
2018-05-17 00:00:00-04:00,14.915648822662888,15.33606630920604,14.915648822662888,15.189834594726562,343429,0.0,0.0,0.0
2018-05-18 00:00:00-04:00,15.162415189680765,15.186360052824817,15.107578733658453,15.153275489807129,335215,0.0,0.0,0.0
2018-05-21 00:00:00-04:00,15.15327718336951,15.33606771483228,15.15327718336951,15.262951850891113,350970,0.0,0.0,0.0
2018-05-22 00:00:00-04:00,15.217251503467631,15.235530903044046,15.007043637997326,15.116718292236328,448979,0.0,0.0,0.0
2018-05-23 00:00:00-04:00,15.080160980228355,15.080160980228355,14.915649854256172,14.988765716552734,488506,0.0,0.0,0.0
2018-05-24 00:00:00-04:00,14.979624358622731,15.226391020280474,14.934841050452317,15.171554565429688,309569,0.0,0.0,0.0
2018-05-25 00:00:00-04:00,15.162415634524447,15.316873603447316,15.080160076467966,15.226391792297363,307573,0.0,0.0,0.0
2018-05-29 00:00:00-04:00,15.171554623094416,15.171554623094416,14.933927660211864,15.025322914123535,343983,0.0,0.0,0.0
2018-05-30 00:00:00-04:00,15.052741667480046,15.171556031561312,15.043601966918438,15.098440170288086,317230,0.0,0.0,0.0
2018-05-31 00:00:00-04:00,15.089300342132606,15.180695603756217,14.943068620822677,15.034463882446289,396407,0.0,0.0,0.0
2018-06-01 00:00:00-04:00,15.071021279538826,15.144137141835389,14.961348357703812,14.988765716552734,327998,0.0,0.0,0.0
2018-06-04 00:00:00-04:00,15.016185168617884,15.235532760620117,15.016185168617884,15.235532760620117,339263,0.0,0.0,0.0
2018-06-05 00:00:00-04:00,15.198972561489537,15.324001496764318,15.14413610432881,15.162415504455566,324951,0.0,0.0,0.0
2018-06-06 00:00:00-04:00,15.198972691872017,15.285798971609168,15.198972691872017,15.226391792297363,312328,0.0,0.0,0.0
2018-06-07 00:00:00-04:00,15.198971921245345,15.336065673201515,15.16241486575131,15.171554565429688,321366,0.0,0.0,0.0
2018-06-08 00:00:00-04:00,15.162416085988797,15.28122870493052,15.144136685160959,15.272089004516602,233549,0.0,0.0,0.0
2018-06-11 00:00:00-04:00,15.290367808918989,15.33606630920604,15.098439337372005,15.189834594726562,361778,0.0,0.0,0.0
2018-06-12 00:00:00-04:00,15.217251320602099,15.336065673201515,15.125856067037807,15.171554565429688,597151,0.0,0.0,0.0
2018-06-13 00:00:00-04:00,15.14413560787365,15.281227617891087,15.13499590810989,15.208111763000488,351584,0.0,0.0,0.0
2018-06-14 00:00:00-04:00,15.208112198699599,15.336066255838533,15.089299584805806,15.308647155761719,302864,0.0,0.0,0.0
2018-06-15 00:00:00-04:00,15.23553071995885,15.308006812621096,15.16241486575131,15.171554565429688,338796,0.0,0.0,0.0
2018-06-18 00:00:00-04:00,15.198972245955803,15.248416924043886,15.107578733658453,15.153275489807129,233747,0.0,0.0,0.0
2018-06-19 00:00:00-04:00,15.198972551564431,15.235531351794071,15.124943247284815,15.189834594726562,237598,0.0,0.0,0.0
2018-06-20 00:00:00-04:00,15.217252791149713,15.244671892834537,15.061881368041654,15.098440170288086,312238,0.0,0.0,0.0
2018-06-21 00:00:00-04:00,15.080160337004447,15.12585709528329,14.962261166611789,14.997904777526855,249683,0.0,0.0,0.0
2018-06-22 00:00:00-04:00,14.997904637594129,15.162415755014399,14.961347579956055,14.961347579956055,270244,0.0,0.0,0.0
2018-06-25 00:00:00-04:00,14.933928696901043,15.034463657504801,14.81511433560213,14.824254035949707,402064,0.0,0.0,0.0
2018-06-26 00:00:00-04:00,14.851673126220703,14.952208086751545,14.778557266712708,14.851673126220703,308686,0.0,0.0,0.0
2018-06-27 00:00:00-04:00,14.851672755541157,14.89736951288577,14.60490608215332,14.60490608215332,430715,0.0,0.0,0.0
2018-06-28 00:00:00-04:00,14.588210198115863,14.878848838765883,14.46632916057731,14.7382173538208,507074,0.40219,0.0,0.0
2018-06-29 00:00:00-04:00,14.80384541355742,15.225740766856056,14.616336466992825,14.644462585449219,373696,0.0,0.0,0.0
2018-07-02 00:00:00-04:00,14.56945864976118,14.944476533699588,14.56945864976118,14.831971168518066,279644,0.0,0.0,0.0
2018-07-03 00:00:00-04:00,14.766343355348608,15.148392547606464,14.719465896032805,14.981978416442871,241229,0.0,0.0,0.0
2018-07-05 00:00:00-04:00,14.935101459528482,15.131985174087369,14.918600601435001,15.01948070526123,269439,0.0,0.0,0.0
2018-07-06 00:00:00-04:00,15.000728905006945,15.385122440139648,15.000728905006945,15.13198471069336,465355,0.0,0.0,0.0
2018-07-09 00:00:00-04:00,15.235116004943848,15.356996146163818,15.188239440219162,15.235116004943848,267419,0.0,0.0,0.0
2018-07-10 00:00:00-04:00,15.291369171050984,15.703889760998525,15.291369171050984,15.553882598876953,674113,0.0,0.0,0.0
2018-07-11 00:00:00-04:00,15.46950135243654,15.675760726707596,15.460125682484284,15.56325626373291,390122,0.0,0.0,0.0
2018-07-12 00:00:00-04:00,15.535130159611908,15.566257814842505,15.310119432317666,15.32887077331543,251479,0.0,0.0,0.0
2018-07-13 00:00:00-04:00,15.235115758919536,15.45075081433301,15.216364418041941,15.33824634552002,228261,0.0,0.0,0.0
2018-07-16 00:00:00-04:00,15.328870262266175,15.46012606842197,15.244491018815667,15.366371154785156,249914,0.0,0.0,0.0
2018-07-17 00:00:00-04:00,15.328871304586865,15.685137854760404,15.328871304586865,15.516379356384277,475760,0.0,0.0,0.0
2018-07-18 00:00:00-04:00,15.50700526634304,15.872647482449052,15.50700526634304,15.853896141052246,411784,0.0,0.0,0.0
2018-07-19 00:00:00-04:00,15.825768786468316,16.12578487764548,15.7507652107306,15.807019233703613,511980,0.0,0.0,0.0
2018-07-20 00:00:00-04:00,15.797643049102357,15.882022292589603,15.647635902508638,15.685136795043945,256870,0.0,0.0,0.0
2018-07-23 00:00:00-04:00,15.938274174271285,15.985150735963956,15.54450497608377,15.638259887695312,553167,0.0,0.0,0.0
2018-07-24 00:00:00-04:00,15.525754077611099,15.83514404296875,15.488253184835818,15.83514404296875,568683,0.0,0.0,0.0
2018-07-25 00:00:00-04:00,15.84451961517334,15.891397966135175,15.797643052437746,15.84451961517334,249073,0.0,0.0,0.0
2018-07-26 00:00:00-04:00,15.882022001805836,15.957025573729457,15.79764275986349,15.87264633178711,321081,0.0,0.0,0.0
2018-07-27 00:00:00-04:00,15.872647986977709,15.985152462481937,15.816395749225595,15.975778579711914,482166,0.0,0.0,0.0
2018-07-30 00:00:00-04:00,15.975778590173205,16.099159058701236,15.750766062564615,15.81639575958252,574762,0.0,0.0,0.0
2018-07-31 00:00:00-04:00,15.85389579612626,15.966402053833008,15.713264315162553,15.966402053833008,466358,0.0,0.0,0.0
2018-08-01 00:00:00-04:00,15.93827589572624,16.00390380447477,15.874241296696917,15.975778579711914,365582,0.0,0.0,0.0
2018-08-02 00:00:00-04:00,16.003903046162964,16.032030057819476,15.938275140524073,15.957026481628418,284256,0.0,0.0,0.0
2018-08-03 00:00:00-04:00,15.919523701360903,16.03202995906765,15.919523701360903,15.966402053833008,211477,0.0,0.0,0.0
2018-08-06 00:00:00-04:00,15.938274285700189,16.125784110234207,15.919522945601544,15.947649955749512,276267,0.0,0.0,0.0
2018-08-07 00:00:00-04:00,15.938275337219238,16.069531150116852,15.919523995883484,15.938275337219238,251714,0.0,0.0,0.0
2018-08-08 00:00:00-04:00,15.938275906162973,16.01327948595704,15.750766062564615,15.81639575958252,300183,0.0,0.0,0.0
2018-08-09 00:00:00-04:00,15.825768786468316,15.947650714683542,15.7507652107306,15.807019233703613,248302,0.0,0.0,0.0
2018-08-10 00:00:00-04:00,15.666386214935308,15.807019486389656,15.497629507997482,15.544506072998047,295774,0.0,0.0,0.0
2018-08-13 00:00:00-04:00,15.469502305182111,15.694513033215785,15.244491577148438,15.244491577148438,236413,0.0,0.0,0.0
2018-08-14 00:00:00-04:00,15.281991864567578,15.488253031582602,15.272617982636202,15.450750350952148,396558,0.0,0.0,0.0
2018-08-15 00:00:00-04:00,15.403874542943827,15.4882537902694,15.394498872326949,15.469502449035645,229856,0.0,0.0,0.0
2018-08-16 00:00:00-04:00,15.525754290385473,15.638260546705679,15.507004737854004,15.507004737854004,179762,0.0,0.0,0.0
2018-08-17 00:00:00-04:00,15.469501691267375,15.52575392398682,15.403873788390317,15.450750350952148,193498,0.0,0.0,0.0
2018-08-20 00:00:00-04:00,15.450750715580762,15.619416218181442,15.431999374823015,15.507004737854004,269033,0.0,0.0,0.0
2018-08-21 00:00:00-04:00,15.441375045201887,15.628884876326806,15.441375045201887,15.507004737854004,263108,0.0,0.0,0.0
2018-08-22 00:00:00-04:00,15.469501443230998,15.556225049628727,15.338245639581425,15.394497871398926,271558,0.0,0.0,0.0
2018-08-23 00:00:00-04:00,15.375746726989746,15.497628650408785,15.244490921670376,15.375746726989746,329827,0.0,0.0,0.0
2018-08-24 00:00:00-04:00,15.394499166667538,15.441375732421875,15.3157456778516,15.441375732421875,270008,0.0,0.0,0.0
2018-08-27 00:00:00-04:00,15.516378717438899,15.769516454579188,15.41774909642156,15.657011985778809,446317,0.0,0.0,0.0
2018-08-28 00:00:00-04:00,15.582007714111358,15.938274233691999,15.535129364017715,15.87264633178711,394661,0.0,0.0,0.0
2018-08-29 00:00:00-04:00,15.79764356320811,15.938275044188039,15.59138238875967,15.807019233703613,508534,0.0,0.0,0.0
2018-08-30 00:00:00-04:00,15.72264110332033,15.81639602670292,15.385124094433575,15.553882598876953,310986,0.0,0.0,0.0
2018-08-31 00:00:00-04:00,15.516378620006599,15.540755720636927,15.366371470397176,15.507004737854004,222753,0.0,0.0,0.0
2018-09-04 00:00:00-04:00,15.516377808127045,15.516377808127045,15.3663706663666,15.413249015808105,183794,0.0,0.0,0.0
2018-09-05 00:00:00-04:00,15.431999864801378,15.497629559537291,15.319495393135345,15.460126876831055,255350,0.0,0.0,0.0
2018-09-06 00:00:00-04:00,15.431999766568136,15.553881696361218,15.394498872326949,15.469502449035645,253478,0.0,0.0,0.0
2018-09-07 00:00:00-04:00,15.37574743920194,15.426375702585238,15.160112380981445,15.160112380981445,376617,0.0,0.0,0.0
2018-09-10 00:00:00-04:00,15.178863427216516,15.291367895308353,15.103859852413198,15.188239097595215,291080,0.0,0.0,0.0
2018-09-11 00:00:00-04:00,15.197613078043014,15.244491430239712,15.103859950102198,15.178863525390625,233240,0.0,0.0,0.0
2018-09-12 00:00:00-04:00,15.169487854951287,15.291367994210121,15.12964259675381,15.178863525390625,221091,0.0,0.0,0.0
2018-09-13 00:00:00-04:00,15.206989044280792,15.281992621028149,15.131985467533434,15.150736808776855,185070,0.0,0.0,0.0
2018-09-14 00:00:00-04:00,15.141360178965057,15.244490761044325,14.963226919002937,14.991353034973145,384794,0.0,0.0,0.0
2018-09-17 00:00:00-04:00,14.963227381244325,15.141360646709305,14.963227381244325,15.03823184967041,192547,0.0,0.0,0.0
2018-09-18 00:00:00-04:00,15.02885592011603,15.103859493135225,14.869472209808842,14.897599220275879,304078,0.0,0.0,0.0
2018-09-19 00:00:00-04:00,14.860098033877009,15.000729515438987,14.588209847174204,14.766343116760254,477079,0.0,0.0,0.0
2018-09-20 00:00:00-04:00,14.841346932608628,15.066357664388685,14.794469473292823,14.981978416442871,330455,0.0,0.0,0.0
2018-09-21 00:00:00-04:00,15.010105381474771,15.010105381474771,14.766343309086812,14.906974792480469,383933,0.0,0.0,0.0
2018-09-24 00:00:00-04:00,14.794469087073368,14.925725790908443,14.693589877347986,14.700715065002441,325431,0.0,0.0,0.0
2018-09-25 00:00:00-04:00,14.719464902630746,14.83665809595442,14.681963116531696,14.747591018676758,333776,0.0,0.0,0.0
2018-09-26 00:00:00-04:00,14.719466209411621,14.797282668356733,14.710090538526218,14.719466209411621,334320,0.0,0.0,0.0
2018-09-27 00:00:00-04:00,14.70214557647705,14.856094600690124,14.586683808317245,14.70214557647705,438851,0.402,0.0,0.0
2018-09-28 00:00:00-04:00,14.62517099351611,14.894581784583778,14.62517099351611,14.682902336120605,465086,0.0,0.0,0.0
2018-10-01 00:00:00-04:00,14.731011952913164,14.788742379153595,14.55781883897471,14.654036521911621,463207,0.0,0.0,0.0
2018-10-02 00:00:00-04:00,14.596305851732703,14.740632832530318,14.548196552263976,14.70214557647705,418765,0.0,0.0,0.0
2018-10-03 00:00:00-04:00,14.644415434501575,14.807986505294433,14.625171347298375,14.75987720489502,371498,0.0,0.0,0.0
2018-10-04 00:00:00-04:00,14.548196681953012,14.6155491512445,14.259541800176018,14.423112869262695,680770,0.0,0.0,0.0
2018-10-05 00:00:00-04:00,14.365382688640405,14.634793488012853,14.346138601309507,14.375003814697266,361058,0.0,0.0,0.0
2018-10-08 00:00:00-04:00,14.355760927762512,14.461600657341572,14.221055066618487,14.326895713806152,371545,0.0,0.0,0.0
2018-10-09 00:00:00-04:00,14.336516422008286,14.64441539312954,14.336516422008286,14.548196792602539,664255,0.0,0.0,0.0
2018-10-10 00:00:00-04:00,14.548197146128281,14.721486613145384,14.509709888503943,14.625171661376953,663524,0.0,0.0,0.0
2018-10-11 00:00:00-04:00,14.509709851185624,14.654036837503533,14.259542218466555,14.30765151977539,404830,0.0,0.0,0.0
2018-10-12 00:00:00-04:00,14.423113470960661,14.44890010816761,14.182567879046273,14.240299224853516,531372,0.0,0.0,0.0
2018-10-15 00:00:00-04:00,14.221054853670584,14.333630746349295,14.14408033920051,14.182567596435547,282016,0.0,0.0,0.0
2018-10-16 00:00:00-04:00,14.18256741880133,14.230676719144714,14.009375222217166,14.14408016204834,417981,0.0,0.0,0.0
2018-10-17 00:00:00-04:00,14.06710547139282,14.134457940460226,14.028618215124506,14.105592727661133,313572,0.0,0.0,0.0
2018-10-18 00:00:00-04:00,14.038240679353313,14.105593150439432,13.961266164509576,13.990131378173828,321580,0.0,0.0,0.0
2018-10-19 00:00:00-04:00,13.951643698628171,14.076727510866831,13.951643698628171,13.99975299835205,310945,0.0,0.0,0.0
2018-10-22 00:00:00-04:00,14.009375177648316,14.06710560378985,13.826560020446777,13.826560020446777,394717,0.0,0.0,0.0
2018-10-23 00:00:00-04:00,13.73996381468694,13.903534888948215,13.6918545132674,13.79769515991211,442384,0.0,0.0,0.0
2018-10-24 00:00:00-04:00,13.759207328009188,13.807316627420716,13.566771047971635,13.57639217376709,378129,0.0,0.0,0.0
2018-10-25 00:00:00-04:00,13.634123445021652,13.720719999986175,13.54435196444172,13.557148933410645,461733,0.0,0.0,0.0
2018-10-26 00:00:00-04:00,13.470552337075175,13.566770935097706,13.306981271002005,13.451308250427246,417640,0.0,0.0,0.0
2018-10-29 00:00:00-04:00,13.58601488967389,13.672611449379428,13.181898222787119,13.306982040405273,379306,0.0,0.0,0.0
2018-10-30 00:00:00-04:00,13.278116826372964,13.441687901903734,13.171602654187364,13.306982040405273,327881,0.0,0.0,0.0
2018-10-31 00:00:00-04:00,13.316604083741057,13.58601488911835,13.306982039861143,13.412821769714355,817898,0.0,0.0,0.0
2018-11-01 00:00:00-04:00,13.460930931309342,13.759207865219812,13.359902224448302,13.586014747619629,353037,0.0,0.0,0.0
2018-11-02 00:00:00-04:00,13.566771539951732,13.720720569564522,13.316603908026652,13.374334335327148,778758,0.0,0.0,0.0
2018-11-05 00:00:00-05:00,13.374334238296875,13.951644012765072,13.374334238296875,13.865047454833984,472720,0.0,0.0,0.0
2018-11-06 00:00:00-05:00,13.72072026900637,14.163324178252012,13.72072026900637,14.124836921691895,589612,0.0,0.0,0.0
2018-11-07 00:00:00-05:00,14.182567527627336,14.307651342436495,14.124837100859162,14.269164085388184,382131,0.0,0.0,0.0
2018-11-08 00:00:00-05:00,14.269164403884247,14.326895749549605,13.934420783146377,14.028618812561035,608134,0.0,0.0,0.0
2018-11-09 00:00:00-05:00,13.893912244182529,14.067105354758228,13.874669075012207,13.874669075012207,331258,0.0,0.0,0.0
2018-11-12 00:00:00-05:00,13.788072649353063,13.893912374806288,13.55714911148681,13.595636367797852,548182,0.0,0.0,0.0
2018-11-13 00:00:00-05:00,13.595636720843883,13.768829837545269,13.547527419803654,13.566771507263184,314903,0.0,0.0,0.0
2018-11-14 00:00:00-05:00,13.576392595892322,13.64951865986284,13.441687654481992,13.460930824279785,417515,0.0,0.0,0.0
2018-11-15 00:00:00-05:00,13.412821629464043,13.520682849956287,13.393578459514043,13.480175018310547,346327,0.0,0.0,0.0
2018-11-16 00:00:00-05:00,13.36471271987635,13.489796531259344,13.355090676475681,13.470552444458008,365658,0.0,0.0,0.0
2018-11-19 00:00:00-05:00,13.46093100095766,13.509040302496476,13.374334441709507,13.499418258666992,364289,0.0,0.0,0.0
2018-11-20 00:00:00-05:00,13.37433426334233,13.460930821435584,13.162654807568368,13.249251365661621,811933,0.0,0.0,0.0
2018-11-21 00:00:00-05:00,13.249251258878079,13.316796426829056,13.153032657859148,13.23000717163086,493440,0.0,0.0,0.0
2018-11-23 00:00:00-05:00,13.124167899381334,13.364713492655568,13.085680641161801,13.326226234436035,118251,0.0,0.0,0.0
2018-11-26 00:00:00-05:00,13.4320659299092,13.566771792128579,13.220385551452637,13.220385551452637,531765,0.0,0.0,0.0
2018-11-27 00:00:00-05:00,13.220384842684059,13.471418688332939,13.153032373989562,13.17227554321289,686239,0.0,0.0,0.0
2018-11-28 00:00:00-05:00,13.162654983102092,13.403200573187387,13.133788851613662,13.39357852935791,705370,0.0,0.0,0.0
2018-11-29 00:00:00-05:00,13.355091271648607,13.41282169940826,13.268494712400525,13.39357852935791,466789,0.0,0.0,0.0
2018-11-30 00:00:00-05:00,13.297359750366189,13.414361269185036,13.287738624272597,13.355091094970703,342855,0.0,0.0,0.0
2018-12-03 00:00:00-05:00,13.42244314506323,13.50268893158162,13.374333845668453,13.470552444458008,448426,0.0,0.0,0.0
2018-12-04 00:00:00-05:00,13.518662452697754,13.567156232623539,13.432065892768216,13.518662452697754,565125,0.0,0.0,0.0
2018-12-06 00:00:00-05:00,13.355091341652098,13.528284461056092,13.278116825830015,13.412821769714355,829823,0.0,0.0,0.0
2018-12-07 00:00:00-05:00,13.480174595011617,13.586014320434588,13.39357803893438,13.48979663848877,660990,0.0,0.0,0.0
2018-12-10 00:00:00-05:00,13.470552444458008,13.541561583172552,13.406567599299835,13.470552444458008,626984,0.0,0.0,0.0
2018-12-11 00:00:00-05:00,13.537905660333175,13.638165412772285,13.191520337265846,13.220385551452637,887567,0.0,0.0,0.0
2018-12-12 00:00:00-05:00,13.230007348617342,13.383956378220242,13.230007348617342,13.268494606018066,385204,0.0,0.0,0.0
2018-12-13 00:00:00-05:00,13.258872139305518,13.306981438923879,13.148221392509287,13.278116226196289,671576,0.0,0.0,0.0
2018-12-14 00:00:00-05:00,13.181897645457967,13.268494201370826,12.851869629773502,12.87399959564209,517614,0.0,0.0,0.0
2018-12-17 00:00:00-05:00,13.329999923706055,13.375300407409668,12.8100004196167,12.850000381469727,844160,0.506,0.0,0.0
2018-12-18 00:00:00-05:00,12.850000381469727,13.529999732971191,12.729999542236328,12.880000114440918,1140236,0.0,0.0,0.0
2018-12-19 00:00:00-05:00,12.869999885559082,13.010000228881836,12.319999694824219,12.350000381469727,1245078,0.0,0.0,0.0
