Date,Open,High,Low,Close,Volume,Dividends,Stock Splits,Capital Gains
2022-10-27 00:00:00-04:00,25.260000228881836,25.34000015258789,25.249000549316406,25.29800033569336,1983400,0.0,0.0,0.0
2022-10-28 00:00:00-04:00,25.40999984741211,25.420000076293945,25.408000946044922,25.420000076293945,6100,0.0,0.0,0.0
2022-10-31 00:00:00-04:00,25.288999557495117,25.288999557495117,25.229000091552734,25.236000061035156,6900,0.0,0.0,0.0
2022-11-01 00:00:00-04:00,25.299999237060547,25.360000610351562,25.275999069213867,25.360000610351562,11900,0.0,0.0,0.0
2022-11-02 00:00:00-04:00,25.360000610351562,25.450000762939453,25.243999481201172,25.243999481201172,600,0.0,0.0,0.0
2022-11-03 00:00:00-04:00,25.100000381469727,25.18000030517578,25.100000381469727,25.165000915527344,2200,0.0,0.0,0.0
2022-11-04 00:00:00-04:00,25.170000076293945,25.25,25.170000076293945,25.174999237060547,1700,0.0,0.0,0.0
2022-11-07 00:00:00-05:00,25.239999771118164,25.3700008392334,25.15999984741211,25.204999923706055,101600,0.0,0.0,0.0
2022-11-08 00:00:00-05:00,25.229999542236328,25.270000457763672,25.209999084472656,25.209999084472656,3600,0.0,0.0,0.0
2022-11-09 00:00:00-05:00,25.200000762939453,25.209999084472656,25.09000015258789,25.100000381469727,21600,0.0,0.0,0.0
2022-11-10 00:00:00-05:00,25.545000076293945,25.709999084472656,25.545000076293945,25.709999084472656,6400,0.0,0.0,0.0
2022-11-11 00:00:00-05:00,25.719999313354492,25.7450008392334,25.7189998626709,25.7450008392334,1000,0.0,0.0,0.0
2022-11-14 00:00:00-05:00,25.649999618530273,25.670000076293945,25.64299964904785,25.64299964904785,52700,0.0,0.0,0.0
2022-11-15 00:00:00-05:00,25.850000381469727,25.8799991607666,25.84000015258789,25.8799991607666,12300,0.0,0.0,0.0
2022-11-16 00:00:00-05:00,25.889999389648438,25.920000076293945,25.860000610351562,25.915000915527344,16600,0.0,0.0,0.0
2022-11-17 00:00:00-05:00,25.770000457763672,25.839000701904297,25.770000457763672,25.839000701904297,17300,0.0,0.0,0.0
2022-11-18 00:00:00-05:00,25.920000076293945,25.920000076293945,25.854999542236328,25.861000061035156,13200,0.0,0.0,0.0
2022-11-21 00:00:00-05:00,25.889999389648438,25.889999389648438,25.844999313354492,25.844999313354492,2700,0.0,0.0,0.0
2022-11-22 00:00:00-05:00,25.979999542236328,25.979999542236328,25.90999984741211,25.968000411987305,4100,0.0,0.0,0.0
2022-11-23 00:00:00-05:00,26.110000610351562,26.110000610351562,26.01300048828125,26.086000442504883,11200,0.0,0.0,0.0
2022-11-25 00:00:00-05:00,26.128999710083008,26.139999389648438,26.114999771118164,26.114999771118164,2400,0.0,0.0,0.0
2022-11-28 00:00:00-05:00,26.079999923706055,26.079999923706055,25.94499969482422,25.950000762939453,15000,0.0,0.0,0.0
2022-11-29 00:00:00-05:00,25.929000854492188,26.06999969482422,25.929000854492188,25.934999465942383,14900,0.0,0.0,0.0
2022-11-30 00:00:00-05:00,25.801000595092773,26.139999389648438,25.799999237060547,26.079999923706055,45600,0.0,0.0,0.0
2022-12-01 00:00:00-05:00,26.239999771118164,26.299999237060547,26.15999984741211,26.2189998626709,13600,0.0,0.0,0.0
2022-12-02 00:00:00-05:00,26.09000015258789,26.290000915527344,26.09000015258789,26.288000106811523,5900,0.0,0.0,0.0
2022-12-05 00:00:00-05:00,26.139999389648438,26.149999618530273,26.06999969482422,26.110000610351562,11300,0.0,0.0,0.0
2022-12-06 00:00:00-05:00,26.110000610351562,26.111000061035156,26.079999923706055,26.089000701904297,93300,0.0,0.0,0.0
2022-12-07 00:00:00-05:00,26.139999389648438,26.219999313354492,26.139999389648438,26.216999053955078,14400,0.0,0.0,0.0
2022-12-08 00:00:00-05:00,26.264999389648438,26.270000457763672,26.225000381469727,26.225000381469727,41400,0.0,0.0,0.0
2022-12-09 00:00:00-05:00,26.309999465942383,26.31999969482422,26.209999084472656,26.235000610351562,34500,0.0,0.0,0.0
2022-12-12 00:00:00-05:00,26.270000457763672,26.270000457763672,26.200000762939453,26.219999313354492,8400,0.0,0.0,0.0
2022-12-13 00:00:00-05:00,26.510000228881836,26.510000228881836,26.344999313354492,26.381000518798828,284700,0.0,0.0,0.0
2022-12-14 00:00:00-05:00,26.43000030517578,26.440000534057617,26.280000686645508,26.344999313354492,5000,0.0,0.0,0.0
2022-12-15 00:00:00-05:00,26.288999557495117,26.309999465942383,26.249000549316406,26.30900001525879,15000,0.0,0.0,0.0
2022-12-16 00:00:00-05:00,26.229999542236328,26.229999542236328,26.173999786376953,26.225000381469727,8700,0.0,0.0,0.0
2022-12-19 00:00:00-05:00,26.190000534057617,26.190000534057617,26.06999969482422,26.097000122070312,18600,0.0,0.0,0.0
2022-12-20 00:00:00-05:00,25.969999313354492,26.020000457763672,25.969999313354492,26.0,20200,0.0,0.0,0.0
2022-12-21 00:00:00-05:00,26.110000610351562,26.170000076293945,26.104999542236328,26.16900062561035,16900,0.0,0.0,0.0
2022-12-22 00:00:00-05:00,26.15999984741211,28.719999313354492,26.02899932861328,26.08300018310547,70000,0.0,0.0,0.0
2022-12-23 00:00:00-05:00,26.010000228881836,26.079999923706055,26.010000228881836,26.079999923706055,8500,0.0,0.0,0.0
2022-12-27 00:00:00-05:00,26.030000686645508,26.030000686645508,25.860000610351562,25.860000610351562,17800,0.0,0.0,0.0
2022-12-28 00:00:00-05:00,25.989999771118164,25.989999771118164,25.753000259399414,25.760000228881836,33400,0.0,0.0,0.0
2022-12-29 00:00:00-05:00,25.649999618530273,25.759000778198242,25.559999465942383,25.75,38100,0.0,0.0,0.0
2022-12-30 00:00:00-05:00,25.790000915527344,25.790000915527344,25.6200008392334,25.708999633789062,139200,0.0,0.0,0.0
2023-01-03 00:00:00-05:00,25.829999923706055,25.829999923706055,25.719999313354492,25.764999389648438,10300,0.0,0.0,0.0
2023-01-04 00:00:00-05:00,25.889999389648438,25.959999084472656,25.850000381469727,25.934999465942383,7600,0.0,0.0,0.0
2023-01-05 00:00:00-05:00,25.8799991607666,25.90999984741211,25.860000610351562,25.895000457763672,5200,0.0,0.0,0.0
2023-01-06 00:00:00-05:00,26.020000457763672,26.25,26.020000457763672,26.25,52600,0.0,0.0,0.0
2023-01-09 00:00:00-05:00,26.239999771118164,26.360000610351562,26.239999771118164,26.315000534057617,48900,0.0,0.0,0.0
2023-01-10 00:00:00-05:00,26.350000381469727,26.350000381469727,26.253000259399414,26.288000106811523,11100,0.0,0.0,0.0
2023-01-11 00:00:00-05:00,26.405000686645508,26.40999984741211,26.354999542236328,26.395999908447266,9100,0.0,0.0,0.0
2023-01-12 00:00:00-05:00,26.520000457763672,26.610000610351562,26.459999084472656,26.579999923706055,15200,0.0,0.0,0.0
2023-01-13 00:00:00-05:00,26.559999465942383,26.639999389648438,26.559999465942383,26.60099983215332,18700,0.0,0.0,0.0
2023-01-17 00:00:00-05:00,26.530000686645508,26.593000411987305,26.500999450683594,26.559999465942383,42200,0.0,0.0,0.0
2023-01-18 00:00:00-05:00,26.790000915527344,26.790000915527344,26.639999389648438,26.658000946044922,39900,0.0,0.0,0.0
2023-01-19 00:00:00-05:00,26.639999389648438,26.639999389648438,26.54199981689453,26.575000762939453,27200,0.0,0.0,0.0
2023-01-20 00:00:00-05:00,26.5,26.56999969482422,26.496000289916992,26.56999969482422,54300,0.0,0.0,0.0
2023-01-23 00:00:00-05:00,26.520000457763672,26.610000610351562,26.520000457763672,26.524999618530273,29300,0.0,0.0,0.0
2023-01-24 00:00:00-05:00,26.510000228881836,26.709999084472656,26.5,26.579999923706055,26500,0.0,0.0,0.0
2023-01-25 00:00:00-05:00,26.549999237060547,26.6200008392334,26.520999908447266,26.614999771118164,191400,0.0,0.0,0.0
2023-01-26 00:00:00-05:00,26.68000030517578,26.68000030517578,26.56100082397461,26.613000869750977,8800,0.0,0.0,0.0
2023-01-27 00:00:00-05:00,26.562000274658203,26.670000076293945,26.540000915527344,26.584999084472656,20500,0.0,0.0,0.0
2023-01-30 00:00:00-05:00,26.469999313354492,26.530000686645508,26.451000213623047,26.451000213623047,41500,0.0,0.0,0.0
2023-01-31 00:00:00-05:00,26.433000564575195,26.520000457763672,26.433000564575195,26.520000457763672,6500,0.0,0.0,0.0
2023-02-01 00:00:00-05:00,26.530000686645508,26.780000686645508,26.489999771118164,26.725000381469727,29900,0.0,0.0,0.0
2023-02-02 00:00:00-05:00,26.850000381469727,26.940000534057617,26.770000457763672,26.790000915527344,29500,0.0,0.0,0.0
2023-02-03 00:00:00-05:00,26.655000686645508,26.729999542236328,26.589000701904297,26.589000701904297,8000,0.0,0.0,0.0
2023-02-06 00:00:00-05:00,26.479999542236328,26.479999542236328,26.420000076293945,26.450000762939453,26200,0.0,0.0,0.0
2023-02-07 00:00:00-05:00,26.450000762939453,26.459999084472656,26.360000610351562,26.44700050354004,95900,0.0,0.0,0.0
2023-02-08 00:00:00-05:00,26.440000534057617,26.440000534057617,26.399999618530273,26.416000366210938,16900,0.0,0.0,0.0
2023-02-09 00:00:00-05:00,26.520000457763672,26.579999923706055,26.290000915527344,26.29400062561035,125300,0.0,0.0,0.0
2023-02-10 00:00:00-05:00,26.290000915527344,26.290000915527344,26.170000076293945,26.19499969482422,19200,0.0,0.0,0.0
2023-02-13 00:00:00-05:00,26.18000030517578,27.420000076293945,26.139999389648438,26.200000762939453,84300,0.0,0.0,0.0
2023-02-14 00:00:00-05:00,26.1299991607666,26.280000686645508,26.06999969482422,26.18000030517578,38600,0.0,0.0,0.0
2023-02-15 00:00:00-05:00,26.089000701904297,26.139999389648438,26.086999893188477,26.138999938964844,23800,0.0,0.0,0.0
2023-02-16 00:00:00-05:00,26.014999389648438,26.094999313354492,25.999000549316406,26.0,90100,0.0,0.0,0.0
2023-02-17 00:00:00-05:00,25.90999984741211,26.219999313354492,25.889999389648438,26.079999923706055,32700,0.0,0.0,0.0
2023-02-21 00:00:00-05:00,25.950000762939453,25.950000762939453,25.756999969482422,25.774999618530273,22900,0.0,0.0,0.0
2023-02-22 00:00:00-05:00,25.84000015258789,25.899999618530273,25.83300018310547,25.834999084472656,45400,0.0,0.0,0.0
2023-02-23 00:00:00-05:00,25.891000747680664,26.010000228881836,25.891000747680664,26.010000228881836,18000,0.0,0.0,0.0
2023-02-24 00:00:00-05:00,25.850000381469727,25.920000076293945,25.849000930786133,25.915000915527344,8800,0.0,0.0,0.0
2023-02-27 00:00:00-05:00,25.920000076293945,26.075000762939453,25.920000076293945,25.95199966430664,18700,0.0,0.0,0.0
2023-02-28 00:00:00-05:00,25.799999237060547,25.850000381469727,25.799999237060547,25.849000930786133,15000,0.0,0.0,0.0
2023-03-01 00:00:00-05:00,25.84000015258789,25.84000015258789,25.760000228881836,25.780000686645508,8400,0.0,0.0,0.0
2023-03-02 00:00:00-05:00,25.683000564575195,25.799999237060547,25.683000564575195,25.790000915527344,29500,0.0,0.0,0.0
2023-03-03 00:00:00-05:00,25.889999389648438,26.049999237060547,25.8799991607666,25.989999771118164,30400,0.0,0.0,0.0
2023-03-06 00:00:00-05:00,26.06999969482422,26.06999969482422,25.959999084472656,25.969999313354492,11000,0.0,0.0,0.0
2023-03-07 00:00:00-05:00,25.969999313354492,25.969999313354492,25.850000381469727,25.8799991607666,14200,0.0,0.0,0.0
2023-03-08 00:00:00-05:00,25.84000015258789,25.8700008392334,25.735000610351562,25.760000228881836,16000,0.0,0.0,0.0
2023-03-09 00:00:00-05:00,25.850000381469727,25.850000381469727,25.670000076293945,25.704999923706055,4900,0.0,0.0,0.0
2023-03-10 00:00:00-05:00,25.84000015258789,25.8799991607666,25.790000915527344,25.839000701904297,16800,0.0,0.0,0.0
2023-03-13 00:00:00-04:00,25.8799991607666,26.051000595092773,25.8799991607666,25.889999389648438,3600,0.0,0.0,0.0
2023-03-14 00:00:00-04:00,26.06999969482422,26.06999969482422,25.89900016784668,25.950000762939453,10400,0.0,0.0,0.0
2023-03-15 00:00:00-04:00,25.899999618530273,26.049999237060547,25.889999389648438,26.03499984741211,19000,0.0,0.0,0.0
2023-03-16 00:00:00-04:00,25.979999542236328,26.040000915527344,25.979999542236328,26.006999969482422,3800,0.0,0.0,0.0
2023-03-17 00:00:00-04:00,26.010000228881836,26.100000381469727,26.003999710083008,26.07900047302246,15300,0.0,0.0,0.0
2023-03-20 00:00:00-04:00,26.049999237060547,26.079999923706055,25.988000869750977,25.988000869750977,13900,0.0,0.0,0.0
2023-03-21 00:00:00-04:00,26.079999923706055,26.113000869750977,26.030000686645508,26.113000869750977,12400,0.0,0.0,0.0
2023-03-22 00:00:00-04:00,26.110000610351562,26.3700008392334,26.05900001525879,26.236000061035156,23000,0.0,0.0,0.0
2023-03-23 00:00:00-04:00,26.239999771118164,26.270000457763672,26.16200065612793,26.180999755859375,7500,0.0,0.0,0.0
2023-03-24 00:00:00-04:00,26.290000915527344,26.290000915527344,26.190000534057617,26.25,77000,0.0,0.0,0.0
2023-03-27 00:00:00-04:00,26.170000076293945,26.18000030517578,26.104999542236328,26.104999542236328,31600,0.0,0.0,0.0
2023-03-28 00:00:00-04:00,26.049999237060547,26.06999969482422,26.020000457763672,26.052000045776367,25400,0.0,0.0,0.0
2023-03-29 00:00:00-04:00,26.139999389648438,26.229999542236328,26.115999221801758,26.219999313354492,20200,0.0,0.0,0.0
2023-03-30 00:00:00-04:00,26.25,26.290000915527344,26.25,26.290000915527344,15300,0.0,0.0,0.0
2023-03-31 00:00:00-04:00,26.229999542236328,26.32699966430664,26.229999542236328,26.32699966430664,19200,0.0,0.0,0.0
2023-04-03 00:00:00-04:00,26.31999969482422,26.389999389648438,26.31999969482422,26.381999969482422,9600,0.0,0.0,0.0
2023-04-04 00:00:00-04:00,26.34000015258789,26.510000228881836,26.325000762939453,26.3799991607666,27400,0.0,0.0,0.0
2023-04-05 00:00:00-04:00,26.360000610351562,26.389999389648438,26.295000076293945,26.295000076293945,29800,0.0,0.0,0.0
2023-04-06 00:00:00-04:00,26.31999969482422,26.395000457763672,26.270000457763672,26.3799991607666,38700,0.0,0.0,0.0
2023-04-10 00:00:00-04:00,26.280000686645508,26.329999923706055,26.25,26.329999923706055,35700,0.0,0.0,0.0
2023-04-11 00:00:00-04:00,26.360000610351562,26.3700008392334,26.299999237060547,26.3700008392334,20100,0.0,0.0,0.0
2023-04-12 00:00:00-04:00,26.409000396728516,26.420000076293945,26.309999465942383,26.344999313354492,50600,0.0,0.0,0.0
2023-04-13 00:00:00-04:00,26.3700008392334,26.459999084472656,26.3700008392334,26.429000854492188,37700,0.0,0.0,0.0
2023-04-14 00:00:00-04:00,26.389999389648438,26.40999984741211,26.350000381469727,26.386999130249023,36700,0.0,0.0,0.0
2023-04-17 00:00:00-04:00,26.32900047302246,26.790000915527344,26.270000457763672,26.334999084472656,256500,0.0,0.0,0.0
2023-04-18 00:00:00-04:00,26.3799991607666,26.479999542236328,26.350000381469727,26.364999771118164,120200,0.0,0.0,0.0
2023-04-19 00:00:00-04:00,26.239999771118164,26.389999389648438,26.239999771118164,26.274999618530273,40600,0.0,0.0,0.0
2023-04-20 00:00:00-04:00,26.202999114990234,26.280000686645508,26.202999114990234,26.270999908447266,35000,0.0,0.0,0.0
2023-04-21 00:00:00-04:00,26.309999465942383,26.31999969482422,26.239999771118164,26.315000534057617,19100,0.0,0.0,0.0
2023-04-24 00:00:00-04:00,26.339000701904297,26.538999557495117,26.329999923706055,26.399999618530273,67000,0.0,0.0,0.0
2023-04-25 00:00:00-04:00,26.399999618530273,26.40999984741211,26.375,26.375,32600,0.0,0.0,0.0
2023-04-26 00:00:00-04:00,26.40999984741211,26.40999984741211,26.31999969482422,26.325000762939453,31900,0.0,0.0,0.0
2023-04-27 00:00:00-04:00,26.34000015258789,26.3799991607666,26.260000228881836,26.375,128500,0.0,0.0,0.0
2023-04-28 00:00:00-04:00,26.239999771118164,26.31999969482422,26.239999771118164,26.30299949645996,24700,0.0,0.0,0.0
2023-05-01 00:00:00-04:00,26.25,26.260000228881836,26.165000915527344,26.165000915527344,28100,0.0,0.0,0.0
2023-05-02 00:00:00-04:00,26.15999984741211,26.260000228881836,26.139999389648438,26.25,42500,0.0,0.0,0.0
2023-05-03 00:00:00-04:00,26.270000457763672,26.280000686645508,26.229999542236328,26.229999542236328,30100,0.0,0.0,0.0
2023-05-04 00:00:00-04:00,26.15999984741211,26.30500030517578,26.15999984741211,26.190000534057617,20700,0.0,0.0,0.0
2023-05-05 00:00:00-04:00,26.209999084472656,26.25,26.209999084472656,26.235000610351562,16900,0.0,0.0,0.0
2023-05-08 00:00:00-04:00,26.190000534057617,26.190000534057617,26.1299991607666,26.170000076293945,45100,0.0,0.0,0.0
2023-05-09 00:00:00-04:00,26.219999313354492,26.219999313354492,26.1200008392334,26.125,29400,0.0,0.0,0.0
2023-05-10 00:00:00-04:00,26.219999313354492,26.239999771118164,26.200000762939453,26.235000610351562,24300,0.0,0.0,0.0
2023-05-11 00:00:00-04:00,26.260000228881836,26.260000228881836,26.224000930786133,26.25,30200,0.0,0.0,0.0
2023-05-12 00:00:00-04:00,26.270000457763672,26.270000457763672,26.170000076293945,26.209999084472656,35900,0.0,0.0,0.0
2023-05-15 00:00:00-04:00,26.149999618530273,26.18000030517578,26.149999618530273,26.149999618530273,56600,0.0,0.0,0.0
2023-05-16 00:00:00-04:00,26.09000015258789,26.09000015258789,26.052000045776367,26.05500030517578,46000,0.0,0.0,0.0
2023-05-17 00:00:00-04:00,26.049999237060547,26.06999969482422,26.0049991607666,26.049999237060547,41800,0.0,0.0,0.0
2023-05-18 00:00:00-04:00,26.010000228881836,26.06999969482422,25.899999618530273,26.014999389648438,76600,0.0,0.0,0.0
2023-05-19 00:00:00-04:00,26.030000686645508,26.239999771118164,26.014999389648438,26.024999618530273,64800,0.0,0.0,0.0
2023-05-22 00:00:00-04:00,26.020000457763672,26.110000610351562,26.020000457763672,26.104999542236328,35300,0.0,0.0,0.0
2023-05-23 00:00:00-04:00,26.059999465942383,26.079999923706055,26.052000045776367,26.05500030517578,38800,0.0,0.0,0.0
2023-05-24 00:00:00-04:00,26.040000915527344,26.040000915527344,25.920000076293945,25.959999084472656,50600,0.0,0.0,0.0
2023-05-25 00:00:00-04:00,25.979999542236328,25.979999542236328,25.889999389648438,25.889999389648438,26100,0.0,0.0,0.0
2023-05-26 00:00:00-04:00,25.90999984741211,25.979999542236328,25.899999618530273,25.959999084472656,47200,0.0,0.0,0.0
2023-05-30 00:00:00-04:00,26.1299991607666,26.1299991607666,26.024999618530273,26.079999923706055,143800,0.0,0.0,0.0
2023-05-31 00:00:00-04:00,25.959999084472656,25.959999084472656,25.875,25.950000762939453,159400,0.0,0.0,0.0
2023-06-01 00:00:00-04:00,25.93000030517578,26.030000686645508,25.93000030517578,26.024999618530273,50300,0.0,0.0,0.0
2023-06-02 00:00:00-04:00,26.049999237060547,26.089000701904297,26.049999237060547,26.084999084472656,24500,0.0,0.0,0.0
2023-06-05 00:00:00-04:00,26.030000686645508,26.079999923706055,26.013999938964844,26.045000076293945,69200,0.0,0.0,0.0
2023-06-06 00:00:00-04:00,26.020000457763672,26.06999969482422,25.9950008392334,26.059999465942383,70200,0.0,0.0,0.0
2023-06-07 00:00:00-04:00,26.149999618530273,26.149999618530273,25.940000534057617,25.940000534057617,70000,0.0,0.0,0.0
2023-06-08 00:00:00-04:00,25.950000762939453,26.06999969482422,25.950000762939453,26.040000915527344,83300,0.0,0.0,0.0
2023-06-09 00:00:00-04:00,26.049999237060547,26.08799934387207,26.030000686645508,26.059999465942383,57200,0.0,0.0,0.0
2023-06-12 00:00:00-04:00,26.1200008392334,26.1200008392334,25.979999542236328,26.05900001525879,48100,0.0,0.0,0.0
2023-06-13 00:00:00-04:00,26.229999542236328,26.229999542236328,26.020000457763672,26.020000457763672,115600,0.0,0.0,0.0
2023-06-14 00:00:00-04:00,26.049999237060547,26.09000015258789,25.972000122070312,26.030000686645508,77200,0.0,0.0,0.0
2023-06-15 00:00:00-04:00,26.09000015258789,26.145999908447266,26.079999923706055,26.135000228881836,32800,0.0,0.0,0.0
2023-06-16 00:00:00-04:00,26.139999389648438,26.149999618530273,26.100000381469727,26.118000030517578,81100,0.0,0.0,0.0
2023-06-20 00:00:00-04:00,26.110000610351562,26.139999389648438,26.09000015258789,26.1299991607666,62700,0.0,0.0,0.0
2023-06-21 00:00:00-04:00,26.079999923706055,26.100000381469727,26.030000686645508,26.09000015258789,58900,0.0,0.0,0.0
2023-06-22 00:00:00-04:00,26.049999237060547,26.09000015258789,26.030000686645508,26.059999465942383,96700,0.0,0.0,0.0
2023-06-23 00:00:00-04:00,26.030000686645508,26.049999237060547,25.985000610351562,26.030000686645508,53400,0.0,0.0,0.0
2023-06-26 00:00:00-04:00,26.040000915527344,26.09000015258789,26.024999618530273,26.05500030517578,63500,0.0,0.0,0.0
2023-06-27 00:00:00-04:00,26.06999969482422,26.110000610351562,26.06999969482422,26.075000762939453,62500,0.0,0.0,0.0
2023-06-28 00:00:00-04:00,26.110000610351562,26.200000762939453,26.075000762939453,26.15999984741211,81300,0.0,0.0,0.0
2023-06-29 00:00:00-04:00,26.079999923706055,26.115999221801758,26.06599998474121,26.110000610351562,55300,0.0,0.0,0.0
2023-06-30 00:00:00-04:00,26.030000686645508,26.079999923706055,25.996999740600586,26.049999237060547,69700,0.0,0.0,0.0
2023-07-03 00:00:00-04:00,26.06999969482422,26.06999969482422,26.049999237060547,26.059999465942383,32900,0.0,0.0,0.0
2023-07-05 00:00:00-04:00,26.0,26.020000457763672,25.93000030517578,25.96500015258789,67700,0.0,0.0,0.0
2023-07-06 00:00:00-04:00,25.81999969482422,25.84000015258789,25.790000915527344,25.829999923706055,60600,0.0,0.0,0.0
2023-07-07 00:00:00-04:00,25.8700008392334,25.940000534057617,25.819000244140625,25.850000381469727,59300,0.0,0.0,0.0
2023-07-10 00:00:00-04:00,25.850000381469727,25.940000534057617,25.83799934387207,25.924999237060547,41200,0.0,0.0,0.0
2023-07-11 00:00:00-04:00,25.950000762939453,26.020000457763672,25.950000762939453,26.007999420166016,67100,0.0,0.0,0.0
2023-07-12 00:00:00-04:00,26.149999618530273,26.209999084472656,26.139999389648438,26.190000534057617,59400,0.0,0.0,0.0
2023-07-13 00:00:00-04:00,26.299999237060547,26.360000610351562,26.270000457763672,26.354999542236328,108300,0.0,0.0,0.0
2023-07-14 00:00:00-04:00,26.329999923706055,26.33099937438965,26.200000762939453,26.219999313354492,36900,0.0,0.0,0.0
2023-07-17 00:00:00-04:00,26.200000762939453,26.260000228881836,26.18000030517578,26.2549991607666,36700,0.0,0.0,0.0
2023-07-18 00:00:00-04:00,26.299999237060547,26.329999923706055,26.280000686645508,26.299999237060547,45000,0.0,0.0,0.0
2023-07-19 00:00:00-04:00,26.360000610351562,26.458999633789062,26.33799934387207,26.350000381469727,139700,0.0,0.0,0.0
2023-07-20 00:00:00-04:00,26.389999389648438,26.389999389648438,26.219999313354492,26.280000686645508,251900,0.0,0.0,0.0
2023-07-21 00:00:00-04:00,26.40999984741211,26.40999984741211,26.280000686645508,26.31999969482422,83100,0.0,0.0,0.0
2023-07-24 00:00:00-04:00,26.3700008392334,26.3700008392334,26.299999237060547,26.309999465942383,49900,0.0,0.0,0.0
2023-07-25 00:00:00-04:00,26.299999237060547,26.299999237060547,26.229999542236328,26.239999771118164,70100,0.0,0.0,0.0
2023-07-26 00:00:00-04:00,26.329999923706055,26.34000015258789,26.239999771118164,26.34000015258789,60100,0.0,0.0,0.0
2023-07-27 00:00:00-04:00,26.440000534057617,26.440000534057617,26.150999069213867,26.18000030517578,38500,0.0,0.0,0.0
2023-07-28 00:00:00-04:00,26.31999969482422,26.31999969482422,26.229999542236328,26.270000457763672,51500,0.0,0.0,0.0
