Date,Open,High,Low,Close,Volume,Dividends,Stock Splits,Capital Gains
2021-01-08 00:00:00-05:00,24.260000228881836,24.309999465942383,24.030000686645508,24.309999465942383,1814,0.0,0.0,0.0
2021-01-11 00:00:00-05:00,24.699899673461914,24.699899673461914,24.699899673461914,24.699899673461914,185,0.0,0.0,0.0
2021-01-12 00:00:00-05:00,24.40999984741211,24.40999984741211,24.40999984741211,24.40999984741211,45,0.0,0.0,0.0
2021-01-13 00:00:00-05:00,24.504600524902344,24.504600524902344,24.504600524902344,24.504600524902344,9,0.0,0.0,0.0
2021-01-14 00:00:00-05:00,24.209999084472656,24.348100662231445,24.209999084472656,24.348100662231445,643,0.0,0.0,0.0
2021-01-15 00:00:00-05:00,24.905000686645508,24.905000686645508,24.905000686645508,24.905000686645508,4,0.0,0.0,0.0
2021-01-19 00:00:00-05:00,24.450000762939453,24.469999313354492,24.34000015258789,24.34000015258789,1542,0.0,0.0,0.0
2021-01-20 00:00:00-05:00,24.06999969482422,24.06999969482422,23.6299991607666,23.6299991607666,533,0.0,0.0,0.0
2021-01-21 00:00:00-05:00,23.840599060058594,23.840599060058594,23.840599060058594,23.840599060058594,4,0.0,0.0,0.0
2021-01-22 00:00:00-05:00,23.75,23.75,23.75,23.75,10,0.0,0.0,0.0
2021-01-25 00:00:00-05:00,23.93000030517578,24.34000015258789,23.889999389648438,24.121999740600586,25019,0.0,0.0,0.0
2021-01-26 00:00:00-05:00,24.735000610351562,24.735000610351562,24.735000610351562,24.735000610351562,19,0.0,0.0,0.0
2021-01-27 00:00:00-05:00,26.260000228881836,26.260000228881836,25.3799991607666,26.246000289916992,24461,0.0,0.0,0.0
2021-01-28 00:00:00-05:00,25.510000228881836,25.530000686645508,24.59000015258789,25.010000228881836,31700,0.0,0.0,0.0
2021-01-29 00:00:00-05:00,25.329999923706055,26.15999984741211,25.329999923706055,25.3700008392334,10300,0.0,0.0,0.0
2021-02-01 00:00:00-05:00,24.190000534057617,24.219999313354492,24.139999389648438,24.139999389648438,2569,0.0,0.0,0.0
2021-02-02 00:00:00-05:00,22.49570083618164,22.49570083618164,22.49570083618164,22.49570083618164,1,0.0,0.0,0.0
2021-02-03 00:00:00-05:00,22.639999389648438,22.871700286865234,22.639999389648438,22.871700286865234,718,0.0,0.0,0.0
2021-02-04 00:00:00-05:00,22.40999984741211,22.40999984741211,22.105499267578125,22.105499267578125,11125,0.0,0.0,0.0
2021-02-05 00:00:00-05:00,21.049999237060547,21.12529945373535,21.049999237060547,21.12529945373535,250,0.0,0.0,0.0
2021-02-08 00:00:00-05:00,20.850000381469727,20.850000381469727,20.770000457763672,20.839000701904297,360,0.0,0.0,0.0
2021-02-09 00:00:00-05:00,20.68000030517578,20.700000762939453,20.309999465942383,20.35449981689453,2131,0.0,0.0,0.0
2021-02-10 00:00:00-05:00,20.6200008392334,20.6200008392334,20.221399307250977,20.221399307250977,11561,0.0,0.0,0.0
2021-02-11 00:00:00-05:00,20.278600692749023,20.278600692749023,20.278600692749023,20.278600692749023,2,0.0,0.0,0.0
2021-02-12 00:00:00-05:00,19.84819984436035,19.84819984436035,19.84819984436035,19.84819984436035,65,0.0,0.0,0.0
2021-02-16 00:00:00-05:00,20.190000534057617,20.40999984741211,20.1200008392334,20.40999984741211,23557,0.0,0.0,0.0
2021-02-17 00:00:00-05:00,20.68000030517578,21.219999313354492,20.68000030517578,20.866500854492188,2246,0.0,0.0,0.0
2021-02-18 00:00:00-05:00,20.920000076293945,21.038999557495117,20.510000228881836,20.510000228881836,4118,0.0,0.0,0.0
2021-02-19 00:00:00-05:00,20.34000015258789,20.34000015258789,20.34000015258789,20.34000015258789,22,0.0,0.0,0.0
2021-02-22 00:00:00-05:00,21.440000534057617,21.985000610351562,21.440000534057617,21.985000610351562,1441,0.0,0.0,0.0
2021-02-23 00:00:00-05:00,23.809999465942383,24.210100173950195,22.53499984741211,22.65999984741211,9839,0.0,0.0,0.0
2021-02-24 00:00:00-05:00,22.479999542236328,22.480100631713867,22.2450008392334,22.2450008392334,2604,0.0,0.0,0.0
2021-02-25 00:00:00-05:00,22.979900360107422,24.038299560546875,22.739999771118164,24.038299560546875,10701,0.0,0.0,0.0
2021-02-26 00:00:00-05:00,23.969999313354492,24.770000457763672,23.309999465942383,23.825000762939453,18189,0.0,0.0,0.0
2021-03-01 00:00:00-05:00,22.950000762939453,23.239999771118164,22.352500915527344,22.352500915527344,25059,0.0,0.0,0.0
2021-03-02 00:00:00-05:00,22.6299991607666,23.231199264526367,22.6299991607666,23.231199264526367,423,0.0,0.0,0.0
2021-03-03 00:00:00-05:00,23.719999313354492,26.030000686645508,23.719999313354492,25.8799991607666,2601,0.0,0.0,0.0
2021-03-04 00:00:00-05:00,26.25,27.8799991607666,26.139999389648438,27.5,25616,0.0,0.0,0.0
2021-03-05 00:00:00-05:00,27.40999984741211,27.760000228881836,27.211200714111328,27.211200714111328,4687,0.0,0.0,0.0
2021-03-08 00:00:00-05:00,27.440000534057617,29.219999313354492,26.989999771118164,29.2101993560791,51234,0.0,0.0,0.0
2021-03-09 00:00:00-05:00,27.56999969482422,27.56999969482422,25.600000381469727,25.770000457763672,11403,0.0,0.0,0.0
2021-03-10 00:00:00-05:00,24.639999389648438,26.260000228881836,24.639999389648438,26.110000610351562,50742,0.0,0.0,0.0
2021-03-11 00:00:00-05:00,25.040000915527344,25.040000915527344,24.329999923706055,24.329999923706055,1730,0.0,0.0,0.0
2021-03-12 00:00:00-05:00,25.31999969482422,25.479999542236328,24.912799835205078,24.912799835205078,18852,0.0,0.0,0.0
2021-03-15 00:00:00-04:00,25.270000457763672,25.270000457763672,24.707000732421875,24.707000732421875,8962,0.0,0.0,0.0
2021-03-16 00:00:00-04:00,24.030000686645508,24.99090003967285,24.020000457763672,24.99090003967285,6417,0.0,0.0,0.0
2021-03-17 00:00:00-04:00,26.0,26.110000610351562,24.520000457763672,24.916000366210938,4021,0.0,0.0,0.0
2021-03-18 00:00:00-04:00,26.170000076293945,27.0,26.030000686645508,27.0,17768,0.0,0.0,0.0
2021-03-19 00:00:00-04:00,26.399999618530273,26.509700775146484,26.399999618530273,26.509700775146484,817,0.0,0.0,0.0
2021-03-22 00:00:00-04:00,25.950000762939453,25.959999084472656,25.5,25.564899444580078,1234,0.0,0.0,0.0
2021-03-23 00:00:00-04:00,25.229999542236328,25.652099609375,25.229999542236328,25.652099609375,818,0.0,0.0,0.0
2021-03-24 00:00:00-04:00,26.299999237060547,27.700000762939453,26.299999237060547,27.69339942932129,1242,0.0,0.0,0.0
2021-03-25 00:00:00-04:00,28.80500030517578,28.80500030517578,27.949899673461914,27.949899673461914,16485,0.0,0.0,0.0
2021-03-26 00:00:00-04:00,28.270000457763672,28.270000457763672,27.28809928894043,27.28809928894043,630,0.0,0.0,0.0
2021-03-29 00:00:00-04:00,27.8799991607666,28.43000030517578,27.8799991607666,28.09079933166504,853,0.0,0.0,0.0
2021-03-30 00:00:00-04:00,28.920000076293945,28.93000030517578,28.245399475097656,28.245399475097656,8254,0.0,0.0,0.0
2021-03-31 00:00:00-04:00,27.989999771118164,27.989999771118164,26.06399917602539,26.33989906311035,10860,0.0,0.0,0.0
2021-04-01 00:00:00-04:00,25.040000915527344,25.160900115966797,24.774999618530273,25.160900115966797,14998,0.0,0.0,0.0
2021-04-05 00:00:00-04:00,24.610000610351562,24.989999771118164,24.610000610351562,24.850000381469727,738,0.0,0.0,0.0
2021-04-06 00:00:00-04:00,24.950000762939453,24.959999084472656,24.530000686645508,24.530000686645508,1141,0.0,0.0,0.0
2021-04-07 00:00:00-04:00,24.389999389648438,24.920000076293945,24.389999389648438,24.895000457763672,8724,0.0,0.0,0.0
2021-04-08 00:00:00-04:00,24.209999084472656,24.209999084472656,23.6299991607666,23.879499435424805,20300,0.0,0.0,0.0
2021-04-09 00:00:00-04:00,24.0,24.389999389648438,23.665000915527344,23.665000915527344,701,0.0,0.0,0.0
2021-04-12 00:00:00-04:00,23.475000381469727,23.475000381469727,23.475000381469727,23.475000381469727,25,0.0,0.0,0.0
2021-04-13 00:00:00-04:00,22.243099212646484,22.243099212646484,22.243099212646484,22.243099212646484,41,0.0,0.0,0.0
2021-04-14 00:00:00-04:00,22.875,22.875,22.875,22.875,54,0.0,0.0,0.0
2021-04-15 00:00:00-04:00,22.239999771118164,22.239999771118164,21.84239959716797,21.84239959716797,16269,0.0,0.0,0.0
2021-04-16 00:00:00-04:00,22.0,22.05500030517578,21.989999771118164,22.05500030517578,2112,0.0,0.0,0.0
2021-04-19 00:00:00-04:00,22.87179946899414,22.87179946899414,22.87179946899414,22.87179946899414,50,0.0,0.0,0.0
2021-04-20 00:00:00-04:00,23.41550064086914,23.41550064086914,23.41550064086914,23.41550064086914,32,0.0,0.0,0.0
2021-04-21 00:00:00-04:00,23.014999389648438,23.014999389648438,23.014999389648438,23.014999389648438,9,0.0,0.0,0.0
2021-04-22 00:00:00-04:00,22.675800323486328,22.675800323486328,22.675800323486328,22.675800323486328,157,0.0,0.0,0.0
2021-04-23 00:00:00-04:00,22.40999984741211,22.40999984741211,22.11319923400879,22.11319923400879,3258,0.0,0.0,0.0
2021-04-26 00:00:00-04:00,21.479999542236328,21.649999618530273,21.325000762939453,21.325000762939453,24046,0.0,0.0,0.0
2021-04-27 00:00:00-04:00,21.434999465942383,21.434999465942383,21.434999465942383,21.434999465942383,7,0.0,0.0,0.0
2021-04-28 00:00:00-04:00,21.43589973449707,21.43589973449707,21.43589973449707,21.43589973449707,2,0.0,0.0,0.0
2021-04-29 00:00:00-04:00,21.3700008392334,22.4950008392334,21.3700008392334,22.4950008392334,3311,0.0,0.0,0.0
2021-04-30 00:00:00-04:00,22.5049991607666,22.87689971923828,22.5049991607666,22.87689971923828,224,0.0,0.0,0.0
2021-05-03 00:00:00-04:00,23.600000381469727,23.709999084472656,23.43000030517578,23.709999084472656,873,0.0,0.0,0.0
2021-05-04 00:00:00-04:00,24.728700637817383,25.829999923706055,24.728700637817383,25.187599182128906,11625,0.0,0.0,0.0
2021-05-05 00:00:00-04:00,24.709999084472656,25.65999984741211,24.760000228881836,25.546199798583984,1352,0.0,0.0,0.0
2021-05-06 00:00:00-04:00,26.3700008392334,27.249900817871094,26.15999984741211,26.559999465942383,17400,0.0,0.0,0.0
2021-05-07 00:00:00-04:00,25.510000228881836,26.219999313354492,24.8700008392334,25.719999313354492,12875,0.0,0.0,0.0
2021-05-10 00:00:00-04:00,25.920000076293945,26.979999542236328,25.920000076293945,26.975000381469727,13559,0.0,0.0,0.0
2021-05-11 00:00:00-04:00,28.8700008392334,28.8700008392334,26.06999969482422,26.251800537109375,35385,0.0,0.0,0.0
2021-05-12 00:00:00-04:00,26.889999389648438,28.18000030517578,26.889999389648438,27.806400299072266,18627,0.0,0.0,0.0
2021-05-13 00:00:00-04:00,27.719999313354492,28.8700008392334,27.219999313354492,28.337799072265625,24739,0.0,0.0,0.0
2021-05-14 00:00:00-04:00,27.8799991607666,27.899999618530273,26.72369956970215,26.72369956970215,10886,0.0,0.0,0.0
2021-05-17 00:00:00-04:00,27.06999969482422,27.100000381469727,26.889999389648438,27.063499450683594,4401,0.0,0.0,0.0
2021-05-18 00:00:00-04:00,26.68000030517578,26.700000762939453,26.219999313354492,26.540300369262695,3525,0.0,0.0,0.0
2021-05-19 00:00:00-04:00,26.760000228881836,26.761600494384766,26.6299991607666,26.639799118041992,4103,0.0,0.0,0.0
2021-05-20 00:00:00-04:00,25.420000076293945,25.420000076293945,24.760000228881836,25.19969940185547,2070,0.0,0.0,0.0
2021-05-21 00:00:00-04:00,24.84000015258789,25.2450008392334,24.84000015258789,25.2450008392334,16055,0.0,0.0,0.0
2021-05-24 00:00:00-04:00,24.36009979248047,24.586000442504883,24.360000610351562,24.586000442504883,684,0.0,0.0,0.0
2021-05-25 00:00:00-04:00,24.500999450683594,24.704299926757812,24.309999465942383,24.704299926757812,9190,0.0,0.0,0.0
2021-05-26 00:00:00-04:00,23.649999618530273,23.88559913635254,23.6299991607666,23.88559913635254,2013,0.0,0.0,0.0
2021-05-27 00:00:00-04:00,24.040000915527344,24.164899826049805,24.040000915527344,24.164899826049805,125,0.0,0.0,0.0
2021-05-28 00:00:00-04:00,23.75,23.75,23.559999465942383,23.659299850463867,2395,0.0,0.0,0.0
2021-06-01 00:00:00-04:00,23.780000686645508,24.170000076293945,23.760000228881836,23.84000015258789,26260,0.0,0.0,0.0
2021-06-02 00:00:00-04:00,23.75,23.850000381469727,23.719999313354492,23.850000381469727,7948,0.0,0.0,0.0
2021-06-03 00:00:00-04:00,24.84000015258789,24.84000015258789,24.84000015258789,24.84000015258789,378,0.0,0.0,0.0
2021-06-04 00:00:00-04:00,24.530000686645508,24.530000686645508,23.866500854492188,23.866500854492188,10731,0.0,0.0,0.0
2021-06-07 00:00:00-04:00,23.270000457763672,23.270000457763672,23.17099952697754,23.17099952697754,366,0.0,0.0,0.0
2021-06-08 00:00:00-04:00,23.09000015258789,23.100000381469727,23.010000228881836,23.010000228881836,4606,0.0,0.0,0.0
2021-06-09 00:00:00-04:00,23.239999771118164,23.239999771118164,23.239999771118164,23.239999771118164,20,0.0,0.0,0.0
2021-06-10 00:00:00-04:00,22.383699417114258,22.383699417114258,22.383699417114258,22.383699417114258,161,0.0,0.0,0.0
2021-06-11 00:00:00-04:00,21.969999313354492,21.989999771118164,21.584999084472656,21.584999084472656,9531,0.0,0.0,0.0
2021-06-14 00:00:00-04:00,21.219999313354492,21.219999313354492,20.94499969482422,20.94499969482422,602,0.0,0.0,0.0
2021-06-15 00:00:00-04:00,21.239999771118164,22.239999771118164,21.1200008392334,21.532699584960938,13456,0.0,0.0,0.0
2021-06-16 00:00:00-04:00,21.56999969482422,21.56999969482422,21.56999969482422,21.56999969482422,2,0.0,0.0,0.0
2021-06-17 00:00:00-04:00,21.799999237060547,21.799999237060547,20.450000762939453,20.5049991607666,5843,0.0,0.0,0.0
2021-06-18 00:00:00-04:00,20.170000076293945,20.200000762939453,19.8799991607666,20.109800338745117,5294,0.0,0.0,0.0
2021-06-21 00:00:00-04:00,20.449899673461914,20.719999313354492,20.030000686645508,20.219999313354492,2651,0.0,0.0,0.0
2021-06-22 00:00:00-04:00,19.90999984741211,19.90999984741211,19.219999313354492,19.541099548339844,2209,0.0,0.0,0.0
2021-06-23 00:00:00-04:00,19.59000015258789,19.59000015258789,19.59000015258789,19.59000015258789,10,0.0,0.0,0.0
2021-06-24 00:00:00-04:00,19.31999969482422,19.31999969482422,19.31999969482422,19.31999969482422,29,0.0,0.0,0.0
2021-06-25 00:00:00-04:00,19.599899291992188,19.679899215698242,19.209999084472656,19.215700149536133,4860,0.0,0.0,0.0
2021-06-28 00:00:00-04:00,18.81999969482422,18.889999389648438,18.299999237060547,18.860000610351562,2339,0.0,0.0,0.0
2021-06-29 00:00:00-04:00,18.579999923706055,18.616500854492188,18.579999923706055,18.616500854492188,110,0.0,0.0,0.0
2021-06-30 00:00:00-04:00,19.06999969482422,19.255699157714844,18.690000534057617,19.255699157714844,15205,0.0,0.0,0.0
2021-07-01 00:00:00-04:00,19.338499069213867,19.338499069213867,19.338499069213867,19.338499069213867,1,0.0,0.0,0.0
2021-07-02 00:00:00-04:00,18.895999908447266,18.895999908447266,18.895999908447266,18.895999908447266,5,0.0,0.0,0.0
2021-07-06 00:00:00-04:00,18.15999984741211,18.31329917907715,18.15999984741211,18.31329917907715,123,0.0,0.0,0.0
2021-07-07 00:00:00-04:00,18.010000228881836,18.125,18.010000228881836,18.125,216,0.0,0.0,0.0
2021-07-08 00:00:00-04:00,18.549999237060547,18.549999237060547,18.46500015258789,18.46500015258789,323,0.0,0.0,0.0
2021-07-09 00:00:00-04:00,18.510000228881836,18.510000228881836,18.175500869750977,18.175500869750977,125,0.0,0.0,0.0
2021-07-12 00:00:00-04:00,18.290000915527344,18.520000457763672,18.290000915527344,18.520000457763672,688,0.0,0.0,0.0
2021-07-13 00:00:00-04:00,18.520000457763672,18.645000457763672,18.520000457763672,18.645000457763672,297,0.0,0.0,0.0
2021-07-14 00:00:00-04:00,18.56999969482422,19.200000762939453,18.100000381469727,19.200000762939453,2253,0.0,0.0,0.0
2021-07-15 00:00:00-04:00,19.534500122070312,19.760000228881836,19.534500122070312,19.760000228881836,1080,0.0,0.0,0.0
2021-07-16 00:00:00-04:00,19.479999542236328,19.579999923706055,19.219999313354492,19.579999923706055,461,0.0,0.0,0.0
2021-07-19 00:00:00-04:00,19.63960075378418,19.63960075378418,19.63960075378418,19.63960075378418,136,0.0,0.0,0.0
2021-07-20 00:00:00-04:00,19.1200008392334,19.479999542236328,18.769800186157227,18.769800186157227,448,0.0,0.0,0.0
2021-07-21 00:00:00-04:00,18.604999542236328,18.604999542236328,18.604999542236328,18.604999542236328,17,0.0,0.0,0.0
2021-07-22 00:00:00-04:00,18.16010093688965,18.16010093688965,18.030000686645508,18.073699951171875,907,0.0,0.0,0.0
2021-07-23 00:00:00-04:00,18.190000534057617,18.190000534057617,17.84000015258789,17.869300842285156,260,0.0,0.0,0.0
2021-07-26 00:00:00-04:00,18.024999618530273,18.024999618530273,18.024999618530273,18.024999618530273,34,0.0,0.0,0.0
2021-07-27 00:00:00-04:00,18.47599983215332,18.47599983215332,18.47599983215332,18.47599983215332,34,0.0,0.0,0.0
2021-07-28 00:00:00-04:00,18.00790023803711,18.00790023803711,18.00790023803711,18.00790023803711,1,0.0,0.0,0.0
2021-07-29 00:00:00-04:00,17.8700008392334,17.905000686645508,17.8700008392334,17.905000686645508,357,0.0,0.0,0.0
2021-07-30 00:00:00-04:00,17.99880027770996,17.99880027770996,17.99880027770996,17.99880027770996,72,0.0,0.0,0.0
2021-08-02 00:00:00-04:00,18.360000610351562,18.360000610351562,18.01059913635254,18.01059913635254,305,0.0,0.0,0.0
2021-08-03 00:00:00-04:00,17.872699737548828,17.872699737548828,17.872699737548828,17.872699737548828,2,0.0,0.0,0.0
2021-08-04 00:00:00-04:00,17.3572998046875,17.3572998046875,17.3572998046875,17.3572998046875,1,0.0,0.0,0.0
2021-08-05 00:00:00-04:00,17.399999618530273,17.399999618530273,17.114999771118164,17.165000915527344,3360,0.0,0.0,0.0
2021-08-06 00:00:00-04:00,17.364999771118164,17.364999771118164,17.364999771118164,17.364999771118164,11,0.0,0.0,0.0
2021-08-09 00:00:00-04:00,17.209999084472656,17.264999389648438,17.190000534057617,17.264999389648438,15061,0.0,0.0,0.0
2021-08-10 00:00:00-04:00,17.59000015258789,17.924999237060547,17.559999465942383,17.90999984741211,1730,0.0,0.0,0.0
2021-08-11 00:00:00-04:00,18.0,18.4689998626709,17.969999313354492,18.209999084472656,2073,0.0,0.0,0.0
2021-08-12 00:00:00-04:00,17.71500015258789,17.71500015258789,17.71500015258789,17.71500015258789,50,0.0,0.0,0.0
2021-08-13 00:00:00-04:00,17.65999984741211,17.725000381469727,17.65999984741211,17.714500427246094,526,0.0,0.0,0.0
2021-08-16 00:00:00-04:00,17.98819923400879,17.98819923400879,17.98819923400879,17.98819923400879,50,0.0,0.0,0.0
2021-08-17 00:00:00-04:00,18.526199340820312,18.526199340820312,18.31999969482422,18.31999969482422,725,0.0,0.0,0.0
2021-08-18 00:00:00-04:00,18.403499603271484,18.403499603271484,18.403499603271484,18.403499603271484,12,0.0,0.0,0.0
2021-08-19 00:00:00-04:00,18.40999984741211,18.40999984741211,18.40999984741211,18.40999984741211,45,0.0,0.0,0.0
2021-08-20 00:00:00-04:00,17.969999313354492,17.969999313354492,17.969999313354492,17.969999313354492,4,0.0,0.0,0.0
2021-08-23 00:00:00-04:00,17.334999084472656,17.334999084472656,17.334999084472656,17.334999084472656,1,0.0,0.0,0.0
2021-08-24 00:00:00-04:00,16.959999084472656,16.995899200439453,16.959999084472656,16.995899200439453,302,0.0,0.0,0.0
2021-08-25 00:00:00-04:00,16.875,16.875,16.875,16.875,14,0.0,0.0,0.0
2021-08-26 00:00:00-04:00,16.799999237060547,16.96500015258789,16.799999237060547,16.96500015258789,177,0.0,0.0,0.0
2021-08-27 00:00:00-04:00,16.235000610351562,16.235000610351562,16.235000610351562,16.235000610351562,10,0.0,0.0,0.0
2021-08-30 00:00:00-04:00,15.949999809265137,15.949999809265137,15.949999809265137,15.949999809265137,5,0.0,0.0,0.0
2021-08-31 00:00:00-04:00,16.270000457763672,16.510000228881836,16.219999313354492,16.445899963378906,1853,0.0,0.0,0.0
2021-09-01 00:00:00-04:00,16.5,16.5,16.283300399780273,16.283300399780273,302,0.0,0.0,0.0
2021-09-02 00:00:00-04:00,16.293699264526367,16.293699264526367,16.293699264526367,16.293699264526367,1,0.0,0.0,0.0
2021-09-03 00:00:00-04:00,15.819899559020996,15.819899559020996,15.740099906921387,15.789999961853027,202,0.0,0.0,0.0
2021-09-07 00:00:00-04:00,16.134000778198242,16.261899948120117,16.134000778198242,16.261899948120117,134,0.0,0.0,0.0
2021-09-08 00:00:00-04:00,16.415000915527344,16.584999084472656,16.415000915527344,16.584999084472656,105,0.0,0.0,0.0
2021-09-09 00:00:00-04:00,16.625,16.625,16.625,16.625,1,0.0,0.0,0.0
2021-09-10 00:00:00-04:00,16.690000534057617,17.014999389648438,16.690000534057617,17.014999389648438,256,0.0,0.0,0.0
2021-09-13 00:00:00-04:00,17.434099197387695,17.434099197387695,17.434099197387695,17.434099197387695,6,0.0,0.0,0.0
2021-09-14 00:00:00-04:00,17.450000762939453,17.452699661254883,17.450000762939453,17.452699661254883,301,0.0,0.0,0.0
2021-09-15 00:00:00-04:00,17.075000762939453,17.075000762939453,17.075000762939453,17.075000762939453,51,0.0,0.0,0.0
2021-09-16 00:00:00-04:00,16.71500015258789,16.71500015258789,16.71500015258789,16.71500015258789,13,0.0,0.0,0.0
2021-09-17 00:00:00-04:00,16.795000076293945,16.795000076293945,16.795000076293945,16.795000076293945,2,0.0,0.0,0.0
2021-09-20 00:00:00-04:00,17.729999542236328,17.729999542236328,17.4143009185791,17.4143009185791,422,0.0,0.0,0.0
2021-09-21 00:00:00-04:00,17.15999984741211,17.15999984741211,17.15999984741211,17.15999984741211,335,0.0,0.0,0.0
2021-09-22 00:00:00-04:00,16.95009994506836,17.00320053100586,16.95009994506836,17.00320053100586,274,0.0,0.0,0.0
2021-09-23 00:00:00-04:00,16.700000762939453,16.700000762939453,16.58639907836914,16.58639907836914,198,0.0,0.0,0.0
2021-09-24 00:00:00-04:00,16.604999542236328,16.604999542236328,16.604999542236328,16.604999542236328,1,0.0,0.0,0.0
2021-09-27 00:00:00-04:00,17.174999237060547,17.174999237060547,17.174999237060547,17.174999237060547,1,0.0,0.0,0.0
2021-09-28 00:00:00-04:00,18.450000762939453,18.47879981994629,18.399999618530273,18.47879981994629,395,0.0,0.0,0.0
2021-09-29 00:00:00-04:00,18.3799991607666,18.597900390625,18.3799991607666,18.597900390625,100,0.0,0.0,0.0
2021-09-30 00:00:00-04:00,18.2450008392334,18.430999755859375,18.2450008392334,18.430999755859375,130,0.0,0.0,0.0
2021-10-01 00:00:00-04:00,17.922300338745117,17.922300338745117,17.922300338745117,17.922300338745117,56,0.0,0.0,0.0
2021-10-04 00:00:00-04:00,19.06999969482422,19.11639976501465,19.06999969482422,19.11639976501465,162,0.0,0.0,0.0
2021-10-05 00:00:00-04:00,18.510000228881836,18.510000228881836,18.510000228881836,18.510000228881836,2,0.0,0.0,0.0
2021-10-06 00:00:00-04:00,18.253999710083008,18.253999710083008,18.253999710083008,18.253999710083008,53,0.0,0.0,0.0
2021-10-07 00:00:00-04:00,17.80500030517578,17.80500030517578,17.80500030517578,17.80500030517578,3,0.0,0.0,0.0
2021-10-08 00:00:00-04:00,18.19070053100586,18.19070053100586,18.19070053100586,18.19070053100586,12,0.0,0.0,0.0
2021-10-11 00:00:00-04:00,17.850000381469727,18.290700912475586,17.850000381469727,18.290700912475586,511,0.0,0.0,0.0
2021-10-12 00:00:00-04:00,17.880300521850586,17.880300521850586,17.880300521850586,17.880300521850586,1,0.0,0.0,0.0
2021-10-13 00:00:00-04:00,16.88089942932129,16.88089942932129,16.795000076293945,16.795000076293945,6332,0.0,0.0,0.0
2021-10-14 00:00:00-04:00,16.600000381469727,16.600000381469727,16.177400588989258,16.177400588989258,1065,0.0,0.0,0.0
2021-10-15 00:00:00-04:00,16.229999542236328,16.229999542236328,16.228099822998047,16.228099822998047,811,0.0,0.0,0.0
2021-10-18 00:00:00-04:00,16.229999542236328,16.229999542236328,15.825200080871582,15.825200080871582,10394,0.0,0.0,0.0
2021-10-19 00:00:00-04:00,15.539999961853027,15.539999961853027,15.539999961853027,15.539999961853027,2,0.0,0.0,0.0
2021-10-20 00:00:00-04:00,15.619999885559082,15.619999885559082,15.619999885559082,15.619999885559082,7,0.0,0.0,0.0
2021-10-21 00:00:00-04:00,15.289999961853027,15.289999961853027,15.289999961853027,15.289999961853027,27,0.0,0.0,0.0
2021-10-22 00:00:00-04:00,15.489999771118164,15.489999771118164,15.251099586486816,15.349499702453613,921,0.0,0.0,0.0
2021-10-25 00:00:00-04:00,15.244999885559082,15.244999885559082,15.244999885559082,15.244999885559082,26,0.0,0.0,0.0
2021-10-26 00:00:00-04:00,15.287699699401855,15.287699699401855,15.287699699401855,15.287699699401855,30,0.0,0.0,0.0
2021-10-27 00:00:00-04:00,15.712499618530273,15.712499618530273,15.712499618530273,15.712499618530273,30,0.0,0.0,0.0
2021-10-28 00:00:00-04:00,15.692899703979492,15.692899703979492,15.692899703979492,15.692899703979492,115,0.0,0.0,0.0
2021-10-29 00:00:00-04:00,15.378299713134766,15.378299713134766,15.378299713134766,15.378299713134766,3,0.0,0.0,0.0
2021-11-01 00:00:00-04:00,15.487500190734863,15.487500190734863,15.435600280761719,15.435600280761719,301,0.0,0.0,0.0
2021-11-02 00:00:00-04:00,15.260000228881836,15.390000343322754,15.260000228881836,15.374199867248535,522,0.0,0.0,0.0
2021-11-03 00:00:00-04:00,15.260000228881836,15.260000228881836,15.260000228881836,15.260000228881836,23,0.0,0.0,0.0
2021-11-04 00:00:00-04:00,15.011099815368652,15.011099815368652,15.011099815368652,15.011099815368652,67,0.0,0.0,0.0
2021-11-05 00:00:00-04:00,15.289999961853027,15.289999961853027,15.289999961853027,15.289999961853027,3,0.0,0.0,0.0
2021-11-08 00:00:00-05:00,15.020000457763672,15.020000457763672,15.020000457763672,15.020000457763672,1,0.0,0.0,0.0
2021-11-09 00:00:00-05:00,15.239999771118164,15.260000228881836,14.789999961853027,14.789999961853027,15145,0.0,0.0,0.0
2021-11-10 00:00:00-05:00,15.020000457763672,15.678000450134277,15.020000457763672,15.678000450134277,365,0.0,0.0,0.0
2021-11-11 00:00:00-05:00,15.5,15.618000030517578,15.5,15.618000030517578,322,0.0,0.0,0.0
2021-11-12 00:00:00-05:00,15.350000381469727,15.350000381469727,15.1899995803833,15.247599601745605,1084,0.0,0.0,0.0
2021-11-15 00:00:00-05:00,15.40999984741211,15.579899787902832,15.40999984741211,15.579899787902832,1041,0.0,0.0,0.0
2021-11-16 00:00:00-05:00,15.140000343322754,15.140000343322754,15.140000343322754,15.140000343322754,193,0.0,0.0,0.0
2021-11-17 00:00:00-05:00,15.380000114440918,15.380000114440918,15.380000114440918,15.380000114440918,1,0.0,0.0,0.0
2021-11-18 00:00:00-05:00,15.779999732971191,15.779999732971191,15.779999732971191,15.779999732971191,142,0.0,0.0,0.0
2021-11-19 00:00:00-05:00,16.084199905395508,16.084199905395508,16.084199905395508,16.084199905395508,22,0.0,0.0,0.0
2021-11-22 00:00:00-05:00,17.450000762939453,17.5,17.149900436401367,17.30190086364746,1793,0.0,0.0,0.0
2021-11-23 00:00:00-05:00,18.700000762939453,18.700000762939453,18.079999923706055,18.079999923706055,1103,0.0,0.0,0.0
2021-11-24 00:00:00-05:00,18.959999084472656,19.0,18.09000015258789,18.09000015258789,1634,0.0,0.0,0.0
2021-11-26 00:00:00-05:00,17.860000610351562,18.17099952697754,17.850000381469727,18.17099952697754,656,0.0,0.0,0.0
2021-11-29 00:00:00-05:00,17.639999389648438,17.639999389648438,17.589599609375,17.589599609375,360,0.0,0.0,0.0
2021-11-30 00:00:00-05:00,18.549999237060547,18.549999237060547,18.549999237060547,18.549999237060547,56,0.0,0.0,0.0
2021-12-01 00:00:00-05:00,18.530000686645508,20.6471004486084,18.530000686645508,20.6471004486084,3095,0.0,0.0,0.0
2021-12-02 00:00:00-05:00,20.450000762939453,20.850000381469727,19.8700008392334,19.91360092163086,3820,0.0,0.0,0.0
2021-12-03 00:00:00-05:00,21.290000915527344,23.190000534057617,21.290000915527344,21.920000076293945,42404,0.0,0.0,0.0
2021-12-06 00:00:00-05:00,22.760000228881836,23.229999542236328,21.1200008392334,21.591899871826172,25231,0.0,0.0,0.0
2021-12-07 00:00:00-05:00,20.5,20.6299991607666,19.559999465942383,19.829999923706055,12168,0.0,0.0,0.0
2021-12-08 00:00:00-05:00,20.09000015258789,20.09000015258789,19.354999542236328,19.354999542236328,1303,0.0,0.0,0.0
2021-12-09 00:00:00-05:00,19.329999923706055,20.357799530029297,19.329999923706055,20.357799530029297,503,0.0,0.0,0.0
2021-12-10 00:00:00-05:00,19.899999618530273,20.219999313354492,19.899999618530273,20.147600173950195,919,0.0,0.0,0.0
2021-12-13 00:00:00-05:00,20.1299991607666,20.1299991607666,20.079999923706055,20.11720085144043,749,0.0,0.0,0.0
2021-12-14 00:00:00-05:00,21.190000534057617,22.049999237060547,20.920000076293945,21.35580062866211,4060,0.0,0.0,0.0
2021-12-15 00:00:00-05:00,21.200000762939453,21.440000534057617,20.062999725341797,20.062999725341797,3737,0.0,0.0,0.0
2021-12-16 00:00:00-05:00,20.170000076293945,21.80500030517578,20.170000076293945,21.452499389648438,1197,0.0,0.0,0.0
2021-12-17 00:00:00-05:00,21.790000915527344,21.81999969482422,20.748300552368164,20.748300552368164,835,0.0,0.0,0.0
2021-12-20 00:00:00-05:00,21.40999984741211,21.489900588989258,21.401199340820312,21.401199340820312,1477,0.0,0.0,0.0
2021-12-21 00:00:00-05:00,21.309999465942383,21.309999465942383,20.049999237060547,20.114999771118164,2257,0.0,0.0,0.0
2021-12-22 00:00:00-05:00,19.84000015258789,20.07900047302246,19.84000015258789,20.07900047302246,989,0.0,0.0,0.0
2021-12-23 00:00:00-05:00,20.079999923706055,20.079999923706055,19.857500076293945,19.857500076293945,623,0.0,0.0,0.0
2021-12-27 00:00:00-05:00,19.799999237060547,19.799999237060547,19.674999237060547,19.674999237060547,107,0.0,0.0,0.0
2021-12-28 00:00:00-05:00,19.950000762939453,20.1781005859375,19.950000762939453,20.1781005859375,163,0.0,0.0,0.0
2021-12-29 00:00:00-05:00,20.3799991607666,20.3799991607666,20.235000610351562,20.235000610351562,6514,0.0,0.0,0.0
2021-12-30 00:00:00-05:00,19.899999618530273,20.025800704956055,19.899999618530273,20.025800704956055,138,0.0,0.0,0.0
2021-12-31 00:00:00-05:00,20.110000610351562,20.46500015258789,20.06999969482422,20.46500015258789,302,0.0,0.0,0.0
2022-01-03 00:00:00-05:00,21.200000762939453,21.270000457763672,20.918699264526367,20.918699264526367,1212,0.0,0.0,0.0
2022-01-04 00:00:00-05:00,22.670000076293945,23.190000534057617,21.999500274658203,21.999500274658203,4520,0.0,0.0,0.0
2022-01-05 00:00:00-05:00,23.359899520874023,24.399999618530273,22.735000610351562,24.301300048828125,6574,0.0,0.0,0.0
2022-01-06 00:00:00-05:00,24.0,25.059999465942383,23.38010025024414,24.143800735473633,9551,0.0,0.0,0.0
2022-01-07 00:00:00-05:00,24.610000610351562,25.100000381469727,23.399999618530273,24.561100006103516,9400,0.0,0.0,0.0
2022-01-10 00:00:00-05:00,25.290000915527344,26.46500015258789,22.969999313354492,22.969999313354492,28711,0.0,0.0,0.0
2022-01-11 00:00:00-05:00,23.510000228881836,24.079999923706055,23.020000457763672,23.020000457763672,14381,0.0,0.0,0.0
2022-01-12 00:00:00-05:00,23.049999237060547,23.360300064086914,22.219999313354492,23.360300064086914,1214,0.0,0.0,0.0
2022-01-13 00:00:00-05:00,23.34000015258789,25.770000457763672,23.34000015258789,25.66830062866211,6264,0.0,0.0,0.0
2022-01-14 00:00:00-05:00,25.700000762939453,26.243900299072266,24.190000534057617,25.48859977722168,4348,0.0,0.0,0.0
2022-01-18 00:00:00-05:00,26.73270034790039,26.940000534057617,25.75,26.63249969482422,6019,0.0,0.0,0.0
2022-01-19 00:00:00-05:00,25.579999923706055,26.501699447631836,25.274999618530273,26.501699447631836,4436,0.0,0.0,0.0
2022-01-20 00:00:00-05:00,25.190000534057617,26.824899673461914,24.3700008392334,26.824899673461914,4924,0.0,0.0,0.0
2022-01-21 00:00:00-05:00,27.270000457763672,28.389999389648438,27.03030014038086,28.378000259399414,9446,0.0,0.0,0.0
2022-01-24 00:00:00-05:00,29.43000030517578,30.8700008392334,27.041400909423828,27.041400909423828,18051,0.0,0.0,0.0
2022-01-25 00:00:00-05:00,28.030000686645508,29.540000915527344,27.829999923706055,29.40999984741211,27173,0.0,0.0,0.0
2022-01-26 00:00:00-05:00,27.959999084472656,30.34000015258789,27.239999771118164,30.049999237060547,26469,0.0,0.0,0.0
2022-01-27 00:00:00-05:00,28.649999618530273,30.389999389648438,28.449899673461914,30.35890007019043,4123,0.0,0.0,0.0
2022-01-28 00:00:00-05:00,30.809999465942383,31.450000762939453,27.991500854492188,27.991500854492188,7023,0.0,0.0,0.0
2022-01-31 00:00:00-05:00,27.18000030517578,27.18000030517578,24.559999465942383,24.559999465942383,5298,0.0,0.0,0.0
2022-02-01 00:00:00-05:00,24.190000534057617,25.75,24.079999923706055,24.553300857543945,10844,0.0,0.0,0.0
2022-02-02 00:00:00-05:00,25.06760025024414,26.049999237060547,25.06760025024414,25.682899475097656,8858,0.0,0.0,0.0
2022-02-03 00:00:00-05:00,26.834999084472656,27.780000686645508,26.56999969482422,27.780000686645508,5666,0.0,0.0,0.0
2022-02-04 00:00:00-05:00,27.90999984741211,27.90999984741211,25.219999313354492,25.663999557495117,13815,0.0,0.0,0.0
2022-02-07 00:00:00-05:00,25.0,25.741100311279297,24.670000076293945,25.741100311279297,5519,0.0,0.0,0.0
2022-02-08 00:00:00-05:00,25.93000030517578,25.93000030517578,25.076000213623047,25.076000213623047,5283,0.0,0.0,0.0
2022-02-09 00:00:00-05:00,24.095600128173828,24.095600128173828,23.579200744628906,23.579200744628906,2377,0.0,0.0,0.0
2022-02-10 00:00:00-05:00,23.579999923706055,24.145000457763672,23.579999923706055,24.017099380493164,1790,0.0,0.0,0.0
2022-02-11 00:00:00-05:00,24.020000457763672,26.179899215698242,23.850000381469727,25.905000686645508,7198,0.0,0.0,0.0
2022-02-14 00:00:00-05:00,25.75,26.040000915527344,25.18000030517578,25.94059944152832,4591,0.0,0.0,0.0
2022-02-15 00:00:00-05:00,25.010000228881836,25.190000534057617,24.837299346923828,24.837299346923828,11410,0.0,0.0,0.0
2022-02-16 00:00:00-05:00,26.15999984741211,26.219999313354492,25.489999771118164,25.510799407958984,4350,0.0,0.0,0.0
2022-02-17 00:00:00-05:00,26.44409942626953,28.46500015258789,26.44409942626953,28.28230094909668,10965,0.0,0.0,0.0
2022-02-18 00:00:00-05:00,28.0,29.608400344848633,27.84670066833496,29.608400344848633,14931,0.0,0.0,0.0
2022-02-22 00:00:00-05:00,30.010000228881836,30.319900512695312,28.8799991607666,29.894500732421875,14407,0.0,0.0,0.0
2022-02-23 00:00:00-05:00,29.440000534057617,32.08000183105469,29.440000534057617,31.59000015258789,9940,0.0,0.0,0.0
2022-02-24 00:00:00-05:00,34.56999969482422,35.9296989440918,28.06999969482422,28.176799774169922,22713,0.0,0.0,0.0
2022-02-25 00:00:00-05:00,28.0,29.770000457763672,27.911100387573242,27.911100387573242,5522,0.0,0.0,0.0
2022-02-28 00:00:00-05:00,28.81999969482422,28.81999969482422,26.459999084472656,26.90060043334961,7925,0.0,0.0,0.0
2022-03-01 00:00:00-05:00,26.899999618530273,27.280000686645508,25.760499954223633,27.136199951171875,6409,0.0,0.0,0.0
2022-03-02 00:00:00-05:00,27.1200008392334,27.649999618530273,26.25,26.25,3156,0.0,0.0,0.0
2022-03-03 00:00:00-05:00,27.104999542236328,29.0,27.104999542236328,28.844200134277344,22905,0.0,0.0,0.0
2022-03-04 00:00:00-05:00,29.65999984741211,30.649999618530273,28.799999237060547,30.49810028076172,7093,0.0,0.0,0.0
2022-03-07 00:00:00-05:00,29.670000076293945,33.00339889526367,29.670000076293945,33.00339889526367,35599,0.0,0.0,0.0
2022-03-08 00:00:00-05:00,32.65999984741211,34.939998626708984,32.3380012512207,33.99290084838867,11801,0.0,0.0,0.0
2022-03-09 00:00:00-05:00,31.68000030517578,32.060001373291016,30.17009925842285,30.538799285888672,12908,0.0,0.0,0.0
2022-03-10 00:00:00-05:00,31.440000534057617,31.604999542236328,30.975000381469727,31.034299850463867,3245,0.0,0.0,0.0
2022-03-11 00:00:00-05:00,31.610000610351562,33.43989944458008,31.610000610351562,33.422698974609375,7348,0.0,0.0,0.0
2022-03-14 00:00:00-04:00,33.41999816894531,35.61000061035156,33.220001220703125,35.17210006713867,7401,0.0,0.0,0.0
2022-03-15 00:00:00-04:00,34.13999938964844,34.9901008605957,33.029998779296875,33.59000015258789,8357,0.0,0.0,0.0
2022-03-16 00:00:00-04:00,31.510000228881836,32.79999923706055,30.219999313354492,30.25,12344,0.0,0.0,0.0
2022-03-17 00:00:00-04:00,30.06999969482422,30.06999969482422,28.209999084472656,28.274999618530273,4763,0.0,0.0,0.0
2022-03-18 00:00:00-04:00,27.889999389648438,27.889999389648438,26.41469955444336,26.41469955444336,3161,0.0,0.0,0.0
2022-03-21 00:00:00-04:00,26.559999465942383,27.16069984436035,26.447200775146484,26.718000411987305,2788,0.0,0.0,0.0
2022-03-22 00:00:00-04:00,25.700000762939453,25.700000762939453,25.131000518798828,25.30459976196289,2427,0.0,0.0,0.0
2022-03-23 00:00:00-04:00,26.72920036315918,26.72920036315918,25.850000381469727,26.401399612426758,1548,0.0,0.0,0.0
2022-03-24 00:00:00-04:00,26.450000762939453,26.450000762939453,25.579599380493164,25.579599380493164,912,0.0,0.0,0.0
2022-03-25 00:00:00-04:00,26.690000534057617,26.98900032043457,26.3799991607666,26.582399368286133,6538,0.0,0.0,0.0
2022-03-28 00:00:00-04:00,26.579999923706055,26.579999923706055,25.3080997467041,25.3080997467041,523,0.0,0.0,0.0
2022-03-29 00:00:00-04:00,24.149999618530273,24.34000015258789,23.549999237060547,23.69540023803711,3835,0.0,0.0,0.0
2022-03-30 00:00:00-04:00,24.270000457763672,24.599899291992188,24.06999969482422,24.57040023803711,2252,0.0,0.0,0.0
2022-03-31 00:00:00-04:00,24.84000015258789,25.104999542236328,24.43000030517578,25.099599838256836,2722,0.0,0.0,0.0
2022-04-01 00:00:00-04:00,24.3700008392334,25.100000381469727,24.3700008392334,24.768199920654297,740,0.0,0.0,0.0
2022-04-04 00:00:00-04:00,23.770700454711914,23.829999923706055,23.520000457763672,23.62779998779297,2015,0.0,0.0,0.0
2022-04-05 00:00:00-04:00,24.940000534057617,25.25,24.93000030517578,24.93000030517578,1654,0.0,0.0,0.0
2022-04-06 00:00:00-04:00,26.3700008392334,27.270000457763672,26.25,26.489999771118164,15217,0.0,0.0,0.0
2022-04-07 00:00:00-04:00,27.56999969482422,27.600000381469727,26.18470001220703,26.739999771118164,7971,0.0,0.0,0.0
2022-04-08 00:00:00-04:00,27.2450008392334,27.850000381469727,26.84000015258789,27.784900665283203,8620,0.0,0.0,0.0
2022-04-11 00:00:00-04:00,28.06999969482422,28.850000381469727,27.570100784301758,27.975200653076172,10335,0.0,0.0,0.0
2022-04-12 00:00:00-04:00,27.070100784301758,28.440000534057617,26.970199584960938,28.170000076293945,5956,0.0,0.0,0.0
2022-04-13 00:00:00-04:00,28.84000015258789,28.84000015258789,26.450000762939453,26.649999618530273,3414,0.0,0.0,0.0
2022-04-14 00:00:00-04:00,27.594999313354492,28.270099639892578,27.4950008392334,28.270099639892578,2935,0.0,0.0,0.0
2022-04-18 00:00:00-04:00,27.8799991607666,30.170000076293945,27.8799991607666,29.521400451660156,10042,0.0,0.0,0.0
2022-04-19 00:00:00-04:00,28.21500015258789,28.21500015258789,27.270000457763672,27.5757999420166,5943,0.0,0.0,0.0
2022-04-20 00:00:00-04:00,26.899999618530273,28.989999771118164,26.899999618530273,28.989999771118164,13525,0.0,0.0,0.0
2022-04-21 00:00:00-04:00,28.360000610351562,31.1200008392334,27.83009910583496,31.03860092163086,6401,0.0,0.0,0.0
2022-04-22 00:00:00-04:00,30.549999237060547,32.5099983215332,30.549999237060547,32.380001068115234,12719,0.0,0.0,0.0
2022-04-25 00:00:00-04:00,33.130001068115234,33.130001068115234,30.459999084472656,30.799999237060547,13296,0.0,0.0,0.0
2022-04-26 00:00:00-04:00,30.81999969482422,33.268001556396484,30.799999237060547,33.22249984741211,12927,0.0,0.0,0.0
2022-04-27 00:00:00-04:00,33.68000030517578,33.68000030517578,31.8700008392334,33.3401985168457,11225,0.0,0.0,0.0
2022-04-28 00:00:00-04:00,32.4369010925293,32.67110061645508,29.780000686645508,30.98040008544922,6225,0.0,0.0,0.0
2022-04-29 00:00:00-04:00,31.969999313354492,33.023799896240234,29.799999237060547,33.023799896240234,4451,0.0,0.0,0.0
2022-05-02 00:00:00-04:00,32.470001220703125,33.25,31.553499221801758,31.553499221801758,7527,0.0,0.0,0.0
2022-05-03 00:00:00-04:00,32.439998626708984,32.90999984741211,32.381099700927734,32.381099700927734,1688,0.0,0.0,0.0
2022-05-04 00:00:00-04:00,34.04999923706055,34.75,30.219999313354492,30.4419002532959,11371,0.0,0.0,0.0
2022-05-05 00:00:00-04:00,31.68000030517578,34.810001373291016,31.68000030517578,34.233699798583984,24380,0.0,0.0,0.0
2022-05-06 00:00:00-04:00,36.150001525878906,38.220001220703125,35.255001068115234,37.239498138427734,16383,0.0,0.0,0.0
2022-05-09 00:00:00-04:00,40.45000076293945,41.66749954223633,38.201499938964844,41.345001220703125,30624,0.0,0.0,0.0
2022-05-10 00:00:00-04:00,39.290000915527344,43.09000015258789,38.369998931884766,40.564998626708984,22648,0.0,0.0,0.0
2022-05-11 00:00:00-04:00,42.630001068115234,44.09000015258789,39.989898681640625,43.939998626708984,13288,0.0,0.0,0.0
2022-05-12 00:00:00-04:00,46.43000030517578,46.43000030517578,41.20000076293945,42.519100189208984,31099,0.0,0.0,0.0
2022-05-13 00:00:00-04:00,40.0,40.369998931884766,36.68000030517578,37.12670135498047,21204,0.0,0.0,0.0
2022-05-16 00:00:00-04:00,37.189998626708984,40.11000061035156,37.189998626708984,39.7400016784668,15481,0.0,0.0,0.0
2022-05-17 00:00:00-04:00,37.68000030517578,41.14339828491211,37.310001373291016,38.927799224853516,15423,0.0,0.0,0.0
2022-05-18 00:00:00-04:00,41.0099983215332,43.38999938964844,39.709999084472656,42.897499084472656,12354,0.0,0.0,0.0
2022-05-19 00:00:00-04:00,43.20000076293945,43.20000076293945,38.72999954223633,39.91910171508789,28134,0.0,0.0,0.0
2022-05-20 00:00:00-04:00,38.35499954223633,41.939998626708984,38.1349983215332,39.34000015258789,19037,0.0,0.0,0.0
2022-05-23 00:00:00-04:00,39.02000045776367,40.12030029296875,38.27000045776367,38.27000045776367,27458,0.0,0.0,0.0
2022-05-24 00:00:00-04:00,38.20000076293945,41.809898376464844,38.189998626708984,41.10929870605469,15999,0.0,0.0,0.0
2022-05-25 00:00:00-04:00,40.56999969482422,41.5099983215332,37.75,38.400001525878906,10862,0.0,0.0,0.0
2022-05-26 00:00:00-04:00,38.09000015258789,38.67900085449219,35.75,36.4900016784668,11214,0.0,0.0,0.0
2022-05-27 00:00:00-04:00,34.939998626708984,34.939998626708984,33.59000015258789,33.660301208496094,6688,0.0,0.0,0.0
2022-05-31 00:00:00-04:00,33.099998474121094,35.40999984741211,32.77000045776367,34.88570022583008,27710,0.0,0.0,0.0
2022-06-01 00:00:00-04:00,33.29999923706055,35.130001068115234,32.709999084472656,34.690799713134766,5473,0.0,0.0,0.0
2022-06-02 00:00:00-04:00,32.71009826660156,32.71009826660156,31.049999237060547,31.049999237060547,10294,0.0,0.0,0.0
2022-06-03 00:00:00-04:00,32.58700180053711,32.66999816894531,31.65999984741211,32.565799713134766,2061,0.0,0.0,0.0
2022-06-06 00:00:00-04:00,29.270099639892578,32.739498138427734,29.17009925842285,32.4380989074707,3540,0.0,0.0,0.0
2022-06-07 00:00:00-04:00,32.70000076293945,32.70000076293945,31.100000381469727,31.292800903320312,1219,0.0,0.0,0.0
2022-06-08 00:00:00-04:00,32.22999954223633,32.22999954223633,30.739999771118164,31.407699584960938,1302,0.0,0.0,0.0
2022-06-09 00:00:00-04:00,32.089900970458984,33.45000076293945,32.089900970458984,33.44029998779297,11928,0.0,0.0,0.0
2022-06-10 00:00:00-04:00,35.53950119018555,37.150001525878906,34.83000183105469,36.83000183105469,15482,0.0,0.0,0.0
2022-06-13 00:00:00-04:00,40.290000915527344,41.413700103759766,38.47999954223633,41.00239944458008,43308,0.0,0.0,0.0
2022-06-14 00:00:00-04:00,40.02000045776367,41.18069839477539,39.15919876098633,40.53820037841797,8436,0.0,0.0,0.0
2022-06-15 00:00:00-04:00,39.32500076293945,39.32500076293945,38.279998779296875,38.336299896240234,3912,0.0,0.0,0.0
2022-06-16 00:00:00-04:00,40.990501403808594,42.81999969482422,40.07500076293945,42.19649887084961,37672,0.0,0.0,0.0
2022-06-17 00:00:00-04:00,40.650001525878906,41.650001525878906,37.03499984741211,39.68470001220703,24705,0.0,0.0,0.0
2022-06-21 00:00:00-04:00,37.330101013183594,38.630001068115234,37.220001220703125,38.630001068115234,6103,0.0,0.0,0.0
2022-06-22 00:00:00-04:00,40.560001373291016,40.560001373291016,37.22999954223633,37.976898193359375,4329,0.0,0.0,0.0
2022-06-23 00:00:00-04:00,37.84000015258789,37.84000015258789,34.209999084472656,34.64099884033203,8254,0.0,0.0,0.0
2022-06-24 00:00:00-04:00,33.68000030517578,33.68000030517578,31.290000915527344,31.55430030822754,22161,0.0,0.0,0.0
2022-06-27 00:00:00-04:00,31.59000015258789,32.99639892578125,31.59000015258789,32.56999969482422,5339,0.0,0.0,0.0
2022-06-28 00:00:00-04:00,32.11000061035156,35.439998626708984,32.11000061035156,34.9900016784668,23165,0.0,0.0,0.0
2022-06-29 00:00:00-04:00,35.720001220703125,35.83000183105469,34.68000030517578,35.23619842529297,11534,0.0,0.0,0.0
2022-06-30 00:00:00-04:00,36.040000915527344,38.380001068115234,36.040000915527344,37.06639862060547,22750,0.0,0.0,0.0
2022-07-01 00:00:00-04:00,37.459999084472656,37.59280014038086,35.358299255371094,35.358299255371094,8791,0.0,0.0,0.0
2022-07-05 00:00:00-04:00,35.58000183105469,37.09000015258789,32.790000915527344,32.919898986816406,8008,0.0,0.0,0.0
2022-07-06 00:00:00-04:00,32.790000915527344,33.52000045776367,32.52000045776367,33.280601501464844,10118,0.0,0.0,0.0
2022-07-07 00:00:00-04:00,32.5,32.5,31.389999389648438,31.491600036621094,4259,0.0,0.0,0.0
2022-07-08 00:00:00-04:00,31.049100875854492,32.1150016784668,31.049100875854492,31.780000686645508,33286,0.0,0.0,0.0
2022-07-11 00:00:00-04:00,33.829898834228516,34.13999938964844,33.04999923706055,33.69020080566406,3475,0.0,0.0,0.0
2022-07-12 00:00:00-04:00,33.2400016784668,36.70000076293945,33.2400016784668,36.2599983215332,22217,0.0,0.0,0.0
2022-07-13 00:00:00-04:00,38.0,38.630001068115234,35.65999984741211,36.737701416015625,31173,0.0,0.0,0.0
2022-07-14 00:00:00-04:00,38.20000076293945,39.279998779296875,37.58000183105469,38.0,16937,0.0,0.0,0.0
2022-07-15 00:00:00-04:00,36.22999954223633,37.38999938964844,35.959999084472656,35.985198974609375,7948,0.0,0.0,0.0
2022-07-18 00:00:00-04:00,35.339599609375,36.18550109863281,34.5099983215332,36.18550109863281,6307,0.0,0.0,0.0
2022-07-19 00:00:00-04:00,35.45199966430664,35.64860153198242,34.100101470947266,34.216800689697266,11260,0.0,0.0,0.0
2022-07-20 00:00:00-04:00,33.66999816894531,33.66999816894531,31.200000762939453,31.529600143432617,8688,0.0,0.0,0.0
2022-07-21 00:00:00-04:00,32.099998474121094,32.099998474121094,30.561800003051758,30.561800003051758,2484,0.0,0.0,0.0
2022-07-22 00:00:00-04:00,31.219999313354492,32.25,29.81999969482422,31.95009994506836,12930,0.0,0.0,0.0
2022-07-25 00:00:00-04:00,32.084999084472656,33.20880126953125,32.084999084472656,32.85110092163086,6525,0.0,0.0,0.0
2022-07-26 00:00:00-04:00,34.839900970458984,35.55830001831055,34.63999938964844,35.30929946899414,11738,0.0,0.0,0.0
2022-07-27 00:00:00-04:00,33.959999084472656,34.2400016784668,31.75,32.23460006713867,12838,0.0,0.0,0.0
2022-07-28 00:00:00-04:00,32.657798767089844,32.88999938964844,31.059999465942383,31.149999618530273,3864,0.0,0.0,0.0
2022-07-29 00:00:00-04:00,30.959999084472656,31.40999984741211,30.56999969482422,30.56999969482422,2100,0.0,0.0,0.0
2022-08-01 00:00:00-04:00,31.399999618530273,31.399999618530273,29.735000610351562,30.229999542236328,1928,0.0,0.0,0.0
2022-08-02 00:00:00-04:00,30.1200008392334,30.1200008392334,29.499900817871094,29.763500213623047,2707,0.0,0.0,0.0
2022-08-03 00:00:00-04:00,28.649999618530273,29.1200008392334,27.740100860595703,27.740100860595703,2529,0.0,0.0,0.0
2022-08-04 00:00:00-04:00,27.579999923706055,28.364999771118164,27.429899215698242,27.429899215698242,4231,0.0,0.0,0.0
2022-08-05 00:00:00-04:00,28.860000610351562,28.860000610351562,27.447999954223633,27.447999954223633,1848,0.0,0.0,0.0
2022-08-08 00:00:00-04:00,26.017000198364258,27.09000015258789,26.010000228881836,27.09000015258789,2414,0.0,0.0,0.0
2022-08-09 00:00:00-04:00,27.280000686645508,28.6200008392334,27.280000686645508,28.333599090576172,10386,0.0,0.0,0.0
2022-08-10 00:00:00-04:00,26.34000015258789,26.360000610351562,25.710100173950195,25.710100173950195,11582,0.0,0.0,0.0
2022-08-11 00:00:00-04:00,25.447599411010742,26.549999237060547,24.989999771118164,26.50659942626953,16816,0.0,0.0,0.0
2022-08-12 00:00:00-04:00,25.770000457763672,25.770000457763672,25.479999542236328,25.53499984741211,1904,0.0,0.0,0.0
2022-08-15 00:00:00-04:00,25.450000762939453,25.450000762939453,25.0,25.006500244140625,3440,0.0,0.0,0.0
2022-08-16 00:00:00-04:00,26.399999618530273,26.399999618530273,25.430099487304688,25.496700286865234,1739,0.0,0.0,0.0
2022-08-17 00:00:00-04:00,26.749900817871094,26.899999618530273,26.200000762939453,26.709999084472656,6929,0.0,0.0,0.0
2022-08-18 00:00:00-04:00,27.170000076293945,27.170000076293945,26.479999542236328,26.670000076293945,2759,0.0,0.0,0.0
2022-08-19 00:00:00-04:00,27.899999618530273,28.109899520874023,27.899999618530273,27.920000076293945,1247,0.0,0.0,0.0
2022-08-22 00:00:00-04:00,29.479999542236328,29.760000228881836,28.790000915527344,29.624300003051758,13615,0.0,0.0,0.0
2022-08-23 00:00:00-04:00,29.979999542236328,30.36989974975586,29.1200008392334,30.29450035095215,9952,0.0,0.0,0.0
2022-08-24 00:00:00-04:00,30.0,30.0,28.91010093688965,29.50860023498535,8142,0.0,0.0,0.0
2022-08-25 00:00:00-04:00,28.219999313354492,29.13010025024414,28.0,28.054500579833984,5884,0.0,0.0,0.0
2022-08-26 00:00:00-04:00,28.579999923706055,30.2549991607666,28.579999923706055,30.2549991607666,7815,0.0,0.0,0.0
2022-08-29 00:00:00-04:00,31.40999984741211,31.440000534057617,30.549999237060547,31.329200744628906,10359,0.0,0.0,0.0
2022-08-30 00:00:00-04:00,31.530000686645508,32.060001373291016,30.969999313354492,31.413700103759766,18742,0.0,0.0,0.0
2022-08-31 00:00:00-04:00,30.959999084472656,32.269901275634766,30.360000610351562,31.979999542236328,19258,0.0,0.0,0.0
2022-09-01 00:00:00-04:00,33.02000045776367,35.220001220703125,33.02000045776367,33.7963981628418,15453,0.0,0.0,0.0
2022-09-02 00:00:00-04:00,33.5,34.459999084472656,32.35100173950195,34.28139877319336,10609,0.0,0.0,0.0
2022-09-06 00:00:00-04:00,34.0,35.40169906616211,33.189998626708984,34.56610107421875,7429,0.0,0.0,0.0
2022-09-07 00:00:00-04:00,33.7599983215332,34.75,32.45000076293945,32.47930145263672,5022,0.0,0.0,0.0
2022-09-08 00:00:00-04:00,32.489898681640625,32.68159866333008,31.639999389648438,31.790000915527344,5833,0.0,0.0,0.0
2022-09-09 00:00:00-04:00,31.219999313354492,31.219999313354492,29.350000381469727,29.480100631713867,5420,0.0,0.0,0.0
2022-09-12 00:00:00-04:00,28.489999771118164,28.879600524902344,27.90999984741211,28.469999313354492,7458,0.0,0.0,0.0
2022-09-13 00:00:00-04:00,30.510000228881836,31.20829963684082,29.97010040283203,30.68320083618164,8118,0.0,0.0,0.0
2022-09-14 00:00:00-04:00,31.260000228881836,31.350000381469727,30.43000030517578,30.4552001953125,3330,0.0,0.0,0.0
2022-09-15 00:00:00-04:00,29.940000534057617,32.2599983215332,29.860300064086914,32.08610153198242,10106,0.0,0.0,0.0
2022-09-16 00:00:00-04:00,33.849998474121094,35.043399810791016,33.72999954223633,33.88949966430664,20605,0.0,0.0,0.0
2022-09-19 00:00:00-04:00,34.439998626708984,34.60499954223633,33.68040084838867,33.68040084838867,6063,0.0,0.0,0.0
2022-09-20 00:00:00-04:00,34.33000183105469,35.099998474121094,34.220001220703125,34.839698791503906,5952,0.0,0.0,0.0
2022-09-21 00:00:00-04:00,34.679901123046875,35.81999969482422,33.15999984741211,35.74440002441406,8970,0.0,0.0,0.0
2022-09-22 00:00:00-04:00,36.0,37.79999923706055,35.83000183105469,37.410301208496094,13238,0.0,0.0,0.0
2022-09-23 00:00:00-04:00,38.970001220703125,39.529998779296875,38.20000076293945,38.5099983215332,11895,0.0,0.0,0.0
2022-09-26 00:00:00-04:00,38.5099983215332,38.5099983215332,38.5099983215332,38.5099983215332,0,0.0,0.0,0.0
2022-09-27 00:00:00-04:00,38.5099983215332,38.5099983215332,38.5099983215332,38.5099983215332,0,0.0,0.0,0.0
2022-09-28 00:00:00-04:00,38.5099983215332,38.5099983215332,38.5099983215332,38.5099983215332,0,0.0,0.0,0.0
2022-09-29 00:00:00-04:00,38.5099983215332,38.5099983215332,38.5099983215332,38.5099983215332,0,0.0,0.0,0.0
2022-09-30 00:00:00-04:00,38.5099983215332,38.5099983215332,38.5099983215332,38.5099983215332,0,0.0,0.0,0.0
2022-10-03 00:00:00-04:00,38.5099983215332,38.5099983215332,38.5099983215332,38.5099983215332,0,0.0,0.0,0.0
