Date,Open,High,Low,Close,Volume,Dividends,Stock Splits
2022-04-20 00:00:00-04:00,9.84000015258789,9.84000015258789,9.84000015258789,9.84000015258789,200,0.0,0.0
2022-04-21 00:00:00-04:00,9.890000343322754,9.890000343322754,9.890000343322754,9.890000343322754,200,0.0,0.0
2022-04-22 00:00:00-04:00,9.880000114440918,9.890000343322754,9.880000114440918,9.890000343322754,1000,0.0,0.0
2022-04-25 00:00:00-04:00,9.9399995803833,9.9399995803833,9.869999885559082,9.869999885559082,24100,0.0,0.0
2022-04-26 00:00:00-04:00,9.869999885559082,9.869999885559082,9.869999885559082,9.869999885559082,300,0.0,0.0
2022-04-27 00:00:00-04:00,9.869999885559082,9.869999885559082,9.869999885559082,9.869999885559082,0,0.0,0.0
2022-04-28 00:00:00-04:00,9.869999885559082,9.869999885559082,9.869999885559082,9.869999885559082,100,0.0,0.0
2022-04-29 00:00:00-04:00,9.854999542236328,9.854999542236328,9.854999542236328,9.854999542236328,655800,0.0,0.0
2022-05-02 00:00:00-04:00,9.880000114440918,9.880000114440918,9.84000015258789,9.84000015258789,300,0.0,0.0
2022-05-03 00:00:00-04:00,9.84000015258789,9.84000015258789,9.84000015258789,9.84000015258789,0,0.0,0.0
2022-05-04 00:00:00-04:00,9.880000114440918,9.880000114440918,9.850000381469727,9.859999656677246,150200,0.0,0.0
2022-05-05 00:00:00-04:00,9.880000114440918,9.880000114440918,9.880000114440918,9.880000114440918,300,0.0,0.0
2022-05-06 00:00:00-04:00,9.84000015258789,9.84000015258789,9.829999923706055,9.829999923706055,300,0.0,0.0
2022-05-09 00:00:00-04:00,9.829999923706055,9.829999923706055,9.829999923706055,9.829999923706055,200,0.0,0.0
2022-05-10 00:00:00-04:00,9.829999923706055,9.829999923706055,9.829999923706055,9.829999923706055,0,0.0,0.0
2022-05-11 00:00:00-04:00,9.819999694824219,9.819999694824219,9.8100004196167,9.8100004196167,5600,0.0,0.0
2022-05-12 00:00:00-04:00,9.800000190734863,9.800000190734863,9.800000190734863,9.800000190734863,139300,0.0,0.0
2022-05-13 00:00:00-04:00,9.800000190734863,9.800000190734863,9.800000190734863,9.800000190734863,0,0.0,0.0
2022-05-16 00:00:00-04:00,9.800000190734863,9.800000190734863,9.800000190734863,9.800000190734863,0,0.0,0.0
2022-05-17 00:00:00-04:00,9.800000190734863,9.800000190734863,9.800000190734863,9.800000190734863,0,0.0,0.0
2022-05-18 00:00:00-04:00,9.800000190734863,9.829999923706055,9.800000190734863,9.829999923706055,157400,0.0,0.0
2022-05-19 00:00:00-04:00,9.829999923706055,9.829999923706055,9.829999923706055,9.829999923706055,0,0.0,0.0
2022-05-20 00:00:00-04:00,9.829999923706055,9.829999923706055,9.829999923706055,9.829999923706055,0,0.0,0.0
2022-05-23 00:00:00-04:00,9.829999923706055,9.829999923706055,9.829999923706055,9.829999923706055,0,0.0,0.0
2022-05-24 00:00:00-04:00,9.829999923706055,9.829999923706055,9.829999923706055,9.829999923706055,0,0.0,0.0
2022-05-25 00:00:00-04:00,9.829999923706055,9.829999923706055,9.829999923706055,9.829999923706055,0,0.0,0.0
2022-05-26 00:00:00-04:00,9.829999923706055,9.829999923706055,9.829999923706055,9.829999923706055,0,0.0,0.0
2022-05-27 00:00:00-04:00,9.829999923706055,9.829999923706055,9.829999923706055,9.829999923706055,0,0.0,0.0
2022-05-31 00:00:00-04:00,9.789999961853027,9.789999961853027,9.789999961853027,9.789999961853027,30000,0.0,0.0
2022-06-01 00:00:00-04:00,9.789999961853027,9.789999961853027,9.789999961853027,9.789999961853027,16000,0.0,0.0
2022-06-02 00:00:00-04:00,9.789999961853027,9.789999961853027,9.789999961853027,9.789999961853027,0,0.0,0.0
2022-06-03 00:00:00-04:00,9.789999961853027,9.789999961853027,9.789999961853027,9.789999961853027,800,0.0,0.0
2022-06-06 00:00:00-04:00,9.789999961853027,9.789999961853027,9.789999961853027,9.789999961853027,0,0.0,0.0
2022-06-07 00:00:00-04:00,9.84000015258789,9.84000015258789,9.84000015258789,9.84000015258789,500,0.0,0.0
2022-06-08 00:00:00-04:00,9.84000015258789,9.84000015258789,9.84000015258789,9.84000015258789,0,0.0,0.0
2022-06-09 00:00:00-04:00,9.84000015258789,9.84000015258789,9.84000015258789,9.84000015258789,200000,0.0,0.0
2022-06-10 00:00:00-04:00,9.84000015258789,9.84000015258789,9.84000015258789,9.84000015258789,3300,0.0,0.0
2022-06-13 00:00:00-04:00,9.84000015258789,9.84000015258789,9.84000015258789,9.84000015258789,101300,0.0,0.0
2022-06-14 00:00:00-04:00,9.84000015258789,9.84000015258789,9.84000015258789,9.84000015258789,99800,0.0,0.0
2022-06-15 00:00:00-04:00,9.84000015258789,9.84000015258789,9.84000015258789,9.84000015258789,2600,0.0,0.0
2022-06-16 00:00:00-04:00,9.84000015258789,9.84000015258789,9.800000190734863,9.800000190734863,7300,0.0,0.0
2022-06-17 00:00:00-04:00,9.850000381469727,9.869999885559082,9.850000381469727,9.869999885559082,22900,0.0,0.0
2022-06-21 00:00:00-04:00,9.869999885559082,9.869999885559082,9.869999885559082,9.869999885559082,0,0.0,0.0
2022-06-22 00:00:00-04:00,9.869999885559082,9.869999885559082,9.869999885559082,9.869999885559082,0,0.0,0.0
2022-06-23 00:00:00-04:00,9.9399995803833,9.9399995803833,9.84000015258789,9.880000114440918,4500,0.0,0.0
2022-06-24 00:00:00-04:00,9.880000114440918,9.880000114440918,9.880000114440918,9.880000114440918,0,0.0,0.0
2022-06-27 00:00:00-04:00,9.859999656677246,9.880000114440918,9.859999656677246,9.880000114440918,1100,0.0,0.0
2022-06-28 00:00:00-04:00,9.880000114440918,9.880000114440918,9.880000114440918,9.880000114440918,0,0.0,0.0
2022-06-29 00:00:00-04:00,9.880000114440918,9.880000114440918,9.880000114440918,9.880000114440918,0,0.0,0.0
2022-06-30 00:00:00-04:00,9.880000114440918,9.880000114440918,9.880000114440918,9.880000114440918,0,0.0,0.0
2022-07-01 00:00:00-04:00,9.868000030517578,9.868000030517578,9.868000030517578,9.868000030517578,100,0.0,0.0
2022-07-05 00:00:00-04:00,9.819999694824219,9.819999694824219,9.819999694824219,9.819999694824219,150400,0.0,0.0
2022-07-06 00:00:00-04:00,9.800000190734863,9.800000190734863,9.800000190734863,9.800000190734863,100,0.0,0.0
2022-07-07 00:00:00-04:00,9.800000190734863,9.800000190734863,9.800000190734863,9.800000190734863,0,0.0,0.0
2022-07-08 00:00:00-04:00,9.800000190734863,9.800000190734863,9.800000190734863,9.800000190734863,0,0.0,0.0
2022-07-11 00:00:00-04:00,9.800000190734863,9.800000190734863,9.800000190734863,9.800000190734863,0,0.0,0.0
2022-07-12 00:00:00-04:00,9.800000190734863,9.800000190734863,9.800000190734863,9.800000190734863,0,0.0,0.0
2022-07-13 00:00:00-04:00,9.84000015258789,9.84000015258789,9.84000015258789,9.84000015258789,100,0.0,0.0
2022-07-14 00:00:00-04:00,9.84000015258789,9.84000015258789,9.84000015258789,9.84000015258789,0,0.0,0.0
2022-07-15 00:00:00-04:00,9.84000015258789,9.84000015258789,9.84000015258789,9.84000015258789,0,0.0,0.0
2022-07-18 00:00:00-04:00,9.859999656677246,9.859999656677246,9.84000015258789,9.84000015258789,200000,0.0,0.0
2022-07-19 00:00:00-04:00,9.84000015258789,9.84000015258789,9.84000015258789,9.84000015258789,60000,0.0,0.0
2022-07-20 00:00:00-04:00,9.84000015258789,9.84000015258789,9.84000015258789,9.84000015258789,0,0.0,0.0
2022-07-21 00:00:00-04:00,9.859999656677246,9.859999656677246,9.859999656677246,9.859999656677246,1800,0.0,0.0
2022-07-22 00:00:00-04:00,9.880000114440918,9.880000114440918,9.880000114440918,9.880000114440918,3200,0.0,0.0
2022-07-25 00:00:00-04:00,9.850000381469727,9.869999885559082,9.850000381469727,9.869999885559082,1200,0.0,0.0
2022-07-26 00:00:00-04:00,9.850000381469727,9.850000381469727,9.850000381469727,9.850000381469727,88000,0.0,0.0
2022-07-27 00:00:00-04:00,9.850000381469727,9.850000381469727,9.850000381469727,9.850000381469727,0,0.0,0.0
2022-07-28 00:00:00-04:00,9.850000381469727,9.850000381469727,9.850000381469727,9.850000381469727,0,0.0,0.0
2022-07-29 00:00:00-04:00,9.850000381469727,9.850000381469727,9.850000381469727,9.850000381469727,0,0.0,0.0
2022-08-01 00:00:00-04:00,9.859999656677246,9.880000114440918,9.859999656677246,9.880000114440918,374900,0.0,0.0
2022-08-02 00:00:00-04:00,9.880000114440918,9.880000114440918,9.880000114440918,9.880000114440918,0,0.0,0.0
2022-08-03 00:00:00-04:00,9.880000114440918,9.880000114440918,9.880000114440918,9.880000114440918,30800,0.0,0.0
2022-08-04 00:00:00-04:00,9.880000114440918,9.880000114440918,9.880000114440918,9.880000114440918,0,0.0,0.0
2022-08-05 00:00:00-04:00,9.880000114440918,9.880000114440918,9.880000114440918,9.880000114440918,0,0.0,0.0
2022-08-08 00:00:00-04:00,9.880000114440918,9.880000114440918,9.880000114440918,9.880000114440918,0,0.0,0.0
2022-08-09 00:00:00-04:00,9.895000457763672,9.895000457763672,9.895000457763672,9.895000457763672,800,0.0,0.0
2022-08-10 00:00:00-04:00,9.890000343322754,9.890000343322754,9.890000343322754,9.890000343322754,22200,0.0,0.0
2022-08-11 00:00:00-04:00,9.890000343322754,9.899999618530273,9.890000343322754,9.899999618530273,27300,0.0,0.0
2022-08-12 00:00:00-04:00,9.899999618530273,9.920000076293945,9.899999618530273,9.920000076293945,176700,0.0,0.0
2022-08-15 00:00:00-04:00,9.899999618530273,9.899999618530273,9.899999618530273,9.899999618530273,31600,0.0,0.0
2022-08-16 00:00:00-04:00,9.890000343322754,9.920000076293945,9.890000343322754,9.920000076293945,343400,0.0,0.0
2022-08-17 00:00:00-04:00,9.890000343322754,9.890000343322754,9.890000343322754,9.890000343322754,700000,0.0,0.0
2022-08-18 00:00:00-04:00,9.890000343322754,9.890000343322754,9.890000343322754,9.890000343322754,0,0.0,0.0
2022-08-19 00:00:00-04:00,9.890000343322754,9.890000343322754,9.890000343322754,9.890000343322754,0,0.0,0.0
2022-08-22 00:00:00-04:00,9.890000343322754,9.890000343322754,9.890000343322754,9.890000343322754,0,0.0,0.0
2022-08-23 00:00:00-04:00,9.890000343322754,9.90999984741211,9.890000343322754,9.90999984741211,4200,0.0,0.0
2022-08-24 00:00:00-04:00,9.90999984741211,9.90999984741211,9.90999984741211,9.90999984741211,500,0.0,0.0
2022-08-25 00:00:00-04:00,9.90999984741211,9.90999984741211,9.90999984741211,9.90999984741211,0,0.0,0.0
2022-08-26 00:00:00-04:00,9.90999984741211,9.90999984741211,9.90999984741211,9.90999984741211,0,0.0,0.0
2022-08-29 00:00:00-04:00,9.90999984741211,9.90999984741211,9.90999984741211,9.90999984741211,0,0.0,0.0
2022-08-30 00:00:00-04:00,9.90999984741211,9.90999984741211,9.90999984741211,9.90999984741211,0,0.0,0.0
2022-08-31 00:00:00-04:00,9.90999984741211,9.90999984741211,9.90999984741211,9.90999984741211,0,0.0,0.0
2022-09-01 00:00:00-04:00,9.90999984741211,9.90999984741211,9.90999984741211,9.90999984741211,0,0.0,0.0
2022-09-02 00:00:00-04:00,9.90999984741211,9.90999984741211,9.90999984741211,9.90999984741211,0,0.0,0.0
2022-09-06 00:00:00-04:00,9.90999984741211,9.90999984741211,9.90999984741211,9.90999984741211,0,0.0,0.0
2022-09-07 00:00:00-04:00,9.90999984741211,9.90999984741211,9.90999984741211,9.90999984741211,0,0.0,0.0
2022-09-08 00:00:00-04:00,9.90999984741211,9.90999984741211,9.90999984741211,9.90999984741211,0,0.0,0.0
2022-09-09 00:00:00-04:00,9.90999984741211,9.90999984741211,9.90999984741211,9.90999984741211,0,0.0,0.0
2022-09-12 00:00:00-04:00,9.90999984741211,9.90999984741211,9.90999984741211,9.90999984741211,0,0.0,0.0
2022-09-13 00:00:00-04:00,9.90999984741211,9.90999984741211,9.90999984741211,9.90999984741211,0,0.0,0.0
2022-09-14 00:00:00-04:00,9.90999984741211,9.90999984741211,9.90999984741211,9.90999984741211,0,0.0,0.0
2022-09-15 00:00:00-04:00,9.90999984741211,9.90999984741211,9.90999984741211,9.90999984741211,0,0.0,0.0
2022-09-16 00:00:00-04:00,9.90999984741211,9.90999984741211,9.90999984741211,9.90999984741211,0,0.0,0.0
2022-09-19 00:00:00-04:00,9.90999984741211,9.90999984741211,9.90999984741211,9.90999984741211,0,0.0,0.0
2022-09-20 00:00:00-04:00,9.880000114440918,9.90999984741211,9.880000114440918,9.880000114440918,10300,0.0,0.0
2022-09-21 00:00:00-04:00,9.880000114440918,9.880000114440918,9.829999923706055,9.829999923706055,121400,0.0,0.0
2022-09-22 00:00:00-04:00,9.829999923706055,9.829999923706055,9.829999923706055,9.829999923706055,0,0.0,0.0
2022-09-23 00:00:00-04:00,9.875,9.880000114440918,9.869999885559082,9.869999885559082,121600,0.0,0.0
2022-09-26 00:00:00-04:00,9.869999885559082,9.869999885559082,9.869999885559082,9.869999885559082,600,0.0,0.0
2022-09-27 00:00:00-04:00,9.869999885559082,9.869999885559082,9.869999885559082,9.869999885559082,100,0.0,0.0
2022-09-28 00:00:00-04:00,9.869999885559082,9.880000114440918,9.869999885559082,9.880000114440918,585800,0.0,0.0
2022-09-29 00:00:00-04:00,9.880000114440918,9.880000114440918,9.880000114440918,9.880000114440918,0,0.0,0.0
2022-09-30 00:00:00-04:00,9.880000114440918,9.880000114440918,9.880000114440918,9.880000114440918,0,0.0,0.0
2022-10-03 00:00:00-04:00,9.880000114440918,9.880000114440918,9.880000114440918,9.880000114440918,0,0.0,0.0
2022-10-04 00:00:00-04:00,9.880000114440918,9.880000114440918,9.880000114440918,9.880000114440918,0,0.0,0.0
2022-10-05 00:00:00-04:00,9.880000114440918,9.880000114440918,9.880000114440918,9.880000114440918,0,0.0,0.0
2022-10-06 00:00:00-04:00,9.880000114440918,9.880000114440918,9.880000114440918,9.880000114440918,0,0.0,0.0
2022-10-07 00:00:00-04:00,9.880000114440918,9.880000114440918,9.880000114440918,9.880000114440918,0,0.0,0.0
2022-10-10 00:00:00-04:00,9.880000114440918,9.880000114440918,9.880000114440918,9.880000114440918,180700,0.0,0.0
2022-10-11 00:00:00-04:00,9.880000114440918,9.880000114440918,9.880000114440918,9.880000114440918,0,0.0,0.0
2022-10-12 00:00:00-04:00,9.880000114440918,9.880000114440918,9.880000114440918,9.880000114440918,200,0.0,0.0
2022-10-13 00:00:00-04:00,9.899999618530273,9.904999732971191,9.899999618530273,9.899999618530273,75200,0.0,0.0
2022-10-14 00:00:00-04:00,9.899999618530273,9.899999618530273,9.899999618530273,9.899999618530273,100,0.0,0.0
2022-10-17 00:00:00-04:00,9.899999618530273,9.899999618530273,9.899999618530273,9.899999618530273,0,0.0,0.0
2022-10-18 00:00:00-04:00,9.899999618530273,9.899999618530273,9.899999618530273,9.899999618530273,0,0.0,0.0
2022-10-19 00:00:00-04:00,9.899999618530273,9.899999618530273,9.899999618530273,9.899999618530273,300,0.0,0.0
2022-10-20 00:00:00-04:00,9.890000343322754,9.899999618530273,9.890000343322754,9.899999618530273,13600,0.0,0.0
2022-10-21 00:00:00-04:00,9.899999618530273,9.899999618530273,9.899999618530273,9.899999618530273,100,0.0,0.0
2022-10-24 00:00:00-04:00,9.899999618530273,9.899999618530273,9.899999618530273,9.899999618530273,15400,0.0,0.0
2022-10-25 00:00:00-04:00,9.899999618530273,9.90999984741211,9.899999618530273,9.90999984741211,273200,0.0,0.0
2022-10-26 00:00:00-04:00,9.90999984741211,9.920000076293945,9.90999984741211,9.90999984741211,104500,0.0,0.0
2022-10-27 00:00:00-04:00,9.920000076293945,9.930000305175781,9.920000076293945,9.920000076293945,56000,0.0,0.0
2022-10-28 00:00:00-04:00,9.920000076293945,9.920000076293945,9.920000076293945,9.920000076293945,0,0.0,0.0
2022-10-31 00:00:00-04:00,9.930000305175781,9.930000305175781,9.920000076293945,9.930000305175781,51200,0.0,0.0
2022-11-01 00:00:00-04:00,9.880000114440918,9.904999732971191,9.880000114440918,9.904999732971191,43500,0.0,0.0
2022-11-02 00:00:00-04:00,9.930000305175781,9.930000305175781,9.930000305175781,9.930000305175781,15600,0.0,0.0
2022-11-03 00:00:00-04:00,9.930000305175781,9.930000305175781,9.930000305175781,9.930000305175781,0,0.0,0.0
2022-11-04 00:00:00-04:00,9.90999984741211,10.010000228881836,9.90999984741211,9.970000267028809,239200,0.0,0.0
2022-11-07 00:00:00-05:00,9.970000267028809,9.970000267028809,9.949999809265137,9.949999809265137,43400,0.0,0.0
2022-11-08 00:00:00-05:00,9.968999862670898,9.970000267028809,9.954999923706055,9.954999923706055,1700,0.0,0.0
2022-11-09 00:00:00-05:00,9.960000038146973,9.960000038146973,9.949999809265137,9.949999809265137,6600,0.0,0.0
2022-11-10 00:00:00-05:00,9.949999809265137,9.949999809265137,9.949999809265137,9.949999809265137,9100,0.0,0.0
2022-11-11 00:00:00-05:00,9.949999809265137,9.949999809265137,9.949999809265137,9.949999809265137,33400,0.0,0.0
2022-11-14 00:00:00-05:00,9.944999694824219,9.944999694824219,9.9399995803833,9.9399995803833,4600,0.0,0.0
2022-11-15 00:00:00-05:00,9.944999694824219,9.979999542236328,9.9399995803833,9.979999542236328,21000,0.0,0.0
2022-11-16 00:00:00-05:00,9.989999771118164,9.989999771118164,9.989999771118164,9.989999771118164,3000,0.0,0.0
2022-11-17 00:00:00-05:00,9.989999771118164,9.989999771118164,9.989999771118164,9.989999771118164,0,0.0,0.0
2022-11-18 00:00:00-05:00,9.949999809265137,9.979999542236328,9.949999809265137,9.979999542236328,14200,0.0,0.0
2022-11-21 00:00:00-05:00,9.989999771118164,9.989999771118164,9.989999771118164,9.989999771118164,500,0.0,0.0
2022-11-22 00:00:00-05:00,9.989999771118164,9.989999771118164,9.984999656677246,9.984999656677246,12400,0.0,0.0
2022-11-23 00:00:00-05:00,9.989999771118164,9.989999771118164,9.989999771118164,9.989999771118164,100,0.0,0.0
2022-11-25 00:00:00-05:00,9.984999656677246,9.984999656677246,9.979999542236328,9.979999542236328,900,0.0,0.0
2022-11-28 00:00:00-05:00,9.989999771118164,9.989999771118164,9.979999542236328,9.979999542236328,29300,0.0,0.0
2022-11-29 00:00:00-05:00,9.989999771118164,9.989999771118164,9.975000381469727,9.975000381469727,125000,0.0,0.0
2022-11-30 00:00:00-05:00,9.975000381469727,9.975000381469727,9.970000267028809,9.970000267028809,1000,0.0,0.0
2022-12-01 00:00:00-05:00,9.975000381469727,9.979999542236328,9.970000267028809,9.975000381469727,115200,0.0,0.0
2022-12-02 00:00:00-05:00,9.975000381469727,9.975000381469727,9.975000381469727,9.975000381469727,0,0.0,0.0
2022-12-05 00:00:00-05:00,9.975000381469727,9.979999542236328,9.960000038146973,9.979999542236328,88400,0.0,0.0
2022-12-06 00:00:00-05:00,9.979999542236328,9.979999542236328,9.979999542236328,9.979999542236328,200,0.0,0.0
2022-12-07 00:00:00-05:00,9.979999542236328,9.989999771118164,9.979999542236328,9.989999771118164,27600,0.0,0.0
2022-12-08 00:00:00-05:00,9.989999771118164,9.989999771118164,9.970000267028809,9.970000267028809,1700,0.0,0.0
2022-12-09 00:00:00-05:00,9.984999656677246,9.984999656677246,9.979999542236328,9.979999542236328,200,0.0,0.0
2022-12-12 00:00:00-05:00,9.975000381469727,9.979999542236328,9.970000267028809,9.970000267028809,271100,0.0,0.0
2022-12-13 00:00:00-05:00,9.970000267028809,9.979999542236328,9.970000267028809,9.970000267028809,146200,0.0,0.0
2022-12-14 00:00:00-05:00,9.973999977111816,10.0,9.973999977111816,10.0,36600,0.0,0.0
2022-12-15 00:00:00-05:00,9.979999542236328,10.0,9.970000267028809,10.0,20900,0.0,0.0
2022-12-16 00:00:00-05:00,10.0,10.505000114440918,9.975000381469727,10.020000457763672,85300,0.0,0.0
2022-12-19 00:00:00-05:00,10.010000228881836,10.020000457763672,10.010000228881836,10.020000457763672,29200,0.0,0.0
2022-12-20 00:00:00-05:00,10.029999732971191,10.029999732971191,10.029999732971191,10.029999732971191,25200,0.0,0.0
2022-12-21 00:00:00-05:00,10.039999961853027,10.039999961853027,10.03499984741211,10.039999961853027,2600,0.0,0.0
2022-12-22 00:00:00-05:00,10.029999732971191,10.050000190734863,10.029999732971191,10.050000190734863,34700,0.0,0.0
2022-12-23 00:00:00-05:00,10.050000190734863,10.050000190734863,10.050000190734863,10.050000190734863,24300,0.0,0.0
2022-12-27 00:00:00-05:00,10.0600004196167,10.0600004196167,10.0600004196167,10.0600004196167,6600,0.0,0.0
2022-12-28 00:00:00-05:00,10.050000190734863,10.069999694824219,10.050000190734863,10.069999694824219,10400,0.0,0.0
2022-12-29 00:00:00-05:00,10.074999809265137,10.079999923706055,10.074999809265137,10.079999923706055,5800,0.0,0.0
2022-12-30 00:00:00-05:00,10.100000381469727,10.100000381469727,10.100000381469727,10.100000381469727,400,0.0,0.0
2023-01-03 00:00:00-05:00,10.069999694824219,10.109999656677246,10.069999694824219,10.100000381469727,6000,0.0,0.0
2023-01-04 00:00:00-05:00,10.09000015258789,10.119999885559082,10.079999923706055,10.109999656677246,8300,0.0,0.0
2023-01-05 00:00:00-05:00,10.079999923706055,10.079999923706055,10.069999694824219,10.069999694824219,6500,0.0,0.0
2023-01-06 00:00:00-05:00,10.069999694824219,10.069999694824219,10.069999694824219,10.069999694824219,6400,0.0,0.0
2023-01-09 00:00:00-05:00,10.09000015258789,10.119999885559082,10.069999694824219,10.109999656677246,16900,0.0,0.0
2023-01-10 00:00:00-05:00,10.09000015258789,10.09000015258789,10.09000015258789,10.09000015258789,5400,0.0,0.0
2023-01-11 00:00:00-05:00,10.069999694824219,10.140000343322754,10.069999694824219,10.119999885559082,192200,0.0,0.0
2023-01-12 00:00:00-05:00,10.119999885559082,10.119999885559082,10.119999885559082,10.119999885559082,10600,0.0,0.0
2023-01-13 00:00:00-05:00,10.119999885559082,10.119999885559082,10.119999885559082,10.119999885559082,8700,0.0,0.0
2023-01-17 00:00:00-05:00,10.149999618530273,10.149999618530273,10.130000114440918,10.130000114440918,69600,0.0,0.0
2023-01-18 00:00:00-05:00,10.119999885559082,10.149999618530273,10.119999885559082,10.135000228881836,15800,0.0,0.0
2023-01-19 00:00:00-05:00,10.119999885559082,10.119999885559082,10.119999885559082,10.119999885559082,8500,0.0,0.0
2023-01-20 00:00:00-05:00,10.130000114440918,10.13599967956543,10.119999885559082,10.130000114440918,76800,0.0,0.0
2023-01-23 00:00:00-05:00,10.119999885559082,10.154000282287598,10.119999885559082,10.140000343322754,60700,0.0,0.0
2023-01-24 00:00:00-05:00,10.149999618530273,10.152999877929688,10.130000114440918,10.149999618530273,43000,0.0,0.0
2023-01-25 00:00:00-05:00,10.15999984741211,10.15999984741211,10.140000343322754,10.149999618530273,16600,0.0,0.0
2023-01-26 00:00:00-05:00,10.140000343322754,10.170000076293945,10.140000343322754,10.170000076293945,14900,0.0,0.0
2023-01-27 00:00:00-05:00,10.145000457763672,10.170000076293945,10.145000457763672,10.170000076293945,9800,0.0,0.0
2023-01-30 00:00:00-05:00,10.140000343322754,10.140000343322754,10.140000343322754,10.140000343322754,8000,0.0,0.0
2023-01-31 00:00:00-05:00,10.140000343322754,10.164999961853027,10.140000343322754,10.149999618530273,95200,0.0,0.0
2023-02-01 00:00:00-05:00,10.140000343322754,10.140000343322754,10.140000343322754,10.140000343322754,9100,0.0,0.0
2023-02-02 00:00:00-05:00,10.149999618530273,10.154999732971191,10.140000343322754,10.154999732971191,14800,0.0,0.0
2023-02-03 00:00:00-05:00,10.140000343322754,10.149999618530273,10.140000343322754,10.149999618530273,8000,0.0,0.0
2023-02-06 00:00:00-05:00,10.140000343322754,10.170000076293945,10.140000343322754,10.170000076293945,37300,0.0,0.0
2023-02-07 00:00:00-05:00,10.199999809265137,10.600000381469727,10.140000343322754,10.154999732971191,19800,0.0,0.0
2023-02-08 00:00:00-05:00,10.149999618530273,10.15999984741211,10.149999618530273,10.149999618530273,8500,0.0,0.0
2023-02-09 00:00:00-05:00,10.15999984741211,10.15999984741211,10.15999984741211,10.15999984741211,27800,0.0,0.0
2023-02-10 00:00:00-05:00,10.154999732971191,10.154999732971191,10.149999618530273,10.149999618530273,6900,0.0,0.0
2023-02-13 00:00:00-05:00,10.164999961853027,10.164999961853027,10.164999961853027,10.164999961853027,6500,0.0,0.0
2023-02-14 00:00:00-05:00,10.156999588012695,10.15999984741211,10.149999618530273,10.15999984741211,6100,0.0,0.0
2023-02-15 00:00:00-05:00,10.15999984741211,10.15999984741211,10.15999984741211,10.15999984741211,5300,0.0,0.0
2023-02-16 00:00:00-05:00,10.15999984741211,10.170000076293945,10.15999984741211,10.170000076293945,73000,0.0,0.0
2023-02-17 00:00:00-05:00,10.170000076293945,10.180000305175781,10.170000076293945,10.170000076293945,13100,0.0,0.0
2023-02-21 00:00:00-05:00,10.170000076293945,10.1899995803833,10.170000076293945,10.1899995803833,20000,0.0,0.0
2023-02-22 00:00:00-05:00,10.180000305175781,10.1850004196167,10.180000305175781,10.180000305175781,5900,0.0,0.0
2023-02-23 00:00:00-05:00,10.1899995803833,10.1899995803833,10.180000305175781,10.180000305175781,6600,0.0,0.0
2023-02-24 00:00:00-05:00,10.1899995803833,10.192000389099121,10.180000305175781,10.192000389099121,6000,0.0,0.0
2023-02-27 00:00:00-05:00,10.180000305175781,10.194999694824219,10.180000305175781,10.194999694824219,5000,0.0,0.0
2023-02-28 00:00:00-05:00,10.1899995803833,10.1899995803833,10.180000305175781,10.1899995803833,24800,0.0,0.0
2023-03-01 00:00:00-05:00,10.194999694824219,10.199999809265137,10.1899995803833,10.199999809265137,19800,0.0,0.0
2023-03-02 00:00:00-05:00,10.199999809265137,10.204999923706055,10.199999809265137,10.204999923706055,304700,0.0,0.0
2023-03-03 00:00:00-05:00,10.199999809265137,10.210000038146973,10.199999809265137,10.210000038146973,12600,0.0,0.0
2023-03-06 00:00:00-05:00,10.210000038146973,10.220000267028809,10.210000038146973,10.220000267028809,13600,0.0,0.0
2023-03-07 00:00:00-05:00,10.210000038146973,10.229999542236328,10.210000038146973,10.229999542236328,45500,0.0,0.0
2023-03-08 00:00:00-05:00,10.229999542236328,10.255000114440918,10.229999542236328,10.25,1176300,0.0,0.0
2023-03-09 00:00:00-05:00,10.25,10.255000114440918,10.25,10.25,81100,0.0,0.0
2023-03-10 00:00:00-05:00,10.229999542236328,10.25,10.210000038146973,10.25,87100,0.0,0.0
2023-03-13 00:00:00-04:00,10.25,10.25,10.23799991607666,10.244999885559082,37800,0.0,0.0
2023-03-14 00:00:00-04:00,10.244999885559082,10.244999885559082,10.239999771118164,10.239999771118164,133000,0.0,0.0
2023-03-15 00:00:00-04:00,10.220000267028809,10.239999771118164,10.199999809265137,10.239999771118164,34600,0.0,0.0
2023-03-16 00:00:00-04:00,10.239999771118164,10.239999771118164,10.234999656677246,10.239999771118164,51300,0.0,0.0
2023-03-17 00:00:00-04:00,10.255000114440918,10.260000228881836,10.239999771118164,10.255000114440918,36600,0.0,0.0
2023-03-20 00:00:00-04:00,10.229999542236328,10.270000457763672,10.229999542236328,10.239999771118164,27000,0.0,0.0
2023-03-21 00:00:00-04:00,10.239999771118164,10.260000228881836,10.234999656677246,10.260000228881836,166400,0.0,0.0
2023-03-22 00:00:00-04:00,10.260000228881836,10.260000228881836,10.25,10.25,37300,0.0,0.0
2023-03-23 00:00:00-04:00,10.25,10.25,10.25,10.25,44700,0.0,0.0
2023-03-24 00:00:00-04:00,10.25,10.260000228881836,10.25,10.260000228881836,14600,0.0,0.0
2023-03-27 00:00:00-04:00,10.260000228881836,10.260000228881836,10.260000228881836,10.260000228881836,0,0.0,0.0
2023-03-28 00:00:00-04:00,10.255000114440918,10.260000228881836,10.255000114440918,10.260000228881836,6400,0.0,0.0
2023-03-29 00:00:00-04:00,10.260000228881836,10.260000228881836,10.239999771118164,10.260000228881836,44400,0.0,0.0
2023-03-30 00:00:00-04:00,10.260000228881836,10.260000228881836,10.260000228881836,10.260000228881836,0,0.0,0.0
2023-03-31 00:00:00-04:00,10.260000228881836,10.260000228881836,10.260000228881836,10.260000228881836,0,0.0,0.0
2023-04-03 00:00:00-04:00,10.260000228881836,10.289999961853027,10.260000228881836,10.289999961853027,3100,0.0,0.0
2023-04-04 00:00:00-04:00,10.289999961853027,10.289999961853027,10.289999961853027,10.289999961853027,0,0.0,0.0
2023-04-05 00:00:00-04:00,10.260000228881836,10.260000228881836,10.260000228881836,10.260000228881836,200,0.0,0.0
2023-04-06 00:00:00-04:00,10.260000228881836,10.270000457763672,10.260000228881836,10.260000228881836,1200,0.0,0.0
2023-04-10 00:00:00-04:00,10.270000457763672,10.319999694824219,10.270000457763672,10.319999694824219,21300,0.0,0.0
2023-04-11 00:00:00-04:00,10.270000457763672,10.270000457763672,10.270000457763672,10.270000457763672,900,0.0,0.0
2023-04-12 00:00:00-04:00,10.270000457763672,10.270000457763672,10.270000457763672,10.270000457763672,0,0.0,0.0
2023-04-13 00:00:00-04:00,10.319999694824219,10.319999694824219,10.319999694824219,10.319999694824219,100,0.0,0.0
2023-04-14 00:00:00-04:00,10.3100004196167,10.319999694824219,10.289999961853027,10.319999694824219,283800,0.0,0.0
2023-04-17 00:00:00-04:00,10.350000381469727,11.359999656677246,10.279999732971191,10.3100004196167,12000,0.0,0.0
2023-04-18 00:00:00-04:00,10.300000190734863,10.319999694824219,10.300000190734863,10.319999694824219,300900,0.0,0.0
2023-04-19 00:00:00-04:00,10.3100004196167,10.3100004196167,10.3100004196167,10.3100004196167,500,0.0,0.0
2023-04-20 00:00:00-04:00,10.3100004196167,10.3100004196167,10.3100004196167,10.3100004196167,0,0.0,0.0
2023-04-21 00:00:00-04:00,10.3100004196167,10.3100004196167,10.3100004196167,10.3100004196167,2000,0.0,0.0
2023-04-24 00:00:00-04:00,10.305000305175781,10.3149995803833,10.300000190734863,10.3100004196167,2400,0.0,0.0
2023-04-25 00:00:00-04:00,10.3100004196167,10.3100004196167,10.3100004196167,10.3100004196167,2700,0.0,0.0
2023-04-26 00:00:00-04:00,10.3100004196167,10.3100004196167,10.3100004196167,10.3100004196167,0,0.0,0.0
2023-04-27 00:00:00-04:00,10.319999694824219,10.319999694824219,10.3149995803833,10.319999694824219,53600,0.0,0.0
2023-04-28 00:00:00-04:00,10.319999694824219,10.319999694824219,10.319999694824219,10.319999694824219,0,0.0,0.0
2023-05-01 00:00:00-04:00,10.319999694824219,10.329999923706055,10.319999694824219,10.329999923706055,53700,0.0,0.0
2023-05-02 00:00:00-04:00,10.319999694824219,10.329999923706055,10.319999694824219,10.319999694824219,46500,0.0,0.0
2023-05-03 00:00:00-04:00,10.319999694824219,10.329999923706055,10.319999694824219,10.319999694824219,3700,0.0,0.0
2023-05-04 00:00:00-04:00,10.329999923706055,10.329999923706055,10.329999923706055,10.329999923706055,700,0.0,0.0
2023-05-05 00:00:00-04:00,10.329999923706055,10.329999923706055,10.32699966430664,10.329999923706055,3800,0.0,0.0
2023-05-08 00:00:00-04:00,10.329999923706055,10.329999923706055,10.329999923706055,10.329999923706055,600,0.0,0.0
2023-05-09 00:00:00-04:00,10.319999694824219,10.319999694824219,10.319999694824219,10.319999694824219,200,0.0,0.0
2023-05-10 00:00:00-04:00,10.329999923706055,10.329999923706055,10.329999923706055,10.329999923706055,13900,0.0,0.0
2023-05-11 00:00:00-04:00,10.329999923706055,10.329999923706055,10.329999923706055,10.329999923706055,810000,0.0,0.0
2023-05-12 00:00:00-04:00,10.369999885559082,10.369999885559082,10.329999923706055,10.34000015258789,28500,0.0,0.0
2023-05-15 00:00:00-04:00,10.34000015258789,10.345000267028809,10.34000015258789,10.34000015258789,419900,0.0,0.0
2023-05-16 00:00:00-04:00,10.34000015258789,10.34000015258789,10.34000015258789,10.34000015258789,364000,0.0,0.0
2023-05-17 00:00:00-04:00,10.34000015258789,10.359999656677246,10.34000015258789,10.359999656677246,27700,0.0,0.0
2023-05-18 00:00:00-04:00,10.350000381469727,10.359999656677246,10.350000381469727,10.354999542236328,330700,0.0,0.0
2023-05-19 00:00:00-04:00,10.359999656677246,10.359999656677246,10.350000381469727,10.350000381469727,781100,0.0,0.0
2023-05-22 00:00:00-04:00,10.34000015258789,10.369999885559082,10.34000015258789,10.345000267028809,83700,0.0,0.0
2023-05-23 00:00:00-04:00,10.354999542236328,10.354999542236328,10.354999542236328,10.354999542236328,700,0.0,0.0
2023-05-24 00:00:00-04:00,10.369999885559082,10.369999885559082,10.34000015258789,10.34000015258789,3800,0.0,0.0
2023-05-25 00:00:00-04:00,10.34000015258789,10.34000015258789,10.34000015258789,10.34000015258789,0,0.0,0.0
2023-05-26 00:00:00-04:00,10.34000015258789,10.34000015258789,10.34000015258789,10.34000015258789,0,0.0,0.0
2023-05-30 00:00:00-04:00,10.369999885559082,10.399999618530273,10.369999885559082,10.399999618530273,4000,0.0,0.0
2023-05-31 00:00:00-04:00,10.399999618530273,10.420999526977539,10.399999618530273,10.420000076293945,8000,0.0,0.0
2023-06-01 00:00:00-04:00,10.399999618530273,10.402999877929688,10.399999618530273,10.399999618530273,6700,0.0,0.0
2023-06-02 00:00:00-04:00,10.399999618530273,10.399999618530273,10.390000343322754,10.390000343322754,2600,0.0,0.0
2023-06-05 00:00:00-04:00,10.390000343322754,10.390000343322754,10.390000343322754,10.390000343322754,0,0.0,0.0
2023-06-06 00:00:00-04:00,10.399999618530273,10.399999618530273,10.399999618530273,10.399999618530273,5500,0.0,0.0
2023-06-07 00:00:00-04:00,10.430000305175781,10.430000305175781,10.430000305175781,10.430000305175781,106600,0.0,0.0
2023-06-08 00:00:00-04:00,10.449999809265137,10.84000015258789,10.40999984741211,10.40999984741211,22200,0.0,0.0
2023-06-09 00:00:00-04:00,10.4399995803833,10.59000015258789,10.420000076293945,10.470000267028809,20000,0.0,0.0
2023-06-12 00:00:00-04:00,10.470000267028809,10.470000267028809,10.420000076293945,10.420000076293945,600,0.0,0.0
2023-06-13 00:00:00-04:00,10.468000411987305,10.468000411987305,10.420000076293945,10.420000076293945,500,0.0,0.0
2023-06-14 00:00:00-04:00,10.470000267028809,11.12600040435791,10.4399995803833,10.4399995803833,27000,0.0,0.0
2023-06-15 00:00:00-04:00,10.399999618530273,10.399999618530273,10.399999618530273,10.399999618530273,800,0.0,0.0
2023-06-16 00:00:00-04:00,10.399999618530273,10.399999618530273,10.399999618530273,10.399999618530273,0,0.0,0.0
2023-06-20 00:00:00-04:00,10.420000076293945,10.420000076293945,10.420000076293945,10.420000076293945,500,0.0,0.0
2023-06-21 00:00:00-04:00,10.420000076293945,10.420000076293945,10.399999618530273,10.420000076293945,7400,0.0,0.0
2023-06-22 00:00:00-04:00,10.420000076293945,10.430000305175781,10.420000076293945,10.430000305175781,100600,0.0,0.0
2023-06-23 00:00:00-04:00,10.430000305175781,10.430000305175781,10.430000305175781,10.430000305175781,6000,0.0,0.0
2023-06-26 00:00:00-04:00,10.430000305175781,10.430000305175781,10.430000305175781,10.430000305175781,5600,0.0,0.0
2023-06-27 00:00:00-04:00,10.449999809265137,10.449999809265137,10.430000305175781,10.449999809265137,141600,0.0,0.0
2023-06-28 00:00:00-04:00,10.449999809265137,10.449999809265137,10.449999809265137,10.449999809265137,0,0.0,0.0
2023-06-29 00:00:00-04:00,10.430000305175781,10.430000305175781,10.430000305175781,10.430000305175781,100,0.0,0.0
2023-06-30 00:00:00-04:00,10.430000305175781,10.430000305175781,10.430000305175781,10.430000305175781,0,0.0,0.0
2023-07-03 00:00:00-04:00,10.430000305175781,10.430000305175781,10.430000305175781,10.430000305175781,0,0.0,0.0
2023-07-05 00:00:00-04:00,10.430000305175781,10.430000305175781,10.430000305175781,10.430000305175781,0,0.0,0.0
2023-07-06 00:00:00-04:00,10.430000305175781,10.430000305175781,10.430000305175781,10.430000305175781,0,0.0,0.0
2023-07-07 00:00:00-04:00,10.430000305175781,10.430000305175781,10.430000305175781,10.430000305175781,0,0.0,0.0
2023-07-10 00:00:00-04:00,10.430000305175781,10.430000305175781,10.430000305175781,10.430000305175781,100,0.0,0.0
2023-07-11 00:00:00-04:00,10.430000305175781,10.430000305175781,10.430000305175781,10.430000305175781,100,0.0,0.0
2023-07-12 00:00:00-04:00,10.430000305175781,10.430000305175781,10.430000305175781,10.430000305175781,100,0.0,0.0
2023-07-13 00:00:00-04:00,10.430000305175781,10.430000305175781,10.430000305175781,10.430000305175781,100,0.0,0.0
2023-07-14 00:00:00-04:00,10.430000305175781,10.430000305175781,10.430000305175781,10.430000305175781,100,0.0,0.0
2023-07-17 00:00:00-04:00,10.430000305175781,10.430000305175781,10.430000305175781,10.430000305175781,0,0.0,0.0
2023-07-18 00:00:00-04:00,10.430000305175781,10.430000305175781,10.430000305175781,10.430000305175781,0,0.0,0.0
2023-07-19 00:00:00-04:00,10.4399995803833,10.449999809265137,10.4399995803833,10.449999809265137,200,0.0,0.0
2023-07-20 00:00:00-04:00,10.449999809265137,10.449999809265137,10.449999809265137,10.449999809265137,200,0.0,0.0
2023-07-21 00:00:00-04:00,10.47700023651123,10.47700023651123,10.47700023651123,10.47700023651123,300,0.0,0.0
2023-07-24 00:00:00-04:00,10.47700023651123,10.47700023651123,10.47700023651123,10.47700023651123,0,0.0,0.0
2023-07-25 00:00:00-04:00,10.479999542236328,10.479999542236328,10.470000267028809,10.470000267028809,3300,0.0,0.0
2023-07-26 00:00:00-04:00,10.470000267028809,10.470000267028809,10.470000267028809,10.470000267028809,100,0.0,0.0
2023-07-27 00:00:00-04:00,10.479000091552734,10.479999542236328,10.470000267028809,10.479999542236328,5400,0.0,0.0
2023-07-28 00:00:00-04:00,10.479999542236328,10.479999542236328,10.479999542236328,10.479999542236328,0,0.0,0.0
