Date,Open,High,Low,Close,Volume,Dividends,Stock Splits
2022-12-29 00:00:00-05:00,4.75,4.849999904632568,4.5,4.570000171661377,159600,0.0,0.0
2022-12-30 00:00:00-05:00,4.789999961853027,4.849999904632568,4.599999904632568,4.73799991607666,27100,0.0,0.0
2023-01-03 00:00:00-05:00,4.599999904632568,4.840000152587891,4.599999904632568,4.650000095367432,18500,0.0,0.0
2023-01-04 00:00:00-05:00,4.849999904632568,4.849999904632568,4.610000133514404,4.619999885559082,37300,0.0,0.0
2023-01-05 00:00:00-05:00,4.650000095367432,4.789999961853027,4.599999904632568,4.699999809265137,21800,0.0,0.0
2023-01-06 00:00:00-05:00,4.789999961853027,4.789999961853027,4.599999904632568,4.670000076293945,14400,0.0,0.0
2023-01-09 00:00:00-05:00,4.679999828338623,4.679999828338623,4.609000205993652,4.650000095367432,4100,0.0,0.0
2023-01-10 00:00:00-05:00,4.949999809265137,4.949999809265137,4.699999809265137,4.929999828338623,10200,0.0,0.0
2023-01-11 00:00:00-05:00,4.909999847412109,5.670000076293945,4.760000228881836,4.900000095367432,33500,0.0,0.0
2023-01-12 00:00:00-05:00,4.929999828338623,4.929999828338623,4.809999942779541,4.849999904632568,5400,0.0,0.0
2023-01-13 00:00:00-05:00,4.860000133514404,5.079999923706055,4.800000190734863,4.800000190734863,5000,0.0,0.0
2023-01-17 00:00:00-05:00,4.96999979019165,4.96999979019165,4.710000038146973,4.710000038146973,4800,0.0,0.0
2023-01-18 00:00:00-05:00,4.699999809265137,4.800000190734863,4.699999809265137,4.730999946594238,2400,0.0,0.0
2023-01-19 00:00:00-05:00,4.793000221252441,4.800000190734863,4.650000095367432,4.650000095367432,7200,0.0,0.0
2023-01-20 00:00:00-05:00,4.78000020980835,4.78000020980835,4.715000152587891,4.769999980926514,400,0.0,0.0
2023-01-23 00:00:00-05:00,4.75,4.769999980926514,4.650000095367432,4.769999980926514,5100,0.0,0.0
2023-01-24 00:00:00-05:00,4.769999980926514,4.769999980926514,4.579999923706055,4.75,11100,0.0,0.0
2023-01-25 00:00:00-05:00,4.760000228881836,4.78000020980835,4.619999885559082,4.78000020980835,16200,0.0,0.0
2023-01-26 00:00:00-05:00,4.599999904632568,4.769999980926514,4.388000011444092,4.610000133514404,53500,0.0,0.0
2023-01-27 00:00:00-05:00,4.510000228881836,4.593999862670898,4.260000228881836,4.539999961853027,12600,0.0,0.0
2023-01-30 00:00:00-05:00,4.539999961853027,4.539999961853027,4.28000020980835,4.349999904632568,17500,0.0,0.0
2023-01-31 00:00:00-05:00,4.489999771118164,4.489999771118164,4.079999923706055,4.255000114440918,10000,0.0,0.0
2023-02-01 00:00:00-05:00,4.210000038146973,4.34499979019165,3.930000066757202,4.0929999351501465,12000,0.0,0.0
2023-02-02 00:00:00-05:00,4.317999839782715,4.349999904632568,3.684999942779541,4.159999847412109,24300,0.0,0.0
2023-02-03 00:00:00-05:00,3.990000009536743,4.0,3.759999990463257,3.990000009536743,12500,0.0,0.0
2023-02-06 00:00:00-05:00,3.9860000610351562,3.9860000610351562,3.931999921798706,3.950000047683716,2100,0.0,0.0
2023-02-07 00:00:00-05:00,3.990000009536743,4.070000171661377,3.9000000953674316,4.039999961853027,14700,0.0,0.0
2023-02-08 00:00:00-05:00,3.9100000858306885,4.269999980926514,3.9100000858306885,4.0,57900,0.0,0.0
2023-02-09 00:00:00-05:00,4.210000038146973,4.210000038146973,4.110000133514404,4.110000133514404,500,0.0,0.0
2023-02-10 00:00:00-05:00,4.239999771118164,4.239999771118164,4.203999996185303,4.210000038146973,6000,0.0,0.0
2023-02-13 00:00:00-05:00,4.011000156402588,4.300000190734863,4.011000156402588,4.210000038146973,3800,0.0,0.0
2023-02-14 00:00:00-05:00,4.28000020980835,4.425000190734863,4.150000095367432,4.239999771118164,19400,0.0,0.0
2023-02-15 00:00:00-05:00,4.425000190734863,4.449999809265137,4.329999923706055,4.400000095367432,7600,0.0,0.0
2023-02-16 00:00:00-05:00,4.340000152587891,4.3429999351501465,4.159999847412109,4.289999961853027,14100,0.0,0.0
2023-02-17 00:00:00-05:00,4.446000099182129,4.446000099182129,4.077000141143799,4.179999828338623,3300,0.0,0.0
2023-02-21 00:00:00-05:00,4.170000076293945,4.179999828338623,4.03000020980835,4.179999828338623,3000,0.0,0.0
2023-02-22 00:00:00-05:00,4.179999828338623,4.179999828338623,4.0,4.010000228881836,3300,0.0,0.0
2023-02-23 00:00:00-05:00,4.0,4.195000171661377,4.0,4.010000228881836,500,0.0,0.0
2023-02-24 00:00:00-05:00,4.179999828338623,4.179999828338623,4.0,4.0,4500,0.0,0.0
2023-02-27 00:00:00-05:00,4.050000190734863,4.050000190734863,3.8499999046325684,3.8499999046325684,6300,0.0,0.0
2023-02-28 00:00:00-05:00,3.9800000190734863,4.099999904632568,3.9000000953674316,4.0879998207092285,2600,0.0,0.0
2023-03-01 00:00:00-05:00,4.084000110626221,4.178999900817871,3.690000057220459,4.150000095367432,26800,0.0,0.0
2023-03-02 00:00:00-05:00,3.9830000400543213,4.389999866485596,3.9830000400543213,4.389999866485596,9100,0.0,0.0
2023-03-03 00:00:00-05:00,4.25,4.440000057220459,4.199999809265137,4.440000057220459,30900,0.0,0.0
2023-03-06 00:00:00-05:00,4.489999771118164,4.670000076293945,4.199999809265137,4.6620001792907715,30500,0.0,0.0
2023-03-07 00:00:00-05:00,4.679999828338623,4.889999866485596,4.409999847412109,4.599999904632568,94300,0.0,0.0
2023-03-08 00:00:00-05:00,4.71999979019165,4.869999885559082,4.545000076293945,4.672999858856201,20200,0.0,0.0
2023-03-09 00:00:00-05:00,4.789999961853027,4.929999828338623,4.610000133514404,4.675000190734863,48200,0.0,0.0
2023-03-10 00:00:00-05:00,4.760000228881836,4.860000133514404,4.565000057220459,4.599999904632568,18700,0.0,0.0
2023-03-13 00:00:00-04:00,4.579999923706055,4.900000095367432,4.519999980926514,4.75,25900,0.0,0.0
2023-03-14 00:00:00-04:00,4.880000114440918,4.989999771118164,4.550000190734863,4.599999904632568,129000,0.0,0.0
2023-03-15 00:00:00-04:00,4.610000133514404,4.860000133514404,4.610000133514404,4.71999979019165,15300,0.0,0.0
2023-03-16 00:00:00-04:00,4.9019999504089355,4.960000038146973,4.610000133514404,4.619999885559082,42800,0.0,0.0
2023-03-17 00:00:00-04:00,4.650000095367432,4.73199987411499,4.239999771118164,4.239999771118164,44300,0.0,0.0
2023-03-20 00:00:00-04:00,4.349999904632568,4.559999942779541,3.9200000762939453,4.039999961853027,46100,0.0,0.0
2023-03-21 00:00:00-04:00,4.239999771118164,4.5,3.934999942779541,3.950000047683716,37900,0.0,0.0
2023-03-22 00:00:00-04:00,3.9200000762939453,4.164999961853027,3.9200000762939453,4.03000020980835,20500,0.0,0.0
2023-03-23 00:00:00-04:00,4.329999923706055,4.550000190734863,4.025000095367432,4.025000095367432,17900,0.0,0.0
2023-03-24 00:00:00-04:00,4.0,4.198999881744385,3.937000036239624,4.059999942779541,12000,0.0,0.0
2023-03-27 00:00:00-04:00,4.550000190734863,4.550000190734863,3.9200000762939453,3.990000009536743,22500,0.0,0.0
2023-03-28 00:00:00-04:00,4.039999961853027,4.175000190734863,3.930000066757202,3.930000066757202,11000,0.0,0.0
2023-03-29 00:00:00-04:00,4.099999904632568,4.197000026702881,3.930000066757202,4.179999828338623,12500,0.0,0.0
2023-03-30 00:00:00-04:00,4.070000171661377,4.159999847412109,3.930000066757202,3.990000009536743,8500,0.0,0.0
2023-03-31 00:00:00-04:00,4.099999904632568,4.099999904632568,3.75,3.9739999771118164,33600,0.0,0.0
2023-04-03 00:00:00-04:00,4.230000019073486,4.539999961853027,3.9200000762939453,4.050000190734863,13200,0.0,0.0
2023-04-04 00:00:00-04:00,4.150000095367432,4.465000152587891,3.7799999713897705,3.9000000953674316,17000,0.0,0.0
2023-04-05 00:00:00-04:00,3.9600000381469727,4.010000228881836,3.75,3.815000057220459,27700,0.0,0.0
2023-04-06 00:00:00-04:00,3.9600000381469727,4.449999809265137,3.9000000953674316,4.210000038146973,34800,0.0,0.0
2023-04-10 00:00:00-04:00,4.139999866485596,4.199999809265137,3.819999933242798,3.869999885559082,16400,0.0,0.0
2023-04-11 00:00:00-04:00,3.809999942779541,4.21999979019165,3.7799999713897705,4.103000164031982,14500,0.0,0.0
2023-04-12 00:00:00-04:00,4.229000091552734,4.230999946594238,4.0,4.054999828338623,22600,0.0,0.0
2023-04-13 00:00:00-04:00,3.759999990463257,4.13100004196167,3.759999990463257,3.9800000190734863,12100,0.0,0.0
2023-04-14 00:00:00-04:00,4.119999885559082,4.130000114440918,3.8499999046325684,3.9800000190734863,9600,0.0,0.0
2023-04-17 00:00:00-04:00,3.880000114440918,4.138999938964844,3.8499999046325684,3.9800000190734863,11800,0.0,0.0
2023-04-18 00:00:00-04:00,3.799999952316284,4.001999855041504,3.799999952316284,3.9000000953674316,17600,0.0,0.0
2023-04-19 00:00:00-04:00,3.819999933242798,4.429999828338623,3.759999990463257,4.21999979019165,32700,0.0,0.0
2023-04-20 00:00:00-04:00,4.289999961853027,4.480999946594238,4.139999866485596,4.349999904632568,10300,0.0,0.0
2023-04-21 00:00:00-04:00,4.445000171661377,4.849999904632568,4.329999923706055,4.699999809265137,56900,0.0,0.0
2023-04-24 00:00:00-04:00,4.699999809265137,4.900000095367432,4.699999809265137,4.739999771118164,22900,0.0,0.0
2023-04-25 00:00:00-04:00,4.760000228881836,4.769999980926514,4.510000228881836,4.715000152587891,25500,0.0,0.0
2023-04-26 00:00:00-04:00,4.670000076293945,4.71999979019165,4.429999828338623,4.630000114440918,9200,0.0,0.0
2023-04-27 00:00:00-04:00,4.453000068664551,4.800000190734863,4.452000141143799,4.619999885559082,22100,0.0,0.0
2023-04-28 00:00:00-04:00,4.627999782562256,4.860000133514404,4.627999782562256,4.820000171661377,19900,0.0,0.0
2023-05-01 00:00:00-04:00,4.880000114440918,4.880000114440918,4.639999866485596,4.679999828338623,8900,0.0,0.0
2023-05-02 00:00:00-04:00,4.769999980926514,4.769999980926514,4.510000228881836,4.579999923706055,8600,0.0,0.0
2023-05-03 00:00:00-04:00,4.880000114440918,5.199999809265137,4.510000228881836,4.849999904632568,89900,0.0,0.0
2023-05-04 00:00:00-04:00,4.900000095367432,5.150000095367432,4.5,4.989999771118164,137400,0.0,0.0
2023-05-05 00:00:00-04:00,4.989999771118164,5.48199987411499,4.849999904632568,5.199999809265137,51700,0.0,0.0
2023-05-08 00:00:00-04:00,5.199999809265137,5.480000019073486,5.150000095367432,5.260000228881836,86500,0.0,0.0
2023-05-09 00:00:00-04:00,5.409999847412109,5.599999904632568,5.099999904632568,5.25,108300,0.0,0.0
2023-05-10 00:00:00-04:00,5.375,5.645999908447266,5.260000228881836,5.349999904632568,28200,0.0,0.0
2023-05-11 00:00:00-04:00,5.150000095367432,5.534999847412109,5.050000190734863,5.150000095367432,36600,0.0,0.0
2023-05-12 00:00:00-04:00,5.28000020980835,5.309999942779541,4.920000076293945,5.239999771118164,26200,0.0,0.0
2023-05-15 00:00:00-04:00,5.199999809265137,5.489999771118164,5.130000114440918,5.300000190734863,41800,0.0,0.0
2023-05-16 00:00:00-04:00,5.860000133514404,8.0,5.730000019073486,5.829999923706055,3995400,0.0,0.0
2023-05-17 00:00:00-04:00,6.079999923706055,6.199999809265137,5.5289998054504395,5.760000228881836,522400,0.0,0.0
2023-05-18 00:00:00-04:00,5.889999866485596,5.965000152587891,5.511000156402588,5.619999885559082,209500,0.0,0.0
2023-05-19 00:00:00-04:00,5.619999885559082,5.650000095367432,4.800000190734863,5.0,238200,0.0,0.0
2023-05-22 00:00:00-04:00,5.019999980926514,5.139999866485596,4.239999771118164,4.78000020980835,172900,0.0,0.0
2023-05-23 00:00:00-04:00,4.840000152587891,4.840000152587891,4.474999904632568,4.5,70400,0.0,0.0
2023-05-24 00:00:00-04:00,4.409999847412109,4.769999980926514,4.019999980926514,4.269999980926514,75200,0.0,0.0
2023-05-25 00:00:00-04:00,4.269999980926514,4.389999866485596,4.059999942779541,4.150000095367432,68700,0.0,0.0
2023-05-26 00:00:00-04:00,4.099999904632568,4.440000057220459,4.099999904632568,4.369999885559082,67300,0.0,0.0
2023-05-30 00:00:00-04:00,4.360000133514404,4.449999809265137,4.230999946594238,4.449999809265137,19000,0.0,0.0
2023-05-31 00:00:00-04:00,4.449999809265137,4.590000152587891,4.199999809265137,4.46999979019165,55100,0.0,0.0
2023-06-01 00:00:00-04:00,4.380000114440918,4.699999809265137,4.380000114440918,4.579999923706055,37800,0.0,0.0
2023-06-02 00:00:00-04:00,4.590000152587891,4.590000152587891,4.300000190734863,4.570000171661377,27400,0.0,0.0
2023-06-05 00:00:00-04:00,4.46999979019165,4.71999979019165,4.090000152587891,4.199999809265137,52600,0.0,0.0
2023-06-06 00:00:00-04:00,4.300000190734863,4.368000030517578,3.9200000762939453,4.340000152587891,104400,0.0,0.0
2023-06-07 00:00:00-04:00,4.590000152587891,4.820000171661377,4.5,4.699999809265137,421100,0.0,0.0
2023-06-08 00:00:00-04:00,4.809999942779541,4.940000057220459,4.519999980926514,4.820000171661377,134100,0.0,0.0
2023-06-09 00:00:00-04:00,4.800000190734863,5.179999828338623,4.619999885559082,5.150000095367432,83300,0.0,0.0
2023-06-12 00:00:00-04:00,5.25,5.340000152587891,5.010000228881836,5.150000095367432,108100,0.0,0.0
2023-06-13 00:00:00-04:00,5.21999979019165,5.239999771118164,4.809999942779541,5.21999979019165,74100,0.0,0.0
2023-06-14 00:00:00-04:00,5.25,5.25,4.650000095367432,4.920000076293945,43100,0.0,0.0
2023-06-15 00:00:00-04:00,4.869999885559082,4.869999885559082,4.710000038146973,4.829999923706055,15800,0.0,0.0
2023-06-16 00:00:00-04:00,4.820000171661377,5.099999904632568,4.559999942779541,5.03000020980835,85900,0.0,0.0
2023-06-20 00:00:00-04:00,5.03000020980835,5.059999942779541,4.570000171661377,4.869999885559082,89600,0.0,0.0
2023-06-21 00:00:00-04:00,4.75,4.929999828338623,4.619999885559082,4.699999809265137,18000,0.0,0.0
2023-06-22 00:00:00-04:00,4.630000114440918,4.880000114440918,4.610000133514404,4.760000228881836,5200,0.0,0.0
2023-06-23 00:00:00-04:00,4.760000228881836,4.760000228881836,4.622000217437744,4.690000057220459,10300,0.0,0.0
2023-06-26 00:00:00-04:00,4.690000057220459,4.809999942779541,4.510000228881836,4.550000190734863,74100,0.0,0.0
2023-06-27 00:00:00-04:00,4.53000020980835,4.579999923706055,4.300000190734863,4.389999866485596,32900,0.0,0.0
2023-06-28 00:00:00-04:00,4.409999847412109,4.409999847412109,4.099999904632568,4.199999809265137,21400,0.0,0.0
2023-06-29 00:00:00-04:00,4.199999809265137,4.25,4.139999866485596,4.199999809265137,80500,0.0,0.0
2023-06-30 00:00:00-04:00,4.130000114440918,4.238999843597412,4.070000171661377,4.070000171661377,25300,0.0,0.0
2023-07-03 00:00:00-04:00,4.090000152587891,4.25,4.0,4.099999904632568,39900,0.0,0.0
2023-07-05 00:00:00-04:00,4.150000095367432,4.230000019073486,4.099999904632568,4.150000095367432,18500,0.0,0.0
2023-07-06 00:00:00-04:00,4.099999904632568,4.139999866485596,4.059999942779541,4.099999904632568,12200,0.0,0.0
2023-07-07 00:00:00-04:00,4.099999904632568,4.239999771118164,4.050000190734863,4.130000114440918,6800,0.0,0.0
2023-07-10 00:00:00-04:00,4.179999828338623,4.179999828338623,4.090000152587891,4.114999771118164,11700,0.0,0.0
2023-07-11 00:00:00-04:00,4.114999771118164,4.119999885559082,4.0,4.039999961853027,22700,0.0,0.0
2023-07-12 00:00:00-04:00,4.099999904632568,4.199999809265137,4.0,4.130000114440918,18800,0.0,0.0
2023-07-13 00:00:00-04:00,4.139999866485596,4.139999866485596,3.9600000381469727,4.059999942779541,19800,0.0,0.0
2023-07-14 00:00:00-04:00,4.119999885559082,4.159999847412109,4.010000228881836,4.010000228881836,19700,0.0,0.0
2023-07-17 00:00:00-04:00,4.409999847412109,4.75,4.019999980926514,4.25,949900,0.0,0.0
2023-07-18 00:00:00-04:00,4.239999771118164,4.25,3.9200000762939453,4.190000057220459,113600,0.0,0.0
2023-07-19 00:00:00-04:00,4.109000205993652,4.289999961853027,3.990000009536743,4.03000020980835,93000,0.0,0.0
2023-07-20 00:00:00-04:00,4.050000190734863,4.199999809265137,3.930000066757202,3.9800000190734863,62400,0.0,0.0
2023-07-21 00:00:00-04:00,3.9700000286102295,4.159999847412109,3.950000047683716,3.9800000190734863,77900,0.0,0.0
2023-07-24 00:00:00-04:00,3.950000047683716,4.090000152587891,3.950000047683716,4.070000171661377,44800,0.0,0.0
2023-07-25 00:00:00-04:00,4.0,4.064000129699707,3.950000047683716,4.059999942779541,39100,0.0,0.0
2023-07-26 00:00:00-04:00,3.940000057220459,4.139999866485596,3.940000057220459,4.010000228881836,105200,0.0,0.0
2023-07-27 00:00:00-04:00,4.010000228881836,4.085000038146973,3.9800000190734863,4.03000020980835,27500,0.0,0.0
2023-07-28 00:00:00-04:00,4.074999809265137,4.074999809265137,3.9200000762939453,4.03000020980835,63300,0.0,0.0
