Date,Open,High,Low,Close,Volume,Dividends,Stock Splits,Capital Gains
2023-05-02 00:00:00-04:00,20.069000244140625,20.069000244140625,20.069000244140625,20.069000244140625,0,0.0,0.0,0.0
2023-05-03 00:00:00-04:00,20.264999389648438,20.264999389648438,19.655000686645508,20.069000244140625,100,0.0,0.0,0.0
2023-05-04 00:00:00-04:00,20.264999389648438,20.264999389648438,19.832000732421875,19.832000732421875,100,0.0,0.0,0.0
2023-05-05 00:00:00-04:00,20.149999618530273,20.174999237060547,20.149999618530273,20.174999237060547,200,0.0,0.0,0.0
2023-05-08 00:00:00-04:00,20.05900001525879,20.05900001525879,20.05900001525879,20.05900001525879,0,0.0,0.0,0.0
2023-05-09 00:00:00-04:00,20.020000457763672,20.020000457763672,19.996000289916992,19.996000289916992,200,0.0,0.0,0.0
2023-05-10 00:00:00-04:00,20.149999618530273,20.15999984741211,20.149999618530273,20.15399932861328,400,0.0,0.0,0.0
2023-05-11 00:00:00-04:00,19.87700080871582,19.87700080871582,19.87700080871582,19.87700080871582,0,0.0,0.0,0.0
2023-05-12 00:00:00-04:00,19.881000518798828,19.881000518798828,19.881000518798828,19.881000518798828,100,0.0,0.0,0.0
2023-05-15 00:00:00-04:00,19.809999465942383,19.809999465942383,19.809999465942383,19.809999465942383,0,0.0,0.0,0.0
2023-05-16 00:00:00-04:00,19.325000762939453,19.325000762939453,19.325000762939453,19.325000762939453,100,0.0,0.0,0.0
2023-05-17 00:00:00-04:00,19.590999603271484,19.590999603271484,19.590999603271484,19.590999603271484,0,0.0,0.0,0.0
2023-05-18 00:00:00-04:00,19.47800064086914,19.47800064086914,19.47800064086914,19.47800064086914,100,0.0,0.0,0.0
2023-05-19 00:00:00-04:00,19.433000564575195,19.433000564575195,19.433000564575195,19.433000564575195,0,0.0,0.0,0.0
2023-05-22 00:00:00-04:00,19.570999145507812,19.570999145507812,19.570999145507812,19.570999145507812,0,0.0,0.0,0.0
2023-05-23 00:00:00-04:00,19.391000747680664,19.391000747680664,19.391000747680664,19.391000747680664,0,0.0,0.0,0.0
2023-05-24 00:00:00-04:00,19.01099967956543,19.01099967956543,19.01099967956543,19.01099967956543,0,0.0,0.0,0.0
2023-05-25 00:00:00-04:00,19.06999969482422,19.06999969482422,18.999000549316406,18.999000549316406,1200,0.0,0.0,0.0
2023-05-26 00:00:00-04:00,19.240999221801758,19.240999221801758,19.240999221801758,19.240999221801758,100,0.0,0.0,0.0
2023-05-30 00:00:00-04:00,19.31999969482422,19.31999969482422,19.30900001525879,19.30900001525879,100,0.0,0.0,0.0
2023-05-31 00:00:00-04:00,19.42099952697754,19.42099952697754,19.42099952697754,19.42099952697754,100,0.0,0.0,0.0
2023-06-01 00:00:00-04:00,19.360000610351562,19.360000610351562,19.360000610351562,19.360000610351562,0,0.0,0.0,0.0
2023-06-02 00:00:00-04:00,19.777000427246094,19.844999313354492,19.729999542236328,19.844999313354492,1000,0.0,0.0,0.0
2023-06-05 00:00:00-04:00,19.702999114990234,19.702999114990234,19.702999114990234,19.702999114990234,100,0.0,0.0,0.0
2023-06-06 00:00:00-04:00,19.89699935913086,19.89699935913086,19.89699935913086,19.89699935913086,100,0.0,0.0,0.0
2023-06-07 00:00:00-04:00,20.236000061035156,20.236000061035156,20.236000061035156,20.236000061035156,100,0.0,0.0,0.0
2023-06-08 00:00:00-04:00,20.086999893188477,20.086999893188477,20.086999893188477,20.086999893188477,0,0.0,0.0,0.0
2023-06-09 00:00:00-04:00,19.950000762939453,19.950000762939453,19.926000595092773,19.926000595092773,400,0.0,0.0,0.0
2023-06-12 00:00:00-04:00,19.871000289916992,19.871000289916992,19.871000289916992,19.871000289916992,100,0.0,0.0,0.0
2023-06-13 00:00:00-04:00,20.003000259399414,20.003000259399414,20.003000259399414,20.003000259399414,100,0.0,0.0,0.0
2023-06-14 00:00:00-04:00,20.08799934387207,20.08799934387207,20.08799934387207,20.08799934387207,100,0.0,0.0,0.0
2023-06-15 00:00:00-04:00,20.079999923706055,20.222999572753906,20.079999923706055,20.222999572753906,400,0.0,0.0,0.0
2023-06-16 00:00:00-04:00,20.23699951171875,20.23699951171875,20.23699951171875,20.23699951171875,100,0.0,0.0,0.0
2023-06-20 00:00:00-04:00,19.958999633789062,19.958999633789062,19.958999633789062,19.958999633789062,100,0.0,0.0,0.0
2023-06-21 00:00:00-04:00,19.85300064086914,19.85300064086914,19.85300064086914,19.85300064086914,0,0.0,0.0,0.0
2023-06-22 00:00:00-04:00,19.584999084472656,19.584999084472656,19.584999084472656,19.584999084472656,100,0.0,0.0,0.0
2023-06-23 00:00:00-04:00,19.360000610351562,19.360000610351562,19.360000610351562,19.360000610351562,100,0.0,0.0,0.0
2023-06-26 00:00:00-04:00,19.57200050354004,19.57200050354004,19.57200050354004,19.57200050354004,100,0.0,0.0,0.0
2023-06-27 00:00:00-04:00,19.815000534057617,19.815000534057617,19.815000534057617,19.815000534057617,100,0.0,0.0,0.0
2023-06-28 00:00:00-04:00,19.81999969482422,19.81999969482422,19.81999969482422,19.81999969482422,100,0.0,0.0,0.0
2023-06-29 00:00:00-04:00,19.99799919128418,20.042999267578125,19.99799919128418,20.042999267578125,700,0.0,0.0,0.0
2023-06-30 00:00:00-04:00,20.200000762939453,20.20199966430664,19.920000076293945,20.176000595092773,1500,0.0,0.0,0.0
2023-07-03 00:00:00-04:00,20.395000457763672,20.395000457763672,20.395000457763672,20.395000457763672,100,0.0,0.0,0.0
2023-07-05 00:00:00-04:00,20.3700008392334,20.503000259399414,20.190000534057617,20.503000259399414,400,0.0,0.0,0.0
2023-07-06 00:00:00-04:00,20.35099983215332,20.35099983215332,20.35099983215332,20.35099983215332,100,0.0,0.0,0.0
2023-07-07 00:00:00-04:00,20.298999786376953,20.298999786376953,20.298999786376953,20.298999786376953,200,0.0,0.0,0.0
2023-07-10 00:00:00-04:00,20.34600067138672,20.34600067138672,20.34600067138672,20.34600067138672,100,0.0,0.0,0.0
2023-07-11 00:00:00-04:00,20.611000061035156,20.611000061035156,20.611000061035156,20.611000061035156,0,0.0,0.0,0.0
2023-07-12 00:00:00-04:00,20.743000030517578,20.743000030517578,20.743000030517578,20.743000030517578,100,0.0,0.0,0.0
2023-07-13 00:00:00-04:00,20.81999969482422,20.81999969482422,20.81999969482422,20.81999969482422,100,0.0,0.0,0.0
2023-07-14 00:00:00-04:00,20.784000396728516,20.784000396728516,20.784000396728516,20.784000396728516,100,0.0,0.0,0.0
2023-07-17 00:00:00-04:00,20.62299919128418,20.62299919128418,20.62299919128418,20.62299919128418,100,0.0,0.0,0.0
2023-07-18 00:00:00-04:00,20.466999053955078,20.466999053955078,20.466999053955078,20.466999053955078,100,0.0,0.0,0.0
2023-07-19 00:00:00-04:00,20.709999084472656,20.709999084472656,20.709999084472656,20.709999084472656,100,0.0,0.0,0.0
2023-07-20 00:00:00-04:00,20.479999542236328,20.579999923706055,20.479999542236328,20.579999923706055,96600,0.0,0.0,0.0
2023-07-21 00:00:00-04:00,20.70400047302246,20.70400047302246,20.70400047302246,20.70400047302246,100,0.0,0.0,0.0
2023-07-24 00:00:00-04:00,20.929000854492188,20.929000854492188,20.929000854492188,20.929000854492188,100,0.0,0.0,0.0
2023-07-25 00:00:00-04:00,20.7549991607666,20.7549991607666,20.7549991607666,20.7549991607666,100,0.0,0.0,0.0
2023-07-26 00:00:00-04:00,20.924999237060547,20.924999237060547,20.924999237060547,20.924999237060547,100,0.0,0.0,0.0
2023-07-27 00:00:00-04:00,20.56100082397461,20.56100082397461,20.56100082397461,20.56100082397461,100,0.0,0.0,0.0
2023-07-28 00:00:00-04:00,20.511999130249023,20.511999130249023,20.511999130249023,20.511999130249023,100,0.0,0.0,0.0
