Date,Open,High,Low,Close,Volume,Dividends,Stock Splits,Capital Gains
2017-05-02 00:00:00-04:00,9.592835973125261,9.642539978027344,9.592737378520942,9.642539978027344,131580,0.0,0.0,0.0
2017-05-03 00:00:00-04:00,10.129636180770236,10.129636180770236,9.642539064530611,9.990466117858887,29403,0.0,0.0,0.0
2017-05-04 00:00:00-04:00,9.682302585881702,9.741947578865318,9.682302585881702,9.692243576049805,60560,0.0,0.0,0.0
2017-05-05 00:00:00-04:00,9.732007026672363,9.732007026672363,9.732007026672363,9.732007026672363,1036,0.0,0.0,0.0
2017-05-08 00:00:00-04:00,9.642440030609112,9.692243576049805,9.618582981440667,9.692243576049805,95239,0.0,0.0,0.0
2017-05-09 00:00:00-04:00,9.61271649382551,9.69224251037635,9.61271649382551,9.68230152130127,993421,0.0,0.0,0.0
2017-05-10 00:00:00-04:00,9.692243576049805,9.717592816570967,9.642539573234293,9.692243576049805,1498167,0.0,0.0,0.0
2017-05-11 00:00:00-04:00,9.662420379291968,9.682301409187021,9.652479390331997,9.67236042022705,43328,0.0,0.0,0.0
2017-05-12 00:00:00-04:00,9.652479390331997,9.69224239814699,9.652479390331997,9.67236042022705,156926,0.0,0.0,0.0
2017-05-15 00:00:00-04:00,9.612716786501156,9.741946804337124,9.612716786501156,9.622657775878906,7177,0.0,0.0,0.0
2017-05-16 00:00:00-04:00,9.732007026672363,9.741948017287847,9.692244012235475,9.732007026672363,341647,0.0,0.0,0.0
2017-05-17 00:00:00-04:00,9.69224229135358,9.732005298730446,9.642538295126277,9.662420272827148,42628,0.0,0.0,0.0
2017-05-18 00:00:00-04:00,9.64253873564708,9.702183723449707,9.64253873564708,9.702183723449707,134174,0.0,0.0,0.0
2017-05-19 00:00:00-04:00,9.692242734145117,9.741946732643152,9.682301744840524,9.702183723449707,15304,0.0,0.0,0.0
2017-05-22 00:00:00-04:00,9.69224229135358,9.69224229135358,9.662420272827148,9.662420272827148,5953,0.0,0.0,0.0
2017-05-23 00:00:00-04:00,9.66242049117601,9.68230152130127,9.66242049117601,9.68230152130127,5932,0.0,0.0,0.0
2017-05-24 00:00:00-04:00,9.64253913571021,9.662421115144284,9.64253913571021,9.652480125427246,505263,0.0,0.0,0.0
2017-05-25 00:00:00-04:00,9.672362001758577,9.687273487636713,9.642539978027344,9.642539978027344,20363,0.0,0.0,0.0
2017-05-26 00:00:00-04:00,9.662421959198193,9.662421959198193,9.642539978027344,9.642539978027344,5963,0.0,0.0,0.0
2017-05-30 00:00:00-04:00,9.642539978027344,9.642539978027344,9.642539978027344,9.642539978027344,0,0.0,0.0,0.0
2017-05-31 00:00:00-04:00,9.682301409187021,9.732005405961983,9.662320836678884,9.67236042022705,52814,0.0,0.0,0.0
2017-06-01 00:00:00-04:00,9.672360532226191,9.68230152130127,9.672360532226191,9.68230152130127,6163,0.0,0.0,0.0
2017-06-02 00:00:00-04:00,9.712125115704508,9.712125115704508,9.64253913571021,9.652480125427246,16092,0.0,0.0,0.0
2017-06-05 00:00:00-04:00,9.672262562240656,9.67733165169488,9.64253913571021,9.652480125427246,16388,0.0,0.0,0.0
2017-06-06 00:00:00-04:00,9.652480125427246,9.652480125427246,9.652480125427246,9.652480125427246,0,0.0,0.0,0.0
2017-06-07 00:00:00-04:00,9.682301409187021,9.682301409187021,9.67236042022705,9.67236042022705,5463,0.0,0.0,0.0
2017-06-08 00:00:00-04:00,9.672361156836361,9.692243136270434,9.652480125427246,9.652480125427246,8313,0.0,0.0,0.0
2017-06-09 00:00:00-04:00,9.642538295126277,9.69224229135358,9.632597306275843,9.662420272827148,394157,0.0,0.0,0.0
2017-06-12 00:00:00-04:00,9.672362001758577,9.672362001758577,9.642539978027344,9.642539978027344,1033,0.0,0.0,0.0
2017-06-13 00:00:00-04:00,9.632598987441918,9.692243982929426,9.632598987441918,9.642539978027344,21831,0.0,0.0,0.0
2017-06-14 00:00:00-04:00,9.64253851302585,9.69224251037635,9.64253851302585,9.68230152130127,1987,0.0,0.0,0.0
2017-06-15 00:00:00-04:00,9.632598987441918,9.682302992344,9.632598987441918,9.642539978027344,1506,0.0,0.0,0.0
2017-06-16 00:00:00-04:00,9.632598145993173,9.652480125427246,9.632598145993173,9.652480125427246,205310,0.0,0.0,0.0
2017-06-19 00:00:00-04:00,9.692142748741592,9.69224229135358,9.662420272827148,9.662420272827148,60814,0.0,0.0,0.0
2017-06-20 00:00:00-04:00,9.67236042022705,9.70218338710696,9.67236042022705,9.67236042022705,80979,0.0,0.0,0.0
2017-06-21 00:00:00-04:00,9.682301302503143,9.682301302503143,9.662420272827148,9.662420272827148,10003,0.0,0.0,0.0
2017-06-22 00:00:00-04:00,9.682302146553397,9.70218412598747,9.652480125427246,9.652480125427246,99022,0.0,0.0,0.0
2017-06-23 00:00:00-04:00,9.70218349945143,9.70218349945143,9.682103384097694,9.68230152130127,55897,0.0,0.0,0.0
2017-06-26 00:00:00-04:00,9.68230152130127,9.68230152130127,9.68230152130127,9.68230152130127,560000,0.0,0.0,0.0
2017-06-27 00:00:00-04:00,9.652480125427246,9.652480125427246,9.652480125427246,9.652480125427246,900,0.0,0.0,0.0
2017-06-28 00:00:00-04:00,9.692243576049805,9.692243576049805,9.692243576049805,9.692243576049805,15600,0.0,0.0,0.0
2017-06-29 00:00:00-04:00,9.672360532226191,9.68230152130127,9.672360532226191,9.68230152130127,2105,0.0,0.0,0.0
2017-06-30 00:00:00-04:00,9.682302146553397,9.692243136270434,9.652480125427246,9.652480125427246,13350,0.0,0.0,0.0
2017-07-03 00:00:00-04:00,9.642538401372029,9.67236042022705,9.642538401372029,9.67236042022705,1218,0.0,0.0,0.0
2017-07-05 00:00:00-04:00,9.672360313652709,9.672360313652709,9.642538295126277,9.662420272827148,2794,0.0,0.0,0.0
2017-07-06 00:00:00-04:00,9.672362001758577,9.672362001758577,9.642539978027344,9.642539978027344,31568,0.0,0.0,0.0
2017-07-07 00:00:00-04:00,9.652479283976714,9.672360313652709,9.642538295126277,9.662420272827148,9752,0.0,0.0,0.0
2017-07-10 00:00:00-04:00,9.69224229135358,9.69224229135358,9.662420272827148,9.662420272827148,7454,0.0,0.0,0.0
2017-07-11 00:00:00-04:00,9.692243136270434,9.692243136270434,9.64253913571021,9.652480125427246,15577,0.0,0.0,0.0
2017-07-12 00:00:00-04:00,9.652480563402396,9.692243576049805,9.622658540923089,9.692243576049805,98039,0.0,0.0,0.0
2017-07-13 00:00:00-04:00,9.692243576049805,9.692243576049805,9.692243576049805,9.692243576049805,0,0.0,0.0,0.0
2017-07-14 00:00:00-04:00,9.632597923278809,9.632597923278809,9.632597923278809,9.632597923278809,118,0.0,0.0,0.0
2017-07-17 00:00:00-04:00,9.63259858306619,9.692243576049805,9.63259858306619,9.692243576049805,1533,0.0,0.0,0.0
2017-07-18 00:00:00-04:00,9.642539323618086,9.688764073480645,9.642539323618086,9.67315673828125,2441,0.0,0.0,0.0
2017-07-19 00:00:00-04:00,9.691248658088748,9.692243136270434,9.652480125427246,9.652480125427246,10142,0.0,0.0,0.0
2017-07-20 00:00:00-04:00,9.662420379291968,9.67236042022705,9.662320836678884,9.67236042022705,2100,0.0,0.0,0.0
2017-07-21 00:00:00-04:00,9.692243576049805,9.692243576049805,9.652480563402396,9.692243576049805,32301,0.0,0.0,0.0
2017-07-24 00:00:00-04:00,9.692243576049805,9.692243576049805,9.692243576049805,9.692243576049805,0,0.0,0.0,0.0
2017-07-25 00:00:00-04:00,9.662420272827148,9.662420272827148,9.662420272827148,9.662420272827148,701,0.0,0.0,0.0
2017-07-26 00:00:00-04:00,9.68230152130127,9.68230152130127,9.68230152130127,9.68230152130127,352,0.0,0.0,0.0
2017-07-27 00:00:00-04:00,9.642539218329746,9.665402736454865,9.642539218329746,9.663216590881348,1126,0.0,0.0,0.0
2017-07-28 00:00:00-04:00,9.642539573234293,9.692243576049805,9.642539573234293,9.692243576049805,908,0.0,0.0,0.0
2017-07-31 00:00:00-04:00,9.642538694566488,9.662420673090967,9.612716674804688,9.612716674804688,32979,0.0,0.0,0.0
2017-08-01 00:00:00-04:00,9.622657775878906,9.633293667527672,9.612716786501156,9.622657775878906,101873,0.0,0.0,0.0
2017-08-02 00:00:00-04:00,9.622658540923089,9.692243576049805,9.622658540923089,9.692243576049805,214,0.0,0.0,0.0
2017-08-03 00:00:00-04:00,9.632597306275843,9.662420272827148,9.632597306275843,9.662420272827148,764,0.0,0.0,0.0
2017-08-04 00:00:00-04:00,9.632598987441918,9.662421959198193,9.632598987441918,9.642539978027344,3114,0.0,0.0,0.0
2017-08-07 00:00:00-04:00,9.642538912766,9.642538912766,9.632597923278809,9.632597923278809,9522,0.0,0.0,0.0
2017-08-08 00:00:00-04:00,9.622658944881536,9.662421959198193,9.61271795429611,9.642539978027344,40974,0.0,0.0,0.0
2017-08-09 00:00:00-04:00,9.642539978027344,9.642539978027344,9.642539978027344,9.642539978027344,0,0.0,0.0,0.0
2017-08-10 00:00:00-04:00,9.632598987441918,9.642539978027344,9.632598987441918,9.642539978027344,5518,0.0,0.0,0.0
2017-08-11 00:00:00-04:00,9.632597923278809,9.632597923278809,9.632597923278809,9.632597923278809,776,0.0,0.0,0.0
2017-08-14 00:00:00-04:00,9.632597923278809,9.642538912766,9.632597923278809,9.632597923278809,4682,0.0,0.0,0.0
2017-08-15 00:00:00-04:00,9.632597923278809,9.632597923278809,9.632597923278809,9.632597923278809,0,0.0,0.0,0.0
2017-08-16 00:00:00-04:00,9.652480968612767,9.652480968612767,9.642539978027344,9.642539978027344,7700,0.0,0.0,0.0
2017-08-17 00:00:00-04:00,9.642539978027344,9.642539978027344,9.642539978027344,9.642539978027344,0,0.0,0.0,0.0
2017-08-18 00:00:00-04:00,9.642539978027344,9.642539978027344,9.642539978027344,9.642539978027344,0,0.0,0.0,0.0
2017-08-21 00:00:00-04:00,9.443723258241949,9.69224229135358,9.443723258241949,9.662420272827148,59655,0.0,0.0,0.0
2017-08-22 00:00:00-04:00,9.662421959198193,9.662421959198193,9.622658944881536,9.642539978027344,1265,0.0,0.0,0.0
2017-08-23 00:00:00-04:00,9.642539978027344,9.642539978027344,9.642539978027344,9.642539978027344,10000,0.0,0.0,0.0
2017-08-24 00:00:00-04:00,9.632597923278809,9.632597923278809,9.632597923278809,9.632597923278809,100,0.0,0.0,0.0
2017-08-25 00:00:00-04:00,9.642538295126277,9.662420272827148,9.642538295126277,9.662420272827148,44626,0.0,0.0,0.0
2017-08-28 00:00:00-04:00,9.662420272827148,9.662420272827148,9.662420272827148,9.662420272827148,100,0.0,0.0,0.0
2017-08-29 00:00:00-04:00,9.642538401372029,9.67236042022705,9.642538401372029,9.67236042022705,366,0.0,0.0,0.0
2017-08-30 00:00:00-04:00,9.67236042022705,9.67236042022705,9.67236042022705,9.67236042022705,0,0.0,0.0,0.0
2017-08-31 00:00:00-04:00,9.67236042022705,9.67236042022705,9.662420379291968,9.67236042022705,300,0.0,0.0,0.0
2017-09-01 00:00:00-04:00,9.652480125427246,9.652480125427246,9.652480125427246,9.652480125427246,500,0.0,0.0,0.0
2017-09-05 00:00:00-04:00,9.652480125427246,9.652480125427246,9.652480125427246,9.652480125427246,0,0.0,0.0,0.0
2017-09-06 00:00:00-04:00,9.652480125427246,9.652480125427246,9.652480125427246,9.652480125427246,0,0.0,0.0,0.0
2017-09-07 00:00:00-04:00,9.642539978027344,9.642539978027344,9.642539978027344,9.642539978027344,306,0.0,0.0,0.0
2017-09-08 00:00:00-04:00,9.642539978027344,9.642539978027344,9.642539978027344,9.642539978027344,546,0.0,0.0,0.0
2017-09-11 00:00:00-04:00,9.642539978027344,9.642539978027344,9.642539978027344,9.642539978027344,15306,0.0,0.0,0.0
2017-09-12 00:00:00-04:00,9.660432482965973,9.68230152130127,9.660432482965973,9.68230152130127,6900,0.0,0.0,0.0
2017-09-13 00:00:00-04:00,9.68230152130127,9.68230152130127,9.68230152130127,9.68230152130127,0,0.0,0.0,0.0
2017-09-14 00:00:00-04:00,9.68230152130127,9.68230152130127,9.68230152130127,9.68230152130127,0,0.0,0.0,0.0
2017-09-15 00:00:00-04:00,9.68230152130127,9.68230152130127,9.68230152130127,9.68230152130127,0,0.0,0.0,0.0
2017-09-18 00:00:00-04:00,9.672261825638854,9.67236042022705,9.672261825638854,9.67236042022705,2053,0.0,0.0,0.0
2017-09-19 00:00:00-04:00,9.652480125427246,9.652480125427246,9.652480125427246,9.652480125427246,1900,0.0,0.0,0.0
2017-09-20 00:00:00-04:00,9.642539978027344,9.642539978027344,9.642539978027344,9.642539978027344,268,0.0,0.0,0.0
2017-09-21 00:00:00-04:00,9.642539978027344,9.642539978027344,9.642539978027344,9.642539978027344,270,0.0,0.0,0.0
2017-09-22 00:00:00-04:00,9.672362001758577,9.672362001758577,9.642539978027344,9.642539978027344,1103,0.0,0.0,0.0
2017-09-25 00:00:00-04:00,9.642539978027344,9.642539978027344,9.642539978027344,9.642539978027344,343,0.0,0.0,0.0
2017-09-26 00:00:00-04:00,9.642539978027344,9.642539978027344,9.642539978027344,9.642539978027344,0,0.0,0.0,0.0
2017-09-27 00:00:00-04:00,9.642539573234293,9.692243576049805,9.642539573234293,9.692243576049805,7458,0.0,0.0,0.0
2017-09-28 00:00:00-04:00,9.692243576049805,9.692243576049805,9.692243576049805,9.692243576049805,0,0.0,0.0,0.0
2017-09-29 00:00:00-04:00,9.692243576049805,9.692243576049805,9.692243576049805,9.692243576049805,0,0.0,0.0,0.0
2017-10-02 00:00:00-04:00,9.692243576049805,9.692243576049805,9.692243576049805,9.692243576049805,0,0.0,0.0,0.0
2017-10-03 00:00:00-04:00,9.64253913571021,9.652480125427246,9.64253913571021,9.652480125427246,101860,0.0,0.0,0.0
2017-10-04 00:00:00-04:00,9.652480125427246,9.652480125427246,9.652480125427246,9.652480125427246,0,0.0,0.0,0.0
2017-10-05 00:00:00-04:00,9.652480125427246,9.652480125427246,9.652480125427246,9.652480125427246,0,0.0,0.0,0.0
2017-10-06 00:00:00-04:00,9.652480125427246,9.652480125427246,9.652480125427246,9.652480125427246,0,0.0,0.0,0.0
2017-10-09 00:00:00-04:00,9.692243576049805,9.692243576049805,9.692243576049805,9.692243576049805,800,0.0,0.0,0.0
2017-10-10 00:00:00-04:00,9.692243576049805,9.692243576049805,9.692243576049805,9.692243576049805,0,0.0,0.0,0.0
2017-10-11 00:00:00-04:00,9.662520408630371,9.662520408630371,9.662520408630371,9.662520408630371,400,0.0,0.0,0.0
2017-10-12 00:00:00-04:00,9.662520408630371,9.662520408630371,9.662520408630371,9.662520408630371,0,0.0,0.0,0.0
2017-10-13 00:00:00-04:00,9.652480563402396,9.692243576049805,9.642539573234293,9.692243576049805,710,0.0,0.0,0.0
2017-10-16 00:00:00-04:00,9.692243576049805,9.692243576049805,9.692243576049805,9.692243576049805,0,0.0,0.0,0.0
2017-10-17 00:00:00-04:00,9.662420272827148,9.662420272827148,9.662420272827148,9.662420272827148,5000,0.0,0.0,0.0
2017-10-18 00:00:00-04:00,9.642539978027344,9.662421959198193,9.642539978027344,9.642539978027344,456,0.0,0.0,0.0
2017-10-19 00:00:00-04:00,9.67236042022705,9.67236042022705,9.67236042022705,9.67236042022705,5000,0.0,0.0,0.0
2017-10-20 00:00:00-04:00,9.642539978027344,9.642539978027344,9.642539978027344,9.642539978027344,542,0.0,0.0,0.0
2017-10-23 00:00:00-04:00,9.662421115144284,9.662421115144284,9.652480125427246,9.652480125427246,256,0.0,0.0,0.0
2017-10-24 00:00:00-04:00,9.652480125427246,9.652480125427246,9.652480125427246,9.652480125427246,531,0.0,0.0,0.0
2017-10-25 00:00:00-04:00,9.652480563402396,9.692243576049805,9.652480563402396,9.692243576049805,302,0.0,0.0,0.0
2017-10-26 00:00:00-04:00,9.64253851302585,9.68230152130127,9.64253851302585,9.68230152130127,1248,0.0,0.0,0.0
2017-10-27 00:00:00-04:00,9.652480968612767,9.652480968612767,9.642539978027344,9.642539978027344,10300,0.0,0.0,0.0
2017-10-30 00:00:00-04:00,9.642539978027344,9.642539978027344,9.642539978027344,9.642539978027344,0,0.0,0.0,0.0
2017-10-31 00:00:00-04:00,9.662421959198193,9.662421959198193,9.642539978027344,9.642539978027344,11100,0.0,0.0,0.0
2017-11-01 00:00:00-04:00,9.642539978027344,9.642539978027344,9.642539978027344,9.642539978027344,0,0.0,0.0,0.0
2017-11-02 00:00:00-04:00,9.712124824523926,9.712124824523926,9.712124824523926,9.712124824523926,280,0.0,0.0,0.0
2017-11-03 00:00:00-04:00,9.642638389233575,9.712124824523926,9.642638389233575,9.712124824523926,600,0.0,0.0,0.0
2017-11-06 00:00:00-05:00,9.712124824523926,9.712124824523926,9.712124824523926,9.712124824523926,0,0.0,0.0,0.0
2017-11-07 00:00:00-05:00,9.652480125427246,9.652480125427246,9.652480125427246,9.652480125427246,37300,0.0,0.0,0.0
2017-11-08 00:00:00-05:00,9.642539978027344,9.642539978027344,9.642539978027344,9.642539978027344,38332,0.0,0.0,0.0
2017-11-09 00:00:00-05:00,9.642537710201669,9.642637252807617,9.642537710201669,9.642637252807617,1312,0.0,0.0,0.0
2017-11-10 00:00:00-05:00,9.642637252807617,9.642637252807617,9.642637252807617,9.642637252807617,0,0.0,0.0,0.0
2017-11-13 00:00:00-05:00,9.642539978027344,9.642539978027344,9.642539978027344,9.642539978027344,100,0.0,0.0,0.0
2017-11-14 00:00:00-05:00,9.671764373779297,9.671764373779297,9.671764373779297,9.671764373779297,100,0.0,0.0,0.0
2017-11-15 00:00:00-05:00,9.642539978027344,9.642539978027344,9.642539978027344,9.642539978027344,1120,0.0,0.0,0.0
2017-11-16 00:00:00-05:00,9.642539978027344,9.662421959198193,9.642539978027344,9.642539978027344,89525,0.0,0.0,0.0
2017-11-17 00:00:00-05:00,9.642539978027344,9.642539978027344,9.642539978027344,9.642539978027344,100,0.0,0.0,0.0
2017-11-20 00:00:00-05:00,9.642539978027344,9.642539978027344,9.642539978027344,9.642539978027344,30120,0.0,0.0,0.0
2017-11-21 00:00:00-05:00,9.622657775878906,9.682301816095553,9.622657775878906,9.622657775878906,1542,0.0,0.0,0.0
2017-11-22 00:00:00-05:00,9.672759103676093,9.672759103676093,9.632597923278809,9.632597923278809,272,0.0,0.0,0.0
2017-11-24 00:00:00-05:00,9.612716674804688,9.612716674804688,9.612716674804688,9.612716674804688,688,0.0,0.0,0.0
2017-11-27 00:00:00-05:00,9.612716674804688,9.612716674804688,9.612716674804688,9.612716674804688,0,0.0,0.0,0.0
2017-11-28 00:00:00-05:00,9.622657775878906,9.64253880660948,9.622657775878906,9.622657775878906,30430,0.0,0.0,0.0
2017-11-29 00:00:00-05:00,9.622657775878906,9.63259781723173,9.622657775878906,9.622657775878906,3355,0.0,0.0,0.0
2017-11-30 00:00:00-05:00,9.622657775878906,9.622657775878906,9.622657775878906,9.622657775878906,2534,0.0,0.0,0.0
2017-12-01 00:00:00-05:00,9.891057968139648,9.910939947126783,9.845927240994762,9.891057968139648,1836687,0.0,0.0,0.0
2017-12-04 00:00:00-05:00,9.920880100400117,9.956667094165304,9.89105807960827,9.900999069213867,128797,0.0,0.0,0.0
2017-12-05 00:00:00-05:00,9.930821201697938,9.930821201697938,9.90099918057068,9.910940170288086,89699,0.0,0.0,0.0
2017-12-06 00:00:00-05:00,9.89105807960827,9.930821090005717,9.89105807960827,9.900999069213867,137373,0.0,0.0,0.0
2017-12-07 00:00:00-05:00,9.920879364013672,9.920879364013672,9.920879364013672,9.920879364013672,200,0.0,0.0,0.0
2017-12-08 00:00:00-05:00,9.910940058819467,9.911039601439015,9.89105807960827,9.900999069213867,32859,0.0,0.0,0.0
2017-12-11 00:00:00-05:00,9.900998957633217,9.900998957633217,9.891057968139648,9.891057968139648,61325,0.0,0.0,0.0
2017-12-12 00:00:00-05:00,9.90099884582805,9.90099884582805,9.88111686706543,9.88111686706543,44994,0.0,0.0,0.0
2017-12-13 00:00:00-05:00,9.861136918579035,9.861236461202646,9.851295471191406,9.851295471191406,2200,0.0,0.0,0.0
2017-12-14 00:00:00-05:00,9.871177562388825,9.871177562388825,9.861236572265625,9.861236572265625,800,0.0,0.0,0.0
2017-12-15 00:00:00-05:00,9.881116922883805,9.891057912321273,9.87117688147127,9.886087417602539,27247,0.0,0.0,0.0
2017-12-18 00:00:00-05:00,9.886087417602539,9.891057912321273,9.876147376190003,9.886087417602539,55551,0.0,0.0,0.0
2017-12-19 00:00:00-05:00,9.881116922883805,9.886087417602539,9.881116922883805,9.886087417602539,26509,0.0,0.0,0.0
2017-12-20 00:00:00-05:00,9.88747906234847,9.889069848175463,9.88111686706543,9.88111686706543,1250,0.0,0.0,0.0
2017-12-21 00:00:00-05:00,9.881117493200136,9.890958940587765,9.851295471191406,9.851295471191406,47419,0.0,0.0,0.0
2017-12-22 00:00:00-05:00,9.871176825709044,9.89105785644674,9.871176825709044,9.88111686706543,2388,0.0,0.0,0.0
2017-12-26 00:00:00-05:00,9.88111686706543,9.88111686706543,9.88111686706543,9.88111686706543,824,0.0,0.0,0.0
2017-12-27 00:00:00-05:00,9.889665094151601,9.891056794594583,9.871175765991211,9.871175765991211,1750,0.0,0.0,0.0
2017-12-28 00:00:00-05:00,10.601822719984469,10.601822719984469,9.900999069213867,9.900999069213867,13100,0.0,0.0,0.0
2017-12-29 00:00:00-05:00,9.88111635656767,10.050109375219396,9.88111635656767,9.920879364013672,8848,0.0,0.0,0.0
2018-01-02 00:00:00-05:00,9.891056794594583,9.920878811512052,9.871175765991211,9.871175765991211,77770,0.0,0.0,0.0
2018-01-03 00:00:00-05:00,9.881117064611992,9.889865438810423,9.871177023056884,9.872668266296387,34732,0.0,0.0,0.0
2018-01-04 00:00:00-05:00,9.891057968139648,9.891057968139648,9.891057968139648,9.891057968139648,27104,0.0,0.0,0.0
2018-01-05 00:00:00-05:00,9.900998957633217,9.900998957633217,9.87117693717745,9.891057968139648,295820,0.0,0.0,0.0
2018-01-08 00:00:00-05:00,9.876147431924235,9.920879988595413,9.87117693717745,9.891057968139648,1440399,0.0,0.0,0.0
2018-01-09 00:00:00-05:00,9.896029012655163,9.940762519836426,9.891058517632246,9.940762519836426,11850,0.0,0.0,0.0
2018-01-10 00:00:00-05:00,9.91093965680468,9.91093965680468,9.891057678399951,9.892449378967285,11785,0.0,0.0,0.0
2018-01-11 00:00:00-05:00,9.90099950767808,9.940762519836426,9.90099950767808,9.940762519836426,189651,0.0,0.0,0.0
2018-01-12 00:00:00-05:00,9.92088002790201,9.925850522668487,9.92088002790201,9.922271728515625,5293,0.0,0.0,0.0
2018-01-16 00:00:00-05:00,9.920879364013672,9.930919895493552,9.920879364013672,9.920879364013672,9658,0.0,0.0,0.0
2018-01-17 00:00:00-05:00,9.91093932317083,9.920879364013672,9.900998334303111,9.920879364013672,9410,0.0,0.0,0.0
2018-01-18 00:00:00-05:00,9.91083978055867,9.930820352881392,9.91083978055867,9.920879364013672,8818,0.0,0.0,0.0
2018-01-19 00:00:00-05:00,9.930821418762207,9.930821418762207,9.930821418762207,9.930821418762207,3510,0.0,0.0,0.0
2018-01-22 00:00:00-05:00,9.910940170288086,9.910940170288086,9.910940170288086,9.910940170288086,500,0.0,0.0,0.0
2018-01-23 00:00:00-05:00,9.900999069213867,9.900999069213867,9.900999069213867,9.900999069213867,16240,0.0,0.0,0.0
2018-01-24 00:00:00-05:00,9.900999069213867,9.900999069213867,9.900999069213867,9.900999069213867,0,0.0,0.0,0.0
2018-01-25 00:00:00-05:00,9.891057968139648,9.891057968139648,9.890064438005254,9.891057968139648,16699,0.0,0.0,0.0
2018-01-26 00:00:00-05:00,9.88111697864608,9.891057968139648,9.88111697864608,9.891057968139648,725,0.0,0.0,0.0
2018-01-29 00:00:00-05:00,9.940762553813128,10.030229568481445,9.940762553813128,10.030229568481445,146069,0.0,0.0,0.0
2018-01-30 00:00:00-05:00,10.040170558561258,10.040170558561258,10.010347588321823,10.030229568481445,907608,0.0,0.0,0.0
2018-01-31 00:00:00-05:00,10.02028751373291,10.035198997268262,10.010346524709341,10.02028751373291,818853,0.0,0.0,0.0
2018-02-01 00:00:00-05:00,10.02028751373291,10.021679214275213,10.010346524709341,10.02028751373291,193321,0.0,0.0,0.0
2018-02-02 00:00:00-05:00,10.02028751373291,10.040169491780047,10.02028751373291,10.02028751373291,1907573,0.0,0.0,0.0
2018-02-05 00:00:00-05:00,10.02028751373291,10.03022850275648,10.02028751373291,10.02028751373291,34201,0.0,0.0,0.0
2018-02-06 00:00:00-05:00,10.040170669555664,10.040170669555664,10.020388231801643,10.040170669555664,1100347,0.0,0.0,0.0
2018-02-07 00:00:00-05:00,10.040170669555664,10.040170669555664,10.030229679365954,10.040170669555664,48620,0.0,0.0,0.0
2018-02-08 00:00:00-05:00,10.030229679365954,10.040170669555664,10.030229679365954,10.040170669555664,56288,0.0,0.0,0.0
2018-02-09 00:00:00-05:00,9.960643803201679,10.05010986328125,9.960643803201679,10.05010986328125,49326,0.0,0.0,0.0
2018-02-12 00:00:00-05:00,9.970583844527239,10.060050852631733,9.970583844527239,10.05010986328125,8840,0.0,0.0,0.0
2018-02-13 00:00:00-05:00,10.05011071172037,10.05011071172037,10.040170669555664,10.040170669555664,34220,0.0,0.0,0.0
2018-02-14 00:00:00-05:00,9.99046527368726,9.99046527368726,9.503368198606232,9.572953224182129,32249,0.0,0.0,0.0
2018-02-15 00:00:00-05:00,9.94076253709572,9.94076253709572,9.175323366687353,9.423842430114746,30810,0.0,0.0,0.0
2018-02-16 00:00:00-05:00,9.453665155739643,9.453665155739643,8.797574996948242,8.797574996948242,13277,0.0,0.0,0.0
2018-02-20 00:00:00-05:00,8.906923080361702,9.14550114861537,8.628582000732422,8.628582000732422,14709,0.0,0.0,0.0
2018-02-21 00:00:00-05:00,8.628582000732422,8.628582000732422,8.628582000732422,8.628582000732422,0,0.0,0.0,0.0
2018-02-22 00:00:00-05:00,8.628582000732422,8.628582000732422,8.628582000732422,8.628582000732422,0,0.0,0.0,0.0
2018-02-23 00:00:00-05:00,9.890958381948053,9.890958381948053,7.902905539808046,7.952609539031982,56788,0.0,0.0,0.0
2018-02-26 00:00:00-05:00,8.250832849155056,8.459588894124913,8.191187858581543,8.191187858581543,83833,0.0,0.0,0.0
2018-02-27 00:00:00-05:00,8.95662615934281,8.95662615934281,8.121602058410645,8.121602058410645,43455,0.0,0.0,0.0
2018-02-28 00:00:00-05:00,8.101720631615157,8.323996454686418,8.101720631615157,8.171306610107422,40437,0.0,0.0,0.0
2018-03-01 00:00:00-05:00,8.201128959655762,8.201128959655762,8.14148396827273,8.201128959655762,59917,0.0,0.0,0.0
2018-03-02 00:00:00-05:00,8.171306482139366,8.946685638714293,8.14148351409904,8.847277641296387,337170,0.0,0.0,0.0
2018-03-05 00:00:00-05:00,8.946685864173258,8.946685864173258,8.608699802064942,8.867159843444824,98632,0.0,0.0,0.0
2018-03-06 00:00:00-05:00,8.867159513553922,8.916863511666257,8.64846249067459,8.837337493896484,67385,0.0,0.0,0.0
2018-03-07 00:00:00-05:00,8.847278049927919,8.906923040738487,8.747870995943597,8.797574996948242,53071,0.0,0.0,0.0
2018-03-08 00:00:00-05:00,8.817455515441585,8.847277535099021,8.708107478014375,8.837337493896484,40295,0.0,0.0,0.0
2018-03-09 00:00:00-05:00,7.962550284775232,8.737929425652156,7.962550284775232,8.230950355529785,81616,0.0,0.0,0.0
2018-03-12 00:00:00-04:00,8.09178125345914,8.588819393027329,8.09178125345914,8.578878402709961,36673,0.0,0.0,0.0
2018-03-13 00:00:00-04:00,8.618640032077172,8.90692206881687,8.250831981617894,8.370121002197266,61851,0.0,0.0,0.0
2018-03-14 00:00:00-04:00,8.837337738684637,8.899765180870402,8.370121660326973,8.429765701293945,129132,0.0,0.0,0.0
2018-03-15 00:00:00-04:00,8.510385164877412,8.837337139343104,8.429765129593639,8.549055099487305,268066,0.0,0.0,0.0
2018-03-16 00:00:00-04:00,8.628581665902932,8.678284717175005,8.320417628681426,8.598758697509766,116457,0.0,0.0,0.0
2018-03-19 00:00:00-04:00,8.936744411789856,9.006330387342462,8.479469342268718,8.568936347961426,257883,0.0,0.0,0.0
2018-03-20 00:00:00-04:00,8.668345273744414,8.857219346473105,8.459589220715335,8.479470252990723,172917,0.0,0.0,0.0
2018-03-21 00:00:00-04:00,8.698166696103783,8.767751726304635,8.459588637108064,8.598758697509766,62187,0.0,0.0,0.0
2018-03-22 00:00:00-04:00,8.618640899658203,8.718048900826851,8.509292856792658,8.618640899658203,51613,0.0,0.0,0.0
2018-03-23 00:00:00-04:00,8.628581559451925,8.668344568793989,8.486030843892033,8.588818550109863,27877,0.0,0.0,0.0
2018-03-26 00:00:00-04:00,8.70810812378967,9.095797252161312,8.449648072858588,8.896982192993164,66042,0.0,0.0,0.0
2018-03-27 00:00:00-04:00,8.946686585550209,9.155442643800715,8.787634531268877,9.105738639831543,63605,0.0,0.0,0.0
2018-03-28 00:00:00-04:00,9.234967343854413,9.423841394165585,9.14550033917153,9.244908332824707,51639,0.0,0.0,0.0
2018-03-29 00:00:00-04:00,9.354256659398287,9.394019668495705,9.016270608057768,9.185263633728027,40019,0.0,0.0,0.0
2018-04-02 00:00:00-04:00,9.135560035705566,9.403961069894203,9.016271003185603,9.135560035705566,28010,0.0,0.0,0.0
2018-04-03 00:00:00-04:00,9.274731196904648,9.274731196904648,9.065975149629223,9.234968185424805,14323,0.0,0.0,0.0
2018-04-04 00:00:00-04:00,9.01626997385384,9.324433983701285,8.946684949834191,8.956625938415527,27791,0.0,0.0,0.0
2018-04-05 00:00:00-04:00,9.256738481968087,9.334376037930463,8.946685971221864,9.135560035705566,30775,0.0,0.0,0.0
2018-04-06 00:00:00-04:00,9.026210962435174,9.145499981336648,8.946684949834191,8.956625938415527,7048,0.0,0.0,0.0
2018-04-09 00:00:00-04:00,9.11567886008247,9.11567886008247,8.747870778625291,9.036152839660645,99287,0.0,0.0,0.0
2018-04-10 00:00:00-04:00,9.170352500904649,9.170352500904649,8.946684996775323,9.046092987060547,24793,0.0,0.0,0.0
2018-04-11 00:00:00-04:00,9.244908409572403,9.244908409572403,8.509292284111723,8.737929344177246,42178,0.0,0.0,0.0
2018-04-12 00:00:00-04:00,8.797574485011598,9.165382554203028,8.64846249067459,8.837337493896484,19513,0.0,0.0,0.0
2018-04-13 00:00:00-04:00,8.648462251409267,9.158523340588063,8.549055205959666,8.558995246887207,15323,0.0,0.0,0.0
2018-04-16 00:00:00-04:00,8.80244591239321,8.877100982196833,8.558995945913292,8.708107948303223,15759,0.0,0.0,0.0
2018-04-17 00:00:00-04:00,8.757811476126712,8.916863511666257,8.529173464019928,8.837337493896484,6490,0.0,0.0,0.0
2018-04-18 00:00:00-04:00,8.81745591688922,8.986448949350255,8.777692906193973,8.787633895874023,5697,0.0,0.0,0.0
2018-04-19 00:00:00-04:00,9.065975085533376,9.135560118124898,8.668344973546153,8.797574996948242,5999,0.0,0.0,0.0
2018-04-20 00:00:00-04:00,8.698166735664387,8.946685785254797,8.454618180828776,8.688225746154785,34130,0.0,0.0,0.0
2018-04-23 00:00:00-04:00,8.847277975111151,8.847277975111151,8.499351867070802,8.618640899658203,36096,0.0,0.0,0.0
2018-04-24 00:00:00-04:00,8.767752029525846,8.767752029525846,8.479469961263261,8.539114952087402,18811,0.0,0.0,0.0
2018-04-25 00:00:00-04:00,8.648462696806774,8.648462696806774,8.250832598480576,8.598758697509766,5941,0.0,0.0,0.0
2018-04-26 00:00:00-04:00,8.618640676438543,8.807514736137254,8.270713629384417,8.598758697509766,22889,0.0,0.0,0.0
2018-04-27 00:00:00-04:00,8.588818550109863,8.787633596820177,8.489410552742244,8.588818550109863,14717,0.0,0.0,0.0
2018-04-30 00:00:00-04:00,8.52917331419247,8.747870333230068,8.330358273260515,8.737929344177246,13568,0.0,0.0,0.0
2018-05-01 00:00:00-04:00,8.658403836705526,8.817455878799436,8.598758846907835,8.698166847229004,15502,0.0,0.0,0.0
2018-05-02 00:00:00-04:00,8.61864071563745,8.86715976522786,8.598758736618247,8.688225746154785,65020,0.0,0.0,0.0
2018-05-03 00:00:00-04:00,8.64846284706842,8.827396868436542,8.64846284706842,8.698166847229004,16887,0.0,0.0,0.0
2018-05-04 00:00:00-04:00,8.698166774418546,8.936744835562324,8.698166774418546,8.777692794799805,1602824,0.0,0.0,0.0
2018-05-07 00:00:00-04:00,8.708108089171741,8.847278156023702,8.67828511939634,8.807515144348145,32638,0.0,0.0,0.0
2018-05-08 00:00:00-04:00,8.936745394351805,8.956627374702755,8.69816731829041,8.827397346496582,143778,0.0,0.0,0.0
2018-05-09 00:00:00-04:00,8.747871321142785,8.84727837882253,8.718049298641361,8.827397346496582,124081,0.0,0.0,0.0
2018-05-10 00:00:00-04:00,8.996390728084942,9.617688417206484,8.797575657171055,9.205146789550781,286056,0.0,0.0,0.0
2018-05-11 00:00:00-04:00,9.205146336876634,9.692243473668327,9.195205346813541,9.423842430114746,427731,0.0,0.0,0.0
2018-05-14 00:00:00-04:00,9.44372469661169,9.751888761737396,8.847278547089365,9.016271591186523,42870,0.0,0.0,0.0
2018-05-15 00:00:00-04:00,9.443724310462924,9.468575837333098,9.04609419239027,9.155442237854004,27797,0.0,0.0,0.0
2018-05-16 00:00:00-04:00,9.14550043302315,9.632597521267586,8.946685391701433,8.996389389038086,144043,0.0,0.0,0.0
2018-05-17 00:00:00-04:00,8.986448839890768,9.322546435008276,8.936744840120891,9.036152839660645,41813,0.0,0.0,0.0
2018-05-18 00:00:00-04:00,9.0759154485637,9.13555948723033,8.966567412324945,9.085856437683105,25676,0.0,0.0,0.0
2018-05-21 00:00:00-04:00,8.92461745512354,9.215086601569778,8.92461745512354,9.185263633728027,36174,0.0,0.0,0.0
2018-05-22 00:00:00-04:00,9.225027090836836,9.284672081392069,8.936745023873964,8.966567993164062,71368,0.0,0.0,0.0
2018-05-23 00:00:00-04:00,8.94668666441902,9.19520573843066,8.94668666441902,9.026212692260742,15887,0.0,0.0,0.0
2018-05-24 00:00:00-04:00,9.066063126171136,9.095950979081442,8.866808239788526,9.08598804473877,192782,0.02,0.0,0.0
2018-05-25 00:00:00-04:00,8.886734008789062,9.046137156012914,8.667554206297416,8.886734008789062,20495,0.0,0.0,0.0
2018-05-29 00:00:00-04:00,8.846882517247426,8.956471934704593,8.73729309979026,8.816994667053223,28928,0.0,0.0,0.0
2018-05-30 00:00:00-04:00,8.95647254590748,8.966435480024645,8.56792761651507,8.876770973205566,63094,0.0,0.0,0.0
2018-05-31 00:00:00-04:00,8.846883019733447,9.095950669106175,8.767181447943587,8.86680793762207,106603,0.0,0.0,0.0
2018-06-01 00:00:00-04:00,8.896696747934122,9.235428903415974,8.896696747934122,9.056099891662598,97506,0.0,0.0,0.0
2018-06-04 00:00:00-04:00,9.085988544645554,9.22048531531845,8.97639911119973,9.135802268981934,86085,0.0,0.0,0.0
2018-06-05 00:00:00-04:00,9.195577626186717,9.225466429715393,8.961454365918465,9.00628662109375,95490,0.0,0.0,0.0
2018-06-06 00:00:00-04:00,9.175652249458954,9.215503035391073,8.97639831979836,9.056099891662598,31444,0.0,0.0,0.0
2018-06-07 00:00:00-04:00,9.095951379173492,9.185615891966084,8.826957840795718,9.125839233398438,44080,0.0,0.0,0.0
2018-06-08 00:00:00-04:00,9.066063336049831,9.09595118965204,8.607778796972456,8.727331161499023,51585,0.0,0.0,0.0
2018-06-11 00:00:00-04:00,8.747256162078981,9.414757582830429,8.747256162078981,9.305168151855469,532146,0.0,0.0,0.0
2018-06-12 00:00:00-04:00,9.335055456201422,9.56419818944614,9.32509252212172,9.534309387207031,557084,0.0,0.0,0.0
2018-06-13 00:00:00-04:00,9.514384022725656,9.823227363763195,9.459588837976113,9.584122657775879,196864,0.0,0.0,0.0
2018-06-14 00:00:00-04:00,9.643900696452073,9.713639341533082,9.175653200622115,9.245391845703125,249426,0.0,0.0,0.0
2018-06-15 00:00:00-04:00,9.295204969359157,9.330074289643418,8.777144732060064,8.807032585144043,910931,0.0,0.0,0.0
2018-06-18 00:00:00-04:00,8.807032731984963,9.175652759892495,8.787106862851605,8.916622161865234,215006,0.0,0.0,0.0
2018-06-19 00:00:00-04:00,8.916621141297679,9.369924160902922,8.836919574122094,9.28524112701416,135382,0.0,0.0,0.0
2018-06-20 00:00:00-04:00,9.265317572209417,9.584123887773826,8.9664361763089,9.135802268981934,90529,0.0,0.0,0.0
2018-06-21 00:00:00-04:00,9.125839227201423,9.454608473805834,8.946510201738016,9.315131187438965,228266,0.0,0.0,0.0
2018-06-22 00:00:00-04:00,9.345018489665843,9.813265945097125,9.10591376991622,9.544272422790527,3152999,0.0,0.0,0.0
2018-06-25 00:00:00-04:00,9.604049023698222,9.604049023698222,8.966435491172476,9.444644927978516,205500,0.0,0.0,0.0
2018-06-26 00:00:00-04:00,9.464570999145508,9.614011213821772,9.364943555949523,9.464570999145508,197056,0.0,0.0,0.0
2018-06-27 00:00:00-04:00,9.46457115129142,9.574160580474516,9.29022359795461,9.384869575500488,148400,0.0,0.0,0.0
2018-06-28 00:00:00-04:00,9.325092169926814,9.544271960813733,9.200558348987055,9.404793739318848,115727,0.0,0.0,0.0
2018-06-29 00:00:00-04:00,9.394832209043173,9.494458700531467,9.135801620961752,9.354981422424316,69963,0.0,0.0,0.0
2018-07-02 00:00:00-04:00,9.285241882013045,9.46457089779847,9.056100095280737,9.454607963562012,81177,0.0,0.0,0.0
2018-07-03 00:00:00-04:00,9.504421786400359,9.643900016851196,9.354981571724094,9.464570999145508,91628,0.0,0.0,0.0
2018-07-05 00:00:00-04:00,9.52434760561755,9.663824885226234,9.424720162939025,9.554235458374023,59969,0.0,0.0,0.0
2018-07-06 00:00:00-04:00,9.564198339927641,9.72360148724015,9.424720110970343,9.454607963562012,88869,0.0,0.0,0.0
2018-07-09 00:00:00-04:00,9.524347706487601,9.604049281427438,9.434683197150855,9.56419849395752,70937,0.0,0.0,0.0
2018-07-10 00:00:00-04:00,9.464570999145508,9.614011213821772,9.29520491578296,9.464570999145508,91954,0.0,0.0,0.0
2018-07-11 00:00:00-04:00,9.434682790698968,9.594085933711456,9.235428861933359,9.335055351257324,43085,0.0,0.0,0.0
2018-07-12 00:00:00-04:00,9.394832258378672,9.46457089779847,9.265316963657833,9.454607963562012,31946,0.0,0.0,0.0
2018-07-13 00:00:00-04:00,9.504421684626598,9.534309537218267,9.384869324142215,9.454607963562012,59122,0.0,0.0,0.0
2018-07-16 00:00:00-04:00,9.4147571762644,9.4147571762644,9.135801668481419,9.2653169631958,48931,0.0,0.0,0.0
2018-07-17 00:00:00-04:00,9.30516699386687,9.574159545555059,9.175651709677139,9.28524112701416,41940,0.0,0.0,0.0
2018-07-18 00:00:00-04:00,9.2752793909868,9.32509215921134,9.185614887994381,9.215502738952637,32090,0.0,0.0,0.0
2018-07-19 00:00:00-04:00,9.215502493264932,9.30516699386687,9.135800926089347,9.28524112701416,26108,0.0,0.0,0.0
2018-07-20 00:00:00-04:00,9.265316559626493,9.444644617474282,9.01634867763682,9.225465774536133,32462,0.0,0.0,0.0
2018-07-23 00:00:00-04:00,9.185615242095016,9.484496613552244,9.185615242095016,9.34501838684082,33818,0.0,0.0,0.0
2018-07-24 00:00:00-04:00,9.394831755733083,9.554234894517151,9.31513018634105,9.404793739318848,57246,0.0,0.0,0.0
2018-07-25 00:00:00-04:00,9.384869223436608,9.464570796237615,9.265316864235098,9.444644927978516,29607,0.0,0.0,0.0
2018-07-26 00:00:00-04:00,9.464570946980372,9.564198389627249,9.285241930263078,9.364943504333496,135432,0.0,0.0,0.0
2018-07-27 00:00:00-04:00,9.39483133127741,9.414756247666391,9.071042651368591,9.175651550292969,24791,0.0,0.0,0.0
2018-07-30 00:00:00-04:00,9.205539805260669,9.33505509290331,9.155726086918476,9.215502738952637,41696,0.0,0.0,0.0
2018-07-31 00:00:00-04:00,9.275279997214392,9.464570999145508,9.275279997214392,9.464570999145508,27887,0.0,0.0,0.0
2018-08-01 00:00:00-04:00,9.474533832034927,9.574160324046394,9.4346830452068,9.454607963562012,121180,0.0,0.0,0.0
2018-08-02 00:00:00-04:00,9.454607616606932,9.56419798895093,9.295204475144029,9.514384269714355,312443,0.0,0.0,0.0
2018-08-03 00:00:00-04:00,9.554234628819975,9.554234628819975,9.195576626412223,9.28524112701416,18494,0.0,0.0,0.0
2018-08-06 00:00:00-04:00,9.27527964768648,9.364943203042746,9.185615142212537,9.335055351257324,20073,0.0,0.0,0.0
2018-08-07 00:00:00-04:00,9.345017967006518,9.444644452937982,9.056099542605276,9.115875244140625,28835,0.0,0.0,0.0
2018-08-08 00:00:00-04:00,9.165689875524963,9.165689875524963,8.98636180293125,9.016249656677246,33992,0.0,0.0,0.0
2018-08-09 00:00:00-04:00,9.384869070978146,9.424719856731269,9.217495390767963,9.335055351257324,46885,0.0,0.0,0.0
2018-08-10 00:00:00-04:00,9.315131037560139,9.3450188912839,9.05610043830692,9.205540657043457,19716,0.0,0.0,0.0
2018-08-13 00:00:00-04:00,9.180932104924947,9.215503087092676,9.092463796713444,9.155726432800293,10954,0.0,0.0,0.0
2018-08-14 00:00:00-04:00,9.016249933332938,9.424720764160156,9.016249933332938,9.424720764160156,21953,0.0,0.0,0.0
2018-08-15 00:00:00-04:00,9.369925428461197,9.369925428461197,9.110895775157976,9.315131187438965,44694,0.0,0.0,0.0
2018-08-16 00:00:00-04:00,9.345018585874746,9.424720159945164,9.250372610371983,9.364943504333496,27781,0.0,0.0,0.0
2018-08-17 00:00:00-04:00,9.345018940402522,9.424720517496628,9.195577770762764,9.305168151855469,24008,0.0,0.0,0.0
2018-08-20 00:00:00-04:00,9.364943706493891,9.46457115129142,9.335055853101725,9.384869575500488,27401,0.0,0.0,0.0
2018-08-21 00:00:00-04:00,9.321207887205713,9.494459004683586,9.321207887205713,9.384869575500488,54413,0.0,0.0,0.0
2018-08-22 00:00:00-04:00,9.384869372909954,9.464570946980372,9.095950929375261,9.364943504333496,35171,0.0,0.0,0.0
2018-08-23 00:00:00-04:00,9.484750606050357,9.784269236670116,9.374927520751953,9.374927520751953,153944,0.02,0.0,0.0
2018-08-24 00:00:00-04:00,9.559630015535694,9.559630015535694,9.414863264711418,9.434830665588379,74187,0.0,0.0,0.0
2018-08-27 00:00:00-04:00,9.544655191880588,9.544655191880588,9.374927991085741,9.404879570007324,80877,0.0,0.0,0.0
2018-08-28 00:00:00-04:00,9.40487975768327,9.40487975768327,9.015505415358557,9.2750883102417,59785,0.0,0.0,0.0
2018-08-29 00:00:00-04:00,9.424847187646323,9.424847187646323,9.075409553179664,9.155281066894531,55304,0.0,0.0,0.0
2018-08-30 00:00:00-04:00,9.20520100100221,9.40487978528938,8.906680194938579,9.155281066894531,56106,0.0,0.0,0.0
2018-08-31 00:00:00-04:00,9.115344840902765,9.378322114763987,8.326612969454006,9.12532901763916,323129,0.0,0.0,0.0
2018-09-04 00:00:00-04:00,8.725970362878314,9.17524783447785,8.725970362878314,9.1353120803833,53623,0.0,0.0,0.0
2018-09-05 00:00:00-04:00,8.656083336847646,9.16526493363716,8.396500449996893,9.115345001220703,64847,0.0,0.0,0.0
2018-09-06 00:00:00-04:00,8.945617973225154,9.155280931665725,8.895698039854821,9.04545783996582,65264,0.0,0.0,0.0
2018-09-07 00:00:00-04:00,9.135312563922646,9.135312563922646,8.935633782880751,9.105360984802246,52108,0.0,0.0,0.0
2018-09-10 00:00:00-04:00,9.175248573256386,9.40487989189725,8.763211304375218,9.38491153717041,139359,0.0,0.0,0.0
2018-09-11 00:00:00-04:00,9.384910772627737,9.454799056334663,9.155280424837292,9.195216178894043,552345,0.0,0.0,0.0
2018-09-12 00:00:00-04:00,9.155281027593663,9.484751258289062,9.155281027593663,9.334992408752441,72548,0.0,0.0,0.0
2018-09-13 00:00:00-04:00,9.38491122748891,9.454799514583131,9.05544100251632,9.344975471496582,63787,0.0,0.0,0.0
2018-09-14 00:00:00-04:00,9.305039728612686,9.474766929855065,9.275088149612127,9.285072326660156,58747,0.0,0.0,0.0
2018-09-17 00:00:00-04:00,9.285071995088547,9.439822925232699,9.125328976598649,9.364943504333496,61500,0.0,0.0,0.0
2018-09-18 00:00:00-04:00,9.394894930193315,9.484750614675301,9.215183561229342,9.315023422241211,80203,0.0,0.0,0.0
2018-09-19 00:00:00-04:00,9.305039237249805,9.484750606050357,9.205200328472205,9.374927520751953,63719,0.0,0.0,0.0
2018-09-20 00:00:00-04:00,9.40487971834725,9.484751231493608,9.285072448627714,9.45479965209961,422191,0.0,0.0,0.0
2018-09-21 00:00:00-04:00,9.54465501699001,9.54465501699001,9.384911044000393,9.474766731262207,260959,0.0,0.0,0.0
2018-09-24 00:00:00-04:00,9.504719101020447,9.534670678886629,9.215183690454547,9.484750747680664,36345,0.0,0.0,0.0
2018-09-25 00:00:00-04:00,9.484750747680664,9.524686502216738,9.384910885268733,9.484750747680664,36244,0.0,0.0,0.0
2018-09-26 00:00:00-04:00,9.425845297578485,9.484750606050357,9.334991766812216,9.374927520751953,45404,0.0,0.0,0.0
2018-09-27 00:00:00-04:00,9.424846971907204,9.434831148928907,9.225168192190774,9.404879570007324,25626,0.0,0.0,0.0
2018-09-28 00:00:00-04:00,9.414863609153965,9.434831010761433,9.22516805709369,9.295056343078613,46985,0.0,0.0,0.0
2018-10-01 00:00:00-04:00,9.364943556538392,9.434830889481436,9.035473341030471,9.065424919128418,24497,0.0,0.0,0.0
2018-10-02 00:00:00-04:00,8.750431442014317,9.085393634578276,8.636115184492633,8.86574649810791,30512,0.0,0.0,0.0
2018-10-03 00:00:00-04:00,8.955602174332943,8.985553753578012,8.83080281664436,8.925649642944336,18776,0.0,0.0,0.0
2018-10-04 00:00:00-04:00,8.885714033670338,8.985553902331443,8.636115314161131,8.975569725036621,91767,0.0,0.0,0.0
2018-10-05 00:00:00-04:00,8.985553420772506,9.309931573248457,8.925649312357548,9.005521774291992,30277,0.0,0.0,0.0
2018-10-08 00:00:00-04:00,8.985554049439363,9.275088530724444,8.935634114291542,9.025489807128906,25020,0.0,0.0,0.0
2018-10-09 00:00:00-04:00,8.49634018526711,9.195216372009604,8.49634018526711,9.005521774291992,32352,0.0,0.0,0.0
2018-10-10 00:00:00-04:00,8.995538122994347,9.175248554449755,8.715986870252943,8.795859336853027,47566,0.0,0.0,0.0
2018-10-11 00:00:00-04:00,8.765906683709515,8.945618064825489,8.366549116944622,8.626132011413574,27363,0.0,0.0,0.0
2018-10-12 00:00:00-04:00,8.7559229691764,8.7559229691764,8.486355912571716,8.656083106994629,45158,0.0,0.0,0.0
2018-10-15 00:00:00-04:00,8.706003245416609,8.706003245416609,8.296661514581276,8.406484603881836,31972,0.0,0.0,0.0
2018-10-16 00:00:00-04:00,8.486356489915082,8.885714061524252,8.39650079826713,8.855762481689453,29901,0.0,0.0,0.0
2018-10-17 00:00:00-04:00,8.81582653905611,9.075409431212595,8.276693352654547,8.985553741455078,49903,0.0,0.0,0.0
2018-10-18 00:00:00-04:00,8.925649482412828,9.085393457181723,8.571219769980713,8.935633659362793,46439,0.0,0.0,0.0
2018-10-19 00:00:00-04:00,8.83579443836385,9.205200403347014,8.686034645764089,8.895697593688965,33863,0.0,0.0,0.0
2018-10-22 00:00:00-04:00,8.975569590271324,8.985553767416235,8.696019295218564,8.86574649810791,15055,0.0,0.0,0.0
2018-10-23 00:00:00-04:00,8.775890350341797,8.885713436776857,8.735954595988732,8.775890350341797,30003,0.0,0.0,0.0
2018-10-24 00:00:00-04:00,8.735954800527402,9.085393373405902,8.486356091940904,8.526291847229004,29818,0.0,0.0,0.0
2018-10-25 00:00:00-04:00,8.61614806632118,9.80423757356064,8.48635661559022,8.965585708618164,280639,0.0,0.0,0.0
2018-10-26 00:00:00-04:00,8.855762295376836,9.135312589621915,8.76590660561932,8.985553741455078,35738,0.0,0.0,0.0
2018-10-29 00:00:00-04:00,9.095376968383789,9.155281079826329,8.845778249636384,9.095376968383789,34139,0.0,0.0,0.0
2018-10-30 00:00:00-04:00,9.135312190459816,9.434830825849735,9.135312190459816,9.424846649169922,103589,0.0,0.0,0.0
2018-10-31 00:00:00-04:00,9.434830846514107,9.434830846514107,8.925649260450374,9.305039405822754,54347,0.0,0.0,0.0
2018-11-01 00:00:00-04:00,9.325007626440016,9.434830712164151,9.1353120803833,9.1353120803833,40837,0.0,0.0,0.0
2018-11-02 00:00:00-04:00,9.215184358995696,9.374928340872556,9.015505571829076,9.265104293823242,39090,0.0,0.0,0.0
2018-11-05 00:00:00-05:00,9.344975300609574,9.434830987985048,9.285072143788266,9.414863586425781,64307,0.0,0.0,0.0
2018-11-06 00:00:00-05:00,12.430015252793943,12.46995100729687,12.390079498291016,12.390079498291016,5353104,0.0,0.0,0.0
2018-11-07 00:00:00-05:00,12.400063825395854,12.449983757166038,12.400063825395854,12.4399995803833,540558,0.0,0.0,0.0
2018-11-08 00:00:00-05:00,12.43001524349349,12.454975685128826,12.43001524349349,12.449983596801758,296146,0.0,0.0,0.0
2018-11-09 00:00:00-05:00,12.4399995803833,12.459966981805271,12.410048002178591,12.4399995803833,206576,0.0,0.0,0.0
2018-11-12 00:00:00-05:00,12.420031066839353,12.454975685128826,12.41004784232871,12.449983596801758,192633,0.0,0.0,0.0
2018-11-13 00:00:00-05:00,12.449983596801758,12.634686104185787,12.41004784232871,12.449983596801758,181478,0.0,0.0,0.0
2018-11-14 00:00:00-05:00,12.449984388075077,12.509887547520115,12.440000210786387,12.459967613220215,170911,0.0,0.0,0.0
2018-11-15 00:00:00-05:00,12.459967452478784,12.469951629638672,12.440000050302546,12.469951629638672,143934,0.0,0.0,0.0
2018-11-16 00:00:00-05:00,12.449984227462435,12.499904161118337,12.440000050302546,12.469951629638672,101036,0.0,0.0,0.0
2018-11-19 00:00:00-05:00,12.469951158588009,12.479935335370747,12.430015403600564,12.4399995803833,78644,0.0,0.0,0.0
2018-11-20 00:00:00-05:00,12.460000038146973,12.5,12.430000305175781,12.470000267028809,99991,0.02,0.0,0.0
2018-11-21 00:00:00-05:00,12.460000038146973,12.609999656677246,12.430000305175781,12.59000015258789,62403,0.0,0.0,0.0
2018-11-23 00:00:00-05:00,12.5600004196167,12.75,12.5600004196167,12.600000381469727,97429,0.0,0.0,0.0
2018-11-26 00:00:00-05:00,12.600000381469727,12.699999809265137,12.510000228881836,12.600000381469727,67253,0.0,0.0,0.0
2018-11-27 00:00:00-05:00,12.59000015258789,12.699999809265137,12.460000038146973,12.5,61682,0.0,0.0,0.0
2018-11-28 00:00:00-05:00,12.59000015258789,12.619999885559082,12.510000228881836,12.619999885559082,89274,0.0,0.0,0.0
2018-11-29 00:00:00-05:00,12.609999656677246,12.640000343322754,12.460000038146973,12.489999771118164,48374,0.0,0.0,0.0
2018-11-30 00:00:00-05:00,12.510000228881836,12.520000457763672,12.460000038146973,12.520000457763672,230058,0.0,0.0,0.0
2018-12-03 00:00:00-05:00,12.539999961853027,12.539999961853027,12.449999809265137,12.460000038146973,136302,0.0,0.0,0.0
2018-12-04 00:00:00-05:00,12.470000267028809,12.5,12.449999809265137,12.460000038146973,68684,0.0,0.0,0.0
2018-12-06 00:00:00-05:00,12.460000038146973,12.550000190734863,12.4399995803833,12.529999732971191,91894,0.0,0.0,0.0
2018-12-07 00:00:00-05:00,12.539999961853027,12.550000190734863,12.449999809265137,12.470000267028809,77610,0.0,0.0,0.0
2018-12-10 00:00:00-05:00,12.489999771118164,12.520000457763672,12.460000038146973,12.5,39029,0.0,0.0,0.0
2018-12-11 00:00:00-05:00,12.520000457763672,12.520000457763672,12.460000038146973,12.470000267028809,318079,0.0,0.0,0.0
2018-12-12 00:00:00-05:00,12.479999542236328,12.5,12.460000038146973,12.479999542236328,103739,0.0,0.0,0.0
2018-12-13 00:00:00-05:00,12.489999771118164,12.489999771118164,12.460000038146973,12.489999771118164,224659,0.0,0.0,0.0
2018-12-14 00:00:00-05:00,12.470000267028809,12.489999771118164,12.40999984741211,12.4399995803833,358508,0.0,0.0,0.0
2018-12-17 00:00:00-05:00,12.4399995803833,12.460000038146973,12.300000190734863,12.34000015258789,306057,0.0,0.0,0.0
2018-12-18 00:00:00-05:00,12.34000015258789,12.430000305175781,12.279999732971191,12.380000114440918,117074,0.0,0.0,0.0
2018-12-19 00:00:00-05:00,12.399999618530273,12.449999809265137,12.359999656677246,12.390000343322754,265325,0.0,0.0,0.0
2018-12-20 00:00:00-05:00,12.399999618530273,12.4399995803833,12.359999656677246,12.369999885559082,311893,0.0,0.0,0.0
2018-12-21 00:00:00-05:00,12.420000076293945,12.420000076293945,12.279999732971191,12.34000015258789,615939,0.0,0.0,0.0
2018-12-24 00:00:00-05:00,12.329999923706055,12.369999885559082,12.319999694824219,12.34000015258789,157149,0.0,0.0,0.0
2018-12-26 00:00:00-05:00,12.350000381469727,12.390000343322754,12.34000015258789,12.34000015258789,552208,0.0,0.0,0.0
2018-12-27 00:00:00-05:00,12.34000015258789,12.380000114440918,12.34000015258789,12.380000114440918,487346,0.0,0.0,0.0
2018-12-28 00:00:00-05:00,12.380000114440918,12.470000267028809,12.300000190734863,12.3100004196167,452197,0.0,0.0,0.0
2018-12-31 00:00:00-05:00,12.359999656677246,12.380000114440918,12.3100004196167,12.380000114440918,221542,0.0,0.0,0.0
2019-01-02 00:00:00-05:00,12.359999656677246,12.460000038146973,12.335000038146973,12.4399995803833,668168,0.0,0.0,0.0
2019-01-03 00:00:00-05:00,12.420000076293945,12.470000267028809,12.350000381469727,12.4399995803833,159063,0.0,0.0,0.0
2019-01-04 00:00:00-05:00,12.4399995803833,12.4399995803833,12.4399995803833,12.4399995803833,0,0.0,0.0,0.0
