Date,Open,High,Low,Close,Volume,Dividends,Stock Splits,Capital Gains
2022-12-07 00:00:00-05:00,24.790000915527344,24.81999969482422,24.704999923706055,24.725000381469727,24700,0.0,0.0,0.0
2022-12-08 00:00:00-05:00,24.93400001525879,25.030000686645508,24.75,24.784000396728516,164900,0.0,0.0,0.0
2022-12-09 00:00:00-05:00,24.764999389648438,25.100000381469727,24.607999801635742,24.607999801635742,4094100,0.0,0.0,0.0
2022-12-12 00:00:00-05:00,24.770000457763672,25.066999435424805,24.770000457763672,24.976999282836914,83000,0.0,0.0,0.0
2022-12-13 00:00:00-05:00,25.5,25.51099967956543,25.030000686645508,25.145000457763672,64400,0.0,0.0,0.0
2022-12-14 00:00:00-05:00,25.139999389648438,25.389999389648438,24.864999771118164,24.972000122070312,103200,0.0,0.0,0.0
2022-12-15 00:00:00-05:00,25.100000381469727,25.100000381469727,24.360000610351562,24.48699951171875,518600,0.0,0.0,0.0
2022-12-16 00:00:00-05:00,24.270000457763672,24.277999877929688,24.025999069213867,24.253999710083008,166200,0.0,0.0,0.0
2022-12-19 00:00:00-05:00,24.290000915527344,24.31999969482422,23.93000030517578,24.07699966430664,250200,0.0,0.0,0.0
2022-12-20 00:00:00-05:00,24.149999618530273,24.25,24.079999923706055,24.124000549316406,208400,0.0,0.0,0.0
2022-12-21 00:00:00-05:00,24.6299991607666,24.6299991607666,24.440000534057617,24.46299934387207,229600,0.0,0.0,0.0
2022-12-22 00:00:00-05:00,24.219999313354492,24.229000091552734,23.843000411987305,24.200000762939453,308900,0.0,0.0,0.0
2022-12-23 00:00:00-05:00,24.329999923706055,24.597999572753906,24.2450008392334,24.427000045776367,354900,0.0,0.0,0.0
2022-12-27 00:00:00-05:00,24.43000030517578,24.559999465942383,24.3799991607666,24.503000259399414,248700,0.0,0.0,0.0
2022-12-28 00:00:00-05:00,24.290000915527344,24.559999465942383,24.190000534057617,24.219999313354492,407300,0.0,0.0,0.0
2022-12-29 00:00:00-05:00,24.020000457763672,24.6299991607666,24.020000457763672,24.540000915527344,372900,0.0,0.0,0.0
2022-12-30 00:00:00-05:00,24.3700008392334,24.530000686645508,24.295000076293945,24.530000686645508,408400,0.0,0.0,0.0
2023-01-03 00:00:00-05:00,24.600000381469727,24.700000762939453,24.260000228881836,24.450000762939453,123700,0.0,0.0,0.0
2023-01-04 00:00:00-05:00,24.649999618530273,24.849000930786133,24.559999465942383,24.739999771118164,197200,0.0,0.0,0.0
2023-01-05 00:00:00-05:00,24.68000030517578,24.759000778198242,24.489999771118164,24.68000030517578,82500,0.0,0.0,0.0
2023-01-06 00:00:00-05:00,25.040000915527344,25.360000610351562,25.040000915527344,25.200000762939453,151200,0.0,0.0,0.0
2023-01-09 00:00:00-05:00,25.260000228881836,25.40999984741211,25.054000854492188,25.09000015258789,100200,0.0,0.0,0.0
2023-01-10 00:00:00-05:00,25.06999969482422,25.420000076293945,25.059999465942383,25.30500030517578,1368300,0.0,0.0,0.0
2023-01-11 00:00:00-05:00,25.43000030517578,25.5049991607666,25.270000457763672,25.5,175400,0.0,0.0,0.0
2023-01-12 00:00:00-05:00,25.850000381469727,25.850000381469727,25.43000030517578,25.690000534057617,406700,0.0,0.0,0.0
2023-01-13 00:00:00-05:00,25.429000854492188,25.819000244140625,25.429000854492188,25.760000228881836,114800,0.0,0.0,0.0
2023-01-17 00:00:00-05:00,25.940000534057617,25.940000534057617,25.579999923706055,25.600000381469727,110200,0.0,0.0,0.0
2023-01-18 00:00:00-05:00,25.68899917602539,25.73699951171875,25.184999465942383,25.184999465942383,179100,0.0,0.0,0.0
2023-01-19 00:00:00-05:00,25.049999237060547,25.159000396728516,24.860000610351562,25.03499984741211,125700,0.0,0.0,0.0
2023-01-20 00:00:00-05:00,25.0,25.3799991607666,25.0,25.3700008392334,199100,0.0,0.0,0.0
2023-01-23 00:00:00-05:00,25.40999984741211,25.739999771118164,25.389999389648438,25.631000518798828,132700,0.0,0.0,0.0
2023-01-24 00:00:00-05:00,25.608999252319336,25.69499969482422,25.40999984741211,25.638999938964844,121400,0.0,0.0,0.0
2023-01-25 00:00:00-05:00,25.5,25.780000686645508,25.395000457763672,25.736000061035156,496600,0.0,0.0,0.0
2023-01-26 00:00:00-05:00,26.0,26.1200008392334,25.799999237060547,26.09000015258789,124200,0.0,0.0,0.0
2023-01-27 00:00:00-05:00,26.020000457763672,26.149999618530273,25.940000534057617,26.010000228881836,156900,0.0,0.0,0.0
2023-01-30 00:00:00-05:00,25.969999313354492,25.969999313354492,25.700000762939453,25.729999542236328,220600,0.0,0.0,0.0
2023-01-31 00:00:00-05:00,25.75,26.114999771118164,25.709999084472656,26.110000610351562,178300,0.0,0.0,0.0
2023-02-01 00:00:00-05:00,25.950000762939453,26.40999984741211,25.81999969482422,26.239999771118164,170300,0.0,0.0,0.0
2023-02-02 00:00:00-05:00,26.399999618530273,26.399999618530273,26.139999389648438,26.309999465942383,143800,0.0,0.0,0.0
2023-02-03 00:00:00-05:00,26.110000610351562,26.329999923706055,26.065000534057617,26.139999389648438,131000,0.0,0.0,0.0
2023-02-06 00:00:00-05:00,25.889999389648438,26.030000686645508,25.809999465942383,25.899999618530273,160800,0.0,0.0,0.0
2023-02-07 00:00:00-05:00,25.860000610351562,26.209999084472656,25.780000686645508,26.139999389648438,119500,0.0,0.0,0.0
2023-02-08 00:00:00-05:00,26.020000457763672,26.139999389648438,25.950000762939453,25.979999542236328,163300,0.0,0.0,0.0
2023-02-09 00:00:00-05:00,26.184999465942383,26.184999465942383,25.722999572753906,25.77899932861328,104000,0.0,0.0,0.0
2023-02-10 00:00:00-05:00,25.790000915527344,26.020000457763672,25.770000457763672,26.010000228881836,111100,0.0,0.0,0.0
2023-02-13 00:00:00-05:00,26.0,26.25,26.0,26.22100067138672,100400,0.0,0.0,0.0
2023-02-14 00:00:00-05:00,26.06999969482422,26.334999084472656,25.989999771118164,26.200000762939453,176300,0.0,0.0,0.0
2023-02-15 00:00:00-05:00,25.979999542236328,26.260000228881836,25.979999542236328,26.260000228881836,125000,0.0,0.0,0.0
2023-02-16 00:00:00-05:00,26.040000915527344,26.209999084472656,25.945999145507812,25.989999771118164,139800,0.0,0.0,0.0
2023-02-17 00:00:00-05:00,25.920000076293945,25.920000076293945,25.695999145507812,25.860000610351562,158300,0.0,0.0,0.0
2023-02-21 00:00:00-05:00,25.729999542236328,25.729999542236328,25.329999923706055,25.375,128500,0.0,0.0,0.0
2023-02-22 00:00:00-05:00,25.43000030517578,25.475000381469727,25.22800064086914,25.305999755859375,274900,0.0,0.0,0.0
2023-02-23 00:00:00-05:00,25.530000686645508,25.530000686645508,25.18899917602539,25.40999984741211,212800,0.0,0.0,0.0
2023-02-24 00:00:00-05:00,25.149999618530273,25.368999481201172,25.06999969482422,25.309999465942383,234600,0.0,0.0,0.0
2023-02-27 00:00:00-05:00,25.433000564575195,25.69499969482422,25.299999237060547,25.329999923706055,221000,0.0,0.0,0.0
2023-02-28 00:00:00-05:00,25.420000076293945,25.420000076293945,25.260000228881836,25.260000228881836,254900,0.0,0.0,0.0
2023-03-01 00:00:00-05:00,25.239999771118164,25.43000030517578,25.229999542236328,25.299999237060547,497600,0.0,0.0,0.0
2023-03-02 00:00:00-05:00,25.229999542236328,25.479000091552734,25.1200008392334,25.389999389648438,684800,0.0,0.0,0.0
2023-03-03 00:00:00-05:00,25.530000686645508,25.770000457763672,25.43000030517578,25.719999313354492,150300,0.0,0.0,0.0
2023-03-06 00:00:00-05:00,25.889999389648438,25.889999389648438,25.59000015258789,25.610000610351562,362900,0.0,0.0,0.0
2023-03-07 00:00:00-05:00,25.649999618530273,25.649999618530273,25.121999740600586,25.170000076293945,208300,0.0,0.0,0.0
2023-03-08 00:00:00-05:00,25.15999984741211,25.264999389648438,24.969999313354492,25.125,283500,0.0,0.0,0.0
2023-03-09 00:00:00-05:00,25.239999771118164,25.239999771118164,24.5,24.540000915527344,218500,0.0,0.0,0.0
2023-03-10 00:00:00-05:00,24.440000534057617,24.649999618530273,24.03499984741211,24.170000076293945,227800,0.0,0.0,0.0
2023-03-13 00:00:00-04:00,23.959999084472656,24.020000457763672,23.3700008392334,23.729999542236328,251500,0.0,0.0,0.0
2023-03-14 00:00:00-04:00,24.155000686645508,24.309999465942383,23.80299949645996,24.059999465942383,266500,0.0,0.0,0.0
2023-03-15 00:00:00-04:00,23.639999389648438,23.639999389648438,23.18000030517578,23.420000076293945,273500,0.0,0.0,0.0
2023-03-16 00:00:00-04:00,23.34000015258789,23.84000015258789,23.149999618530273,23.770000457763672,299900,0.0,0.0,0.0
2023-03-17 00:00:00-04:00,23.829999923706055,23.829999923706055,23.290000915527344,23.360000610351562,223100,0.0,0.0,0.0
2023-03-20 00:00:00-04:00,23.3700008392334,23.760000228881836,23.3700008392334,23.579999923706055,265000,0.0,0.0,0.0
2023-03-21 00:00:00-04:00,24.010000228881836,24.110000610351562,23.940000534057617,24.040000915527344,246400,0.0,0.0,0.0
2023-03-22 00:00:00-04:00,24.09000015258789,24.190000534057617,23.600000381469727,23.600000381469727,301800,0.0,0.0,0.0
2023-03-23 00:00:00-04:00,23.719999313354492,23.920000076293945,23.304000854492188,23.469999313354492,263100,0.0,0.0,0.0
2023-03-24 00:00:00-04:00,23.280000686645508,23.610000610351562,23.15999984741211,23.56999969482422,375600,0.0,0.0,0.0
2023-03-27 00:00:00-04:00,23.84000015258789,23.950000762939453,23.65999984741211,23.81999969482422,255300,0.0,0.0,0.0
2023-03-28 00:00:00-04:00,23.8799991607666,23.93000030517578,23.7810001373291,23.860000610351562,277000,0.0,0.0,0.0
2023-03-29 00:00:00-04:00,24.190000534057617,24.219999313354492,24.040000915527344,24.209999084472656,328900,0.0,0.0,0.0
2023-03-30 00:00:00-04:00,24.469999313354492,24.469999313354492,24.190000534057617,24.290000915527344,173500,0.0,0.0,0.0
2023-03-31 00:00:00-04:00,24.450000762939453,24.579999923706055,24.360000610351562,24.569000244140625,228200,0.0,0.0,0.0
2023-04-03 00:00:00-04:00,24.690000534057617,24.90999984741211,24.670000076293945,24.799999237060547,222500,0.0,0.0,0.0
2023-04-04 00:00:00-04:00,24.790000915527344,24.819000244140625,24.329999923706055,24.420000076293945,135700,0.0,0.0,0.0
2023-04-05 00:00:00-04:00,24.6299991607666,24.6299991607666,24.309999465942383,24.459999084472656,160700,0.0,0.0,0.0
2023-04-06 00:00:00-04:00,24.479999542236328,24.527999877929688,24.389999389648438,24.459999084472656,170900,0.0,0.0,0.0
2023-04-10 00:00:00-04:00,24.329999923706055,24.610000610351562,24.329999923706055,24.600000381469727,239800,0.0,0.0,0.0
2023-04-11 00:00:00-04:00,24.670000076293945,24.89900016784668,24.670000076293945,24.809999465942383,266400,0.0,0.0,0.0
2023-04-12 00:00:00-04:00,24.91699981689453,24.93000030517578,24.690000534057617,24.704999923706055,192600,0.0,0.0,0.0
2023-04-13 00:00:00-04:00,24.658000946044922,24.920000076293945,24.655000686645508,24.8700008392334,139200,0.0,0.0,0.0
2023-04-14 00:00:00-04:00,25.04599952697754,25.059999465942383,24.764999389648438,24.8799991607666,180000,0.0,0.0,0.0
2023-04-17 00:00:00-04:00,24.850000381469727,25.0,24.81999969482422,25.0,205000,0.0,0.0,0.0
2023-04-18 00:00:00-04:00,25.110000610351562,25.110000610351562,24.950000762939453,25.045000076293945,280200,0.0,0.0,0.0
2023-04-19 00:00:00-04:00,24.959999084472656,25.009000778198242,24.860000610351562,24.989999771118164,148400,0.0,0.0,0.0
2023-04-20 00:00:00-04:00,24.829999923706055,24.867000579833984,24.698999404907227,24.760000228881836,255100,0.0,0.0,0.0
2023-04-21 00:00:00-04:00,24.829999923706055,24.829999923706055,24.600000381469727,24.700000762939453,253100,0.0,0.0,0.0
2023-04-24 00:00:00-04:00,24.729999542236328,24.809999465942383,24.709999084472656,24.78499984741211,205100,0.0,0.0,0.0
2023-04-25 00:00:00-04:00,24.65999984741211,24.65999984741211,24.34000015258789,24.350000381469727,189400,0.0,0.0,0.0
2023-04-26 00:00:00-04:00,24.329999923706055,24.329999923706055,24.040000915527344,24.100000381469727,242000,0.0,0.0,0.0
2023-04-27 00:00:00-04:00,24.200000762939453,24.559999465942383,24.170000076293945,24.540000915527344,283600,0.0,0.0,0.0
2023-04-28 00:00:00-04:00,24.520000457763672,24.858999252319336,24.420000076293945,24.829999923706055,174900,0.0,0.0,0.0
2023-05-01 00:00:00-04:00,24.893999099731445,24.959999084472656,24.780000686645508,24.799999237060547,241700,0.0,0.0,0.0
2023-05-02 00:00:00-04:00,24.68000030517578,24.68000030517578,24.128999710083008,24.360000610351562,321600,0.0,0.0,0.0
2023-05-03 00:00:00-04:00,24.360000610351562,24.475000381469727,24.100000381469727,24.1200008392334,403300,0.0,0.0,0.0
2023-05-04 00:00:00-04:00,24.030000686645508,24.030000686645508,23.729999542236328,23.790000915527344,178600,0.0,0.0,0.0
2023-05-05 00:00:00-04:00,24.15999984741211,24.350000381469727,24.1200008392334,24.270000457763672,196900,0.0,0.0,0.0
2023-05-08 00:00:00-04:00,24.420000076293945,24.420000076293945,24.229999542236328,24.264999389648438,264700,0.0,0.0,0.0
2023-05-09 00:00:00-04:00,24.170000076293945,24.290000915527344,24.114999771118164,24.200000762939453,190600,0.0,0.0,0.0
2023-05-10 00:00:00-04:00,24.459999084472656,24.459999084472656,23.90999984741211,24.100000381469727,134600,0.0,0.0,0.0
2023-05-11 00:00:00-04:00,23.959999084472656,23.974000930786133,23.850000381469727,23.959999084472656,146400,0.0,0.0,0.0
2023-05-12 00:00:00-04:00,24.03499984741211,24.03499984741211,23.764999389648438,23.899999618530273,158900,0.0,0.0,0.0
2023-05-15 00:00:00-04:00,24.010000228881836,24.110000610351562,23.90999984741211,24.06999969482422,120600,0.0,0.0,0.0
2023-05-16 00:00:00-04:00,24.020000457763672,24.049999237060547,23.760000228881836,23.760000228881836,220100,0.0,0.0,0.0
2023-05-17 00:00:00-04:00,23.989999771118164,24.209999084472656,23.850000381469727,24.139999389648438,237600,0.0,0.0,0.0
2023-05-18 00:00:00-04:00,24.100000381469727,24.368999481201172,24.06999969482422,24.34000015258789,175100,0.0,0.0,0.0
2023-05-19 00:00:00-04:00,24.40999984741211,24.452999114990234,24.19499969482422,24.299999237060547,100100,0.0,0.0,0.0
2023-05-22 00:00:00-04:00,24.34000015258789,24.440000534057617,24.190000534057617,24.309999465942383,153500,0.0,0.0,0.0
2023-05-23 00:00:00-04:00,24.260000228881836,24.459999084472656,24.200000762939453,24.25,249100,0.0,0.0,0.0
2023-05-24 00:00:00-04:00,24.149999618530273,24.149999618530273,23.93600082397461,24.0,118000,0.0,0.0,0.0
2023-05-25 00:00:00-04:00,23.8700008392334,23.920000076293945,23.719999313354492,23.8700008392334,152900,0.0,0.0,0.0
2023-05-26 00:00:00-04:00,24.049999237060547,24.1200008392334,23.959999084472656,24.09000015258789,646500,0.0,0.0,0.0
2023-05-30 00:00:00-04:00,24.059999465942383,24.065000534057617,23.8799991607666,23.989999771118164,122300,0.0,0.0,0.0
2023-05-31 00:00:00-04:00,23.829999923706055,23.829999923706055,23.634000778198242,23.700000762939453,399000,0.0,0.0,0.0
2023-06-01 00:00:00-04:00,23.90999984741211,24.0,23.65999984741211,23.889999389648438,585200,0.0,0.0,0.0
2023-06-02 00:00:00-04:00,24.170000076293945,24.5,24.149999618530273,24.469999313354492,246800,0.0,0.0,0.0
2023-06-05 00:00:00-04:00,24.559999465942383,24.559999465942383,24.290000915527344,24.360000610351562,239600,0.0,0.0,0.0
2023-06-06 00:00:00-04:00,24.239999771118164,24.579999923706055,24.239999771118164,24.540000915527344,227400,0.0,0.0,0.0
2023-06-07 00:00:00-04:00,24.649999618530273,24.899999618530273,24.608999252319336,24.850000381469727,226900,0.0,0.0,0.0
2023-06-08 00:00:00-04:00,24.8799991607666,24.8799991607666,24.687000274658203,24.8700008392334,174200,0.0,0.0,0.0
2023-06-09 00:00:00-04:00,25.0,25.0,24.770000457763672,24.850000381469727,247600,0.0,0.0,0.0
2023-06-12 00:00:00-04:00,24.850000381469727,24.959999084472656,24.770000457763672,24.959999084472656,143100,0.0,0.0,0.0
2023-06-13 00:00:00-04:00,25.010000228881836,25.280000686645508,25.010000228881836,25.209999084472656,183100,0.0,0.0,0.0
2023-06-14 00:00:00-04:00,25.299999237060547,25.30500030517578,24.881000518798828,25.030000686645508,169700,0.0,0.0,0.0
2023-06-15 00:00:00-04:00,24.979999542236328,25.3799991607666,24.979999542236328,25.31999969482422,147700,0.0,0.0,0.0
2023-06-16 00:00:00-04:00,25.399999618530273,25.399999618530273,25.229999542236328,25.299999237060547,193500,0.0,0.0,0.0
2023-06-20 00:00:00-04:00,25.139999389648438,25.139999389648438,24.90999984741211,25.020000457763672,177100,0.0,0.0,0.0
2023-06-21 00:00:00-04:00,24.899999618530273,25.0,24.770000457763672,24.899999618530273,144200,0.0,0.0,0.0
2023-06-22 00:00:00-04:00,24.780000686645508,24.808000564575195,24.67099952697754,24.760000228881836,248600,0.0,0.0,0.0
2023-06-23 00:00:00-04:00,24.610000610351562,24.65999984741211,24.520000457763672,24.6200008392334,534400,0.0,0.0,0.0
2023-06-26 00:00:00-04:00,24.649999618530273,24.799999237060547,24.645000457763672,24.739999771118164,107000,0.0,0.0,0.0
2023-06-27 00:00:00-04:00,24.790000915527344,24.989999771118164,24.68000030517578,24.969999313354492,231200,0.0,0.0,0.0
2023-06-28 00:00:00-04:00,24.889999389648438,24.989999771118164,24.80500030517578,24.989999771118164,237200,0.0,0.0,0.0
2023-06-29 00:00:00-04:00,24.940000534057617,25.18000030517578,24.940000534057617,25.18000030517578,82400,0.0,0.0,0.0
2023-06-30 00:00:00-04:00,25.360000610351562,25.450000762939453,25.280000686645508,25.399999618530273,111400,0.0,0.0,0.0
2023-07-03 00:00:00-04:00,25.40999984741211,25.549999237060547,25.35099983215332,25.510000228881836,121800,0.0,0.0,0.0
2023-07-05 00:00:00-04:00,25.420000076293945,25.420000076293945,25.270000457763672,25.329999923706055,229300,0.0,0.0,0.0
2023-07-06 00:00:00-04:00,25.1200008392334,25.1200008392334,24.850000381469727,25.049999237060547,104200,0.0,0.0,0.0
2023-07-07 00:00:00-04:00,25.020000457763672,25.350000381469727,25.020000457763672,25.110000610351562,117700,0.0,0.0,0.0
2023-07-10 00:00:00-04:00,25.139999389648438,25.34000015258789,25.139999389648438,25.274999618530273,107200,0.0,0.0,0.0
2023-07-11 00:00:00-04:00,25.40999984741211,25.670000076293945,25.40999984741211,25.639999389648438,155600,0.0,0.0,0.0
2023-07-12 00:00:00-04:00,25.889999389648438,25.889999389648438,25.725000381469727,25.759000778198242,192000,0.0,0.0,0.0
2023-07-13 00:00:00-04:00,25.889999389648438,25.889999389648438,25.780000686645508,25.84000015258789,137700,0.0,0.0,0.0
2023-07-14 00:00:00-04:00,25.75,25.770000457763672,25.549999237060547,25.549999237060547,123500,0.0,0.0,0.0
2023-07-17 00:00:00-04:00,25.530000686645508,25.68000030517578,25.5,25.6200008392334,132800,0.0,0.0,0.0
2023-07-18 00:00:00-04:00,25.59000015258789,25.948999404907227,25.59000015258789,25.850000381469727,391200,0.0,0.0,0.0
2023-07-19 00:00:00-04:00,25.969999313354492,26.100000381469727,25.951000213623047,26.020999908447266,126100,0.0,0.0,0.0
2023-07-20 00:00:00-04:00,26.100000381469727,26.100000381469727,25.982999801635742,26.09000015258789,1199700,0.0,0.0,0.0
2023-07-21 00:00:00-04:00,26.190000534057617,26.190000534057617,26.06399917602539,26.1200008392334,185100,0.0,0.0,0.0
2023-07-24 00:00:00-04:00,26.229000091552734,26.34000015258789,26.18000030517578,26.260000228881836,166100,0.0,0.0,0.0
2023-07-25 00:00:00-04:00,26.200000762939453,26.350000381469727,26.177000045776367,26.270000457763672,220800,0.0,0.0,0.0
2023-07-26 00:00:00-04:00,26.219999313354492,26.389999389648438,26.219999313354492,26.299999237060547,202400,0.0,0.0,0.0
2023-07-27 00:00:00-04:00,26.510000228881836,26.510000228881836,26.158000946044922,26.200000762939453,105700,0.0,0.0,0.0
2023-07-28 00:00:00-04:00,26.389999389648438,26.389999389648438,26.18000030517578,26.290000915527344,120800,0.0,0.0,0.0
