Date,Open,High,Low,Close,Volume,Dividends,Stock Splits
2022-12-07 00:00:00-05:00,9.930000305175781,9.930000305175781,9.930000305175781,9.930000305175781,100,0.0,0.0
2022-12-08 00:00:00-05:00,9.930000305175781,9.930000305175781,9.930000305175781,9.930000305175781,100,0.0,0.0
2022-12-09 00:00:00-05:00,9.930000305175781,9.930000305175781,9.930000305175781,9.930000305175781,0,0.0,0.0
2022-12-12 00:00:00-05:00,9.930000305175781,9.930000305175781,9.930000305175781,9.930000305175781,0,0.0,0.0
2022-12-13 00:00:00-05:00,9.930000305175781,9.930000305175781,9.930000305175781,9.930000305175781,0,0.0,0.0
2022-12-14 00:00:00-05:00,9.930000305175781,9.930000305175781,9.930000305175781,9.930000305175781,0,0.0,0.0
2022-12-15 00:00:00-05:00,9.930000305175781,9.930000305175781,9.930000305175781,9.930000305175781,0,0.0,0.0
2022-12-16 00:00:00-05:00,10.100000381469727,10.100000381469727,10.100000381469727,10.100000381469727,100,0.0,0.0
2022-12-19 00:00:00-05:00,10.050000190734863,10.050000190734863,10.050000190734863,10.050000190734863,500,0.0,0.0
2022-12-20 00:00:00-05:00,10.050000190734863,10.050000190734863,10.050000190734863,10.050000190734863,0,0.0,0.0
2022-12-21 00:00:00-05:00,10.050000190734863,10.050000190734863,10.050000190734863,10.050000190734863,0,0.0,0.0
2022-12-22 00:00:00-05:00,10.050000190734863,10.050000190734863,10.050000190734863,10.050000190734863,0,0.0,0.0
2022-12-23 00:00:00-05:00,10.050000190734863,10.050000190734863,10.050000190734863,10.050000190734863,0,0.0,0.0
2022-12-27 00:00:00-05:00,10.050000190734863,10.050000190734863,10.050000190734863,10.050000190734863,0,0.0,0.0
2022-12-28 00:00:00-05:00,10.050000190734863,10.050000190734863,10.050000190734863,10.050000190734863,0,0.0,0.0
2022-12-29 00:00:00-05:00,10.050000190734863,10.050000190734863,10.050000190734863,10.050000190734863,0,0.0,0.0
2022-12-30 00:00:00-05:00,10.050000190734863,10.050000190734863,10.050000190734863,10.050000190734863,0,0.0,0.0
2023-01-03 00:00:00-05:00,10.050000190734863,10.050000190734863,10.050000190734863,10.050000190734863,0,0.0,0.0
2023-01-04 00:00:00-05:00,10.050000190734863,10.050000190734863,10.050000190734863,10.050000190734863,0,0.0,0.0
2023-01-05 00:00:00-05:00,10.050000190734863,10.050000190734863,10.050000190734863,10.050000190734863,0,0.0,0.0
2023-01-06 00:00:00-05:00,10.050000190734863,10.456000328063965,10.0,10.069999694824219,3200,0.0,0.0
2023-01-09 00:00:00-05:00,10.100000381469727,10.100000381469727,10.100000381469727,10.100000381469727,400,0.0,0.0
2023-01-10 00:00:00-05:00,10.100000381469727,10.100000381469727,10.100000381469727,10.100000381469727,0,0.0,0.0
2023-01-11 00:00:00-05:00,10.149999618530273,10.149999618530273,9.960000038146973,10.149999618530273,3100,0.0,0.0
2023-01-12 00:00:00-05:00,10.149999618530273,10.149999618530273,10.149999618530273,10.149999618530273,0,0.0,0.0
2023-01-13 00:00:00-05:00,10.149999618530273,10.149999618530273,10.149999618530273,10.149999618530273,0,0.0,0.0
2023-01-17 00:00:00-05:00,10.149999618530273,10.149999618530273,10.149999618530273,10.149999618530273,0,0.0,0.0
2023-01-18 00:00:00-05:00,10.0,10.010000228881836,10.0,10.010000228881836,400,0.0,0.0
2023-01-19 00:00:00-05:00,10.010000228881836,10.010000228881836,10.010000228881836,10.010000228881836,100,0.0,0.0
2023-01-20 00:00:00-05:00,10.010000228881836,10.010000228881836,10.010000228881836,10.010000228881836,0,0.0,0.0
2023-01-23 00:00:00-05:00,10.010000228881836,10.010000228881836,10.010000228881836,10.010000228881836,0,0.0,0.0
2023-01-24 00:00:00-05:00,10.010000228881836,10.010000228881836,10.010000228881836,10.010000228881836,0,0.0,0.0
2023-01-25 00:00:00-05:00,10.010000228881836,10.010000228881836,10.010000228881836,10.010000228881836,0,0.0,0.0
2023-01-26 00:00:00-05:00,10.505000114440918,10.505000114440918,10.020000457763672,10.119999885559082,100,0.0,0.0
2023-01-27 00:00:00-05:00,10.119999885559082,10.119999885559082,10.119999885559082,10.119999885559082,0,0.0,0.0
2023-01-30 00:00:00-05:00,10.119999885559082,10.119999885559082,10.119999885559082,10.119999885559082,0,0.0,0.0
2023-01-31 00:00:00-05:00,10.119999885559082,10.119999885559082,10.119999885559082,10.119999885559082,0,0.0,0.0
2023-02-01 00:00:00-05:00,10.119999885559082,10.119999885559082,10.119999885559082,10.119999885559082,0,0.0,0.0
2023-02-02 00:00:00-05:00,10.119999885559082,10.119999885559082,10.119999885559082,10.119999885559082,0,0.0,0.0
2023-02-03 00:00:00-05:00,10.119999885559082,10.119999885559082,10.119999885559082,10.119999885559082,0,0.0,0.0
2023-02-06 00:00:00-05:00,10.119999885559082,10.119999885559082,10.119999885559082,10.119999885559082,0,0.0,0.0
2023-02-07 00:00:00-05:00,10.119999885559082,10.119999885559082,10.119999885559082,10.119999885559082,0,0.0,0.0
2023-02-08 00:00:00-05:00,10.199999809265137,10.199999809265137,10.199999809265137,10.199999809265137,5000,0.0,0.0
2023-02-09 00:00:00-05:00,10.199999809265137,10.199999809265137,10.199999809265137,10.199999809265137,0,0.0,0.0
2023-02-10 00:00:00-05:00,10.199999809265137,10.199999809265137,10.199999809265137,10.199999809265137,0,0.0,0.0
2023-02-13 00:00:00-05:00,10.300000190734863,10.300000190734863,10.300000190734863,10.300000190734863,100,0.0,0.0
2023-02-14 00:00:00-05:00,10.119999885559082,10.199999809265137,10.119999885559082,10.199999809265137,2700,0.0,0.0
2023-02-15 00:00:00-05:00,10.199999809265137,10.199999809265137,10.199999809265137,10.199999809265137,0,0.0,0.0
2023-02-16 00:00:00-05:00,10.199999809265137,10.199999809265137,10.199999809265137,10.199999809265137,0,0.0,0.0
2023-02-17 00:00:00-05:00,10.199999809265137,10.199999809265137,10.199999809265137,10.199999809265137,0,0.0,0.0
2023-02-21 00:00:00-05:00,10.300000190734863,10.449999809265137,10.25,10.25,2700,0.0,0.0
2023-02-22 00:00:00-05:00,10.25,10.25,10.25,10.25,0,0.0,0.0
2023-02-23 00:00:00-05:00,10.25,10.25,10.25,10.25,0,0.0,0.0
2023-02-24 00:00:00-05:00,10.25,10.25,10.25,10.25,0,0.0,0.0
2023-02-27 00:00:00-05:00,10.25,10.25,10.25,10.25,0,0.0,0.0
2023-02-28 00:00:00-05:00,10.199999809265137,10.199999809265137,10.199999809265137,10.199999809265137,100,0.0,0.0
2023-03-01 00:00:00-05:00,10.25,10.25,10.25,10.25,100,0.0,0.0
2023-03-02 00:00:00-05:00,10.260000228881836,10.270000457763672,10.199999809265137,10.270000457763672,1700,0.0,0.0
2023-03-03 00:00:00-05:00,10.229999542236328,10.229999542236328,10.229999542236328,10.229999542236328,900,0.0,0.0
2023-03-06 00:00:00-05:00,10.199999809265137,10.850000381469727,10.199999809265137,10.270999908447266,2200,0.0,0.0
2023-03-07 00:00:00-05:00,10.270999908447266,10.270999908447266,10.270999908447266,10.270999908447266,0,0.0,0.0
2023-03-08 00:00:00-05:00,10.289999961853027,10.350000381469727,10.289999961853027,10.350000381469727,2200,0.0,0.0
2023-03-09 00:00:00-05:00,10.319999694824219,10.319999694824219,10.319999694824219,10.319999694824219,500,0.0,0.0
2023-03-10 00:00:00-05:00,10.25,10.25,10.25,10.25,1100,0.0,0.0
2023-03-13 00:00:00-04:00,10.25,10.25,10.25,10.25,0,0.0,0.0
2023-03-14 00:00:00-04:00,10.25,10.25,10.25,10.25,0,0.0,0.0
2023-03-15 00:00:00-04:00,10.25,10.25,10.25,10.25,1100,0.0,0.0
2023-03-16 00:00:00-04:00,10.25,10.25,10.25,10.25,0,0.0,0.0
2023-03-17 00:00:00-04:00,10.25,10.25,10.25,10.25,0,0.0,0.0
2023-03-20 00:00:00-04:00,10.300000190734863,10.319999694824219,10.25,10.25,900,0.0,0.0
2023-03-21 00:00:00-04:00,10.25,10.300000190734863,10.220000267028809,10.300000190734863,1800,0.0,0.0
2023-03-22 00:00:00-04:00,10.300000190734863,10.300000190734863,10.300000190734863,10.300000190734863,0,0.0,0.0
2023-03-23 00:00:00-04:00,10.300000190734863,10.300000190734863,10.300000190734863,10.300000190734863,0,0.0,0.0
2023-03-24 00:00:00-04:00,10.300000190734863,10.300000190734863,10.119999885559082,10.119999885559082,30200,0.0,0.0
2023-03-27 00:00:00-04:00,10.25,10.260000228881836,10.25,10.25,2400,0.0,0.0
2023-03-28 00:00:00-04:00,10.25,10.25,10.25,10.25,0,0.0,0.0
2023-03-29 00:00:00-04:00,10.270000457763672,10.270000457763672,10.239999771118164,10.239999771118164,48900,0.0,0.0
2023-03-30 00:00:00-04:00,10.25,10.25,10.25,10.25,500,0.0,0.0
2023-03-31 00:00:00-04:00,10.25,10.25,10.25,10.25,0,0.0,0.0
2023-04-03 00:00:00-04:00,10.25,10.25,10.25,10.25,47300,0.0,0.0
2023-04-04 00:00:00-04:00,10.25,10.260000228881836,10.25,10.25,10500,0.0,0.0
2023-04-05 00:00:00-04:00,10.220000267028809,10.220000267028809,10.220000267028809,10.220000267028809,200,0.0,0.0
2023-04-06 00:00:00-04:00,10.220000267028809,10.220000267028809,10.220000267028809,10.220000267028809,0,0.0,0.0
2023-04-10 00:00:00-04:00,10.220000267028809,10.220000267028809,10.220000267028809,10.220000267028809,0,0.0,0.0
2023-04-11 00:00:00-04:00,10.239999771118164,10.260000228881836,10.229999542236328,10.260000228881836,1500,0.0,0.0
2023-04-12 00:00:00-04:00,10.25,10.25,10.25,10.25,400,0.0,0.0
2023-04-13 00:00:00-04:00,10.25,10.25,10.25,10.25,33300,0.0,0.0
2023-04-14 00:00:00-04:00,10.239999771118164,10.25,10.210000038146973,10.210000038146973,2900,0.0,0.0
2023-04-17 00:00:00-04:00,10.25,10.25,10.210000038146973,10.210000038146973,400,0.0,0.0
2023-04-18 00:00:00-04:00,10.210000038146973,10.210000038146973,10.210000038146973,10.210000038146973,200,0.0,0.0
2023-04-19 00:00:00-04:00,10.210000038146973,10.210000038146973,10.210000038146973,10.210000038146973,0,0.0,0.0
2023-04-20 00:00:00-04:00,10.210000038146973,10.210000038146973,10.210000038146973,10.210000038146973,0,0.0,0.0
2023-04-21 00:00:00-04:00,10.210000038146973,10.210000038146973,10.210000038146973,10.210000038146973,0,0.0,0.0
2023-04-24 00:00:00-04:00,10.210000038146973,10.210000038146973,10.210000038146973,10.210000038146973,0,0.0,0.0
2023-04-25 00:00:00-04:00,10.210000038146973,10.210000038146973,10.210000038146973,10.210000038146973,0,0.0,0.0
2023-04-26 00:00:00-04:00,10.350000381469727,10.350000381469727,10.229999542236328,10.229999542236328,500,0.0,0.0
2023-04-27 00:00:00-04:00,10.229999542236328,10.229999542236328,10.175000190734863,10.215999603271484,2900,0.0,0.0
2023-04-28 00:00:00-04:00,10.270000457763672,10.270000457763672,10.210000038146973,10.210000038146973,1400,0.0,0.0
2023-05-01 00:00:00-04:00,10.210000038146973,10.210000038146973,10.210000038146973,10.210000038146973,0,0.0,0.0
2023-05-02 00:00:00-04:00,10.25,10.25,10.25,10.25,50000,0.0,0.0
2023-05-03 00:00:00-04:00,10.25,10.25,10.25,10.25,0,0.0,0.0
2023-05-04 00:00:00-04:00,10.25,10.25,10.25,10.25,1100,0.0,0.0
2023-05-05 00:00:00-04:00,10.25,10.25,10.25,10.25,0,0.0,0.0
2023-05-08 00:00:00-04:00,10.25,10.25,10.25,10.25,0,0.0,0.0
2023-05-09 00:00:00-04:00,10.25,10.25,10.25,10.25,1000,0.0,0.0
2023-05-10 00:00:00-04:00,10.25,10.25,10.25,10.25,1000,0.0,0.0
2023-05-11 00:00:00-04:00,10.25,10.25,10.25,10.25,0,0.0,0.0
2023-05-12 00:00:00-04:00,10.25,10.25,10.25,10.25,4900,0.0,0.0
2023-05-15 00:00:00-04:00,10.25,10.270000457763672,10.25,10.260000228881836,113300,0.0,0.0
2023-05-16 00:00:00-04:00,10.25,10.25,10.25,10.25,200,0.0,0.0
2023-05-17 00:00:00-04:00,10.25,10.25,10.25,10.25,0,0.0,0.0
2023-05-18 00:00:00-04:00,10.25,10.25,10.25,10.25,300,0.0,0.0
2023-05-19 00:00:00-04:00,10.25,10.25,10.25,10.25,0,0.0,0.0
2023-05-22 00:00:00-04:00,10.25,10.25,10.25,10.25,0,0.0,0.0
2023-05-23 00:00:00-04:00,10.25,10.260000228881836,10.25,10.260000228881836,40400,0.0,0.0
2023-05-24 00:00:00-04:00,10.260000228881836,10.260000228881836,10.260000228881836,10.260000228881836,0,0.0,0.0
2023-05-25 00:00:00-04:00,10.260000228881836,10.260000228881836,10.260000228881836,10.260000228881836,0,0.0,0.0
2023-05-26 00:00:00-04:00,10.260000228881836,10.260000228881836,10.260000228881836,10.260000228881836,0,0.0,0.0
2023-05-30 00:00:00-04:00,10.260000228881836,10.260000228881836,10.260000228881836,10.260000228881836,0,0.0,0.0
2023-05-31 00:00:00-04:00,10.260000228881836,10.260000228881836,10.260000228881836,10.260000228881836,0,0.0,0.0
2023-06-01 00:00:00-04:00,10.260000228881836,10.260000228881836,10.229999542236328,10.229999542236328,100100,0.0,0.0
2023-06-02 00:00:00-04:00,10.229999542236328,10.229999542236328,10.229999542236328,10.229999542236328,0,0.0,0.0
2023-06-05 00:00:00-04:00,10.229999542236328,10.229999542236328,10.229999542236328,10.229999542236328,0,0.0,0.0
2023-06-06 00:00:00-04:00,10.229999542236328,10.229999542236328,10.229999542236328,10.229999542236328,0,0.0,0.0
2023-06-07 00:00:00-04:00,10.229999542236328,10.229999542236328,10.229999542236328,10.229999542236328,0,0.0,0.0
2023-06-08 00:00:00-04:00,10.239999771118164,10.239999771118164,10.229999542236328,10.229999542236328,31800,0.0,0.0
2023-06-09 00:00:00-04:00,10.229999542236328,10.260000228881836,10.229999542236328,10.260000228881836,26400,0.0,0.0
2023-06-12 00:00:00-04:00,10.239999771118164,10.239999771118164,10.229999542236328,10.229999542236328,6900,0.0,0.0
2023-06-13 00:00:00-04:00,10.229999542236328,10.229999542236328,10.229999542236328,10.229999542236328,0,0.0,0.0
2023-06-14 00:00:00-04:00,10.229999542236328,10.229999542236328,10.229999542236328,10.229999542236328,0,0.0,0.0
2023-06-15 00:00:00-04:00,10.25,10.350000381469727,10.25,10.25,2300,0.0,0.0
2023-06-16 00:00:00-04:00,10.319999694824219,10.319999694824219,10.319999694824219,10.319999694824219,100,0.0,0.0
2023-06-20 00:00:00-04:00,10.319999694824219,10.319999694824219,10.319999694824219,10.319999694824219,0,0.0,0.0
2023-06-21 00:00:00-04:00,10.25,10.260000228881836,10.25,10.260000228881836,38000,0.0,0.0
2023-06-22 00:00:00-04:00,10.300000190734863,10.300000190734863,10.300000190734863,10.300000190734863,2000,0.0,0.0
2023-06-23 00:00:00-04:00,10.25,10.274999618530273,10.239999771118164,10.270000457763672,330400,0.0,0.0
2023-06-26 00:00:00-04:00,10.270000457763672,10.270000457763672,10.270000457763672,10.270000457763672,300,0.0,0.0
2023-06-27 00:00:00-04:00,10.300000190734863,10.300000190734863,10.300000190734863,10.300000190734863,2700,0.0,0.0
2023-06-28 00:00:00-04:00,10.319999694824219,10.369999885559082,10.319999694824219,10.329999923706055,9000,0.0,0.0
2023-06-29 00:00:00-04:00,10.28600025177002,10.28600025177002,10.28600025177002,10.28600025177002,300,0.0,0.0
2023-06-30 00:00:00-04:00,10.270999908447266,10.289999961853027,10.270999908447266,10.270999908447266,2600,0.0,0.0
2023-07-03 00:00:00-04:00,10.270999908447266,10.270999908447266,10.270999908447266,10.270999908447266,0,0.0,0.0
2023-07-05 00:00:00-04:00,10.470000267028809,10.479999542236328,10.460000038146973,10.470000267028809,900,0.0,0.0
2023-07-06 00:00:00-04:00,10.470000267028809,10.470000267028809,10.470000267028809,10.470000267028809,0,0.0,0.0
2023-07-07 00:00:00-04:00,10.470000267028809,10.470000267028809,10.470000267028809,10.470000267028809,0,0.0,0.0
2023-07-10 00:00:00-04:00,10.470000267028809,10.470000267028809,10.470000267028809,10.470000267028809,0,0.0,0.0
2023-07-11 00:00:00-04:00,10.350000381469727,10.350000381469727,10.350000381469727,10.350000381469727,800,0.0,0.0
2023-07-12 00:00:00-04:00,10.350000381469727,10.399999618530273,10.350000381469727,10.399999618530273,600,0.0,0.0
2023-07-13 00:00:00-04:00,10.399999618530273,10.399999618530273,10.399999618530273,10.399999618530273,0,0.0,0.0
2023-07-14 00:00:00-04:00,10.369999885559082,10.371000289916992,10.369999885559082,10.371000289916992,500,0.0,0.0
2023-07-17 00:00:00-04:00,10.371000289916992,10.371000289916992,10.371000289916992,10.371000289916992,0,0.0,0.0
2023-07-18 00:00:00-04:00,10.371000289916992,10.371000289916992,10.371000289916992,10.371000289916992,0,0.0,0.0
2023-07-19 00:00:00-04:00,10.369999885559082,10.369999885559082,10.369999885559082,10.369999885559082,100,0.0,0.0
2023-07-20 00:00:00-04:00,10.369999885559082,10.369999885559082,10.369999885559082,10.369999885559082,0,0.0,0.0
2023-07-21 00:00:00-04:00,10.4350004196167,10.4350004196167,10.385000228881836,10.399999618530273,11400,0.0,0.0
2023-07-24 00:00:00-04:00,10.399999618530273,10.399999618530273,10.399999618530273,10.399999618530273,20000,0.0,0.0
2023-07-25 00:00:00-04:00,10.380000114440918,10.399999618530273,10.380000114440918,10.399999618530273,900,0.0,0.0
2023-07-26 00:00:00-04:00,10.399999618530273,10.5,10.399999618530273,10.449999809265137,5200,0.0,0.0
2023-07-27 00:00:00-04:00,10.460000038146973,10.460000038146973,10.359999656677246,10.359999656677246,42200,0.0,0.0
2023-07-28 00:00:00-04:00,10.359999656677246,10.359999656677246,10.359999656677246,10.359999656677246,1000,0.0,0.0
