Date,Open,High,Low,Close,Volume,Dividends,Stock Splits,Capital Gains
2018-06-13 00:00:00-04:00,24.786869049072266,24.786869049072266,24.786869049072266,24.786869049072266,0,0.0,0.0,0.0
2018-06-14 00:00:00-04:00,24.846216463845764,24.875888284672186,24.739788049546313,24.786869049072266,197195,0.0,0.0,0.0
2018-06-15 00:00:00-04:00,24.707741057902133,24.77697782193508,24.589050001434316,24.717632293701172,26077,0.0,0.0,0.0
2018-06-18 00:00:00-04:00,24.56926834655019,25.22207483850429,24.47035787183221,24.74730682373047,70135,0.0,0.0,0.0
2018-06-19 00:00:00-04:00,24.480248032723416,24.648395266390395,24.312198900192442,24.617733001708984,37200,0.0,0.0,0.0
2018-06-20 00:00:00-04:00,24.776977804666522,24.915453219196234,24.74730598385041,24.85610580444336,32977,0.0,0.0,0.0
2018-06-21 00:00:00-04:00,24.86599651260401,24.86599651260401,24.579158226959514,24.628612518310547,14973,0.0,0.0,0.0
2018-06-22 00:00:00-04:00,24.64839528451214,24.64839528451214,24.4605655670166,24.4605655670166,5987,0.0,0.0,0.0
2018-06-25 00:00:00-04:00,24.04504479178385,24.04504479178385,23.748315246284367,23.93624496459961,20637,0.0,0.0,0.0
2018-06-26 00:00:00-04:00,23.90162438556002,24.143953051933476,23.90162438556002,24.100828170776367,21756,0.0,0.0,0.0
2018-06-27 00:00:00-04:00,23.69984871558838,23.71270751112297,23.631006240844727,23.631006240844727,6170,0.0,0.0,0.0
2018-06-28 00:00:00-04:00,23.590058181249223,23.73110309317528,23.561373031030055,23.719432830810547,11969,0.0,0.0,0.0
2018-06-29 00:00:00-04:00,23.886785794498415,23.926350735114493,23.688966751098633,23.688966751098633,5062,0.0,0.0,0.0
2018-07-02 00:00:00-04:00,23.402128469408158,23.585111618041992,23.402128469408158,23.585111618041992,367,0.0,0.0,0.0
2018-07-03 00:00:00-04:00,23.896678108606032,23.896678108606032,23.797767639160156,23.797767639160156,5383,0.0,0.0,0.0
2018-07-05 00:00:00-04:00,23.896678123297846,23.896678123297846,23.580166130124674,23.65929412841797,3030,0.0,0.0,0.0
2018-07-06 00:00:00-04:00,23.76809500180151,24.014379779516833,23.76809500180151,23.975805282592773,2466,0.0,0.0,0.0
2018-07-09 00:00:00-04:00,24.252756108462616,24.321992874145508,24.242864872427866,24.321992874145508,2796,0.0,0.0,0.0
2018-07-10 00:00:00-04:00,24.42090308233311,24.430694330561614,24.24286460876465,24.24286460876465,2996,0.0,0.0,0.0
2018-07-11 00:00:00-04:00,24.22307996305728,24.27253613825481,24.035150270427025,24.094497680664062,1824,0.0,0.0,0.0
2018-07-12 00:00:00-04:00,24.252752834391746,24.261653625029172,24.223079130293375,24.2379150390625,3835,0.0,0.0,0.0
2018-07-13 00:00:00-04:00,24.278077261861878,24.278077261861878,24.20329966916456,24.213092803955078,374,0.0,0.0,0.0
2018-07-16 00:00:00-04:00,24.134061535890268,24.19103376874927,24.134061535890268,24.158788681030273,6941,0.0,0.0,0.0
2018-07-17 00:00:00-04:00,24.34177370495085,24.42090170133322,24.33188246958302,24.42050552368164,13142,0.0,0.0,0.0
2018-07-18 00:00:00-04:00,24.460463939388504,24.627622604370117,24.39221573822181,24.627622604370117,77026,0.0,0.0,0.0
2018-07-19 00:00:00-04:00,24.618722113872536,24.64839582162113,24.529702877187102,24.591127395629883,6593,0.0,0.0,0.0
2018-07-20 00:00:00-04:00,24.617733007265542,24.618721564867013,24.566793992385236,24.56926727294922,6485,0.0,0.0,0.0
2018-07-23 00:00:00-04:00,24.381337026160406,24.539593020653662,24.374709539945126,24.51486587524414,24561,0.0,0.0,0.0
2018-07-24 00:00:00-04:00,24.757197826872737,24.757197826872737,24.224070957993725,24.321992874145508,35076,0.0,0.0,0.0
2018-07-25 00:00:00-04:00,24.351665209476117,24.54948425933841,24.312100267567498,24.480247497558594,39209,0.0,0.0,0.0
2018-07-26 00:00:00-04:00,24.292318346084016,24.509821770686496,24.292318346084016,24.455718994140625,1714,0.0,0.0,0.0
2018-07-27 00:00:00-04:00,24.17362786823132,24.17362786823132,23.862258628009265,23.917449951171875,5905,0.0,0.0,0.0
2018-07-30 00:00:00-04:00,23.84722246498336,23.86304693179884,23.65138053894043,23.65138053894043,676,0.0,0.0,0.0
2018-07-31 00:00:00-04:00,23.758202951509485,23.98569569501769,23.634565344834137,23.869970321655273,4532,0.0,0.0,0.0
2018-08-01 00:00:00-04:00,23.856618346189343,23.916460037231445,23.83030837698149,23.916460037231445,3742,0.0,0.0,0.0
2018-08-02 00:00:00-04:00,24.16373660790759,24.24286460876465,24.16373660790759,24.24286460876465,736,0.0,0.0,0.0
2018-08-03 00:00:00-04:00,24.450572703576054,24.450572703576054,24.173625668775276,24.21150779724121,15524,0.0,0.0,0.0
2018-08-06 00:00:00-04:00,24.351665761957904,24.460465581554484,24.351665761957904,24.441179275512695,14146,0.0,0.0,0.0
2018-08-07 00:00:00-04:00,24.668177735397613,24.668177735397613,24.55937602934115,24.638504028320312,1875,0.0,0.0,0.0
2018-08-08 00:00:00-04:00,24.559377396521384,24.588060661033975,24.527528483636512,24.54948616027832,6120,0.0,0.0,0.0
2018-08-09 00:00:00-04:00,24.747303816045562,24.796758104113884,24.697847641417077,24.707738876342773,73124,0.0,0.0,0.0
2018-08-10 00:00:00-04:00,24.618720469864215,24.73741340637207,24.579157415401745,24.73741340637207,1433,0.0,0.0,0.0
2018-08-13 00:00:00-04:00,24.846216753654748,24.846216753654748,24.60883086491252,24.686674118041992,2407,0.0,0.0,0.0
2018-08-14 00:00:00-04:00,24.757197775885338,24.836325777440017,24.671342300055,24.804574966430664,5016,0.0,0.0,0.0
2018-08-15 00:00:00-04:00,24.76708684933636,24.76708684933636,24.500029159947587,24.519811630249023,11366,0.0,0.0,0.0
2018-08-16 00:00:00-04:00,24.697849280826105,24.697849280826105,24.628612518310547,24.628612518310547,607,0.0,0.0,0.0
2018-08-17 00:00:00-04:00,24.641667509539545,24.816540315308448,24.641667509539545,24.81624412536621,6917,0.0,0.0,0.0
2018-08-20 00:00:00-04:00,24.84344672336655,24.91545295715332,24.84344672336655,24.91545295715332,9839,0.0,0.0,0.0
2018-08-21 00:00:00-04:00,25.17262021523493,25.24175699296457,25.15629958150941,25.222074508666992,6319,0.0,0.0,0.0
2018-08-22 00:00:00-04:00,25.212183262642036,25.291311264038086,25.19240079065293,25.291311264038086,10044,0.0,0.0,0.0
2018-08-23 00:00:00-04:00,25.360547491747635,25.360547491747635,25.202291492310856,25.34076690673828,1777,0.0,0.0,0.0
2018-08-24 00:00:00-04:00,25.447588238781936,25.499021530151367,25.419893534703025,25.499021530151367,7391,0.0,0.0,0.0
2018-08-27 00:00:00-04:00,25.6177131190763,25.78487179118427,25.6177131190763,25.657278060913086,3479,0.0,0.0,0.0
2018-08-28 00:00:00-04:00,25.726515909707132,25.726515909707132,25.607822965741367,25.63314437866211,2258,0.0,0.0,0.0
2018-08-29 00:00:00-04:00,25.686948517523437,25.80564145017449,25.686948517523437,25.794761657714844,3209,0.0,0.0,0.0
2018-08-30 00:00:00-04:00,25.82542636419694,25.835317600067327,25.7512430384492,25.76607894897461,3217,0.0,0.0,0.0
2018-08-31 00:00:00-04:00,25.766078682852115,25.860044479370117,25.716624390571297,25.860044479370117,3942,0.0,0.0,0.0
2018-09-04 00:00:00-04:00,25.924336287887826,26.02324676513672,25.82542769719937,26.02324676513672,10670,0.0,0.0,0.0
2018-09-05 00:00:00-04:00,25.74629783630371,25.761133746525164,25.598921632006952,25.74629783630371,12485,0.0,0.0,0.0
2018-09-06 00:00:00-04:00,25.74629756046002,25.74629756046002,25.499022331096803,25.544618606567383,11959,0.0,0.0,0.0
2018-09-07 00:00:00-04:00,25.518803484301365,25.58269939593714,25.396156311035156,25.396156311035156,28090,0.0,0.0,0.0
2018-09-10 00:00:00-04:00,25.637495857231237,25.78783961928173,25.637495857231237,25.736406326293945,5773,0.0,0.0,0.0
2018-09-11 00:00:00-04:00,25.815535390044868,25.922456198482305,25.815535390044868,25.865978240966797,1202,0.0,0.0,0.0
2018-09-12 00:00:00-04:00,25.914444506161157,25.914444506161157,25.635516571451596,25.84421730041504,1634,0.0,0.0,0.0
2018-09-13 00:00:00-04:00,25.775970458984375,25.847186226072377,25.775970458984375,25.775970458984375,5449,0.0,0.0,0.0
2018-09-14 00:00:00-04:00,25.85509709995287,25.85509709995287,25.7722110748291,25.7722110748291,1473,0.0,0.0,0.0
2018-09-17 00:00:00-04:00,25.59298543031718,25.59298543031718,25.568950653076172,25.568950653076172,2072,0.0,0.0,0.0
2018-09-18 00:00:00-04:00,25.72651617557207,25.7598479240527,25.70673370361328,25.70673370361328,97204,0.0,0.0,0.0
2018-09-19 00:00:00-04:00,25.766079535064126,25.766079535064126,25.346800922434394,25.405057907104492,7117,0.0,0.0,0.0
2018-09-20 00:00:00-04:00,25.61771119608061,25.61771119608061,25.481314785860622,25.518800735473633,2799,0.0,0.0,0.0
2018-09-21 00:00:00-04:00,25.469348907470703,25.469348907470703,25.469348907470703,25.469348907470703,381,0.0,0.0,0.0
2018-09-24 00:00:00-04:00,25.417025162422316,25.44857788350593,25.417025162422316,25.425037384033203,1661,0.0,0.0,0.0
2018-09-25 00:00:00-04:00,25.637495045706665,25.637495045706665,25.56825828552246,25.56825828552246,843,0.0,0.0,0.0
2018-09-26 00:00:00-04:00,25.58675413090434,25.67606955157322,25.440170288085938,25.440170288085938,7512,0.0,0.0,0.0
2018-09-27 00:00:00-04:00,25.528694701301774,25.56825964440135,25.519693921999462,25.548477172851562,3586,0.0,0.0,0.0
2018-09-28 00:00:00-04:00,25.548475258890967,25.686948776245117,25.543034419326265,25.686948776245117,872,0.0,0.0,0.0
2018-10-01 00:00:00-04:00,25.775970204014925,25.775970204014925,25.618702760711372,25.622066497802734,3345,0.0,0.0,0.0
2018-10-02 00:00:00-04:00,25.36549460080449,25.39022174752052,25.201007289060833,25.222074508666992,8892,0.0,0.0,0.0
2018-10-03 00:00:00-04:00,25.277562534853107,25.45945712920693,25.277562534853107,25.380329132080078,3965,0.0,0.0,0.0
2018-10-04 00:00:00-04:00,25.390220684957736,25.390220684957736,24.725247801569463,24.774703979492188,11999,0.0,0.0,0.0
2018-10-05 00:00:00-04:00,24.780738058669208,24.780738058669208,24.232973373793232,24.23594093322754,5154,0.0,0.0,0.0
2018-10-08 00:00:00-04:00,24.054933544803887,24.093706130981445,24.00547925451299,24.093706130981445,8437,0.0,0.0,0.0
2018-10-09 00:00:00-04:00,24.281439393078237,24.37758039632006,24.134063183187383,24.18351936340332,12006,0.0,0.0,0.0
2018-10-10 00:00:00-04:00,24.015370804268017,24.015370804268017,23.233980178833008,23.233980178833008,5280,0.0,0.0,0.0
2018-10-11 00:00:00-04:00,23.143676487984788,23.143676487984788,22.799765979118533,22.897686004638672,2729,0.0,0.0,0.0
2018-10-12 00:00:00-04:00,23.243869767516767,23.243869767516767,22.788884286127008,22.959997177124023,5550,0.0,0.0,0.0
2018-10-15 00:00:00-04:00,22.9964989170167,23.025280281548593,22.848232253413787,22.969396591186523,2299,0.0,0.0,0.0
2018-10-16 00:00:00-04:00,23.218552374588842,23.790055682047957,23.218552374588842,23.76819610595703,123643,0.0,0.0,0.0
2018-10-17 00:00:00-04:00,23.787876156280664,23.787876156280664,23.501235961914062,23.501235961914062,1725,0.0,0.0,0.0
2018-10-18 00:00:00-04:00,23.52081979063493,23.53614997903162,23.52081979063493,23.530611038208008,1399,0.0,0.0,0.0
2018-10-19 00:00:00-04:00,23.530712111524718,23.530712111524718,23.49124526977539,23.49124526977539,473,0.0,0.0,0.0
2018-10-22 00:00:00-04:00,23.50103922874312,23.530712936948238,23.461474284469634,23.506380081176758,70082,0.0,0.0,0.0
2018-10-23 00:00:00-04:00,23.550493520095852,23.550493520095852,23.501039226319474,23.52230453491211,4741,0.0,0.0,0.0
2018-10-24 00:00:00-04:00,23.738421581357702,23.738421581357702,23.518246794512216,23.570274353027344,17759,0.0,0.0,0.0
2018-10-25 00:00:00-04:00,23.55425179913347,23.55425179913347,23.530711300358544,23.542579650878906,7769,0.0,0.0,0.0
2018-10-26 00:00:00-04:00,23.54060147685343,23.580166419766208,23.530712127685547,23.530712127685547,15094,0.0,0.0,0.0
2018-10-29 00:00:00-04:00,23.53565489324477,23.570273272205327,23.520818984136007,23.56532859802246,21736,0.0,0.0,0.0
2018-10-30 00:00:00-04:00,23.547722137341857,23.56829507660482,23.545546933401443,23.560382843017578,3050,0.0,0.0,0.0
2018-10-31 00:00:00-04:00,23.533182697727145,23.533182697727145,23.50103759765625,23.50103759765625,1273,0.0,0.0,0.0
2018-11-01 00:00:00-04:00,23.539612919248704,23.54060147685343,23.523788451331843,23.530712127685547,3134,0.0,0.0,0.0
2018-11-02 00:00:00-04:00,23.52200561134516,23.523094156557367,23.510927730086795,23.520322799682617,889,0.0,0.0,0.0
2018-11-05 00:00:00-05:00,23.599948891222596,23.599948891222596,23.505983095084904,23.530712127685547,1040,0.0,0.0,0.0
2018-11-06 00:00:00-05:00,23.53071265958682,23.53071265958682,23.51795196533203,23.51795196533203,2052,0.0,0.0,0.0
2018-11-07 00:00:00-05:00,23.412020538576606,23.540602837353767,23.412020538576606,23.51093101501465,7878,0.0,0.0,0.0
2018-11-08 00:00:00-05:00,23.491148270865445,23.520821979421967,23.488576889038086,23.488576889038086,5933,0.0,0.0,0.0
2018-11-09 00:00:00-05:00,23.53071293399442,23.53071293399442,23.525766372680664,23.525766372680664,5174,0.0,0.0,0.0
2018-11-12 00:00:00-05:00,23.64940207878581,23.64940207878581,23.491146087646484,23.491146087646484,10515,0.0,0.0,0.0
2018-11-13 00:00:00-05:00,23.540602004406583,23.550493240356445,23.531899301481406,23.550493240356445,5627,0.0,0.0,0.0
2018-11-14 00:00:00-05:00,23.50598199303197,23.550689697265625,23.50598199303197,23.550689697265625,6191,0.0,0.0,0.0
2018-11-15 00:00:00-05:00,23.491147984367245,23.561077117919922,23.491147984367245,23.561077117919922,716,0.0,0.0,0.0
2018-11-16 00:00:00-05:00,23.58907044901914,23.590059006680487,23.580167770385742,23.580167770385742,5030,0.0,0.0,0.0
2018-11-19 00:00:00-05:00,23.580265044486787,23.590058179296083,23.58016694334826,23.585111618041992,13538,0.0,0.0,0.0
2018-11-20 00:00:00-05:00,23.65929441084496,23.65929441084496,23.580166411607095,23.59994888305664,2178,0.0,0.0,0.0
2018-11-21 00:00:00-05:00,23.580166669228813,23.580166669228813,23.56038419756314,23.575220108032227,16524,0.0,0.0,0.0
2018-11-23 00:00:00-05:00,23.59994860865664,23.59994860865664,23.590057373046875,23.590057373046875,901,0.0,0.0,0.0
2018-11-26 00:00:00-05:00,23.64940453788852,23.64940453788852,23.56038529779626,23.580167770385742,660,0.0,0.0,0.0
2018-11-27 00:00:00-05:00,23.64940453788852,23.64940453788852,23.580167770385742,23.580167770385742,1200,0.0,0.0,0.0
2018-11-28 00:00:00-05:00,23.570275175882326,23.59994888305664,23.570275175882326,23.59994888305664,21882,0.0,0.0,0.0
2018-11-29 00:00:00-05:00,23.59826660408588,23.60984065187181,23.580265045166016,23.580265045166016,5308,0.0,0.0,0.0
2018-11-30 00:00:00-05:00,23.586595809156215,23.59994888305664,23.586595809156215,23.59994888305664,18508,0.0,0.0,0.0
2018-12-03 00:00:00-05:00,23.669185646569733,23.669185646569733,23.585111086189325,23.59994888305664,8312,0.0,0.0,0.0
2018-12-04 00:00:00-05:00,23.698857465222847,23.698857465222847,23.60509164451868,23.616565704345703,2602,0.0,0.0,0.0
2018-12-06 00:00:00-05:00,23.570276521999908,23.669186998336173,23.570276521999908,23.649404525756836,7213,0.0,0.0,0.0
2018-12-07 00:00:00-05:00,23.62556647742949,23.669185638427734,23.619729459820885,23.669185638427734,9271,0.0,0.0,0.0
2018-12-10 00:00:00-05:00,23.74831472393879,23.74831472393879,23.62962177641339,23.658899307250977,6971,0.0,0.0,0.0
2018-12-11 00:00:00-05:00,23.73842129833347,23.73842129833347,23.638620375852003,23.649005889892578,14222,0.0,0.0,0.0
2018-12-12 00:00:00-05:00,23.63951220785686,23.659294679531065,23.636544648449696,23.65761375427246,5230,0.0,0.0,0.0
2018-12-13 00:00:00-05:00,23.669184536984872,23.669184536984872,23.653358183255097,23.66423797607422,4423,0.0,0.0,0.0
2018-12-14 00:00:00-05:00,23.66918508613803,23.68896755711917,23.66918508613803,23.68402099609375,11984,0.0,0.0,0.0
2018-12-17 00:00:00-05:00,23.6939122293747,23.708748139329035,23.6939122293747,23.707561492919922,4680,0.0,0.0,0.0
2018-12-18 00:00:00-05:00,23.728432508589336,23.728432508589336,23.688967554325966,23.71379280090332,1819,0.0,0.0,0.0
2018-12-19 00:00:00-05:00,23.72289356673089,23.73842184430292,23.721112653837192,23.723485946655273,4660,0.0,0.0,0.0
2018-12-20 00:00:00-05:00,23.734168456438525,23.758203233167617,23.68896647445823,23.713693618774414,53737,0.0,0.0,0.0
2018-12-21 00:00:00-05:00,23.807658607078277,23.807658607078277,23.688967554325966,23.71379280090332,8542,0.0,0.0,0.0
2018-12-24 00:00:00-05:00,23.698858801941366,23.763150894493265,23.698858801941366,23.75672149658203,17914,0.0,0.0,0.0
2018-12-26 00:00:00-05:00,23.81754875683849,23.81754875683849,23.698855822936558,23.713693618774414,4394,0.0,0.0,0.0
2018-12-27 00:00:00-05:00,23.718638293013576,23.718638293013576,23.713693618774414,23.713693618774414,3349,0.0,0.0,0.0
2018-12-28 00:00:00-05:00,23.76832389831543,23.77825656342573,23.748458568094822,23.76832389831543,10163,0.1,0.0,0.0
2018-12-31 00:00:00-05:00,23.75421935980877,23.817985060968365,23.675256283364636,23.812026977539062,18616,0.0,0.0,0.0
2019-01-02 00:00:00-05:00,23.837851159932306,23.837851159932306,23.758490243878793,23.798120498657227,8060,0.0,0.0,0.0
2019-01-03 00:00:00-05:00,23.852848052978516,23.852848052978516,23.852848052978516,23.852848052978516,113,0.0,0.0,0.0
2019-01-04 00:00:00-05:00,23.91730916846972,23.91730916846972,23.805668517603007,23.813613891601562,3390,0.0,0.0,0.0
2019-01-07 00:00:00-05:00,23.917310714668396,23.917310714668396,23.803186416625977,23.803186416625977,5971,0.0,0.0,0.0
2019-01-08 00:00:00-05:00,23.808051131560074,23.808051131560074,23.77577139287634,23.788286209106445,5130,0.0,0.0,0.0
2019-01-09 00:00:00-05:00,23.801199613306444,23.8015955558851,23.773288503204196,23.782228469848633,2241,0.0,0.0,0.0
2019-01-10 00:00:00-05:00,23.78590390642301,23.80805206298828,23.778255962872073,23.80805206298828,1386,0.0,0.0,0.0
2019-01-11 00:00:00-05:00,23.837849639677266,23.837849639677266,23.7985168179728,23.818084716796875,5839,0.0,0.0,0.0
2019-01-14 00:00:00-05:00,23.827917098999023,23.827917098999023,23.822951713861563,23.827917098999023,2901,0.0,0.0,0.0
2019-01-15 00:00:00-05:00,23.798119786917795,23.837850447004634,23.798119786917795,23.828018188476562,2289,0.0,0.0,0.0
2019-01-16 00:00:00-05:00,23.88751106864176,23.88751106864176,23.806960435463253,23.818084716796875,2137,0.0,0.0,0.0
2019-01-17 00:00:00-05:00,23.827917781982922,23.828018188476562,23.821461454995706,23.828018188476562,5185,0.0,0.0,0.0
2019-01-18 00:00:00-05:00,23.817984310306635,23.82791697499195,23.80815205211156,23.818084716796875,5507,0.0,0.0,0.0
2019-01-22 00:00:00-05:00,23.8577155505588,23.867648215486216,23.83785022070397,23.841724395751953,2499,0.0,0.0,0.0
2019-01-23 00:00:00-05:00,23.78818913977466,23.867648565898435,23.78818913977466,23.83785057067871,727,0.0,0.0,0.0
2019-01-24 00:00:00-05:00,23.859900727993054,23.897445179766475,23.859900727993054,23.86764907836914,2902,0.0,0.0,0.0
2019-01-25 00:00:00-05:00,23.887511707079675,23.887511707079675,23.857715606689453,23.857715606689453,6826,0.0,0.0,0.0
2019-01-28 00:00:00-05:00,23.86367369009022,23.887511707079675,23.857715606689453,23.857715606689453,7616,0.0,0.0,0.0
2019-01-29 00:00:00-05:00,23.871519701983974,23.89744352085588,23.871519701983974,23.882545471191406,6100,0.0,0.0,0.0
2019-01-30 00:00:00-05:00,23.921681239042066,23.937176045464454,23.91731071472168,23.91731071472168,4246,0.0,0.0,0.0
2019-01-31 00:00:00-05:00,23.98584414496724,23.991804122924805,23.985347795881136,23.991804122924805,2821,0.0,0.0,0.0
2019-02-01 00:00:00-05:00,23.986836624573794,23.986836624573794,23.917309863909573,23.942140579223633,1054,0.0,0.0,0.0
2019-02-04 00:00:00-05:00,23.91730786673959,23.937173195116877,23.88800811767578,23.88800811767578,7048,0.0,0.0,0.0
2019-02-05 00:00:00-05:00,23.93727464552949,23.966972235255696,23.93727464552949,23.9666748046875,4019,0.0,0.0,0.0
2019-02-06 00:00:00-05:00,23.976904346156566,23.976904346156566,23.96339683085605,23.966873168945312,16711,0.0,0.0,0.0
2019-02-07 00:00:00-05:00,23.976903398952377,23.986836063738192,23.976903398952377,23.978790283203125,9465,0.0,0.0,0.0
2019-02-08 00:00:00-05:00,24.00670175299743,24.00670175299743,24.006603240966797,24.006603240966797,6853,0.0,0.0,0.0
2019-02-11 00:00:00-05:00,23.99677005241876,23.99677005241876,23.93717595487817,23.98683738708496,7860,0.0,0.0,0.0
2019-02-12 00:00:00-05:00,24.036499654724615,24.036499654724615,23.95008755403624,23.962005615234375,11861,0.0,0.0,0.0
2019-02-13 00:00:00-05:00,23.947107315063477,23.976903414978743,23.927241985478567,23.947107315063477,10142,0.0,0.0,0.0
2019-02-14 00:00:00-05:00,23.95703913013621,24.00670055787497,23.94710646569605,23.97193717956543,4561,0.0,0.0,0.0
2019-02-15 00:00:00-05:00,23.937770816010122,23.98683738708496,23.937770816010122,23.98683738708496,597,0.0,0.0,0.0
2019-02-19 00:00:00-05:00,23.986836580405036,23.9967692454048,23.96856070414093,23.976903915405273,4054,0.0,0.0,0.0
2019-02-20 00:00:00-05:00,23.947107840915677,24.006701936516933,23.947107840915677,24.000741958618164,6053,0.0,0.0,0.0
2019-02-21 00:00:00-05:00,23.967368837496643,23.986836330243747,23.95704023001735,23.962005615234375,10494,0.0,0.0,0.0
2019-02-22 00:00:00-05:00,23.997565510061488,24.006702501187327,23.987036089228525,24.005311965942383,4385,0.0,0.0,0.0
2019-02-25 00:00:00-05:00,24.016635383086356,24.016635383086356,23.985547258324267,23.98683738708496,610,0.0,0.0,0.0
2019-02-26 00:00:00-05:00,24.086160943988702,24.086160943988702,23.976903525231396,23.983856201171875,6168,0.0,0.0,0.0
2019-02-27 00:00:00-05:00,23.986042506911026,23.996768951416016,23.986042506911026,23.996768951416016,1206,0.0,0.0,0.0
2019-02-28 00:00:00-05:00,24.00571001955784,24.00571001955784,23.98683738708496,23.98683738708496,17502,0.0,0.0,0.0
2019-03-01 00:00:00-05:00,23.97422244455323,23.97422244455323,23.966970443725586,23.966970443725586,235,0.0,0.0,0.0
2019-03-04 00:00:00-05:00,23.95902587619056,24.006105154830475,23.95902587619056,23.976903915405273,1250,0.0,0.0,0.0
2019-03-05 00:00:00-05:00,23.950584415232264,23.991804122924805,23.950584415232264,23.991804122924805,502,0.0,0.0,0.0
2019-03-06 00:00:00-05:00,24.016633987426758,24.016633987426758,24.016633987426758,24.016633987426758,6,0.0,0.0,0.0
2019-03-07 00:00:00-05:00,24.01832325854184,24.056364059448242,24.01832325854184,24.056364059448242,4010,0.0,0.0,0.0
2019-03-08 00:00:00-05:00,24.04643085044924,24.061330795288086,24.04643085044924,24.061330795288086,778,0.0,0.0,0.0
2019-03-11 00:00:00-04:00,24.04643085044924,24.061330795288086,24.04643085044924,24.061330795288086,291,0.0,0.0,0.0
2019-03-12 00:00:00-04:00,23.98683690758186,24.076228999336877,23.98683690758186,24.063316345214844,25464,0.0,0.0,0.0
2019-03-13 00:00:00-04:00,24.016632887456144,24.086159643105827,24.016632887456144,24.026565551757812,4079,0.0,0.0,0.0
2019-03-14 00:00:00-04:00,24.06629672474467,24.086162055337525,24.056364059448242,24.056364059448242,2633,0.0,0.0,0.0
2019-03-15 00:00:00-04:00,24.10105870964039,24.10105870964039,24.074341110830684,24.08616065979004,12886,0.0,0.0,0.0
2019-03-18 00:00:00-04:00,24.05636322169145,24.106026546444074,24.046430556740923,24.081195831298828,7040,0.0,0.0,0.0
2019-03-19 00:00:00-04:00,24.049114712239835,24.10106086730957,24.049114712239835,24.10106086730957,3651,0.0,0.0,0.0
2019-03-20 00:00:00-04:00,24.115959973895578,24.125892639160156,24.098080039742026,24.125892639160156,2554,0.0,0.0,0.0
2019-03-21 00:00:00-04:00,24.130558762007407,24.16561957110442,24.106025478503526,24.1292667388916,7719,0.0,0.0,0.0
2019-03-22 00:00:00-04:00,24.18349914362818,24.215184023368167,24.175553769300553,24.182209014892578,4038,0.0,0.0,0.0
2019-03-25 00:00:00-04:00,24.25302704897211,24.25302704897211,24.20535290629579,24.215185165405273,762,0.0,0.0,0.0
2019-03-26 00:00:00-04:00,24.26494494595572,24.26494494595572,24.21677256379475,24.22749900817871,1351,0.0,0.0,0.0
2019-03-27 00:00:00-04:00,24.31460660690857,24.31460660690857,24.235147182485814,24.25501251220703,12609,0.0,0.0,0.0
2019-03-28 00:00:00-04:00,24.245079597184148,24.263851822072233,24.20544934464263,24.240114212036133,4530,0.0,0.0,0.0
2019-03-29 00:00:00-04:00,24.205848824565205,24.2351485772975,24.19641250823522,24.225215911865234,31336,0.0,0.0,0.0
2019-04-01 00:00:00-04:00,24.195418887408444,24.195418887408444,24.13582289708737,24.16899871826172,8730,0.0,0.0,0.0
2019-04-02 00:00:00-04:00,24.207831813884052,24.207831813884052,24.195417404174805,24.195417404174805,1183,0.0,0.0,0.0
2019-04-03 00:00:00-04:00,24.255012041444797,24.255012041444797,24.17555261856426,24.19045066833496,1399,0.0,0.0,0.0
2019-04-04 00:00:00-04:00,24.185485283232087,24.20535061256774,24.175651130592243,24.19045066833496,32026,0.0,0.0,0.0
2019-04-05 00:00:00-04:00,24.185484739730185,24.215182326576233,24.185484739730185,24.195417404174805,1596,0.0,0.0,0.0
2019-04-08 00:00:00-04:00,24.27487792944941,24.27487792944941,24.18548583984375,24.18548583984375,1597,0.0,0.0,0.0
2019-04-09 00:00:00-04:00,24.185683658243764,24.19770212538789,24.185683658243764,24.195417404174805,1991,0.0,0.0,0.0
2019-04-10 00:00:00-04:00,24.201972086828984,24.21031529757325,24.19541724823336,24.198198318481445,14324,0.0,0.0,0.0
2019-04-11 00:00:00-04:00,24.284810801101212,24.284810801101212,24.21528214623432,24.23514747619629,5172,0.0,0.0,0.0
2019-04-12 00:00:00-04:00,24.205351739853352,24.205351739853352,24.16770688217524,24.204357147216797,15676,0.0,0.0,0.0
2019-04-15 00:00:00-04:00,24.20535061256774,24.20535061256774,24.180320979611164,24.19045066833496,6257,0.0,0.0,0.0
2019-04-16 00:00:00-04:00,24.17167929376719,24.195418798884525,24.165620803833008,24.165620803833008,1081,0.0,0.0,0.0
2019-04-17 00:00:00-04:00,24.193430823745345,24.195418114477423,24.165718632297455,24.19243812561035,9707,0.0,0.0,0.0
2019-04-18 00:00:00-04:00,24.1159589654098,24.15826988220215,23.957040116746647,24.15826988220215,25960,0.0,0.0,0.0
2019-04-22 00:00:00-04:00,24.165619272657306,24.326623916625977,24.110990565755305,24.326623916625977,10131,0.0,0.0,0.0
2019-04-23 00:00:00-04:00,24.443729098003516,24.701972698271177,24.443729098003516,24.68707275390625,24909,0.0,0.0,0.0
2019-04-24 00:00:00-04:00,24.771498657778693,24.79136209218749,24.67713929287326,24.681907653808594,41457,0.0,0.0,0.0
2019-04-25 00:00:00-04:00,24.59271596466114,24.602648629693416,24.41393178300444,24.582584381103516,25639,0.0,0.0,0.0
2019-04-26 00:00:00-04:00,24.51325539794948,24.751633664242902,24.48842468375555,24.736635208129883,24045,0.0,0.0,0.0
2019-04-29 00:00:00-04:00,24.84102756806498,24.880756334789066,24.791364241582123,24.796628952026367,19748,0.0,0.0,0.0
2019-04-30 00:00:00-04:00,24.870825108061034,24.870825108061034,24.631353724032124,24.85095977783203,6378,0.0,0.0,0.0
2019-05-01 00:00:00-04:00,24.890688515287305,24.93031876920529,24.640092849731445,24.640092849731445,4998,0.0,0.0,0.0
2019-05-02 00:00:00-04:00,24.57285169234121,24.701974448856788,24.453663495747687,24.602649688720703,8779,0.0,0.0,0.0
2019-05-03 00:00:00-04:00,24.877776050308412,24.97183609008789,24.85791072146395,24.97183609008789,5294,0.0,0.0,0.0
2019-05-06 00:00:00-04:00,24.552986281849506,24.87827491760254,24.552986281849506,24.87827491760254,6487,0.0,0.0,0.0
2019-05-07 00:00:00-04:00,24.552984376804055,24.56291704146103,24.165619927492436,24.348873138427734,29768,0.0,0.0,0.0
2019-05-08 00:00:00-04:00,24.43280394687806,24.513256069297604,24.394365310668945,24.394365310668945,3536,0.0,0.0,0.0
2019-05-09 00:00:00-04:00,24.110992119502782,24.28481091579775,23.837850461853144,24.26236343383789,40873,0.0,0.0,0.0
2019-05-10 00:00:00-04:00,24.066295361323018,24.384133054953537,24.066295361323018,24.333478927612305,2196,0.0,0.0,0.0
2019-05-13 00:00:00-04:00,23.837850500533648,23.843810478452482,23.42068804099582,23.460418701171875,24753,0.0,0.0,0.0
2019-05-14 00:00:00-04:00,23.763355928358965,23.917309391404082,23.67396383942465,23.909263610839844,7655,0.0,0.0,0.0
2019-05-15 00:00:00-04:00,23.851755299931877,24.195418303534098,23.851755299931877,24.15012550354004,16086,0.0,0.0,0.0
2019-05-16 00:00:00-04:00,24.185485470817873,24.437968011578366,24.185485470817873,24.330398559570312,10534,0.0,0.0,0.0
2019-05-17 00:00:00-04:00,24.135821415129296,24.14635083511361,23.957039138529893,23.98147201538086,4296,0.0,0.0,0.0
2019-05-20 00:00:00-04:00,23.688862663814877,23.817983511469198,23.639199342053974,23.817686080932617,7000,0.0,0.0,0.0
2019-05-21 00:00:00-04:00,24.00670138652452,24.16562023412847,24.00670138652452,24.119831085205078,7147,0.0,0.0,0.0
2019-05-22 00:00:00-04:00,24.091325245857796,24.155687701548203,24.075533009717358,24.08844566345215,2071,0.0,0.0,0.0
2019-05-23 00:00:00-04:00,23.778255724792167,23.778255724792167,23.538187593750674,23.61566162109375,3552,0.0,0.0,0.0
2019-05-24 00:00:00-04:00,23.81401263863597,23.81401263863597,23.664033752756144,23.72710418701172,1960,0.0,0.0,0.0
2019-05-28 00:00:00-04:00,23.877580493855096,23.877580493855096,23.71240234375,23.71240234375,934,0.0,0.0,0.0
2019-05-29 00:00:00-04:00,23.50014731590371,23.539877975824506,23.445518605743686,23.477500915527344,2363,0.0,0.0,0.0
2019-05-30 00:00:00-04:00,23.651418789582866,23.726608099108425,23.651418789582866,23.673866271972656,2198,0.0,0.0,0.0
2019-05-31 00:00:00-04:00,23.281633897982182,23.49418686197275,23.281633897982182,23.398637771606445,4310,0.0,0.0,0.0
2019-06-03 00:00:00-04:00,23.254519298150598,23.311430836077996,23.177244186401367,23.177244186401367,2695,0.0,0.0,0.0
2019-06-04 00:00:00-04:00,23.48028275184951,23.84281651037269,23.48028275184951,23.8376522064209,6736,0.0,0.0,0.0
2019-06-05 00:00:00-04:00,23.92724324720516,24.062820434570312,23.86764914977002,24.062820434570312,1526,0.0,0.0,0.0
2019-06-06 00:00:00-04:00,24.1623418140195,24.1623418140195,23.95703896489577,24.106224060058594,22495,0.0,0.0,0.0
2019-06-07 00:00:00-04:00,24.339437364195657,24.523188822743595,24.30467398435407,24.448495864868164,5524,0.0,0.0,0.0
2019-06-10 00:00:00-04:00,24.826127685917697,24.870823729223922,24.60820960998535,24.60820960998535,6348,0.0,0.0,0.0
2019-06-11 00:00:00-04:00,24.699490364700747,24.699490364700747,24.334472967080586,24.44780158996582,2378,0.0,0.0,0.0
2019-06-12 00:00:00-04:00,24.43379533241493,24.5828800201416,24.43379533241493,24.5828800201416,2222,0.0,0.0,0.0
2019-06-13 00:00:00-04:00,24.666314304852655,24.666314304852655,24.523187698496926,24.58516502380371,4097,0.0,0.0,0.0
2019-06-14 00:00:00-04:00,24.53312066464427,24.562818251789555,24.44094750790998,24.49239730834961,1151,0.0,0.0,0.0
2019-06-17 00:00:00-04:00,24.42386393901596,24.513256027981274,24.42386393901596,24.475114822387695,1105,0.0,0.0,0.0
2019-06-18 00:00:00-04:00,24.810135845525473,24.87578842628834,24.744382858276367,24.744382858276367,3530,0.0,0.0,0.0
2019-06-19 00:00:00-04:00,24.74418536518068,24.930219650268555,24.74418536518068,24.930219650268555,8253,0.0,0.0,0.0
2019-06-20 00:00:00-04:00,25.337648949411427,25.337648949411427,23.54980901619408,25.186874389648438,9117,0.0,0.0,0.0
2019-06-21 00:00:00-04:00,25.21845818001646,25.21845818001646,24.880855560302734,24.880855560302734,1455,0.0,0.0,0.0
2019-06-24 00:00:00-04:00,24.741702199526312,24.860892285684198,24.661945343017578,24.661945343017578,4054,0.0,0.0,0.0
2019-06-25 00:00:00-04:00,24.642377307374495,24.67217530236493,24.45366235582147,24.455549240112305,14524,0.0,0.0,0.0
2019-06-26 00:00:00-04:00,24.632445510060723,24.632445510060723,24.36734962463379,24.36734962463379,2094,0.0,0.0,0.0
2019-06-27 00:00:00-04:00,24.365253535631318,24.52821922302246,24.365253535631318,24.52821922302246,7930,0.101,0.0,0.0
2019-06-28 00:00:00-04:00,24.71432768001907,24.830917358398438,24.534804419270532,24.830917358398438,1506,0.0,0.0,0.0
2019-07-01 00:00:00-04:00,25.013531735289693,25.123240816880607,24.953691282737232,24.963665008544922,20735,0.0,0.0,0.0
2019-07-02 00:00:00-04:00,25.087235934805452,25.09351921081543,24.953691114202243,25.09351921081543,1980,0.0,0.0,0.0
2019-07-03 00:00:00-04:00,25.222976450720072,25.342758178710938,25.222976450720072,25.342758178710938,3052,0.0,0.0,0.0
2019-07-05 00:00:00-04:00,25.103292133255806,25.425036560433867,25.103292133255806,25.39960479736328,1105,0.0,0.0,0.0
2019-07-08 00:00:00-04:00,25.412471280287384,25.412471280287384,25.272842923434343,25.306055068969727,2769,0.0,0.0,0.0
2019-07-09 00:00:00-04:00,25.302763549653136,25.56137466430664,25.302763549653136,25.56137466430664,2335,0.0,0.0,0.0
2019-07-10 00:00:00-04:00,25.73162283625192,25.73162283625192,25.626901568860433,25.66779327392578,7375,0.0,0.0,0.0
2019-07-11 00:00:00-04:00,25.59199333251318,25.77071762084961,25.59199333251318,25.77071762084961,1041,0.0,0.0,0.0
2019-07-12 00:00:00-04:00,25.901172609411002,25.901172609411002,25.72165125035032,25.876039505004883,10444,0.0,0.0,0.0
2019-07-15 00:00:00-04:00,25.92311559798405,25.92311559798405,25.821384735206085,25.85379981994629,6565,0.0,0.0,0.0
2019-07-16 00:00:00-04:00,25.881225844770878,25.937975067859014,25.801437943725503,25.921518325805664,15933,0.0,0.0,0.0
2019-07-17 00:00:00-04:00,25.85130522857498,25.869257173797727,25.781491051434486,25.81191062927246,4902,0.0,0.0,0.0
2019-07-18 00:00:00-04:00,25.70170414222423,25.871253679959928,25.631889962384896,25.853200912475586,1907,0.0,0.0,0.0
2019-07-19 00:00:00-04:00,26.000907857331445,26.000907857331445,25.644155502319336,25.644155502319336,4110,0.0,0.0,0.0
2019-07-22 00:00:00-04:00,25.681755182459806,25.681755182459806,25.512405395507812,25.512405395507812,1839,0.0,0.0,0.0
2019-07-23 00:00:00-04:00,25.412470578126815,25.567060470581055,25.35263012717089,25.567060470581055,2937,0.0,0.0,0.0
2019-07-24 00:00:00-04:00,25.582020021771427,25.87125235462468,25.582020021771427,25.85270118713379,2780,0.0,0.0,0.0
2019-07-25 00:00:00-04:00,25.70279941168967,25.851305773589708,25.70279941168967,25.735313415527344,1848,0.0,0.0,0.0
2019-07-26 00:00:00-04:00,26.034916110724794,26.17045643383921,26.03032968079358,26.145523071289062,31725,0.0,0.0,0.0
2019-07-29 00:00:00-04:00,26.20077495483116,26.20077495483116,25.831357145233618,25.904264450073242,5271,0.0,0.0,0.0
2019-07-30 00:00:00-04:00,25.701703772251435,25.80353355407715,25.701703772251435,25.80353355407715,300,0.0,0.0,0.0
2019-07-31 00:00:00-04:00,25.811410804132027,25.811410804132027,25.35263083025754,25.586708068847656,9417,0.0,0.0,0.0
2019-08-01 00:00:00-04:00,25.711677902172706,25.711677902172706,25.27693339974773,25.367990493774414,4193,0.0,0.0,0.0
2019-08-02 00:00:00-04:00,25.05342680949758,25.084342886730617,24.65348858174264,25.019716262817383,9799,0.0,0.0,0.0
2019-08-05 00:00:00-04:00,24.60461900187709,24.60461900187709,23.836659219308974,23.97618865966797,21094,0.0,0.0,0.0
2019-08-06 00:00:00-04:00,24.312893857165875,24.577390670776367,24.295440312780578,24.577390670776367,7732,0.0,0.0,0.0
2019-08-07 00:00:00-04:00,24.21565264677103,24.738264083862305,24.21565264677103,24.738264083862305,870,0.0,0.0,0.0
2019-08-08 00:00:00-04:00,25.272841888465226,25.549705505371094,25.262868163056496,25.549705505371094,6760,0.0,0.0,0.0
2019-08-09 00:00:00-04:00,25.58201947146291,25.58201947146291,25.282815321831556,25.436904907226562,6077,0.0,0.0,0.0
2019-08-12 00:00:00-04:00,25.033478227530676,25.033478227530676,24.484934742891976,24.5168514251709,18189,0.0,0.0,0.0
2019-08-13 00:00:00-04:00,24.7260946321549,25.098405838012695,24.7260946321549,25.098405838012695,2307,0.0,0.0,0.0
2019-08-14 00:00:00-04:00,24.56472415915172,24.56472415915172,24.28546743918873,24.35448455810547,10047,0.0,0.0,0.0
2019-08-15 00:00:00-04:00,24.423101118476424,24.503885822861804,24.265518917193642,24.478254318237305,5294,0.0,0.0,0.0
2019-08-16 00:00:00-04:00,24.804089705601545,24.9932861328125,24.804089705601545,24.9932861328125,626,0.0,0.0,0.0
2019-08-19 00:00:00-04:00,25.183080596250765,25.26276957901661,25.183080596250765,25.20602035522461,16289,0.0,0.0,0.0
2019-08-20 00:00:00-04:00,25.123241348356256,25.228959420025586,25.123241348356256,25.149770736694336,725,0.0,0.0,0.0
2019-08-21 00:00:00-04:00,25.512206739794447,25.512206739794447,25.462340012799714,25.486974716186523,2533,0.0,0.0,0.0
2019-08-22 00:00:00-04:00,25.256884959567966,25.376269108757263,25.256884959567966,25.35931396484375,1129,0.0,0.0,0.0
2019-08-23 00:00:00-04:00,24.784141258598922,24.873902886799822,24.590953826904297,24.590953826904297,8260,0.0,0.0,0.0
2019-08-26 00:00:00-04:00,24.834008008863176,24.88237953186035,24.834008008863176,24.88237953186035,3083,0.0,0.0,0.0
2019-08-27 00:00:00-04:00,24.93374334540234,24.93374334540234,24.82064437866211,24.82064437866211,3237,0.0,0.0,0.0
2019-08-28 00:00:00-04:00,24.94431495666504,24.94431495666504,24.94431495666504,24.94431495666504,100,0.0,0.0,0.0
2019-08-29 00:00:00-04:00,25.123240424230524,25.163133424544114,25.123240424230524,25.129323959350586,1292,0.0,0.0,0.0
2019-08-30 00:00:00-04:00,25.12034724585271,25.12034724585271,24.87390319803011,25.038963317871094,2200,0.0,0.0,0.0
2019-09-03 00:00:00-04:00,24.853955875289994,24.863929601076954,24.782047271728516,24.782047271728516,355,0.0,0.0,0.0
2019-09-04 00:00:00-04:00,25.032880324807124,25.093719482421875,24.993584643522407,25.093719482421875,852,0.0,0.0,0.0
2019-09-05 00:00:00-04:00,25.50223347114921,25.50223347114921,25.297776843135335,25.42254638671875,5213,0.0,0.0,0.0
2019-09-06 00:00:00-04:00,25.358814239501953,25.358814239501953,25.358814239501953,25.358814239501953,102,0.0,0.0,0.0
2019-09-09 00:00:00-04:00,25.232948055795454,25.232948055795454,24.684406451132215,24.74045753479004,1219,0.0,0.0,0.0
2019-09-10 00:00:00-04:00,24.045104663516383,24.045104663516383,24.035132839916024,24.0421142578125,452,0.0,0.0,0.0
2019-09-11 00:00:00-04:00,24.245572391684977,24.27619171142578,24.245572391684977,24.27619171142578,12894,0.0,0.0,0.0
2019-09-12 00:00:00-04:00,24.395173294168142,24.48493492135794,24.38879109904201,24.401357650756836,6307,0.0,0.0,0.0
2019-09-13 00:00:00-04:00,24.30990219116211,24.30990219116211,24.30990219116211,24.30990219116211,205,0.0,0.0,0.0
2019-09-16 00:00:00-04:00,24.335333782242536,24.39238166809082,24.325360056359628,24.39238166809082,620,0.0,0.0,0.0
2019-09-17 00:00:00-04:00,24.305413480058803,24.639623641967773,24.305413480058803,24.639623641967773,2765,0.0,0.0,0.0
2019-09-18 00:00:00-04:00,24.588660531066996,24.608509063720703,24.484936063798834,24.608509063720703,470,0.0,0.0,0.0
2019-09-19 00:00:00-04:00,24.665456436255486,24.68440518275563,24.564125061035156,24.564125061035156,8300,0.0,0.0,0.0
2019-09-20 00:00:00-04:00,24.56472293269715,24.56472293269715,24.447336196899414,24.447336196899414,100,0.0,0.0,0.0
2019-09-23 00:00:00-04:00,24.406645470976013,24.50488372399638,24.355281637859502,24.46718406677246,4383,0.0,0.0,0.0
2019-09-24 00:00:00-04:00,24.494908131812654,24.554750483543327,24.284168243408203,24.284168243408203,995,0.0,0.0,0.0
2019-09-25 00:00:00-04:00,24.145835765308018,24.45012855529785,24.145835765308018,24.45012855529785,103,0.0,0.0,0.0
2019-09-26 00:00:00-04:00,24.32536003673893,24.37442970275879,24.32536003673893,24.37442970275879,180,0.0,0.0,0.0
2019-09-27 00:00:00-04:00,24.405147488755986,24.405147488755986,23.826684714799615,23.8955020904541,5045,0.0,0.0,0.0
2019-09-30 00:00:00-04:00,23.98626066973826,24.115917202215456,23.906472766019096,24.06854248046875,4736,0.0,0.0,0.0
2019-10-01 00:00:00-04:00,24.105942309399396,24.105942309399396,23.778612749850097,23.803247451782227,1640,0.0,0.0,0.0
2019-10-02 00:00:00-04:00,23.31803662318158,23.43771943175723,23.31803662318158,23.421960830688477,3519,0.0,0.0,0.0
2019-10-03 00:00:00-04:00,23.246527559565624,23.519601821899414,23.1883820499697,23.519601821899414,5566,0.0,0.0,0.0
2019-10-04 00:00:00-04:00,23.617241454628747,23.941879272460938,23.617241454628747,23.941879272460938,4760,0.0,0.0,0.0
2019-10-07 00:00:00-04:00,23.904279830050807,23.92841613264468,23.87346076965332,23.87346076965332,1302,0.0,0.0,0.0
2019-10-08 00:00:00-04:00,23.55740197790869,23.577347527204353,23.407797993282255,23.425451278686523,1519,0.0,0.0,0.0
2019-10-09 00:00:00-04:00,23.71238899230957,23.71238899230957,23.71238899230957,23.71238899230957,4,0.0,0.0,0.0
2019-10-10 00:00:00-04:00,23.806438681728412,23.8251895904541,23.806438681728412,23.8251895904541,198,0.0,0.0,0.0
2019-10-11 00:00:00-04:00,24.096967294892085,24.185732125210148,24.06954002380371,24.06954002380371,2402,0.0,0.0,0.0
2019-10-14 00:00:00-04:00,24.066048296662814,24.101455688476562,24.066048296662814,24.101455688476562,750,0.0,0.0,0.0
2019-10-15 00:00:00-04:00,24.267515182495117,24.267515182495117,24.267515182495117,24.267515182495117,11,0.0,0.0,0.0
2019-10-16 00:00:00-04:00,24.105943393726402,24.165783845736968,24.105943393726402,24.131675720214844,210,0.0,0.0,0.0
2019-10-17 00:00:00-04:00,24.206076596828275,24.206076596828275,24.1827392578125,24.1827392578125,2700,0.0,0.0,0.0
2019-10-18 00:00:00-04:00,24.115916140647116,24.155710220336914,24.115916140647116,24.155710220336914,100,0.0,0.0,0.0
2019-10-21 00:00:00-04:00,24.225626391411655,24.25095733413561,24.205678939819336,24.205678939819336,895,0.0,0.0,0.0
2019-10-22 00:00:00-04:00,24.285466688458285,24.285466688458285,24.12020492553711,24.12020492553711,7240,0.0,0.0,0.0
2019-10-23 00:00:00-04:00,24.0764220527154,24.105943748631237,23.99902723356882,24.075822830200195,1150,0.0,0.0,0.0
2019-10-24 00:00:00-04:00,24.16708026121229,24.184432983398438,24.07412658691896,24.184432983398438,2734,0.0,0.0,0.0
2019-10-25 00:00:00-04:00,24.18573101833686,24.295440097669466,24.18573101833686,24.259334564208984,5881,0.0,0.0,0.0
2019-10-28 00:00:00-04:00,24.435069298300174,24.455016750196215,24.433473273873243,24.43766212463379,1979,0.0,0.0,0.0
2019-10-29 00:00:00-04:00,24.43506878358092,24.54118633394608,24.43506878358092,24.44823455810547,600,0.0,0.0,0.0
2019-10-30 00:00:00-04:00,24.504881862414834,24.506677627563477,24.504881862414834,24.506677627563477,200,0.0,0.0,0.0
2019-10-31 00:00:00-04:00,24.1258907866776,24.23559796471542,24.1258907866776,24.219940185546875,1053,0.0,0.0,0.0
2019-11-01 00:00:00-04:00,24.548268825085408,24.6198787689209,24.548268825085408,24.6198787689209,2712,0.0,0.0,0.0
2019-11-04 00:00:00-05:00,24.674431720577022,24.695575714111328,24.62476473657458,24.695575714111328,24114,0.0,0.0,0.0
2019-11-05 00:00:00-05:00,24.654485761131816,24.80289130421494,24.654485761131816,24.752126693725586,3383,0.0,0.0,0.0
2019-11-06 00:00:00-05:00,24.802092477290067,24.802092477290067,24.694378907062806,24.739259719848633,2801,0.0,0.0,0.0
2019-11-07 00:00:00-05:00,24.906814011592374,24.906814011592374,24.79032325744629,24.79032325744629,668,0.0,0.0,0.0
2019-11-08 00:00:00-05:00,24.80358799267214,24.913795471191406,24.80358799267214,24.913795471191406,545,0.0,0.0,0.0
2019-11-11 00:00:00-05:00,24.963664683379623,25.00445556640625,24.963664683379623,25.00445556640625,100,0.0,0.0,0.0
2019-11-12 00:00:00-05:00,25.16313309730033,25.167223028613037,25.07337146989502,25.078956604003906,5566,0.0,0.0,0.0
2019-11-13 00:00:00-05:00,25.00355685701265,25.06658935546875,25.00355685701265,25.06658935546875,480,0.0,0.0,0.0
2019-11-14 00:00:00-05:00,25.10329206662845,25.123239517211914,25.05252745988895,25.123239517211914,21022,0.0,0.0,0.0
2019-11-15 00:00:00-05:00,25.292889399778204,25.39940643310547,25.292889399778204,25.39940643310547,21791,0.0,0.0,0.0
2019-11-18 00:00:00-05:00,25.502232302722682,25.651834381828422,25.502232302722682,25.56207275390625,13191,0.0,0.0,0.0
2019-11-19 00:00:00-05:00,25.52218046099578,25.621915817260742,25.52218046099578,25.621915817260742,2753,0.0,0.0,0.0
2019-11-20 00:00:00-05:00,25.63188916237249,25.661808437201962,25.352630549437535,25.47749900817871,2807,0.0,0.0,0.0
2019-11-21 00:00:00-05:00,25.432417665066215,25.432417665066215,25.242920687076452,25.305654525756836,3523,0.0,0.0,0.0
2019-11-22 00:00:00-05:00,25.25289518969139,25.422345802831074,25.242921463985635,25.2478084564209,728,0.0,0.0,0.0
2019-11-25 00:00:00-05:00,25.669887744106102,25.78149151024695,25.669887744106102,25.754661560058594,1060,0.0,0.0,0.0
2019-11-26 00:00:00-05:00,25.960317033971283,26.150312423706055,25.951041449799284,26.150312423706055,5550,0.0,0.0,0.0
2019-11-27 00:00:00-05:00,26.140534961566452,26.386581420898438,26.135549050030296,26.386581420898438,4068,0.0,0.0,0.0
2019-11-29 00:00:00-05:00,26.2502449012865,26.270192352674105,26.218231201171875,26.218231201171875,303,0.0,0.0,0.0
2019-12-02 00:00:00-05:00,26.130563818187536,26.130563818187536,25.841331481933594,25.841331481933594,3451,0.0,0.0,0.0
2019-12-03 00:00:00-05:00,25.43241850761749,25.66270637512207,25.38255178126512,25.66270637512207,4038,0.0,0.0,0.0
2019-12-04 00:00:00-05:00,25.75156926141971,25.831058502197266,25.75156926141971,25.831058502197266,1707,0.0,0.0,0.0
2019-12-05 00:00:00-05:00,25.801437851174455,25.933685302734375,25.801437851174455,25.933685302734375,559,0.0,0.0,0.0
2019-12-06 00:00:00-05:00,26.196587155767485,26.20037842708141,26.11640167236328,26.11640167236328,6821,0.0,0.0,0.0
2019-12-09 00:00:00-05:00,26.111413652342524,26.147418364631843,25.9842529296875,25.9842529296875,2980,0.0,0.0,0.0
2019-12-10 00:00:00-05:00,26.10064296357345,26.110616689321937,26.070423126220703,26.070423126220703,559,0.0,0.0,0.0
2019-12-11 00:00:00-05:00,26.16945991798987,26.17843493941333,26.080695091864097,26.11979103088379,3899,0.0,0.0,0.0
2019-12-12 00:00:00-05:00,25.941066042283115,26.107324600219727,25.941066042283115,26.107324600219727,1640,0.0,0.0,0.0
2019-12-13 00:00:00-05:00,26.05077688059352,26.07640838623047,26.05077688059352,26.07640838623047,807,0.0,0.0,0.0
2019-12-16 00:00:00-05:00,26.260218192923496,26.310084918274587,26.25952005115941,26.30061149597168,1794,0.0,0.0,0.0
2019-12-17 00:00:00-05:00,26.509556666098824,26.509556666098824,26.369928307793433,26.37062644958496,16201,0.0,0.0,0.0
2019-12-18 00:00:00-05:00,26.3200589123132,26.489608443447693,26.3200589123132,26.43924331665039,4043,0.0,0.0,0.0
2019-12-19 00:00:00-05:00,26.549350717011798,26.549350717011798,26.527809143066406,26.527809143066406,540,0.0,0.0,0.0
2019-12-20 00:00:00-05:00,26.66913191960194,26.673320770263672,26.66913191960194,26.673320770263672,104,0.0,0.0,0.0
2019-12-23 00:00:00-05:00,26.639209938714856,26.709623336791992,26.639209938714856,26.709623336791992,4057,0.0,0.0,0.0
2019-12-24 00:00:00-05:00,26.728971588839656,26.81873321533203,26.728971588839656,26.81873321533203,1100,0.0,0.0,0.0
2019-12-26 00:00:00-05:00,26.88854815242196,26.911189251662538,26.773853160276758,26.83409309387207,1442,0.0,0.0,0.0
2019-12-27 00:00:00-05:00,26.77884004460178,26.77884004460178,26.68907841868373,26.71889877319336,1985,0.0,0.0,0.0
2019-12-30 00:00:00-05:00,26.670000076293945,26.729999542236328,26.530099868774414,26.672399520874023,4462,0.071,0.0,0.0
2019-12-31 00:00:00-05:00,26.700000762939453,26.715700149536133,26.690000534057617,26.715700149536133,5226,0.0,0.0,0.0
2020-01-02 00:00:00-05:00,26.672199249267578,26.79680061340332,26.610000610351562,26.79680061340332,1479,0.0,0.0,0.0
2020-01-03 00:00:00-05:00,26.600000381469727,26.678300857543945,26.600000381469727,26.678300857543945,171,0.0,0.0,0.0
2020-01-06 00:00:00-05:00,26.595199584960938,26.708599090576172,26.595199584960938,26.708599090576172,2118,0.0,0.0,0.0
2020-01-07 00:00:00-05:00,26.75790023803711,26.75790023803711,26.71500015258789,26.71500015258789,1599,0.0,0.0,0.0
2020-01-08 00:00:00-05:00,26.739999771118164,26.819799423217773,26.739999771118164,26.803600311279297,500,0.0,0.0,0.0
2020-01-09 00:00:00-05:00,26.799999237060547,26.999000549316406,26.799999237060547,26.95599937438965,652,0.0,0.0,0.0
2020-01-10 00:00:00-05:00,27.04990005493164,27.04990005493164,26.89739990234375,26.89739990234375,782,0.0,0.0,0.0
2020-01-13 00:00:00-05:00,26.950000762939453,27.12179946899414,26.940000534057617,27.12179946899414,844,0.0,0.0,0.0
2020-01-14 00:00:00-05:00,27.020000457763672,27.142000198364258,27.020000457763672,27.03350067138672,4418,0.0,0.0,0.0
2020-01-15 00:00:00-05:00,27.139999389648438,27.139999389648438,27.129600524902344,27.129600524902344,557,0.0,0.0,0.0
2020-01-16 00:00:00-05:00,27.264999389648438,27.287599563598633,27.239999771118164,27.287599563598633,2420,0.0,0.0,0.0
2020-01-17 00:00:00-05:00,27.257600784301758,27.2992000579834,27.219999313354492,27.229999542236328,9744,0.0,0.0,0.0
2020-01-21 00:00:00-05:00,27.270000457763672,27.317899703979492,27.190000534057617,27.21980094909668,3473,0.0,0.0,0.0
2020-01-22 00:00:00-05:00,27.414400100708008,27.414400100708008,27.31999969482422,27.334699630737305,5221,0.0,0.0,0.0
2020-01-23 00:00:00-05:00,27.201000213623047,27.30190086364746,27.201000213623047,27.30190086364746,877,0.0,0.0,0.0
2020-01-24 00:00:00-05:00,27.082300186157227,27.082300186157227,26.850000381469727,26.931100845336914,4388,0.0,0.0,0.0
2020-01-27 00:00:00-05:00,26.270000457763672,26.530000686645508,26.270000457763672,26.428499221801758,4179,0.0,0.0,0.0
2020-01-28 00:00:00-05:00,26.790000915527344,26.81730079650879,26.780000686645508,26.81730079650879,200,0.0,0.0,0.0
2020-01-29 00:00:00-05:00,26.79640007019043,27.010000228881836,26.79640007019043,26.886499404907227,1568,0.0,0.0,0.0
2020-01-30 00:00:00-05:00,26.669300079345703,26.798999786376953,26.65999984741211,26.798999786376953,219,0.0,0.0,0.0
2020-01-31 00:00:00-05:00,26.33690071105957,26.33690071105957,26.33139991760254,26.33139991760254,104,0.0,0.0,0.0
2020-02-03 00:00:00-05:00,26.6914005279541,26.75,26.65999984741211,26.699800491333008,80848,0.0,0.0,0.0
2020-02-04 00:00:00-05:00,27.34000015258789,27.34000015258789,27.330400466918945,27.330400466918945,239,0.0,0.0,0.0
2020-02-05 00:00:00-05:00,27.690000534057617,27.690000534057617,27.139999389648438,27.19339942932129,3019,0.0,0.0,0.0
2020-02-06 00:00:00-05:00,27.241600036621094,27.241600036621094,27.241600036621094,27.241600036621094,169,0.0,0.0,0.0
2020-02-07 00:00:00-05:00,27.149999618530273,27.209999084472656,27.100000381469727,27.106700897216797,4516,0.0,0.0,0.0
2020-02-10 00:00:00-05:00,27.290000915527344,27.333999633789062,27.270000457763672,27.333999633789062,770,0.0,0.0,0.0
2020-02-11 00:00:00-05:00,27.639999389648438,27.639999389648438,27.596799850463867,27.596799850463867,435,0.0,0.0,0.0
2020-02-12 00:00:00-05:00,27.729999542236328,27.817699432373047,27.70009994506836,27.817699432373047,6380,0.0,0.0,0.0
2020-02-13 00:00:00-05:00,27.952999114990234,27.956499099731445,27.901500701904297,27.901500701904297,1672,0.0,0.0,0.0
2020-02-14 00:00:00-05:00,27.901599884033203,27.97480010986328,27.901599884033203,27.97480010986328,6204,0.0,0.0,0.0
2020-02-18 00:00:00-05:00,27.926000595092773,27.997800827026367,27.926000595092773,27.997800827026367,234,0.0,0.0,0.0
2020-02-19 00:00:00-05:00,28.360000610351562,28.411800384521484,28.360000610351562,28.411800384521484,153,0.0,0.0,0.0
2020-02-20 00:00:00-05:00,28.506799697875977,28.506799697875977,27.950000762939453,28.227399826049805,2471,0.0,0.0,0.0
2020-02-21 00:00:00-05:00,27.889999389648438,27.889999389648438,27.668800354003906,27.668800354003906,841,0.0,0.0,0.0
2020-02-24 00:00:00-05:00,26.909900665283203,26.909900665283203,26.6299991607666,26.78059959411621,27880,0.0,0.0,0.0
2020-02-25 00:00:00-05:00,26.95800018310547,26.95800018310547,25.66510009765625,25.670799255371094,34052,0.0,0.0,0.0
2020-02-26 00:00:00-05:00,25.780000686645508,26.270000457763672,25.625200271606445,25.625200271606445,5325,0.0,0.0,0.0
2020-02-27 00:00:00-05:00,24.90999984741211,25.367700576782227,24.400999069213867,24.555099487304688,19777,0.0,0.0,0.0
2020-02-28 00:00:00-05:00,23.3799991607666,24.420000076293945,23.3799991607666,24.420000076293945,8545,0.0,0.0,0.0
2020-03-02 00:00:00-05:00,24.420000076293945,25.243799209594727,24.316699981689453,25.243799209594727,9261,0.0,0.0,0.0
2020-03-03 00:00:00-05:00,25.610000610351562,25.620500564575195,24.719999313354492,24.76140022277832,9068,0.0,0.0,0.0
2020-03-04 00:00:00-05:00,25.07360076904297,25.701499938964844,25.010000228881836,25.701499938964844,5464,0.0,0.0,0.0
2020-03-05 00:00:00-05:00,25.200000762939453,25.200000762939453,24.770000457763672,24.910999298095703,3980,0.0,0.0,0.0
2020-03-06 00:00:00-05:00,23.84000015258789,24.43000030517578,23.84000015258789,24.229799270629883,13678,0.0,0.0,0.0
2020-03-09 00:00:00-04:00,23.200000762939453,23.200000762939453,22.05419921875,22.05419921875,9668,0.0,0.0,0.0
2020-03-10 00:00:00-04:00,22.899999618530273,22.995399475097656,21.924999237060547,22.995399475097656,4147,0.0,0.0,0.0
2020-03-11 00:00:00-04:00,22.18000030517578,22.18000030517578,21.489999771118164,21.58609962463379,1352,0.0,0.0,0.0
2020-03-12 00:00:00-04:00,19.770999908447266,19.889999389648438,19.389999389648438,19.3966007232666,3631,0.0,0.0,0.0
2020-03-13 00:00:00-04:00,20.469999313354492,20.469999313354492,19.260000228881836,19.277000427246094,11040,0.0,0.0,0.0
2020-03-16 00:00:00-04:00,18.829999923706055,19.31100082397461,18.829999923706055,19.31100082397461,1842,0.0,0.0,0.0
2020-03-17 00:00:00-04:00,19.209999084472656,19.219999313354492,19.209999084472656,19.219999313354492,1525,0.0,0.0,0.0
2020-03-18 00:00:00-04:00,19.020000457763672,19.04400062561035,18.799999237060547,18.93000030517578,2810,0.0,0.0,0.0
2020-03-19 00:00:00-04:00,18.84320068359375,18.84320068359375,18.709999084472656,18.757200241088867,702,0.0,0.0,0.0
2020-03-20 00:00:00-04:00,18.719999313354492,18.84000015258789,18.719999313354492,18.793100357055664,4041,0.0,0.0,0.0
2020-03-23 00:00:00-04:00,18.979999542236328,18.979999542236328,18.979999542236328,18.979999542236328,200,0.0,0.0,0.0
2020-03-24 00:00:00-04:00,19.200000762939453,19.200000762939453,19.040000915527344,19.10140037536621,4162,0.0,0.0,0.0
2020-03-25 00:00:00-04:00,19.18000030517578,19.187400817871094,19.165000915527344,19.18440055847168,2759,0.0,0.0,0.0
2020-03-26 00:00:00-04:00,19.360000610351562,19.360000610351562,19.139999389648438,19.22570037841797,19407,0.0,0.0,0.0
2020-03-27 00:00:00-04:00,19.09000015258789,19.383399963378906,19.09000015258789,19.383399963378906,1403,0.0,0.0,0.0
2020-03-30 00:00:00-04:00,19.190000534057617,19.44499969482422,19.190000534057617,19.385799407958984,14151,0.0,0.0,0.0
2020-03-31 00:00:00-04:00,19.414400100708008,19.425500869750977,19.34000015258789,19.425500869750977,1745,0.0,0.0,0.0
2020-04-01 00:00:00-04:00,19.390199661254883,19.390199661254883,19.309999465942383,19.36910057067871,3065,0.0,0.0,0.0
2020-04-02 00:00:00-04:00,19.350000381469727,19.415000915527344,19.329999923706055,19.415000915527344,4109,0.0,0.0,0.0
2020-04-03 00:00:00-04:00,19.3799991607666,19.44610023498535,19.329999923706055,19.395000457763672,11775,0.0,0.0,0.0
2020-04-06 00:00:00-04:00,19.459999084472656,19.459999084472656,19.449800491333008,19.449800491333008,305,0.0,0.0,0.0
2020-04-07 00:00:00-04:00,19.399999618530273,19.400100708007812,19.280000686645508,19.38010025024414,7483,0.0,0.0,0.0
2020-04-08 00:00:00-04:00,19.399999618530273,19.489999771118164,19.399999618530273,19.489999771118164,1085,0.0,0.0,0.0
2020-04-09 00:00:00-04:00,19.510000228881836,19.614999771118164,19.510000228881836,19.614999771118164,1899,0.0,0.0,0.0
2020-04-13 00:00:00-04:00,19.489999771118164,19.610000610351562,19.489999771118164,19.610000610351562,2562,0.0,0.0,0.0
2020-04-14 00:00:00-04:00,19.614999771118164,19.6200008392334,19.559999465942383,19.6200008392334,1679,0.0,0.0,0.0
2020-04-15 00:00:00-04:00,19.6200008392334,19.660999298095703,19.6200008392334,19.64900016784668,1451,0.0,0.0,0.0
2020-04-16 00:00:00-04:00,19.676000595092773,19.68000030517578,19.676000595092773,19.68000030517578,289,0.0,0.0,0.0
2020-04-17 00:00:00-04:00,19.649999618530273,19.649999618530273,18.860000610351562,19.604999542236328,10558,0.0,0.0,0.0
2020-04-20 00:00:00-04:00,19.549999237060547,19.604999542236328,19.549999237060547,19.604999542236328,10105,0.0,0.0,0.0
2020-04-21 00:00:00-04:00,19.559999465942383,19.655000686645508,19.559999465942383,19.655000686645508,3644,0.0,0.0,0.0
2020-04-22 00:00:00-04:00,19.530000686645508,19.600000381469727,19.530000686645508,19.600000381469727,156,0.0,0.0,0.0
2020-04-23 00:00:00-04:00,19.559999465942383,19.643400192260742,19.549999237060547,19.610000610351562,13174,0.0,0.0,0.0
2020-04-24 00:00:00-04:00,19.549999237060547,19.61319923400879,19.549999237060547,19.61319923400879,902,0.0,0.0,0.0
2020-04-27 00:00:00-04:00,19.540000915527344,19.59269905090332,19.540000915527344,19.59269905090332,678,0.0,0.0,0.0
2020-04-28 00:00:00-04:00,19.3700008392334,19.6156005859375,19.3700008392334,19.6156005859375,456,0.0,0.0,0.0
2020-04-29 00:00:00-04:00,19.58099937438965,19.645299911499023,19.520000457763672,19.635000228881836,11759,0.0,0.0,0.0
2020-04-30 00:00:00-04:00,19.010000228881836,19.639999389648438,19.010000228881836,19.625,1189,0.0,0.0,0.0
2020-05-01 00:00:00-04:00,19.540000915527344,19.602800369262695,19.530000686645508,19.602800369262695,2860,0.0,0.0,0.0
2020-05-04 00:00:00-04:00,19.6200008392334,19.625,19.56999969482422,19.625,783,0.0,0.0,0.0
2020-05-05 00:00:00-04:00,19.59000015258789,19.59000015258789,19.59000015258789,19.59000015258789,5,0.0,0.0,0.0
2020-05-06 00:00:00-04:00,19.600000381469727,19.600000381469727,19.549999237060547,19.579999923706055,620,0.0,0.0,0.0
2020-05-07 00:00:00-04:00,19.56999969482422,19.59000015258789,19.56999969482422,19.59000015258789,3156,0.0,0.0,0.0
2020-05-08 00:00:00-04:00,19.579999923706055,19.59000015258789,19.530099868774414,19.565000534057617,3452,0.0,0.0,0.0
2020-05-11 00:00:00-04:00,19.489999771118164,19.559099197387695,19.489999771118164,19.559099197387695,3328,0.0,0.0,0.0
2020-05-12 00:00:00-04:00,19.239999771118164,19.56999969482422,19.239999771118164,19.56999969482422,1439,0.0,0.0,0.0
2020-05-13 00:00:00-04:00,19.565000534057617,19.56999969482422,19.565000534057617,19.56999969482422,320,0.0,0.0,0.0
2020-05-14 00:00:00-04:00,19.389999389648438,19.691099166870117,19.389999389648438,19.691099166870117,12257,0.0,0.0,0.0
2020-05-15 00:00:00-04:00,19.3799991607666,20.256999969482422,19.3799991607666,20.256999969482422,318,0.0,0.0,0.0
2020-05-18 00:00:00-04:00,21.34000015258789,21.34000015258789,20.322200775146484,20.322200775146484,561,0.0,0.0,0.0
2020-05-19 00:00:00-04:00,20.309999465942383,20.393299102783203,20.309999465942383,20.393299102783203,199,0.0,0.0,0.0
2020-05-20 00:00:00-04:00,20.59000015258789,20.69700050354004,20.59000015258789,20.69700050354004,100,0.0,0.0,0.0
2020-05-21 00:00:00-04:00,20.603700637817383,20.603700637817383,20.603700637817383,20.603700637817383,10,0.0,0.0,0.0
2020-05-22 00:00:00-04:00,20.78660011291504,20.78660011291504,20.78660011291504,20.78660011291504,35,0.0,0.0,0.0
2020-05-26 00:00:00-04:00,20.891199111938477,20.901199340820312,20.431900024414062,20.431900024414062,972,0.0,0.0,0.0
2020-05-27 00:00:00-04:00,20.5,20.5,19.602100372314453,20.441699981689453,908,0.0,0.0,0.0
2020-05-28 00:00:00-04:00,20.860000610351562,20.860000610351562,20.60569953918457,20.60569953918457,470,0.0,0.0,0.0
2020-05-29 00:00:00-04:00,20.799999237060547,21.162500381469727,20.799999237060547,21.162500381469727,4759,0.0,0.0,0.0
2020-06-01 00:00:00-04:00,21.511899948120117,21.524999618530273,21.440000534057617,21.447500228881836,3176,0.0,0.0,0.0
2020-06-02 00:00:00-04:00,21.415700912475586,21.415700912475586,21.415700912475586,21.415700912475586,189,0.0,0.0,0.0
2020-06-03 00:00:00-04:00,21.40999984741211,21.40999984741211,21.1299991607666,21.196300506591797,3948,0.0,0.0,0.0
2020-06-04 00:00:00-04:00,20.770000457763672,20.844999313354492,20.66010093688965,20.66010093688965,8260,0.0,0.0,0.0
2020-06-05 00:00:00-04:00,20.420000076293945,20.725000381469727,20.420000076293945,20.55459976196289,5133,0.0,0.0,0.0
2020-06-08 00:00:00-04:00,20.31999969482422,20.6560001373291,20.31100082397461,20.6560001373291,7058,0.0,0.0,0.0
2020-06-09 00:00:00-04:00,20.639999389648438,20.780000686645508,20.6299991607666,20.670000076293945,14816,0.0,0.0,0.0
2020-06-10 00:00:00-04:00,20.711000442504883,21.09239959716797,20.709999084472656,21.09239959716797,16641,0.0,0.0,0.0
2020-06-11 00:00:00-04:00,20.799999237060547,20.848400115966797,20.059999465942383,20.126100540161133,17240,0.0,0.0,0.0
2020-06-12 00:00:00-04:00,20.329999923706055,20.627199172973633,19.93000030517578,20.244300842285156,14725,0.0,0.0,0.0
2020-06-15 00:00:00-04:00,19.93000030517578,20.6643009185791,19.600000381469727,20.6643009185791,66358,0.0,0.0,0.0
2020-06-16 00:00:00-04:00,20.760000228881836,20.84000015258789,20.690000534057617,20.75550079345703,10072,0.0,0.0,0.0
2020-06-17 00:00:00-04:00,20.799999237060547,21.0,20.799999237060547,20.922800064086914,1168,0.0,0.0,0.0
2020-06-18 00:00:00-04:00,20.950000762939453,20.989599227905273,20.84000015258789,20.989599227905273,2829,0.0,0.0,0.0
2020-06-19 00:00:00-04:00,21.170000076293945,21.190000534057617,21.127500534057617,21.127500534057617,42493,0.0,0.0,0.0
2020-06-22 00:00:00-04:00,21.059999465942383,21.38450050354004,21.059999465942383,21.38450050354004,611,0.0,0.0,0.0
2020-06-23 00:00:00-04:00,21.610000610351562,21.631500244140625,21.3700008392334,21.426300048828125,27235,0.0,0.0,0.0
2020-06-24 00:00:00-04:00,21.239999771118164,21.239999771118164,21.01889991760254,21.01889991760254,735,0.0,0.0,0.0
2020-06-25 00:00:00-04:00,21.079999923706055,21.36910057067871,21.079999923706055,21.36910057067871,1996,0.0,0.0,0.0
2020-06-26 00:00:00-04:00,21.049999237060547,21.049999237060547,21.0,21.023099899291992,4219,0.0,0.0,0.0
2020-06-29 00:00:00-04:00,20.90999984741211,21.06800079345703,20.690000534057617,21.06800079345703,1846,0.0,0.0,0.0
2020-06-30 00:00:00-04:00,21.114999771118164,21.114999771118164,21.114999771118164,21.114999771118164,1,0.0,0.0,0.0
2020-07-01 00:00:00-04:00,21.114999771118164,21.114999771118164,21.114999771118164,21.114999771118164,10,0.0,0.0,0.0
2020-07-02 00:00:00-04:00,21.110000610351562,21.110000610351562,21.030000686645508,21.06999969482422,5051,0.0,0.0,0.0
2020-07-06 00:00:00-04:00,21.06999969482422,21.06999969482422,21.06999969482422,21.06999969482422,0,0.0,0.0,0.0
2020-07-07 00:00:00-04:00,21.06999969482422,21.06999969482422,21.06999969482422,21.06999969482422,0,0.0,0.0,0.0
2020-07-08 00:00:00-04:00,21.06999969482422,21.06999969482422,21.06999969482422,21.06999969482422,0,0.0,0.0,0.0
2020-07-09 00:00:00-04:00,21.06999969482422,21.06999969482422,21.06999969482422,21.06999969482422,0,0.0,0.0,0.0
2020-07-10 00:00:00-04:00,21.06999969482422,21.06999969482422,21.06999969482422,21.06999969482422,0,0.0,0.0,0.0
2020-07-13 00:00:00-04:00,21.06999969482422,21.06999969482422,21.06999969482422,21.06999969482422,0,0.0,0.0,0.0
2020-07-14 00:00:00-04:00,21.06999969482422,21.06999969482422,21.06999969482422,21.06999969482422,0,0.0,0.0,0.0
2020-07-15 00:00:00-04:00,21.06999969482422,21.06999969482422,21.06999969482422,21.06999969482422,0,0.0,0.0,0.0
2020-07-16 00:00:00-04:00,21.06999969482422,21.06999969482422,21.06999969482422,21.06999969482422,0,0.0,0.0,0.0
2020-07-17 00:00:00-04:00,21.06999969482422,21.06999969482422,21.06999969482422,21.06999969482422,0,0.0,0.0,0.0
2020-07-20 00:00:00-04:00,21.06999969482422,21.06999969482422,21.06999969482422,21.06999969482422,0,0.0,0.0,0.0
