Date,Open,High,Low,Close,Volume,Dividends,Stock Splits
2021-07-19 00:00:00-04:00,9.899999618530273,9.930000305175781,9.899999618530273,9.899999618530273,500,0.0,0.0
2021-07-20 00:00:00-04:00,9.800000190734863,9.8100004196167,9.680000305175781,9.699999809265137,700,0.0,0.0
2021-07-21 00:00:00-04:00,9.6899995803833,9.6899995803833,9.6899995803833,9.6899995803833,400,0.0,0.0
2021-07-22 00:00:00-04:00,9.6899995803833,9.6899995803833,9.6899995803833,9.6899995803833,100,0.0,0.0
2021-07-23 00:00:00-04:00,9.6899995803833,9.6899995803833,9.6899995803833,9.6899995803833,0,0.0,0.0
2021-07-26 00:00:00-04:00,9.6899995803833,9.6899995803833,9.6899995803833,9.6899995803833,0,0.0,0.0
2021-07-27 00:00:00-04:00,9.6899995803833,9.6899995803833,9.6899995803833,9.6899995803833,0,0.0,0.0
2021-07-28 00:00:00-04:00,9.609999656677246,9.609999656677246,9.609999656677246,9.609999656677246,100,0.0,0.0
2021-07-29 00:00:00-04:00,9.609999656677246,9.609999656677246,9.609999656677246,9.609999656677246,0,0.0,0.0
2021-07-30 00:00:00-04:00,9.609999656677246,9.609999656677246,9.609999656677246,9.609999656677246,0,0.0,0.0
2021-08-02 00:00:00-04:00,9.609999656677246,9.609999656677246,9.609999656677246,9.609999656677246,0,0.0,0.0
2021-08-03 00:00:00-04:00,9.800000190734863,9.800000190734863,9.729999542236328,9.729999542236328,16100,0.0,0.0
2021-08-04 00:00:00-04:00,9.729999542236328,9.729999542236328,9.729999542236328,9.729999542236328,0,0.0,0.0
2021-08-05 00:00:00-04:00,9.729999542236328,9.729999542236328,9.729999542236328,9.729999542236328,0,0.0,0.0
2021-08-06 00:00:00-04:00,9.729999542236328,9.729999542236328,9.729999542236328,9.729999542236328,0,0.0,0.0
2021-08-09 00:00:00-04:00,9.729999542236328,9.729999542236328,9.729999542236328,9.729999542236328,0,0.0,0.0
2021-08-10 00:00:00-04:00,9.729999542236328,9.729999542236328,9.729999542236328,9.729999542236328,0,0.0,0.0
2021-08-11 00:00:00-04:00,9.729999542236328,9.729999542236328,9.729999542236328,9.729999542236328,0,0.0,0.0
2021-08-12 00:00:00-04:00,9.729999542236328,9.729999542236328,9.729999542236328,9.729999542236328,0,0.0,0.0
2021-08-13 00:00:00-04:00,9.729999542236328,9.729999542236328,9.729999542236328,9.729999542236328,0,0.0,0.0
2021-08-16 00:00:00-04:00,9.729999542236328,9.729999542236328,9.729999542236328,9.729999542236328,467000,0.0,0.0
2021-08-17 00:00:00-04:00,9.729999542236328,9.729999542236328,9.729999542236328,9.729999542236328,0,0.0,0.0
2021-08-18 00:00:00-04:00,9.729999542236328,9.729999542236328,9.729999542236328,9.729999542236328,0,0.0,0.0
2021-08-19 00:00:00-04:00,9.729999542236328,9.729999542236328,9.729999542236328,9.729999542236328,0,0.0,0.0
2021-08-20 00:00:00-04:00,9.729999542236328,9.729999542236328,9.729999542236328,9.729999542236328,0,0.0,0.0
2021-08-23 00:00:00-04:00,9.680000305175781,9.680000305175781,9.680000305175781,9.680000305175781,100,0.0,0.0
2021-08-24 00:00:00-04:00,9.680000305175781,9.680000305175781,9.680000305175781,9.680000305175781,100,0.0,0.0
2021-08-25 00:00:00-04:00,9.670000076293945,9.670000076293945,9.670000076293945,9.670000076293945,400,0.0,0.0
2021-08-26 00:00:00-04:00,9.630000114440918,9.630000114440918,9.619999885559082,9.619999885559082,3200,0.0,0.0
2021-08-27 00:00:00-04:00,9.609999656677246,9.619999885559082,9.600000381469727,9.609999656677246,4300,0.0,0.0
2021-08-30 00:00:00-04:00,9.609999656677246,9.609999656677246,9.609999656677246,9.609999656677246,0,0.0,0.0
2021-08-31 00:00:00-04:00,9.600000381469727,9.619999885559082,9.600000381469727,9.619999885559082,9400,0.0,0.0
2021-09-01 00:00:00-04:00,9.619999885559082,9.619999885559082,9.585000038146973,9.600000381469727,127900,0.0,0.0
2021-09-02 00:00:00-04:00,9.630000114440918,9.630000114440918,9.600000381469727,9.600000381469727,53300,0.0,0.0
2021-09-03 00:00:00-04:00,9.600000381469727,9.630000114440918,9.59000015258789,9.630000114440918,68700,0.0,0.0
2021-09-07 00:00:00-04:00,9.600000381469727,9.680000305175781,9.600000381469727,9.680000305175781,21900,0.0,0.0
2021-09-08 00:00:00-04:00,9.670000076293945,9.680000305175781,9.58899974822998,9.680000305175781,603600,0.0,0.0
2021-09-09 00:00:00-04:00,9.62600040435791,9.680000305175781,9.62600040435791,9.680000305175781,600,0.0,0.0
2021-09-10 00:00:00-04:00,9.619999885559082,9.680000305175781,9.619999885559082,9.680000305175781,600,0.0,0.0
2021-09-13 00:00:00-04:00,9.65999984741211,9.6899995803833,9.640000343322754,9.6899995803833,4400,0.0,0.0
2021-09-14 00:00:00-04:00,9.680000305175781,9.899999618530273,9.680000305175781,9.6899995803833,181300,0.0,0.0
2021-09-15 00:00:00-04:00,9.630000114440918,9.720000267028809,9.630000114440918,9.699999809265137,11700,0.0,0.0
2021-09-16 00:00:00-04:00,9.947999954223633,9.947999954223633,9.680000305175781,9.71500015258789,29400,0.0,0.0
2021-09-17 00:00:00-04:00,9.670000076293945,9.704999923706055,9.670000076293945,9.680000305175781,800,0.0,0.0
2021-09-20 00:00:00-04:00,9.720000267028809,9.720000267028809,9.600000381469727,9.649999618530273,111500,0.0,0.0
2021-09-21 00:00:00-04:00,9.609999656677246,9.65999984741211,9.609999656677246,9.649999618530273,137100,0.0,0.0
2021-09-22 00:00:00-04:00,9.640000343322754,9.6899995803833,9.640000343322754,9.670000076293945,9600,0.0,0.0
2021-09-23 00:00:00-04:00,9.640000343322754,9.680000305175781,9.640000343322754,9.680000305175781,7600,0.0,0.0
2021-09-24 00:00:00-04:00,9.640000343322754,9.699999809265137,9.640000343322754,9.699999809265137,1600,0.0,0.0
2021-09-27 00:00:00-04:00,9.640000343322754,9.699999809265137,9.640000343322754,9.680000305175781,400,0.0,0.0
2021-09-28 00:00:00-04:00,9.680000305175781,9.680000305175781,9.680000305175781,9.680000305175781,0,0.0,0.0
2021-09-29 00:00:00-04:00,9.680000305175781,9.680000305175781,9.680000305175781,9.680000305175781,0,0.0,0.0
2021-09-30 00:00:00-04:00,9.6899995803833,9.710000038146973,9.6899995803833,9.710000038146973,5500,0.0,0.0
2021-10-01 00:00:00-04:00,9.710000038146973,9.710000038146973,9.710000038146973,9.710000038146973,0,0.0,0.0
2021-10-04 00:00:00-04:00,9.84000015258789,9.84000015258789,9.710000038146973,9.710000038146973,1500,0.0,0.0
2021-10-05 00:00:00-04:00,9.789999961853027,9.789999961853027,9.720000267028809,9.760000228881836,1200,0.0,0.0
2021-10-06 00:00:00-04:00,9.760000228881836,9.760000228881836,9.760000228881836,9.760000228881836,0,0.0,0.0
2021-10-07 00:00:00-04:00,9.789999961853027,9.789999961853027,9.699999809265137,9.729999542236328,19900,0.0,0.0
2021-10-08 00:00:00-04:00,9.729999542236328,9.729999542236328,9.729999542236328,9.729999542236328,0,0.0,0.0
2021-10-11 00:00:00-04:00,9.729999542236328,9.729999542236328,9.729999542236328,9.729999542236328,0,0.0,0.0
2021-10-12 00:00:00-04:00,9.729999542236328,9.729999542236328,9.729999542236328,9.729999542236328,0,0.0,0.0
2021-10-13 00:00:00-04:00,9.729999542236328,9.729999542236328,9.729999542236328,9.729999542236328,0,0.0,0.0
2021-10-14 00:00:00-04:00,9.859999656677246,9.859999656677246,9.680000305175781,9.720000267028809,1700,0.0,0.0
2021-10-15 00:00:00-04:00,9.680999755859375,9.71500015258789,9.680999755859375,9.71500015258789,500,0.0,0.0
2021-10-18 00:00:00-04:00,9.71500015258789,9.71500015258789,9.71500015258789,9.71500015258789,0,0.0,0.0
2021-10-19 00:00:00-04:00,9.71500015258789,9.71500015258789,9.71500015258789,9.71500015258789,0,0.0,0.0
2021-10-20 00:00:00-04:00,9.71500015258789,9.71500015258789,9.71500015258789,9.71500015258789,0,0.0,0.0
2021-10-21 00:00:00-04:00,9.71500015258789,9.71500015258789,9.71500015258789,9.71500015258789,0,0.0,0.0
2021-10-22 00:00:00-04:00,9.680000305175781,9.720000267028809,9.680000305175781,9.699999809265137,5200,0.0,0.0
2021-10-25 00:00:00-04:00,9.680000305175781,9.699999809265137,9.680000305175781,9.6899995803833,150700,0.0,0.0
2021-10-26 00:00:00-04:00,9.699999809265137,9.720000267028809,9.6899995803833,9.694999694824219,249800,0.0,0.0
2021-10-27 00:00:00-04:00,9.680000305175781,9.720000267028809,9.680000305175781,9.720000267028809,7200,0.0,0.0
2021-10-28 00:00:00-04:00,9.720000267028809,9.720000267028809,9.680000305175781,9.699999809265137,5900,0.0,0.0
2021-10-29 00:00:00-04:00,9.699999809265137,9.699999809265137,9.670000076293945,9.670000076293945,300,0.0,0.0
2021-11-01 00:00:00-04:00,9.670000076293945,9.670000076293945,9.670000076293945,9.670000076293945,0,0.0,0.0
2021-11-02 00:00:00-04:00,9.670000076293945,9.670000076293945,9.670000076293945,9.670000076293945,0,0.0,0.0
2021-11-03 00:00:00-04:00,9.680000305175781,9.699999809265137,9.680000305175781,9.680000305175781,504700,0.0,0.0
2021-11-04 00:00:00-04:00,9.699999809265137,9.699999809265137,9.699999809265137,9.699999809265137,100,0.0,0.0
2021-11-05 00:00:00-04:00,9.699999809265137,9.699999809265137,9.6899995803833,9.699999809265137,500,0.0,0.0
2021-11-08 00:00:00-05:00,9.6899995803833,9.720000267028809,9.680000305175781,9.720000267028809,550900,0.0,0.0
2021-11-09 00:00:00-05:00,9.710000038146973,9.710000038146973,9.6899995803833,9.710000038146973,159500,0.0,0.0
2021-11-10 00:00:00-05:00,9.6899995803833,9.770000457763672,9.680000305175781,9.770000457763672,307500,0.0,0.0
2021-11-11 00:00:00-05:00,9.699999809265137,9.729999542236328,9.6899995803833,9.710000038146973,106400,0.0,0.0
2021-11-12 00:00:00-05:00,9.699999809265137,9.71500015258789,9.6899995803833,9.6899995803833,45200,0.0,0.0
2021-11-15 00:00:00-05:00,9.6899995803833,9.6899995803833,9.6899995803833,9.6899995803833,0,0.0,0.0
2021-11-16 00:00:00-05:00,9.6899995803833,9.6899995803833,9.6899995803833,9.6899995803833,0,0.0,0.0
2021-11-17 00:00:00-05:00,9.720000267028809,9.729999542236328,9.699999809265137,9.729999542236328,7700,0.0,0.0
2021-11-18 00:00:00-05:00,9.710000038146973,9.729999542236328,9.699999809265137,9.729999542236328,109200,0.0,0.0
2021-11-19 00:00:00-05:00,9.699999809265137,9.710000038146973,9.680000305175781,9.710000038146973,40400,0.0,0.0
2021-11-22 00:00:00-05:00,9.699999809265137,9.710000038146973,9.699999809265137,9.710000038146973,1300,0.0,0.0
2021-11-23 00:00:00-05:00,9.710000038146973,9.710000038146973,9.680000305175781,9.710000038146973,9300,0.0,0.0
2021-11-24 00:00:00-05:00,9.699999809265137,9.710000038146973,9.699999809265137,9.699999809265137,6600,0.0,0.0
2021-11-26 00:00:00-05:00,9.699999809265137,9.720000267028809,9.699999809265137,9.720000267028809,15900,0.0,0.0
2021-11-29 00:00:00-05:00,9.720000267028809,9.720000267028809,9.720000267028809,9.720000267028809,200,0.0,0.0
2021-11-30 00:00:00-05:00,9.699999809265137,9.800000190734863,9.699999809265137,9.800000190734863,17300,0.0,0.0
2021-12-01 00:00:00-05:00,9.699999809265137,9.800000190734863,9.699999809265137,9.800000190734863,13700,0.0,0.0
2021-12-02 00:00:00-05:00,9.800000190734863,9.819999694824219,9.760000228881836,9.789999961853027,2200,0.0,0.0
2021-12-03 00:00:00-05:00,9.800000190734863,9.800000190734863,9.800000190734863,9.800000190734863,100,0.0,0.0
2021-12-06 00:00:00-05:00,9.800000190734863,9.800000190734863,9.800000190734863,9.800000190734863,100,0.0,0.0
2021-12-07 00:00:00-05:00,9.800000190734863,9.800000190734863,9.800000190734863,9.800000190734863,200,0.0,0.0
2021-12-08 00:00:00-05:00,9.75,9.75,9.699999809265137,9.710000038146973,72500,0.0,0.0
2021-12-09 00:00:00-05:00,9.710000038146973,9.710000038146973,9.710000038146973,9.710000038146973,0,0.0,0.0
2021-12-10 00:00:00-05:00,9.710000038146973,9.710000038146973,9.710000038146973,9.710000038146973,0,0.0,0.0
2021-12-13 00:00:00-05:00,9.699999809265137,9.760000228881836,9.6899995803833,9.699999809265137,269000,0.0,0.0
2021-12-14 00:00:00-05:00,9.699999809265137,9.729999542236328,9.6899995803833,9.6899995803833,31300,0.0,0.0
2021-12-15 00:00:00-05:00,9.701000213623047,9.770000457763672,9.675000190734863,9.770000457763672,96600,0.0,0.0
2021-12-16 00:00:00-05:00,9.699999809265137,9.739999771118164,9.670000076293945,9.680000305175781,44200,0.0,0.0
2021-12-17 00:00:00-05:00,9.675000190734863,9.699999809265137,9.675000190734863,9.699999809265137,2200,0.0,0.0
2021-12-20 00:00:00-05:00,9.739999771118164,9.739999771118164,9.680000305175781,9.699999809265137,22300,0.0,0.0
2021-12-21 00:00:00-05:00,9.699999809265137,9.729999542236328,9.6850004196167,9.729999542236328,17500,0.0,0.0
2021-12-22 00:00:00-05:00,9.699999809265137,9.770000457763672,9.699999809265137,9.770000457763672,59900,0.0,0.0
2021-12-23 00:00:00-05:00,9.770000457763672,9.770000457763672,9.720000267028809,9.720000267028809,200,0.0,0.0
2021-12-27 00:00:00-05:00,9.720000267028809,9.720000267028809,9.720000267028809,9.720000267028809,0,0.0,0.0
2021-12-28 00:00:00-05:00,9.720000267028809,9.720000267028809,9.720000267028809,9.720000267028809,0,0.0,0.0
2021-12-29 00:00:00-05:00,9.720000267028809,9.720000267028809,9.720000267028809,9.720000267028809,0,0.0,0.0
2021-12-30 00:00:00-05:00,9.739999771118164,9.739999771118164,9.739999771118164,9.739999771118164,200,0.0,0.0
2021-12-31 00:00:00-05:00,9.6899995803833,9.720000267028809,9.6899995803833,9.720000267028809,40400,0.0,0.0
2022-01-03 00:00:00-05:00,9.770000457763672,9.770000457763672,9.720000267028809,9.739999771118164,37600,0.0,0.0
2022-01-04 00:00:00-05:00,9.699999809265137,9.739999771118164,9.699999809265137,9.739999771118164,200,0.0,0.0
2022-01-05 00:00:00-05:00,9.739999771118164,9.739999771118164,9.739999771118164,9.739999771118164,0,0.0,0.0
2022-01-06 00:00:00-05:00,9.720000267028809,9.720000267028809,9.720000267028809,9.720000267028809,200,0.0,0.0
2022-01-07 00:00:00-05:00,9.710000038146973,9.710000038146973,9.710000038146973,9.710000038146973,100,0.0,0.0
2022-01-10 00:00:00-05:00,9.720000267028809,9.720000267028809,9.720000267028809,9.720000267028809,200,0.0,0.0
2022-01-11 00:00:00-05:00,9.720000267028809,9.720000267028809,9.720000267028809,9.720000267028809,0,0.0,0.0
2022-01-12 00:00:00-05:00,9.720000267028809,9.720000267028809,9.710000038146973,9.720000267028809,1300,0.0,0.0
2022-01-13 00:00:00-05:00,9.710000038146973,9.710000038146973,9.710000038146973,9.710000038146973,700,0.0,0.0
2022-01-14 00:00:00-05:00,9.710000038146973,9.720000267028809,9.710000038146973,9.720000267028809,600,0.0,0.0
2022-01-18 00:00:00-05:00,9.760000228881836,9.760000228881836,9.710000038146973,9.710000038146973,700,0.0,0.0
2022-01-19 00:00:00-05:00,9.729999542236328,9.729999542236328,9.729999542236328,9.729999542236328,200,0.0,0.0
2022-01-20 00:00:00-05:00,9.729999542236328,9.729999542236328,9.729999542236328,9.729999542236328,0,0.0,0.0
2022-01-21 00:00:00-05:00,9.720000267028809,9.720000267028809,9.720000267028809,9.720000267028809,800,0.0,0.0
2022-01-24 00:00:00-05:00,9.680000305175781,9.710000038146973,9.670000076293945,9.699999809265137,3400,0.0,0.0
2022-01-25 00:00:00-05:00,9.699999809265137,9.699999809265137,9.699999809265137,9.699999809265137,0,0.0,0.0
2022-01-26 00:00:00-05:00,9.670000076293945,9.680000305175781,9.670000076293945,9.680000305175781,2900,0.0,0.0
2022-01-27 00:00:00-05:00,9.670000076293945,9.670000076293945,9.618000030517578,9.649999618530273,44200,0.0,0.0
2022-01-28 00:00:00-05:00,9.65999984741211,9.65999984741211,9.65999984741211,9.65999984741211,6400,0.0,0.0
2022-01-31 00:00:00-05:00,9.770000457763672,9.770000457763672,9.670000076293945,9.670000076293945,2300,0.0,0.0
2022-02-01 00:00:00-05:00,9.720000267028809,9.720000267028809,9.649999618530273,9.649999618530273,17100,0.0,0.0
2022-02-02 00:00:00-05:00,9.649999618530273,9.649999618530273,9.649999618530273,9.649999618530273,0,0.0,0.0
2022-02-03 00:00:00-05:00,9.670000076293945,9.670000076293945,9.670000076293945,9.670000076293945,34800,0.0,0.0
2022-02-04 00:00:00-05:00,9.630000114440918,9.649999618530273,9.630000114440918,9.649999618530273,700,0.0,0.0
2022-02-07 00:00:00-05:00,9.670000076293945,9.670000076293945,9.649999618530273,9.65999984741211,2900,0.0,0.0
2022-02-08 00:00:00-05:00,9.65999984741211,9.65999984741211,9.65999984741211,9.65999984741211,0,0.0,0.0
2022-02-09 00:00:00-05:00,9.65999984741211,9.65999984741211,9.65999984741211,9.65999984741211,0,0.0,0.0
2022-02-10 00:00:00-05:00,9.649999618530273,9.65999984741211,9.645000457763672,9.65999984741211,442300,0.0,0.0
2022-02-11 00:00:00-05:00,9.630000114440918,9.630000114440918,9.619999885559082,9.619999885559082,600,0.0,0.0
2022-02-14 00:00:00-05:00,9.619999885559082,9.619999885559082,9.619999885559082,9.619999885559082,0,0.0,0.0
2022-02-15 00:00:00-05:00,9.649999618530273,9.670000076293945,9.630000114440918,9.649999618530273,1300,0.0,0.0
2022-02-16 00:00:00-05:00,9.649999618530273,9.649999618530273,9.649999618530273,9.649999618530273,0,0.0,0.0
2022-02-17 00:00:00-05:00,9.640000343322754,9.640000343322754,9.635000228881836,9.640000343322754,11300,0.0,0.0
2022-02-18 00:00:00-05:00,9.640000343322754,9.65999984741211,9.640000343322754,9.65999984741211,16200,0.0,0.0
2022-02-22 00:00:00-05:00,9.65999984741211,9.65999984741211,9.65999984741211,9.65999984741211,0,0.0,0.0
2022-02-23 00:00:00-05:00,9.649999618530273,9.649999618530273,9.640000343322754,9.649999618530273,400400,0.0,0.0
2022-02-24 00:00:00-05:00,9.619999885559082,9.6899995803833,9.619999885559082,9.6899995803833,4400,0.0,0.0
2022-02-25 00:00:00-05:00,9.6899995803833,9.6899995803833,9.6899995803833,9.6899995803833,0,0.0,0.0
2022-02-28 00:00:00-05:00,9.65999984741211,9.65999984741211,9.640000343322754,9.640000343322754,14100,0.0,0.0
2022-03-01 00:00:00-05:00,9.680000305175781,9.699999809265137,9.649999618530273,9.6899995803833,9900,0.0,0.0
2022-03-02 00:00:00-05:00,9.699999809265137,9.739999771118164,9.699999809265137,9.739999771118164,1500,0.0,0.0
2022-03-03 00:00:00-05:00,9.6899995803833,9.6899995803833,9.6899995803833,9.6899995803833,1900,0.0,0.0
2022-03-04 00:00:00-05:00,9.6899995803833,9.6899995803833,9.6899995803833,9.6899995803833,1300,0.0,0.0
2022-03-07 00:00:00-05:00,9.630000114440918,9.699999809265137,9.630000114440918,9.6899995803833,405300,0.0,0.0
2022-03-08 00:00:00-05:00,9.6899995803833,9.710000038146973,9.6899995803833,9.6899995803833,3200,0.0,0.0
2022-03-09 00:00:00-05:00,9.6899995803833,9.699999809265137,9.6899995803833,9.699999809265137,4100,0.0,0.0
2022-03-10 00:00:00-05:00,9.699999809265137,9.699999809265137,9.699999809265137,9.699999809265137,600,0.0,0.0
2022-03-11 00:00:00-05:00,9.710000038146973,9.710000038146973,9.710000038146973,9.710000038146973,18500,0.0,0.0
2022-03-14 00:00:00-04:00,9.739999771118164,9.739999771118164,9.699999809265137,9.720000267028809,16600,0.0,0.0
2022-03-15 00:00:00-04:00,9.720000267028809,9.720000267028809,9.720000267028809,9.720000267028809,126600,0.0,0.0
2022-03-16 00:00:00-04:00,9.75,9.75,9.704999923706055,9.710000038146973,14400,0.0,0.0
2022-03-17 00:00:00-04:00,9.710000038146973,9.710000038146973,9.710000038146973,9.710000038146973,0,0.0,0.0
2022-03-18 00:00:00-04:00,9.710000038146973,9.75,9.710000038146973,9.75,1400,0.0,0.0
2022-03-21 00:00:00-04:00,9.770000457763672,9.770000457763672,9.720000267028809,9.720000267028809,16800,0.0,0.0
2022-03-22 00:00:00-04:00,9.720000267028809,9.720000267028809,9.720000267028809,9.720000267028809,0,0.0,0.0
2022-03-23 00:00:00-04:00,9.75,9.75,9.75,9.75,100,0.0,0.0
2022-03-24 00:00:00-04:00,9.739999771118164,9.739999771118164,9.720000267028809,9.729999542236328,147100,0.0,0.0
2022-03-25 00:00:00-04:00,9.729999542236328,9.729999542236328,9.720000267028809,9.729999542236328,17900,0.0,0.0
2022-03-28 00:00:00-04:00,9.720000267028809,9.739999771118164,9.720000267028809,9.720000267028809,350300,0.0,0.0
2022-03-29 00:00:00-04:00,9.720000267028809,9.720000267028809,9.720000267028809,9.720000267028809,83900,0.0,0.0
2022-03-30 00:00:00-04:00,9.720000267028809,9.720000267028809,9.720000267028809,9.720000267028809,45000,0.0,0.0
2022-03-31 00:00:00-04:00,9.720000267028809,9.739999771118164,9.720000267028809,9.739999771118164,2600,0.0,0.0
2022-04-01 00:00:00-04:00,9.75,9.75,9.75,9.75,43200,0.0,0.0
2022-04-04 00:00:00-04:00,9.729999542236328,9.739999771118164,9.729999542236328,9.729999542236328,14600,0.0,0.0
2022-04-05 00:00:00-04:00,9.729999542236328,9.729999542236328,9.729999542236328,9.729999542236328,0,0.0,0.0
2022-04-06 00:00:00-04:00,9.720000267028809,9.734999656677246,9.710000038146973,9.729999542236328,184800,0.0,0.0
2022-04-07 00:00:00-04:00,9.729999542236328,9.729999542236328,9.729999542236328,9.729999542236328,0,0.0,0.0
2022-04-08 00:00:00-04:00,9.720000267028809,9.720000267028809,9.720000267028809,9.720000267028809,300,0.0,0.0
2022-04-11 00:00:00-04:00,9.720000267028809,9.720000267028809,9.720000267028809,9.720000267028809,3000,0.0,0.0
2022-04-12 00:00:00-04:00,9.720000267028809,9.720000267028809,9.720000267028809,9.720000267028809,0,0.0,0.0
2022-04-13 00:00:00-04:00,9.729999542236328,9.729999542236328,9.729999542236328,9.729999542236328,89600,0.0,0.0
2022-04-14 00:00:00-04:00,9.734999656677246,9.734999656677246,9.725000381469727,9.729999542236328,149000,0.0,0.0
2022-04-18 00:00:00-04:00,9.720000267028809,9.75,9.720000267028809,9.729999542236328,17300,0.0,0.0
2022-04-19 00:00:00-04:00,9.729999542236328,9.729999542236328,9.729999542236328,9.729999542236328,201300,0.0,0.0
2022-04-20 00:00:00-04:00,9.739999771118164,9.739999771118164,9.720000267028809,9.720000267028809,230100,0.0,0.0
2022-04-21 00:00:00-04:00,9.729999542236328,9.729999542236328,9.720000267028809,9.729999542236328,806000,0.0,0.0
2022-04-22 00:00:00-04:00,9.739999771118164,9.755000114440918,9.729999542236328,9.729999542236328,1450000,0.0,0.0
2022-04-25 00:00:00-04:00,9.720000267028809,9.75,9.720000267028809,9.720000267028809,594100,0.0,0.0
2022-04-26 00:00:00-04:00,9.720000267028809,9.720000267028809,9.710000038146973,9.710000038146973,24700,0.0,0.0
2022-04-27 00:00:00-04:00,9.720000267028809,9.729999542236328,9.720000267028809,9.720000267028809,296100,0.0,0.0
2022-04-28 00:00:00-04:00,9.720000267028809,9.720000267028809,9.720000267028809,9.720000267028809,150000,0.0,0.0
2022-04-29 00:00:00-04:00,9.720000267028809,9.729999542236328,9.720000267028809,9.729999542236328,30700,0.0,0.0
2022-05-02 00:00:00-04:00,9.729999542236328,9.75,9.729999542236328,9.75,13800,0.0,0.0
2022-05-03 00:00:00-04:00,9.75,9.760000228881836,9.75,9.760000228881836,2700,0.0,0.0
2022-05-04 00:00:00-04:00,9.760000228881836,9.760000228881836,9.760000228881836,9.760000228881836,0,0.0,0.0
2022-05-05 00:00:00-04:00,9.75,9.75,9.739999771118164,9.739999771118164,81300,0.0,0.0
2022-05-06 00:00:00-04:00,9.739999771118164,9.739999771118164,9.739999771118164,9.739999771118164,400,0.0,0.0
2022-05-09 00:00:00-04:00,9.739999771118164,9.739999771118164,9.729999542236328,9.729999542236328,1600,0.0,0.0
2022-05-10 00:00:00-04:00,9.729999542236328,9.729999542236328,9.725000381469727,9.729999542236328,3800,0.0,0.0
2022-05-11 00:00:00-04:00,9.9399995803833,9.9399995803833,9.699999809265137,9.699999809265137,61700,0.0,0.0
2022-05-12 00:00:00-04:00,9.699999809265137,9.699999809265137,9.6899995803833,9.6899995803833,5000,0.0,0.0
2022-05-13 00:00:00-04:00,9.6899995803833,9.6899995803833,9.6899995803833,9.6899995803833,0,0.0,0.0
2022-05-16 00:00:00-04:00,9.680000305175781,9.6899995803833,9.680000305175781,9.6899995803833,1500,0.0,0.0
2022-05-17 00:00:00-04:00,9.699999809265137,9.729999542236328,9.699999809265137,9.699999809265137,900,0.0,0.0
2022-05-18 00:00:00-04:00,9.699999809265137,9.699999809265137,9.699999809265137,9.699999809265137,0,0.0,0.0
2022-05-19 00:00:00-04:00,9.699999809265137,9.699999809265137,9.699999809265137,9.699999809265137,0,0.0,0.0
2022-05-20 00:00:00-04:00,9.699999809265137,9.699999809265137,9.699999809265137,9.699999809265137,0,0.0,0.0
2022-05-23 00:00:00-04:00,9.710000038146973,9.710000038146973,9.710000038146973,9.710000038146973,800,0.0,0.0
2022-05-24 00:00:00-04:00,9.699999809265137,9.710000038146973,9.699999809265137,9.699999809265137,27500,0.0,0.0
2022-05-25 00:00:00-04:00,9.706000328063965,9.710000038146973,9.706000328063965,9.710000038146973,1000,0.0,0.0
2022-05-26 00:00:00-04:00,9.6899995803833,9.699999809265137,9.6899995803833,9.699999809265137,201000,0.0,0.0
2022-05-27 00:00:00-04:00,9.704999923706055,9.704999923706055,9.704999923706055,9.704999923706055,248300,0.0,0.0
2022-05-31 00:00:00-04:00,9.699999809265137,9.704999923706055,9.699999809265137,9.699999809265137,46400,0.0,0.0
2022-06-01 00:00:00-04:00,9.710000038146973,9.710000038146973,9.6899995803833,9.699999809265137,131500,0.0,0.0
2022-06-02 00:00:00-04:00,9.699999809265137,9.699999809265137,9.699999809265137,9.699999809265137,0,0.0,0.0
2022-06-03 00:00:00-04:00,9.699999809265137,9.699999809265137,9.699999809265137,9.699999809265137,0,0.0,0.0
2022-06-06 00:00:00-04:00,9.699999809265137,9.699999809265137,9.699999809265137,9.699999809265137,0,0.0,0.0
2022-06-07 00:00:00-04:00,9.729999542236328,9.729999542236328,9.720000267028809,9.729999542236328,22100,0.0,0.0
2022-06-08 00:00:00-04:00,9.729999542236328,9.729999542236328,9.729999542236328,9.729999542236328,800,0.0,0.0
2022-06-09 00:00:00-04:00,9.710000038146973,9.729999542236328,9.710000038146973,9.729999542236328,1300,0.0,0.0
2022-06-10 00:00:00-04:00,9.729999542236328,9.729999542236328,9.729999542236328,9.729999542236328,300,0.0,0.0
2022-06-13 00:00:00-04:00,9.729999542236328,9.729999542236328,9.729999542236328,9.729999542236328,0,0.0,0.0
2022-06-14 00:00:00-04:00,9.739999771118164,9.739999771118164,9.739999771118164,9.739999771118164,700,0.0,0.0
2022-06-15 00:00:00-04:00,9.739999771118164,9.739999771118164,9.739999771118164,9.739999771118164,100,0.0,0.0
2022-06-16 00:00:00-04:00,9.729999542236328,9.729999542236328,9.729999542236328,9.729999542236328,2200,0.0,0.0
2022-06-17 00:00:00-04:00,9.729999542236328,9.729999542236328,9.729999542236328,9.729999542236328,1500,0.0,0.0
2022-06-21 00:00:00-04:00,9.739999771118164,9.739999771118164,9.739999771118164,9.739999771118164,4000,0.0,0.0
2022-06-22 00:00:00-04:00,9.729999542236328,9.729999542236328,9.729999542236328,9.729999542236328,1900,0.0,0.0
2022-06-23 00:00:00-04:00,9.760000228881836,9.760000228881836,9.760000228881836,9.760000228881836,3100,0.0,0.0
2022-06-24 00:00:00-04:00,9.75,9.760000228881836,9.739999771118164,9.739999771118164,11000,0.0,0.0
2022-06-27 00:00:00-04:00,9.739999771118164,9.739999771118164,9.739999771118164,9.739999771118164,100,0.0,0.0
2022-06-28 00:00:00-04:00,9.75,9.75,9.739999771118164,9.739999771118164,3200,0.0,0.0
2022-06-29 00:00:00-04:00,9.729999542236328,9.739999771118164,9.729999542236328,9.739999771118164,400,0.0,0.0
2022-06-30 00:00:00-04:00,9.729999542236328,9.734999656677246,9.720000267028809,9.734999656677246,7500,0.0,0.0
2022-07-01 00:00:00-04:00,9.720000267028809,9.729999542236328,9.720000267028809,9.729999542236328,600,0.0,0.0
2022-07-05 00:00:00-04:00,9.729999542236328,9.739999771118164,9.729999542236328,9.739999771118164,400,0.0,0.0
2022-07-06 00:00:00-04:00,9.720000267028809,9.739999771118164,9.720000267028809,9.739999771118164,4000,0.0,0.0
2022-07-07 00:00:00-04:00,9.75,9.75,9.739999771118164,9.739999771118164,1300,0.0,0.0
2022-07-08 00:00:00-04:00,9.739999771118164,9.739999771118164,9.739999771118164,9.739999771118164,0,0.0,0.0
2022-07-11 00:00:00-04:00,9.739999771118164,9.75,9.739999771118164,9.75,1900,0.0,0.0
2022-07-12 00:00:00-04:00,9.729999542236328,9.760000228881836,9.729999542236328,9.75,13900,0.0,0.0
2022-07-13 00:00:00-04:00,9.75,9.75,9.75,9.75,3700,0.0,0.0
2022-07-14 00:00:00-04:00,9.75,9.75,9.75,9.75,13100,0.0,0.0
2022-07-15 00:00:00-04:00,9.75,9.75,9.75,9.75,0,0.0,0.0
2022-07-18 00:00:00-04:00,9.75,9.75,9.75,9.75,0,0.0,0.0
2022-07-19 00:00:00-04:00,9.779999732971191,9.779999732971191,9.779999732971191,9.779999732971191,400,0.0,0.0
2022-07-20 00:00:00-04:00,9.789999961853027,9.789999961853027,9.75,9.75,1000,0.0,0.0
2022-07-21 00:00:00-04:00,9.795000076293945,9.795000076293945,9.795000076293945,9.795000076293945,200,0.0,0.0
2022-07-22 00:00:00-04:00,9.760000228881836,9.829999923706055,9.760000228881836,9.770000457763672,204300,0.0,0.0
2022-07-25 00:00:00-04:00,9.770000457763672,9.824999809265137,9.75,9.75,141800,0.0,0.0
2022-07-26 00:00:00-04:00,9.710000038146973,9.760000228881836,9.710000038146973,9.760000228881836,3200,0.0,0.0
2022-07-27 00:00:00-04:00,9.760000228881836,9.760000228881836,9.760000228881836,9.760000228881836,0,0.0,0.0
2022-07-28 00:00:00-04:00,9.760000228881836,9.760000228881836,9.760000228881836,9.760000228881836,0,0.0,0.0
2022-07-29 00:00:00-04:00,9.770000457763672,9.779999732971191,9.770000457763672,9.770000457763672,33000,0.0,0.0
2022-08-01 00:00:00-04:00,9.770000457763672,9.770000457763672,9.760000228881836,9.760000228881836,177800,0.0,0.0
2022-08-02 00:00:00-04:00,9.770000457763672,9.770000457763672,9.75,9.760000228881836,50600,0.0,0.0
2022-08-03 00:00:00-04:00,9.760000228881836,9.760000228881836,9.760000228881836,9.760000228881836,0,0.0,0.0
2022-08-04 00:00:00-04:00,9.760000228881836,9.760000228881836,9.760000228881836,9.760000228881836,0,0.0,0.0
2022-08-05 00:00:00-04:00,9.760000228881836,9.760000228881836,9.760000228881836,9.760000228881836,100,0.0,0.0
2022-08-08 00:00:00-04:00,9.760000228881836,9.760000228881836,9.760000228881836,9.760000228881836,0,0.0,0.0
2022-08-09 00:00:00-04:00,9.770000457763672,9.770000457763672,9.770000457763672,9.770000457763672,300,0.0,0.0
2022-08-10 00:00:00-04:00,9.770000457763672,9.779999732971191,9.770000457763672,9.779999732971191,19100,0.0,0.0
2022-08-11 00:00:00-04:00,9.779999732971191,9.779999732971191,9.779999732971191,9.779999732971191,0,0.0,0.0
2022-08-12 00:00:00-04:00,9.789999961853027,9.789999961853027,9.789999961853027,9.789999961853027,3000,0.0,0.0
2022-08-15 00:00:00-04:00,9.789999961853027,9.789999961853027,9.789999961853027,9.789999961853027,0,0.0,0.0
2022-08-16 00:00:00-04:00,9.789999961853027,9.789999961853027,9.789999961853027,9.789999961853027,0,0.0,0.0
2022-08-17 00:00:00-04:00,9.789999961853027,9.789999961853027,9.789999961853027,9.789999961853027,0,0.0,0.0
2022-08-18 00:00:00-04:00,9.800000190734863,9.800000190734863,9.800000190734863,9.800000190734863,100,0.0,0.0
2022-08-19 00:00:00-04:00,9.789999961853027,9.789999961853027,9.789999961853027,9.789999961853027,100,0.0,0.0
2022-08-22 00:00:00-04:00,9.800000190734863,9.800000190734863,9.800000190734863,9.800000190734863,100,0.0,0.0
2022-08-23 00:00:00-04:00,9.789999961853027,9.789999961853027,9.789999961853027,9.789999961853027,200,0.0,0.0
2022-08-24 00:00:00-04:00,9.789999961853027,9.789999961853027,9.789999961853027,9.789999961853027,0,0.0,0.0
2022-08-25 00:00:00-04:00,9.779999732971191,9.779999732971191,9.770000457763672,9.779999732971191,18500,0.0,0.0
2022-08-26 00:00:00-04:00,9.789999961853027,9.789999961853027,9.789999961853027,9.789999961853027,100,0.0,0.0
2022-08-29 00:00:00-04:00,9.789999961853027,9.789999961853027,9.789999961853027,9.789999961853027,300,0.0,0.0
2022-08-30 00:00:00-04:00,9.779999732971191,9.779999732971191,9.779999732971191,9.779999732971191,200,0.0,0.0
2022-08-31 00:00:00-04:00,9.789999961853027,9.789999961853027,9.789999961853027,9.789999961853027,1600,0.0,0.0
2022-09-01 00:00:00-04:00,9.789999961853027,9.789999961853027,9.789999961853027,9.789999961853027,0,0.0,0.0
2022-09-02 00:00:00-04:00,9.789999961853027,9.789999961853027,9.789999961853027,9.789999961853027,0,0.0,0.0
2022-09-06 00:00:00-04:00,9.779999732971191,9.779999732971191,9.760000228881836,9.770000457763672,30700,0.0,0.0
2022-09-07 00:00:00-04:00,9.770000457763672,9.770000457763672,9.770000457763672,9.770000457763672,0,0.0,0.0
2022-09-08 00:00:00-04:00,9.770000457763672,9.770000457763672,9.760000228881836,9.760000228881836,4500,0.0,0.0
2022-09-09 00:00:00-04:00,9.760000228881836,9.760000228881836,9.760000228881836,9.760000228881836,3200,0.0,0.0
2022-09-12 00:00:00-04:00,9.779999732971191,9.779999732971191,9.765000343322754,9.765000343322754,102600,0.0,0.0
2022-09-13 00:00:00-04:00,9.765000343322754,9.765000343322754,9.765000343322754,9.765000343322754,0,0.0,0.0
2022-09-14 00:00:00-04:00,9.760000228881836,9.760000228881836,9.760000228881836,9.760000228881836,7100,0.0,0.0
2022-09-15 00:00:00-04:00,9.760000228881836,9.760000228881836,9.760000228881836,9.760000228881836,100,0.0,0.0
2022-09-16 00:00:00-04:00,9.760000228881836,9.760000228881836,9.760000228881836,9.760000228881836,80900,0.0,0.0
2022-09-19 00:00:00-04:00,9.760000228881836,9.760000228881836,9.760000228881836,9.760000228881836,13300,0.0,0.0
2022-09-20 00:00:00-04:00,9.760000228881836,9.760000228881836,9.760000228881836,9.760000228881836,0,0.0,0.0
2022-09-21 00:00:00-04:00,9.760000228881836,9.760000228881836,9.760000228881836,9.760000228881836,0,0.0,0.0
2022-09-22 00:00:00-04:00,9.760000228881836,9.760000228881836,9.760000228881836,9.760000228881836,700,0.0,0.0
2022-09-23 00:00:00-04:00,9.760000228881836,9.760000228881836,9.760000228881836,9.760000228881836,0,0.0,0.0
2022-09-26 00:00:00-04:00,9.760000228881836,9.765000343322754,9.760000228881836,9.765000343322754,500,0.0,0.0
2022-09-27 00:00:00-04:00,9.765000343322754,9.765000343322754,9.765000343322754,9.765000343322754,0,0.0,0.0
2022-09-28 00:00:00-04:00,9.765000343322754,9.765000343322754,9.765000343322754,9.765000343322754,0,0.0,0.0
2022-09-29 00:00:00-04:00,9.765000343322754,9.765000343322754,9.765000343322754,9.765000343322754,0,0.0,0.0
2022-09-30 00:00:00-04:00,9.779999732971191,9.779999732971191,9.779999732971191,9.779999732971191,38000,0.0,0.0
2022-10-03 00:00:00-04:00,9.779999732971191,9.779999732971191,9.75,9.770000457763672,14100,0.0,0.0
2022-10-04 00:00:00-04:00,9.770000457763672,9.770000457763672,9.770000457763672,9.770000457763672,0,0.0,0.0
2022-10-05 00:00:00-04:00,9.770000457763672,9.770000457763672,9.770000457763672,9.770000457763672,0,0.0,0.0
2022-10-06 00:00:00-04:00,9.770000457763672,9.770000457763672,9.770000457763672,9.770000457763672,0,0.0,0.0
2022-10-07 00:00:00-04:00,9.770000457763672,9.770000457763672,9.770000457763672,9.770000457763672,0,0.0,0.0
2022-10-10 00:00:00-04:00,9.770000457763672,9.770000457763672,9.770000457763672,9.770000457763672,100,0.0,0.0
2022-10-11 00:00:00-04:00,9.770000457763672,9.770000457763672,9.770000457763672,9.770000457763672,0,0.0,0.0
2022-10-12 00:00:00-04:00,9.779999732971191,9.800000190734863,9.779999732971191,9.800000190734863,281300,0.0,0.0
2022-10-13 00:00:00-04:00,9.800000190734863,9.800000190734863,9.789999961853027,9.800000190734863,17800,0.0,0.0
2022-10-14 00:00:00-04:00,9.8100004196167,9.8100004196167,9.800000190734863,9.8100004196167,141100,0.0,0.0
2022-10-17 00:00:00-04:00,9.829999923706055,9.850000381469727,9.819999694824219,9.819999694824219,7000,0.0,0.0
2022-10-18 00:00:00-04:00,9.859999656677246,9.859999656677246,9.84000015258789,9.84000015258789,1500,0.0,0.0
2022-10-19 00:00:00-04:00,9.8149995803833,9.829999923706055,9.8149995803833,9.829999923706055,1100,0.0,0.0
2022-10-20 00:00:00-04:00,9.84000015258789,9.84000015258789,9.829999923706055,9.829999923706055,1300,0.0,0.0
2022-10-21 00:00:00-04:00,9.829999923706055,9.829999923706055,9.8149995803833,9.8149995803833,1200,0.0,0.0
2022-10-24 00:00:00-04:00,9.880000114440918,9.880000114440918,9.800000190734863,9.84000015258789,14800,0.0,0.0
2022-10-25 00:00:00-04:00,9.859999656677246,9.859999656677246,9.850000381469727,9.850000381469727,26500,0.0,0.0
2022-10-26 00:00:00-04:00,9.869999885559082,9.869999885559082,9.850000381469727,9.850000381469727,9100,0.0,0.0
2022-10-27 00:00:00-04:00,9.857999801635742,9.869999885559082,9.857999801635742,9.869999885559082,4800,0.0,0.0
2022-10-28 00:00:00-04:00,9.829999923706055,9.829999923706055,9.829999923706055,9.829999923706055,900,0.0,0.0
2022-10-31 00:00:00-04:00,9.880000114440918,9.880000114440918,9.850000381469727,9.869999885559082,5100,0.0,0.0
2022-11-01 00:00:00-04:00,9.864999771118164,9.864999771118164,9.859999656677246,9.859999656677246,30800,0.0,0.0
2022-11-02 00:00:00-04:00,9.8100004196167,9.869999885559082,9.8100004196167,9.869999885559082,100600,0.0,0.0
2022-11-03 00:00:00-04:00,9.84000015258789,9.864999771118164,9.84000015258789,9.859999656677246,2700,0.0,0.0
2022-11-04 00:00:00-04:00,9.880000114440918,9.880000114440918,9.880000114440918,9.880000114440918,200,0.0,0.0
2022-11-07 00:00:00-05:00,9.84000015258789,9.869999885559082,9.84000015258789,9.869999885559082,25500,0.0,0.0
2022-11-08 00:00:00-05:00,9.869999885559082,9.869999885559082,9.869999885559082,9.869999885559082,0,0.0,0.0
2022-11-09 00:00:00-05:00,9.873000144958496,9.873000144958496,9.864999771118164,9.869999885559082,155000,0.0,0.0
2022-11-10 00:00:00-05:00,9.850000381469727,9.869999885559082,9.850000381469727,9.869999885559082,400,0.0,0.0
2022-11-11 00:00:00-05:00,9.869999885559082,9.869999885559082,9.869999885559082,9.869999885559082,0,0.0,0.0
2022-11-14 00:00:00-05:00,9.90999984741211,9.90999984741211,9.859999656677246,9.859999656677246,6200,0.0,0.0
2022-11-15 00:00:00-05:00,9.859999656677246,9.859999656677246,9.859999656677246,9.859999656677246,22000,0.0,0.0
2022-11-16 00:00:00-05:00,9.859999656677246,9.859999656677246,9.859999656677246,9.859999656677246,100,0.0,0.0
2022-11-17 00:00:00-05:00,9.859999656677246,9.859999656677246,9.859999656677246,9.859999656677246,0,0.0,0.0
2022-11-18 00:00:00-05:00,9.859999656677246,9.859999656677246,9.859999656677246,9.859999656677246,0,0.0,0.0
2022-11-21 00:00:00-05:00,9.859999656677246,9.859999656677246,9.859999656677246,9.859999656677246,0,0.0,0.0
2022-11-22 00:00:00-05:00,9.859999656677246,9.880000114440918,9.859999656677246,9.87600040435791,7000,0.0,0.0
2022-11-23 00:00:00-05:00,10.0649995803833,10.0649995803833,9.890000343322754,9.90999984741211,400,0.0,0.0
2022-11-25 00:00:00-05:00,9.890000343322754,9.890000343322754,9.869999885559082,9.869999885559082,500,0.0,0.0
2022-11-28 00:00:00-05:00,9.890000343322754,9.899999618530273,9.890000343322754,9.899999618530273,11900,0.0,0.0
2022-11-29 00:00:00-05:00,9.899999618530273,9.899999618530273,9.899999618530273,9.899999618530273,0,0.0,0.0
2022-11-30 00:00:00-05:00,9.899999618530273,9.899999618530273,9.899999618530273,9.899999618530273,0,0.0,0.0
2022-12-01 00:00:00-05:00,9.880000114440918,9.899999618530273,9.880000114440918,9.899999618530273,27300,0.0,0.0
2022-12-02 00:00:00-05:00,9.90999984741211,9.90999984741211,9.899999618530273,9.899999618530273,597900,0.0,0.0
2022-12-05 00:00:00-05:00,9.899999618530273,9.90999984741211,9.890000343322754,9.890000343322754,102200,0.0,0.0
2022-12-06 00:00:00-05:00,9.890000343322754,9.890000343322754,9.890000343322754,9.890000343322754,0,0.0,0.0
2022-12-07 00:00:00-05:00,9.890000343322754,9.890000343322754,9.890000343322754,9.890000343322754,0,0.0,0.0
2022-12-08 00:00:00-05:00,9.899999618530273,9.90999984741211,9.890000343322754,9.890000343322754,2200,0.0,0.0
2022-12-09 00:00:00-05:00,9.890000343322754,9.890000343322754,9.880000114440918,9.880000114440918,41000,0.0,0.0
2022-12-12 00:00:00-05:00,9.899999618530273,9.899999618530273,9.880000114440918,9.880000114440918,48800,0.0,0.0
2022-12-13 00:00:00-05:00,9.880000114440918,9.899999618530273,9.869999885559082,9.880000114440918,141400,0.0,0.0
2022-12-14 00:00:00-05:00,9.880000114440918,9.890000343322754,9.880000114440918,9.885000228881836,547300,0.0,0.0
2022-12-15 00:00:00-05:00,9.890000343322754,9.890000343322754,9.890000343322754,9.890000343322754,132400,0.0,0.0
2022-12-16 00:00:00-05:00,10.010000228881836,10.010000228881836,9.960000038146973,9.960000038146973,1100,0.0,0.0
2022-12-19 00:00:00-05:00,9.960000038146973,9.960000038146973,9.960000038146973,9.960000038146973,0,0.0,0.0
2022-12-20 00:00:00-05:00,9.960000038146973,9.960000038146973,9.960000038146973,9.960000038146973,0,0.0,0.0
2022-12-21 00:00:00-05:00,9.920000076293945,9.920000076293945,9.920000076293945,9.920000076293945,1000,0.0,0.0
2022-12-22 00:00:00-05:00,9.90999984741211,9.920000076293945,9.90999984741211,9.920000076293945,101600,0.0,0.0
2022-12-23 00:00:00-05:00,9.920000076293945,9.920000076293945,9.920000076293945,9.920000076293945,100100,0.0,0.0
2022-12-27 00:00:00-05:00,9.920000076293945,9.944999694824219,9.920000076293945,9.9399995803833,26900,0.0,0.0
2022-12-28 00:00:00-05:00,9.949999809265137,9.960000038146973,9.949999809265137,9.949999809265137,700,0.0,0.0
2022-12-29 00:00:00-05:00,9.949999809265137,9.949999809265137,9.949999809265137,9.949999809265137,200,0.0,0.0
2022-12-30 00:00:00-05:00,9.960000038146973,9.970000267028809,9.960000038146973,9.970000267028809,54600,0.0,0.0
2023-01-03 00:00:00-05:00,9.970000267028809,10.0,9.970000267028809,10.0,1019700,0.0,0.0
2023-01-04 00:00:00-05:00,10.020000457763672,10.020000457763672,10.020000457763672,10.020000457763672,100,0.0,0.0
2023-01-05 00:00:00-05:00,10.050000190734863,10.050000190734863,10.020000457763672,10.029999732971191,34900,0.0,0.0
2023-01-06 00:00:00-05:00,10.029999732971191,10.029999732971191,10.029999732971191,10.029999732971191,0,0.0,0.0
2023-01-09 00:00:00-05:00,10.0600004196167,10.0600004196167,10.015000343322754,10.029999732971191,277000,0.0,0.0
2023-01-10 00:00:00-05:00,10.020000457763672,10.020000457763672,10.020000457763672,10.020000457763672,25200,0.0,0.0
2023-01-11 00:00:00-05:00,10.020000457763672,10.020000457763672,10.020000457763672,10.020000457763672,500,0.0,0.0
2023-01-12 00:00:00-05:00,10.050000190734863,10.050000190734863,10.020000457763672,10.020000457763672,70700,0.0,0.0
2023-01-13 00:00:00-05:00,10.020000457763672,10.020000457763672,10.020000457763672,10.020000457763672,400,0.0,0.0
2023-01-17 00:00:00-05:00,10.020000457763672,10.020000457763672,10.020000457763672,10.020000457763672,0,0.0,0.0
2023-01-18 00:00:00-05:00,10.069999694824219,10.069999694824219,10.069999694824219,10.069999694824219,100,0.0,0.0
2023-01-19 00:00:00-05:00,10.020000457763672,10.020000457763672,10.020000457763672,10.020000457763672,600,0.0,0.0
2023-01-20 00:00:00-05:00,10.069999694824219,10.069999694824219,10.020000457763672,10.029999732971191,3500,0.0,0.0
2023-01-23 00:00:00-05:00,10.079999923706055,10.079999923706055,10.029999732971191,10.029999732971191,64200,0.0,0.0
2023-01-24 00:00:00-05:00,10.029999732971191,10.039999961853027,10.029999732971191,10.029999732971191,3458700,0.0,0.0
2023-01-25 00:00:00-05:00,10.029999732971191,10.029999732971191,10.029999732971191,10.029999732971191,0,0.0,0.0
2023-01-26 00:00:00-05:00,10.039999961853027,10.039999961853027,10.029999732971191,10.039999961853027,5400,0.0,0.0
2023-01-27 00:00:00-05:00,10.039999961853027,10.050000190734863,10.039999961853027,10.050000190734863,3500,0.0,0.0
2023-01-30 00:00:00-05:00,10.050000190734863,10.050000190734863,10.050000190734863,10.050000190734863,0,0.0,0.0
2023-01-31 00:00:00-05:00,10.039999961853027,10.0600004196167,10.039999961853027,10.0600004196167,1100,0.0,0.0
2023-02-01 00:00:00-05:00,10.029999732971191,10.069999694824219,10.029999732971191,10.069999694824219,2900,0.0,0.0
2023-02-02 00:00:00-05:00,10.0600004196167,10.0600004196167,10.0600004196167,10.0600004196167,100,0.0,0.0
2023-02-03 00:00:00-05:00,10.0649995803833,10.079999923706055,10.0600004196167,10.0600004196167,1600,0.0,0.0
2023-02-06 00:00:00-05:00,10.100000381469727,10.100000381469727,10.0600004196167,10.069999694824219,30100,0.0,0.0
2023-02-07 00:00:00-05:00,10.09000015258789,10.100000381469727,10.079999923706055,10.079999923706055,4700,0.0,0.0
2023-02-08 00:00:00-05:00,10.069999694824219,10.069999694824219,10.069999694824219,10.069999694824219,400,0.0,0.0
2023-02-09 00:00:00-05:00,10.069999694824219,10.069999694824219,10.069999694824219,10.069999694824219,1900,0.0,0.0
2023-02-10 00:00:00-05:00,10.069999694824219,10.069999694824219,10.069999694824219,10.069999694824219,11600,0.0,0.0
2023-02-13 00:00:00-05:00,10.149999618530273,10.149999618530273,10.069999694824219,10.079999923706055,11200,0.0,0.0
2023-02-14 00:00:00-05:00,10.109999656677246,10.109999656677246,10.079999923706055,10.079999923706055,300,0.0,0.0
2023-02-15 00:00:00-05:00,10.069999694824219,10.069999694824219,10.069999694824219,10.069999694824219,500,0.0,0.0
2023-02-16 00:00:00-05:00,10.079999923706055,10.079999923706055,10.079999923706055,10.079999923706055,100,0.0,0.0
2023-02-17 00:00:00-05:00,10.079999923706055,10.079999923706055,10.079999923706055,10.079999923706055,0,0.0,0.0
2023-02-21 00:00:00-05:00,10.069999694824219,10.09000015258789,10.069999694824219,10.09000015258789,6500,0.0,0.0
2023-02-22 00:00:00-05:00,10.09000015258789,10.09000015258789,10.09000015258789,10.09000015258789,0,0.0,0.0
2023-02-23 00:00:00-05:00,10.09000015258789,10.09000015258789,10.09000015258789,10.09000015258789,0,0.0,0.0
2023-02-24 00:00:00-05:00,10.09000015258789,10.09000015258789,10.09000015258789,10.09000015258789,0,0.0,0.0
2023-02-27 00:00:00-05:00,10.119999885559082,10.149999618530273,10.119999885559082,10.145000457763672,22200,0.0,0.0
2023-02-28 00:00:00-05:00,10.149999618530273,10.149999618530273,10.149999618530273,10.149999618530273,400,0.0,0.0
2023-03-01 00:00:00-05:00,10.149999618530273,10.149999618530273,10.149999618530273,10.149999618530273,10000,0.0,0.0
2023-03-02 00:00:00-05:00,10.119999885559082,10.15999984741211,10.100000381469727,10.149999618530273,620300,0.0,0.0
2023-03-03 00:00:00-05:00,10.149999618530273,10.149999618530273,10.149999618530273,10.149999618530273,100,0.0,0.0
2023-03-06 00:00:00-05:00,10.130000114440918,10.130000114440918,10.100000381469727,10.119999885559082,500,0.0,0.0
2023-03-07 00:00:00-05:00,10.119999885559082,10.119999885559082,10.119999885559082,10.119999885559082,0,0.0,0.0
2023-03-08 00:00:00-05:00,10.130000114440918,10.140000343322754,10.130000114440918,10.140000343322754,2100,0.0,0.0
2023-03-09 00:00:00-05:00,10.140000343322754,10.140000343322754,10.140000343322754,10.140000343322754,0,0.0,0.0
2023-03-10 00:00:00-05:00,10.119999885559082,10.125,10.109999656677246,10.109999656677246,8800,0.0,0.0
2023-03-13 00:00:00-04:00,10.149999618530273,10.149999618530273,10.109999656677246,10.109999656677246,300,0.0,0.0
2023-03-14 00:00:00-04:00,10.130000114440918,10.130000114440918,10.109999656677246,10.109999656677246,5500,0.0,0.0
2023-03-15 00:00:00-04:00,10.109999656677246,10.109999656677246,10.109999656677246,10.109999656677246,0,0.0,0.0
2023-03-16 00:00:00-04:00,10.130000114440918,10.130000114440918,10.119999885559082,10.119999885559082,200,0.0,0.0
2023-03-17 00:00:00-04:00,10.149999618530273,10.149999618530273,10.149999618530273,10.149999618530273,100,0.0,0.0
2023-03-20 00:00:00-04:00,10.149999618530273,10.149999618530273,10.130000114440918,10.130000114440918,700,0.0,0.0
2023-03-21 00:00:00-04:00,10.130000114440918,10.130000114440918,10.130000114440918,10.130000114440918,0,0.0,0.0
2023-03-22 00:00:00-04:00,10.109999656677246,10.149999618530273,10.109999656677246,10.149999618530273,1100,0.0,0.0
2023-03-23 00:00:00-04:00,10.130000114440918,10.154999732971191,10.130000114440918,10.130000114440918,1500,0.0,0.0
2023-03-24 00:00:00-04:00,10.149999618530273,10.15999984741211,10.140000343322754,10.15999984741211,411200,0.0,0.0
2023-03-27 00:00:00-04:00,10.229999542236328,10.229999542236328,10.220000267028809,10.220000267028809,500,0.0,0.0
2023-03-28 00:00:00-04:00,10.220000267028809,10.220000267028809,10.220000267028809,10.220000267028809,0,0.0,0.0
2023-03-29 00:00:00-04:00,10.1850004196167,10.1850004196167,10.1850004196167,10.1850004196167,300,0.0,0.0
2023-03-30 00:00:00-04:00,10.15999984741211,10.220000267028809,10.15999984741211,10.15999984741211,770000,0.0,0.0
2023-03-31 00:00:00-04:00,10.175000190734863,10.180000305175781,10.175000190734863,10.180000305175781,6300,0.0,0.0
2023-04-03 00:00:00-04:00,10.210000038146973,10.210000038146973,10.210000038146973,10.210000038146973,300,0.0,0.0
2023-04-04 00:00:00-04:00,10.210000038146973,10.210000038146973,10.180000305175781,10.180000305175781,23000,0.0,0.0
2023-04-05 00:00:00-04:00,10.180000305175781,10.180000305175781,10.170000076293945,10.170000076293945,65500,0.0,0.0
2023-04-06 00:00:00-04:00,10.170000076293945,10.180000305175781,10.15999984741211,10.180000305175781,428400,0.0,0.0
2023-04-10 00:00:00-04:00,10.220000267028809,10.220000267028809,10.220000267028809,10.220000267028809,100,0.0,0.0
2023-04-11 00:00:00-04:00,10.170000076293945,10.170000076293945,10.170000076293945,10.170000076293945,100,0.0,0.0
2023-04-12 00:00:00-04:00,10.170000076293945,10.170000076293945,10.170000076293945,10.170000076293945,89800,0.0,0.0
2023-04-13 00:00:00-04:00,10.180000305175781,10.1899995803833,10.170000076293945,10.1899995803833,1524000,0.0,0.0
2023-04-14 00:00:00-04:00,10.199999809265137,10.199999809265137,10.199999809265137,10.199999809265137,3000,0.0,0.0
2023-04-17 00:00:00-04:00,10.199999809265137,10.199999809265137,10.199999809265137,10.199999809265137,0,0.0,0.0
2023-04-18 00:00:00-04:00,10.170000076293945,10.199999809265137,10.170000076293945,10.199999809265137,10600,0.0,0.0
2023-04-19 00:00:00-04:00,10.1899995803833,10.199999809265137,10.1899995803833,10.199999809265137,7000,0.0,0.0
2023-04-20 00:00:00-04:00,10.199999809265137,10.210000038146973,10.199999809265137,10.210000038146973,7400,0.0,0.0
2023-04-21 00:00:00-04:00,10.210000038146973,10.210000038146973,10.210000038146973,10.210000038146973,400,0.0,0.0
2023-04-24 00:00:00-04:00,10.1899995803833,10.210000038146973,10.1899995803833,10.210000038146973,6600,0.0,0.0
2023-04-25 00:00:00-04:00,10.1899995803833,10.210000038146973,10.1899995803833,10.210000038146973,3000,0.0,0.0
2023-04-26 00:00:00-04:00,10.239999771118164,10.239999771118164,10.210000038146973,10.210000038146973,8900,0.0,0.0
2023-04-27 00:00:00-04:00,10.210000038146973,10.210000038146973,10.210000038146973,10.210000038146973,1400,0.0,0.0
2023-04-28 00:00:00-04:00,10.210000038146973,10.210000038146973,10.210000038146973,10.210000038146973,183800,0.0,0.0
2023-05-01 00:00:00-04:00,10.220000267028809,10.220000267028809,10.220000267028809,10.220000267028809,200,0.0,0.0
2023-05-02 00:00:00-04:00,10.220000267028809,10.220000267028809,10.220000267028809,10.220000267028809,200,0.0,0.0
2023-05-03 00:00:00-04:00,10.220000267028809,10.220000267028809,10.220000267028809,10.220000267028809,0,0.0,0.0
2023-05-04 00:00:00-04:00,10.220000267028809,10.220000267028809,10.220000267028809,10.220000267028809,520600,0.0,0.0
2023-05-05 00:00:00-04:00,10.220000267028809,10.225000381469727,10.220000267028809,10.220000267028809,820800,0.0,0.0
2023-05-08 00:00:00-04:00,10.239999771118164,10.239999771118164,10.204000473022461,10.220000267028809,272200,0.0,0.0
2023-05-09 00:00:00-04:00,10.199999809265137,10.220000267028809,10.15999984741211,10.210000038146973,486800,0.0,0.0
2023-05-10 00:00:00-04:00,10.25,10.25,10.229999542236328,10.229999542236328,4300,0.0,0.0
2023-05-11 00:00:00-04:00,10.229999542236328,10.229999542236328,10.229999542236328,10.229999542236328,0,0.0,0.0
2023-05-12 00:00:00-04:00,10.210000038146973,10.239999771118164,10.210000038146973,10.229999542236328,19300,0.0,0.0
2023-05-15 00:00:00-04:00,10.229999542236328,10.229999542236328,10.210000038146973,10.210000038146973,130900,0.0,0.0
2023-05-16 00:00:00-04:00,10.140000343322754,10.25,10.140000343322754,10.25,5900,0.0,0.0
2023-05-17 00:00:00-04:00,10.220000267028809,10.220000267028809,10.199999809265137,10.199999809265137,4800,0.0,0.0
2023-05-18 00:00:00-04:00,10.199999809265137,10.229999542236328,10.199999809265137,10.229999542236328,44700,0.0,0.0
2023-05-19 00:00:00-04:00,10.229999542236328,10.229999542236328,10.229999542236328,10.229999542236328,0,0.0,0.0
2023-05-22 00:00:00-04:00,10.229999542236328,10.229999542236328,10.229999542236328,10.229999542236328,0,0.0,0.0
2023-05-23 00:00:00-04:00,10.25,10.25,10.229999542236328,10.229999542236328,2700,0.0,0.0
2023-05-24 00:00:00-04:00,10.229999542236328,10.229999542236328,10.229999542236328,10.229999542236328,0,0.0,0.0
2023-05-25 00:00:00-04:00,10.25,10.260000228881836,10.25,10.260000228881836,3100,0.0,0.0
2023-05-26 00:00:00-04:00,10.270000457763672,10.289999961853027,10.270000457763672,10.289999961853027,8100,0.0,0.0
2023-05-30 00:00:00-04:00,10.289999961853027,10.289999961853027,10.279999732971191,10.289999961853027,3800,0.0,0.0
2023-05-31 00:00:00-04:00,10.279999732971191,10.300000190734863,10.279999732971191,10.300000190734863,800,0.0,0.0
2023-06-01 00:00:00-04:00,10.289999961853027,10.289999961853027,10.289999961853027,10.289999961853027,1000,0.0,0.0
2023-06-02 00:00:00-04:00,10.289999961853027,10.289999961853027,10.289999961853027,10.289999961853027,0,0.0,0.0
2023-06-05 00:00:00-04:00,10.289999961853027,10.289999961853027,10.289999961853027,10.289999961853027,0,0.0,0.0
2023-06-06 00:00:00-04:00,10.300000190734863,10.3100004196167,10.289999961853027,10.3100004196167,3000,0.0,0.0
2023-06-07 00:00:00-04:00,10.300000190734863,10.300000190734863,10.300000190734863,10.300000190734863,200,0.0,0.0
2023-06-08 00:00:00-04:00,10.350000381469727,10.350000381469727,10.350000381469727,10.350000381469727,100,0.0,0.0
2023-06-09 00:00:00-04:00,10.350000381469727,10.350000381469727,10.350000381469727,10.350000381469727,0,0.0,0.0
2023-06-12 00:00:00-04:00,10.3100004196167,10.3100004196167,10.3100004196167,10.3100004196167,200,0.0,0.0
2023-06-13 00:00:00-04:00,10.3100004196167,10.3100004196167,10.3100004196167,10.3100004196167,0,0.0,0.0
2023-06-14 00:00:00-04:00,10.300000190734863,10.319999694824219,10.300000190734863,10.300000190734863,700,0.0,0.0
2023-06-15 00:00:00-04:00,10.300000190734863,10.300000190734863,10.300000190734863,10.300000190734863,0,0.0,0.0
2023-06-16 00:00:00-04:00,10.300000190734863,10.300000190734863,10.300000190734863,10.300000190734863,0,0.0,0.0
2023-06-20 00:00:00-04:00,10.319999694824219,10.319999694824219,10.279999732971191,10.3100004196167,13900,0.0,0.0
2023-06-21 00:00:00-04:00,10.319999694824219,10.319999694824219,10.300000190734863,10.300000190734863,2100,0.0,0.0
2023-06-22 00:00:00-04:00,10.300000190734863,10.300000190734863,10.300000190734863,10.300000190734863,100,0.0,0.0
2023-06-23 00:00:00-04:00,10.300000190734863,10.300000190734863,10.300000190734863,10.300000190734863,0,0.0,0.0
2023-06-26 00:00:00-04:00,10.319999694824219,10.34000015258789,10.319999694824219,10.34000015258789,3700,0.0,0.0
2023-06-27 00:00:00-04:00,10.300000190734863,10.300000190734863,10.300000190734863,10.300000190734863,300,0.0,0.0
2023-06-28 00:00:00-04:00,10.300000190734863,10.300000190734863,10.300000190734863,10.300000190734863,700,0.0,0.0
2023-06-29 00:00:00-04:00,10.300000190734863,10.300000190734863,10.300000190734863,10.300000190734863,0,0.0,0.0
2023-06-30 00:00:00-04:00,10.25,10.25,10.25,10.25,18100,0.0,0.0
2023-07-03 00:00:00-04:00,10.3100004196167,10.3100004196167,10.300000190734863,10.3100004196167,4200,0.0,0.0
2023-07-05 00:00:00-04:00,10.3100004196167,10.3100004196167,10.3100004196167,10.3100004196167,0,0.0,0.0
2023-07-06 00:00:00-04:00,10.34000015258789,10.34000015258789,10.34000015258789,10.34000015258789,300,0.0,0.0
2023-07-07 00:00:00-04:00,10.34000015258789,10.34000015258789,10.34000015258789,10.34000015258789,0,0.0,0.0
2023-07-10 00:00:00-04:00,10.34000015258789,10.34000015258789,10.34000015258789,10.34000015258789,200,0.0,0.0
2023-07-11 00:00:00-04:00,10.34000015258789,10.34000015258789,10.34000015258789,10.34000015258789,0,0.0,0.0
2023-07-12 00:00:00-04:00,10.34000015258789,10.34000015258789,10.34000015258789,10.34000015258789,0,0.0,0.0
2023-07-13 00:00:00-04:00,10.34000015258789,10.40999984741211,10.34000015258789,10.40999984741211,2400,0.0,0.0
2023-07-14 00:00:00-04:00,10.40999984741211,10.40999984741211,10.40999984741211,10.40999984741211,0,0.0,0.0
2023-07-17 00:00:00-04:00,10.40999984741211,10.40999984741211,10.40999984741211,10.40999984741211,200,0.0,0.0
2023-07-18 00:00:00-04:00,10.40999984741211,10.40999984741211,10.40999984741211,10.40999984741211,0,0.0,0.0
2023-07-19 00:00:00-04:00,10.34000015258789,10.34000015258789,10.34000015258789,10.34000015258789,200,0.0,0.0
2023-07-20 00:00:00-04:00,10.34000015258789,10.34000015258789,10.34000015258789,10.34000015258789,0,0.0,0.0
2023-07-21 00:00:00-04:00,10.390000343322754,10.390000343322754,10.34000015258789,10.34000015258789,2000,0.0,0.0
2023-07-24 00:00:00-04:00,10.34000015258789,10.34000015258789,10.34000015258789,10.34000015258789,0,0.0,0.0
2023-07-25 00:00:00-04:00,10.34000015258789,10.34000015258789,10.34000015258789,10.34000015258789,0,0.0,0.0
2023-07-26 00:00:00-04:00,10.359999656677246,10.359999656677246,10.359999656677246,10.359999656677246,600,0.0,0.0
2023-07-27 00:00:00-04:00,10.359999656677246,10.359999656677246,10.359999656677246,10.359999656677246,0,0.0,0.0
2023-07-28 00:00:00-04:00,10.359999656677246,10.359999656677246,10.359999656677246,10.359999656677246,0,0.0,0.0
