Date,Open,High,Low,Close,Volume,Dividends,Stock Splits,Capital Gains
2023-03-03 00:00:00-05:00,20.170000076293945,20.264999389648438,20.170000076293945,20.264999389648438,300,0.0,0.0,0.0
2023-03-06 00:00:00-05:00,20.135000228881836,20.135000228881836,20.135000228881836,20.135000228881836,100,0.0,0.0,0.0
2023-03-07 00:00:00-05:00,19.858999252319336,19.899999618530273,19.77400016784668,19.77400016784668,5700,0.0,0.0,0.0
2023-03-08 00:00:00-05:00,19.959999084472656,20.040000915527344,19.959999084472656,20.040000915527344,7000,0.0,0.0,0.0
2023-03-09 00:00:00-05:00,20.040000915527344,20.040000915527344,20.040000915527344,20.040000915527344,0,0.0,0.0,0.0
2023-03-10 00:00:00-05:00,19.45199966430664,19.45199966430664,19.45199966430664,19.45199966430664,100,0.0,0.0,0.0
2023-03-13 00:00:00-04:00,19.520000457763672,19.56999969482422,19.402999877929688,19.402999877929688,400,0.0,0.0,0.0
2023-03-14 00:00:00-04:00,19.5,19.54199981689453,19.5,19.54199981689453,5000,0.0,0.0,0.0
2023-03-15 00:00:00-04:00,18.913999557495117,18.913999557495117,18.913999557495117,18.913999557495117,100,0.0,0.0,0.0
2023-03-16 00:00:00-04:00,19.30699920654297,19.30699920654297,19.30699920654297,19.30699920654297,100,0.0,0.0,0.0
2023-03-17 00:00:00-04:00,19.13800048828125,19.13800048828125,19.13800048828125,19.13800048828125,100,0.0,0.0,0.0
2023-03-20 00:00:00-04:00,19.277999877929688,19.299999237060547,19.25,19.25,8900,0.0,0.0,0.0
2023-03-21 00:00:00-04:00,19.389999389648438,19.468000411987305,19.389999389648438,19.468000411987305,1100,0.0,0.0,0.0
2023-03-22 00:00:00-04:00,19.75,19.75,19.593000411987305,19.593000411987305,600,0.0,0.0,0.0
2023-03-23 00:00:00-04:00,19.690000534057617,19.7189998626709,19.690000534057617,19.7189998626709,200,0.0,0.0,0.0
2023-03-24 00:00:00-04:00,19.709999084472656,19.709999084472656,19.68400001525879,19.68400001525879,200,0.0,0.0,0.0
2023-03-27 00:00:00-04:00,19.701000213623047,19.701000213623047,19.701000213623047,19.701000213623047,100,0.0,0.0,0.0
2023-03-28 00:00:00-04:00,19.91900062561035,19.91900062561035,19.91900062561035,19.91900062561035,0,0.0,0.0,0.0
2023-03-29 00:00:00-04:00,20.075000762939453,20.075000762939453,20.075000762939453,20.075000762939453,100,0.0,0.0,0.0
2023-03-30 00:00:00-04:00,20.231000900268555,20.231000900268555,20.231000900268555,20.231000900268555,0,0.0,0.0,0.0
2023-03-31 00:00:00-04:00,20.200000762939453,20.200000762939453,20.200000762939453,20.200000762939453,100,0.0,0.0,0.0
2023-04-03 00:00:00-04:00,20.191999435424805,20.191999435424805,20.191999435424805,20.191999435424805,0,0.0,0.0,0.0
2023-04-04 00:00:00-04:00,20.14299964904785,20.14299964904785,20.14299964904785,20.14299964904785,0,0.0,0.0,0.0
2023-04-05 00:00:00-04:00,20.00200080871582,20.00200080871582,20.00200080871582,20.00200080871582,100,0.0,0.0,0.0
2023-04-06 00:00:00-04:00,19.965999603271484,19.965999603271484,19.965999603271484,19.965999603271484,100,0.0,0.0,0.0
2023-04-10 00:00:00-04:00,20.06999969482422,20.06999969482422,20.06999969482422,20.06999969482422,0,0.0,0.0,0.0
2023-04-11 00:00:00-04:00,20.351999282836914,20.351999282836914,20.351999282836914,20.351999282836914,0,0.0,0.0,0.0
2023-04-12 00:00:00-04:00,20.341999053955078,20.341999053955078,20.341999053955078,20.341999053955078,0,0.0,0.0,0.0
2023-04-13 00:00:00-04:00,20.628999710083008,20.628999710083008,20.628999710083008,20.628999710083008,100,0.0,0.0,0.0
2023-04-14 00:00:00-04:00,20.559999465942383,20.559999465942383,20.559999465942383,20.559999465942383,0,0.0,0.0,0.0
2023-04-17 00:00:00-04:00,20.520000457763672,20.520000457763672,20.520000457763672,20.520000457763672,0,0.0,0.0,0.0
2023-04-18 00:00:00-04:00,20.525999069213867,20.525999069213867,20.525999069213867,20.525999069213867,0,0.0,0.0,0.0
2023-04-19 00:00:00-04:00,20.277999877929688,20.277999877929688,20.277999877929688,20.277999877929688,0,0.0,0.0,0.0
2023-04-20 00:00:00-04:00,20.308000564575195,20.308000564575195,20.308000564575195,20.308000564575195,0,0.0,0.0,0.0
2023-04-21 00:00:00-04:00,20.038999557495117,20.038999557495117,20.038999557495117,20.038999557495117,100,0.0,0.0,0.0
2023-04-24 00:00:00-04:00,20.115999221801758,20.115999221801758,20.115999221801758,20.115999221801758,0,0.0,0.0,0.0
2023-04-25 00:00:00-04:00,19.81999969482422,19.81999969482422,19.81999969482422,19.81999969482422,0,0.0,0.0,0.0
2023-04-26 00:00:00-04:00,19.81399917602539,19.81399917602539,19.81399917602539,19.81399917602539,0,0.0,0.0,0.0
2023-04-27 00:00:00-04:00,20.136999130249023,20.136999130249023,20.136999130249023,20.136999130249023,0,0.0,0.0,0.0
2023-04-28 00:00:00-04:00,20.229000091552734,20.229000091552734,20.229000091552734,20.229000091552734,0,0.0,0.0,0.0
2023-05-01 00:00:00-04:00,20.13599967956543,20.13599967956543,20.13599967956543,20.13599967956543,0,0.0,0.0,0.0
2023-05-02 00:00:00-04:00,20.027999877929688,20.027999877929688,20.027999877929688,20.027999877929688,0,0.0,0.0,0.0
2023-05-03 00:00:00-04:00,20.048999786376953,20.048999786376953,20.048999786376953,20.048999786376953,0,0.0,0.0,0.0
2023-05-04 00:00:00-04:00,20.07900047302246,20.07900047302246,20.07900047302246,20.07900047302246,0,0.0,0.0,0.0
2023-05-05 00:00:00-04:00,20.384000778198242,20.384000778198242,20.384000778198242,20.384000778198242,0,0.0,0.0,0.0
2023-05-08 00:00:00-04:00,20.40999984741211,20.40999984741211,20.40999984741211,20.40999984741211,0,0.0,0.0,0.0
2023-05-09 00:00:00-04:00,20.357999801635742,20.357999801635742,20.357999801635742,20.357999801635742,0,0.0,0.0,0.0
2023-05-10 00:00:00-04:00,20.43000030517578,20.43000030517578,20.43000030517578,20.43000030517578,100,0.0,0.0,0.0
2023-05-11 00:00:00-04:00,20.21500015258789,20.21500015258789,20.21500015258789,20.21500015258789,100,0.0,0.0,0.0
2023-05-12 00:00:00-04:00,20.179000854492188,20.179000854492188,20.179000854492188,20.179000854492188,0,0.0,0.0,0.0
2023-05-15 00:00:00-04:00,20.472000122070312,20.472000122070312,20.472000122070312,20.472000122070312,0,0.0,0.0,0.0
2023-05-16 00:00:00-04:00,20.31999969482422,20.31999969482422,20.31999969482422,20.31999969482422,0,0.0,0.0,0.0
2023-05-17 00:00:00-04:00,20.461000442504883,20.461000442504883,20.461000442504883,20.461000442504883,100,0.0,0.0,0.0
2023-05-18 00:00:00-04:00,20.378999710083008,20.378999710083008,20.378999710083008,20.378999710083008,0,0.0,0.0,0.0
2023-05-19 00:00:00-04:00,20.315000534057617,20.315000534057617,20.315000534057617,20.315000534057617,0,0.0,0.0,0.0
2023-05-22 00:00:00-04:00,20.31399917602539,20.31399917602539,20.31399917602539,20.31399917602539,0,0.0,0.0,0.0
2023-05-23 00:00:00-04:00,20.115999221801758,20.115999221801758,20.115999221801758,20.115999221801758,0,0.0,0.0,0.0
2023-05-24 00:00:00-04:00,20.131999969482422,20.131999969482422,20.131999969482422,20.131999969482422,0,0.0,0.0,0.0
2023-05-25 00:00:00-04:00,20.174999237060547,20.174999237060547,20.174999237060547,20.174999237060547,0,0.0,0.0,0.0
2023-05-26 00:00:00-04:00,20.5,20.5,20.5,20.5,0,0.0,0.0,0.0
2023-05-30 00:00:00-04:00,20.312000274658203,20.312000274658203,20.312000274658203,20.312000274658203,0,0.0,0.0,0.0
2023-05-31 00:00:00-04:00,20.104000091552734,20.104000091552734,20.104000091552734,20.104000091552734,0,0.0,0.0,0.0
2023-06-01 00:00:00-04:00,20.469999313354492,20.469999313354492,20.469999313354492,20.469999313354492,0,0.0,0.0,0.0
2023-06-02 00:00:00-04:00,20.78499984741211,20.78499984741211,20.78499984741211,20.78499984741211,0,0.0,0.0,0.0
2023-06-05 00:00:00-04:00,20.834999084472656,20.834999084472656,20.834999084472656,20.834999084472656,0,0.0,0.0,0.0
2023-06-06 00:00:00-04:00,21.048999786376953,21.048999786376953,21.048999786376953,21.048999786376953,0,0.0,0.0,0.0
2023-06-07 00:00:00-04:00,21.034000396728516,21.034000396728516,21.034000396728516,21.034000396728516,0,0.0,0.0,0.0
2023-06-08 00:00:00-04:00,21.232999801635742,21.232999801635742,21.232999801635742,21.232999801635742,0,0.0,0.0,0.0
2023-06-09 00:00:00-04:00,21.43199920654297,21.43199920654297,21.43199920654297,21.43199920654297,100,0.0,0.0,0.0
2023-06-12 00:00:00-04:00,21.43000030517578,21.43000030517578,21.43000030517578,21.43000030517578,100,0.0,0.0,0.0
2023-06-13 00:00:00-04:00,21.62299919128418,21.62299919128418,21.62299919128418,21.62299919128418,0,0.0,0.0,0.0
2023-06-14 00:00:00-04:00,21.812000274658203,21.812000274658203,21.812000274658203,21.812000274658203,100,0.0,0.0,0.0
2023-06-15 00:00:00-04:00,21.940000534057617,21.940000534057617,21.940000534057617,21.940000534057617,100,0.0,0.0,0.0
2023-06-16 00:00:00-04:00,21.867000579833984,21.867000579833984,21.867000579833984,21.867000579833984,0,0.0,0.0,0.0
2023-06-20 00:00:00-04:00,21.68899917602539,21.68899917602539,21.66200065612793,21.66200065612793,500,0.0,0.0,0.0
2023-06-21 00:00:00-04:00,21.652000427246094,21.652000427246094,21.652000427246094,21.652000427246094,0,0.0,0.0,0.0
2023-06-22 00:00:00-04:00,21.54400062561035,21.54400062561035,21.54400062561035,21.54400062561035,0,0.0,0.0,0.0
2023-06-23 00:00:00-04:00,21.270999908447266,21.270999908447266,21.270999908447266,21.270999908447266,0,0.0,0.0,0.0
2023-06-26 00:00:00-04:00,21.38599967956543,21.38599967956543,21.38599967956543,21.38599967956543,0,0.0,0.0,0.0
2023-06-27 00:00:00-04:00,21.34000015258789,21.34000015258789,21.34000015258789,21.34000015258789,0,0.0,0.0,0.0
2023-06-28 00:00:00-04:00,21.17300033569336,21.17300033569336,21.17300033569336,21.17300033569336,100,0.0,0.0,0.0
2023-06-29 00:00:00-04:00,21.124000549316406,21.124000549316406,21.124000549316406,21.124000549316406,0,0.0,0.0,0.0
2023-06-30 00:00:00-04:00,21.256999969482422,21.280000686645508,21.256999969482422,21.280000686645508,5300,0.0,0.0,0.0
2023-07-03 00:00:00-04:00,21.506000518798828,21.506000518798828,21.5,21.5,1600,0.0,0.0,0.0
2023-07-05 00:00:00-04:00,21.327999114990234,21.360000610351562,21.30500030517578,21.356000900268555,16700,0.0,0.0,0.0
2023-07-06 00:00:00-04:00,20.88800048828125,20.909000396728516,20.829999923706055,20.829999923706055,4100,0.0,0.0,0.0
2023-07-07 00:00:00-04:00,21.1299991607666,21.25,21.1299991607666,21.14699935913086,28400,0.0,0.0,0.0
2023-07-10 00:00:00-04:00,21.070999145507812,21.149999618530273,21.045000076293945,21.070999145507812,34700,0.0,0.0,0.0
2023-07-11 00:00:00-04:00,21.290000915527344,21.309999465942383,21.290000915527344,21.304000854492188,1400,0.0,0.0,0.0
2023-07-12 00:00:00-04:00,21.71500015258789,21.735000610351562,21.709999084472656,21.715999603271484,2100,0.0,0.0,0.0
2023-07-13 00:00:00-04:00,22.030000686645508,22.030000686645508,21.986000061035156,21.986000061035156,300,0.0,0.0,0.0
2023-07-14 00:00:00-04:00,22.020000457763672,22.030000686645508,21.93199920654297,21.93199920654297,4100,0.0,0.0,0.0
2023-07-17 00:00:00-04:00,22.040000915527344,22.139999389648438,22.035999298095703,22.040000915527344,15100,0.0,0.0,0.0
2023-07-18 00:00:00-04:00,22.049999237060547,22.09000015258789,22.018999099731445,22.018999099731445,5500,0.0,0.0,0.0
2023-07-19 00:00:00-04:00,22.049999237060547,22.049999237060547,21.985000610351562,22.013999938964844,21200,0.0,0.0,0.0
2023-07-20 00:00:00-04:00,21.950000762939453,21.969999313354492,21.8700008392334,21.8799991607666,1800,0.0,0.0,0.0
2023-07-21 00:00:00-04:00,21.829999923706055,23.790000915527344,21.764999389648438,21.764999389648438,2100,0.0,0.0,0.0
2023-07-24 00:00:00-04:00,21.972000122070312,21.98900032043457,21.972000122070312,21.98900032043457,500,0.0,0.0,0.0
2023-07-25 00:00:00-04:00,22.18400001525879,22.200000762939453,22.145999908447266,22.145999908447266,2500,0.0,0.0,0.0
2023-07-26 00:00:00-04:00,22.260000228881836,22.260000228881836,22.225000381469727,22.225000381469727,2100,0.0,0.0,0.0
2023-07-27 00:00:00-04:00,21.908000946044922,21.908000946044922,21.908000946044922,21.908000946044922,0,0.0,0.0,0.0
2023-07-28 00:00:00-04:00,22.25,22.270000457763672,22.22800064086914,22.22800064086914,1300,0.0,0.0,0.0
