Date,Open,High,Low,Close,Volume,Dividends,Stock Splits
2021-01-08 00:00:00-05:00,0.30399999022483826,0.30399999022483826,0.30399999022483826,0.30399999022483826,1000,0.0,0.0
2021-01-11 00:00:00-05:00,0.32199999690055847,0.32199999690055847,0.2529999911785126,0.27900001406669617,52700,0.0,0.0
2021-01-12 00:00:00-05:00,0.289000004529953,0.30000001192092896,0.2800000011920929,0.2849999964237213,63600,0.0,0.0
2021-01-13 00:00:00-05:00,0.32199999690055847,0.3630000054836273,0.29899999499320984,0.3149999976158142,56400,0.0,0.0
2021-01-14 00:00:00-05:00,0.3199999928474426,0.3199999928474426,0.30000001192092896,0.30000001192092896,4500,0.0,0.0
2021-01-15 00:00:00-05:00,0.3499999940395355,0.4650000035762787,0.32499998807907104,0.4650000035762787,112200,0.0,0.0
2021-01-19 00:00:00-05:00,0.4729999899864197,0.4860000014305115,0.3100000023841858,0.4000000059604645,58800,0.0,0.0
2021-01-20 00:00:00-05:00,0.3400000035762787,0.4000000059604645,0.30000001192092896,0.4000000059604645,22500,0.0,0.0
2021-01-21 00:00:00-05:00,0.36000001430511475,0.5,0.36000001430511475,0.44999998807907104,136200,0.0,0.0
2021-01-22 00:00:00-05:00,0.550000011920929,0.5600000023841858,0.4819999933242798,0.5400000214576721,85300,0.0,0.0
2021-01-25 00:00:00-05:00,0.6679999828338623,0.6679999828338623,0.44999998807907104,0.5920000076293945,77900,0.0,0.0
2021-01-26 00:00:00-05:00,0.6100000143051147,0.6589999794960022,0.5899999737739563,0.6330000162124634,51400,0.0,0.0
2021-01-27 00:00:00-05:00,0.6639999747276306,0.7200000286102295,0.6299999952316284,0.6480000019073486,140500,0.0,0.0
2021-01-28 00:00:00-05:00,0.6499999761581421,0.7300000190734863,0.5180000066757202,0.7300000190734863,81500,0.0,0.0
2021-01-29 00:00:00-05:00,0.6449999809265137,0.6449999809265137,0.4000000059604645,0.6159999966621399,53500,0.0,0.0
2021-02-01 00:00:00-05:00,0.6000000238418579,0.6000000238418579,0.4099999964237213,0.5099999904632568,66900,0.0,0.0
2021-02-02 00:00:00-05:00,0.5099999904632568,0.5099999904632568,0.4230000078678131,0.47999998927116394,84800,0.0,0.0
2021-02-03 00:00:00-05:00,0.47999998927116394,0.47999998927116394,0.4230000078678131,0.4449999928474426,55600,0.0,0.0
2021-02-04 00:00:00-05:00,0.5,0.5,0.4410000145435333,0.4580000042915344,14200,0.0,0.0
2021-02-05 00:00:00-05:00,0.4699999988079071,0.6100000143051147,0.4410000145435333,0.5899999737739563,91400,0.0,0.0
2021-02-08 00:00:00-05:00,0.5799999833106995,0.6190000176429749,0.5429999828338623,0.5680000185966492,45700,0.0,0.0
2021-02-09 00:00:00-05:00,0.5600000023841858,0.6399999856948853,0.48500001430511475,0.5600000023841858,64400,0.0,0.0
2021-02-10 00:00:00-05:00,0.5799999833106995,0.5799999833106995,0.5080000162124634,0.5799999833106995,31700,0.0,0.0
2021-02-11 00:00:00-05:00,0.5899999737739563,0.6399999856948853,0.44999998807907104,0.6399999856948853,168600,0.0,0.0
2021-02-12 00:00:00-05:00,0.6499999761581421,0.6499999761581421,0.5649999976158142,0.6399999856948853,58000,0.0,0.0
2021-02-16 00:00:00-05:00,0.6200000047683716,0.6200000047683716,0.5,0.550000011920929,32900,0.0,0.0
2021-02-17 00:00:00-05:00,0.4650000035762787,0.6499999761581421,0.4650000035762787,0.6499999761581421,130100,0.0,0.0
2021-02-18 00:00:00-05:00,0.6000000238418579,0.6000000238418579,0.4650000035762787,0.4699999988079071,140800,0.0,0.0
2021-02-19 00:00:00-05:00,0.47999998927116394,0.47999998927116394,0.39899998903274536,0.4059999883174896,143800,0.0,0.0
2021-02-22 00:00:00-05:00,0.38100001215934753,0.39500001072883606,0.36000001430511475,0.3700000047683716,73600,0.0,0.0
2021-02-23 00:00:00-05:00,0.3700000047683716,0.375,0.33000001311302185,0.335999995470047,110400,0.0,0.0
2021-02-24 00:00:00-05:00,0.38999998569488525,0.38999998569488525,0.3400000035762787,0.36000001430511475,64900,0.0,0.0
2021-02-25 00:00:00-05:00,0.3790000081062317,0.47999998927116394,0.3009999990463257,0.3009999990463257,355500,0.0,0.0
2021-02-26 00:00:00-05:00,0.3700000047683716,0.41499999165534973,0.28999999165534973,0.335999995470047,114200,0.0,0.0
2021-03-01 00:00:00-05:00,0.3400000035762787,0.3400000035762787,0.28600001335144043,0.33000001311302185,151500,0.0,0.0
2021-03-02 00:00:00-05:00,0.3400000035762787,0.39800000190734863,0.33000001311302185,0.3499999940395355,151400,0.0,0.0
2021-03-03 00:00:00-05:00,0.36000001430511475,0.36000001430511475,0.33000001311302185,0.33000001311302185,31100,0.0,0.0
2021-03-04 00:00:00-05:00,0.36000001430511475,0.36000001430511475,0.25099998712539673,0.3100000023841858,105300,0.0,0.0
2021-03-05 00:00:00-05:00,0.3700000047683716,0.3700000047683716,0.30000001192092896,0.30000001192092896,48000,0.0,0.0
2021-03-08 00:00:00-05:00,0.28999999165534973,0.3019999861717224,0.28999999165534973,0.28999999165534973,34500,0.0,0.0
2021-03-09 00:00:00-05:00,0.33000001311302185,0.33000001311302185,0.23600000143051147,0.25999999046325684,133800,0.0,0.0
2021-03-10 00:00:00-05:00,0.30000001192092896,0.36000001430511475,0.27000001072883606,0.30799999833106995,154300,0.0,0.0
2021-03-11 00:00:00-05:00,0.3019999861717224,0.3019999861717224,0.28999999165534973,0.29499998688697815,270300,0.0,0.0
2021-03-12 00:00:00-05:00,0.29499998688697815,0.30000001192092896,0.2770000100135803,0.27799999713897705,66400,0.0,0.0
2021-03-15 00:00:00-04:00,0.27799999713897705,0.3400000035762787,0.27799999713897705,0.3230000138282776,139700,0.0,0.0
2021-03-16 00:00:00-04:00,0.3050000071525574,0.4000000059604645,0.30000001192092896,0.3499999940395355,185800,0.0,0.0
2021-03-17 00:00:00-04:00,0.5,0.5,0.3499999940395355,0.4000000059604645,1431000,0.0,0.0
2021-03-18 00:00:00-04:00,0.48500001430511475,0.48500001430511475,0.36000001430511475,0.3799999952316284,393600,0.0,0.0
2021-03-19 00:00:00-04:00,0.4000000059604645,0.4000000059604645,0.30000001192092896,0.3230000138282776,597100,0.0,0.0
2021-03-22 00:00:00-04:00,0.3149999976158142,0.3199999928474426,0.2619999945163727,0.30000001192092896,256200,0.0,0.0
2021-03-23 00:00:00-04:00,0.2980000078678131,0.30000001192092896,0.26499998569488525,0.2849999964237213,46800,0.0,0.0
2021-03-24 00:00:00-04:00,0.2849999964237213,0.28999999165534973,0.24500000476837158,0.26499998569488525,81600,0.0,0.0
2021-03-25 00:00:00-04:00,0.26499998569488525,0.26499998569488525,0.20100000500679016,0.24500000476837158,83700,0.0,0.0
2021-03-26 00:00:00-04:00,0.257999986410141,0.257999986410141,0.23999999463558197,0.25,52700,0.0,0.0
2021-03-29 00:00:00-04:00,0.2329999953508377,0.25999999046325684,0.2329999953508377,0.25,48800,0.0,0.0
2021-03-30 00:00:00-04:00,0.25,0.27000001072883606,0.2329999953508377,0.27000001072883606,27400,0.0,0.0
2021-03-31 00:00:00-04:00,0.27000001072883606,0.27000001072883606,0.20000000298023224,0.22499999403953552,118000,0.0,0.0
2021-04-01 00:00:00-04:00,0.2199999988079071,0.23000000417232513,0.20000000298023224,0.20499999821186066,89900,0.0,0.0
2021-04-05 00:00:00-04:00,0.27000001072883606,0.27000001072883606,0.17599999904632568,0.19200000166893005,69600,0.0,0.0
2021-04-06 00:00:00-04:00,0.19200000166893005,0.2639999985694885,0.19200000166893005,0.20999999344348907,374100,0.0,0.0
2021-04-07 00:00:00-04:00,0.23000000417232513,0.23499999940395355,0.20000000298023224,0.21699999272823334,246000,0.0,0.0
2021-04-08 00:00:00-04:00,0.21799999475479126,0.22300000488758087,0.18000000715255737,0.2150000035762787,190900,0.0,0.0
2021-04-09 00:00:00-04:00,0.20000000298023224,0.2070000022649765,0.1860000044107437,0.19699999690055847,45700,0.0,0.0
2021-04-12 00:00:00-04:00,0.19499999284744263,0.20000000298023224,0.18000000715255737,0.1809999942779541,131700,0.0,0.0
2021-04-13 00:00:00-04:00,0.1850000023841858,0.1850000023841858,0.1679999977350235,0.1679999977350235,86300,0.0,0.0
2021-04-14 00:00:00-04:00,0.16500000655651093,0.1720000058412552,0.15399999916553497,0.15399999916553497,41300,0.0,0.0
2021-04-15 00:00:00-04:00,0.15399999916553497,0.15700000524520874,0.14499999582767487,0.15000000596046448,183500,0.0,0.0
2021-04-16 00:00:00-04:00,0.1509999930858612,0.17000000178813934,0.15000000596046448,0.16099999845027924,66900,0.0,0.0
2021-04-19 00:00:00-04:00,0.15000000596046448,0.16300000250339508,0.14000000059604645,0.15000000596046448,79000,0.0,0.0
2021-04-20 00:00:00-04:00,0.12099999934434891,0.15000000596046448,0.12099999934434891,0.13500000536441803,65800,0.0,0.0
2021-04-21 00:00:00-04:00,0.14000000059604645,0.14300000667572021,0.12700000405311584,0.14000000059604645,103100,0.0,0.0
2021-04-22 00:00:00-04:00,0.12800000607967377,0.14000000059604645,0.12800000607967377,0.13699999451637268,118800,0.0,0.0
2021-04-23 00:00:00-04:00,0.1379999965429306,0.1379999965429306,0.10999999940395355,0.11999999731779099,236000,0.0,0.0
2021-04-26 00:00:00-04:00,0.12999999523162842,0.12999999523162842,0.10999999940395355,0.1289999932050705,53800,0.0,0.0
2021-04-27 00:00:00-04:00,0.11999999731779099,0.1289999932050705,0.11699999868869781,0.1289999932050705,173300,0.0,0.0
2021-04-28 00:00:00-04:00,0.12999999523162842,0.12999999523162842,0.10499999672174454,0.10700000077486038,207100,0.0,0.0
2021-04-29 00:00:00-04:00,0.12999999523162842,0.12999999523162842,0.10700000077486038,0.10999999940395355,200700,0.0,0.0
2021-04-30 00:00:00-04:00,0.11500000208616257,0.11500000208616257,0.08500000089406967,0.10000000149011612,320500,0.0,0.0
2021-05-03 00:00:00-04:00,0.10000000149011612,0.10000000149011612,0.08900000154972076,0.0949999988079071,288400,0.0,0.0
2021-05-04 00:00:00-04:00,0.0949999988079071,0.0949999988079071,0.07199999690055847,0.07999999821186066,381900,0.0,0.0
2021-05-05 00:00:00-04:00,0.06499999761581421,0.07999999821186066,0.06499999761581421,0.06499999761581421,240400,0.0,0.0
2021-05-06 00:00:00-04:00,0.0689999982714653,0.2199999988079071,0.06599999964237213,0.11100000143051147,4440800,0.0,0.0
2021-05-07 00:00:00-04:00,0.11100000143051147,0.11999999731779099,0.07699999958276749,0.09300000220537186,1038400,0.0,0.0
2021-05-10 00:00:00-04:00,0.09000000357627869,0.09300000220537186,0.07999999821186066,0.08500000089406967,596300,0.0,0.0
2021-05-11 00:00:00-04:00,0.09200000017881393,0.09200000017881393,0.06199999898672104,0.07199999690055847,1163700,0.0,0.0
2021-05-12 00:00:00-04:00,0.07500000298023224,0.07500000298023224,0.05999999865889549,0.06700000166893005,411000,0.0,0.0
2021-05-13 00:00:00-04:00,0.06199999898672104,0.06499999761581421,0.05700000002980232,0.06199999898672104,852300,0.0,0.0
2021-05-14 00:00:00-04:00,0.07199999690055847,0.07199999690055847,0.054999999701976776,0.05999999865889549,852900,0.0,0.0
2021-05-17 00:00:00-04:00,0.05900000035762787,0.07000000029802322,0.03999999910593033,0.05400000140070915,1416500,0.0,0.0
2021-05-18 00:00:00-04:00,0.05400000140070915,0.05400000140070915,0.04699999839067459,0.04800000041723251,143300,0.0,0.0
2021-05-19 00:00:00-04:00,0.04800000041723251,0.05999999865889549,0.04800000041723251,0.0560000017285347,1433400,0.0,0.0
2021-05-20 00:00:00-04:00,0.0560000017285347,0.0560000017285347,0.05000000074505806,0.05000000074505806,704800,0.0,0.0
2021-05-21 00:00:00-04:00,0.05299999937415123,0.05999999865889549,0.050999999046325684,0.05999999865889549,715200,0.0,0.0
2021-05-24 00:00:00-04:00,0.05900000035762787,0.05999999865889549,0.052000001072883606,0.05999999865889549,1763200,0.0,0.0
2021-05-25 00:00:00-04:00,0.07500000298023224,0.08799999952316284,0.061000000685453415,0.08399999886751175,629100,0.0,0.0
2021-05-26 00:00:00-04:00,0.10000000149011612,0.10000000149011612,0.07999999821186066,0.09000000357627869,371400,0.0,0.0
2021-05-27 00:00:00-04:00,0.09200000017881393,0.09200000017881393,0.07100000232458115,0.07800000160932541,385300,0.0,0.0
2021-05-28 00:00:00-04:00,0.07999999821186066,0.09000000357627869,0.06499999761581421,0.07500000298023224,639800,0.0,0.0
2021-06-01 00:00:00-04:00,0.07000000029802322,0.07500000298023224,0.061000000685453415,0.0729999989271164,565900,0.0,0.0
2021-06-02 00:00:00-04:00,0.06499999761581421,0.07400000095367432,0.06499999761581421,0.06700000166893005,298600,0.0,0.0
2021-06-03 00:00:00-04:00,0.07699999958276749,0.08399999886751175,0.06700000166893005,0.07400000095367432,171600,0.0,0.0
2021-06-04 00:00:00-04:00,0.07400000095367432,0.07400000095367432,0.06499999761581421,0.06599999964237213,251400,0.0,0.0
2021-06-07 00:00:00-04:00,0.07000000029802322,0.07599999755620956,0.06199999898672104,0.0689999982714653,757600,0.0,0.0
2021-06-08 00:00:00-04:00,0.07000000029802322,0.07000000029802322,0.06300000101327896,0.07000000029802322,401300,0.0,0.0
2021-06-09 00:00:00-04:00,0.07000000029802322,0.07000000029802322,0.06300000101327896,0.06800000369548798,104200,0.0,0.0
2021-06-10 00:00:00-04:00,0.06599999964237213,0.09399999678134918,0.06599999964237213,0.07900000363588333,1219200,0.0,0.0
2021-06-11 00:00:00-04:00,0.09200000017881393,0.0949999988079071,0.07599999755620956,0.08500000089406967,1010300,0.0,0.0
2021-06-14 00:00:00-04:00,0.08799999952316284,0.08900000154972076,0.07500000298023224,0.07699999958276749,328900,0.0,0.0
2021-06-15 00:00:00-04:00,0.07999999821186066,0.07999999821186066,0.07000000029802322,0.07100000232458115,903100,0.0,0.0
2021-06-16 00:00:00-04:00,0.07100000232458115,0.07500000298023224,0.06800000369548798,0.0729999989271164,839600,0.0,0.0
2021-06-17 00:00:00-04:00,0.07500000298023224,0.07500000298023224,0.06800000369548798,0.06800000369548798,88300,0.0,0.0
2021-06-18 00:00:00-04:00,0.06700000166893005,0.07999999821186066,0.06700000166893005,0.07000000029802322,631700,0.0,0.0
2021-06-21 00:00:00-04:00,0.06599999964237213,0.07000000029802322,0.06199999898672104,0.06300000101327896,213600,0.0,0.0
2021-06-22 00:00:00-04:00,0.06300000101327896,0.06700000166893005,0.06199999898672104,0.06499999761581421,1093500,0.0,0.0
2021-06-23 00:00:00-04:00,0.0689999982714653,0.07699999958276749,0.06300000101327896,0.06599999964237213,323900,0.0,0.0
2021-06-24 00:00:00-04:00,0.07000000029802322,0.07199999690055847,0.06499999761581421,0.06499999761581421,80300,0.0,0.0
2021-06-25 00:00:00-04:00,0.06499999761581421,0.06700000166893005,0.06199999898672104,0.06400000303983688,625400,0.0,0.0
2021-06-28 00:00:00-04:00,0.06499999761581421,0.07000000029802322,0.06499999761581421,0.06599999964237213,353700,0.0,0.0
2021-06-29 00:00:00-04:00,0.0689999982714653,0.07000000029802322,0.06400000303983688,0.0689999982714653,363400,0.0,0.0
2021-06-30 00:00:00-04:00,0.07000000029802322,0.07599999755620956,0.06400000303983688,0.0729999989271164,789900,0.0,0.0
2021-07-01 00:00:00-04:00,0.07500000298023224,0.0820000022649765,0.07199999690055847,0.08100000023841858,990600,0.0,0.0
2021-07-02 00:00:00-04:00,0.0820000022649765,0.08900000154972076,0.06499999761581421,0.07100000232458115,1650200,0.0,0.0
2021-07-06 00:00:00-04:00,0.07500000298023224,0.07500000298023224,0.06400000303983688,0.07100000232458115,1205300,0.0,0.0
2021-07-07 00:00:00-04:00,0.08500000089406967,0.08699999749660492,0.06199999898672104,0.07400000095367432,497600,0.0,0.0
2021-07-08 00:00:00-04:00,0.06800000369548798,0.07500000298023224,0.06700000166893005,0.07400000095367432,492800,0.0,0.0
2021-07-09 00:00:00-04:00,0.08500000089406967,0.08500000089406967,0.07000000029802322,0.07999999821186066,789200,0.0,0.0
2021-07-12 00:00:00-04:00,0.07900000363588333,0.08399999886751175,0.0729999989271164,0.07900000363588333,1577200,0.0,0.0
2021-07-13 00:00:00-04:00,0.07900000363588333,0.07999999821186066,0.0729999989271164,0.07699999958276749,1281500,0.0,0.0
2021-07-14 00:00:00-04:00,0.07500000298023224,0.07999999821186066,0.0729999989271164,0.07699999958276749,64400,0.0,0.0
2021-07-15 00:00:00-04:00,0.07500000298023224,0.07500000298023224,0.06700000166893005,0.06700000166893005,439100,0.0,0.0
2021-07-16 00:00:00-04:00,0.06599999964237213,0.07000000029802322,0.06499999761581421,0.06499999761581421,182400,0.0,0.0
2021-07-19 00:00:00-04:00,0.0689999982714653,0.0689999982714653,0.06199999898672104,0.06400000303983688,560300,0.0,0.0
2021-07-20 00:00:00-04:00,0.06199999898672104,0.06400000303983688,0.057999998331069946,0.057999998331069946,913800,0.0,0.0
2021-07-21 00:00:00-04:00,0.06199999898672104,0.06199999898672104,0.0560000017285347,0.057999998331069946,1116400,0.0,0.0
2021-07-22 00:00:00-04:00,0.06300000101327896,0.06300000101327896,0.0430000014603138,0.04699999839067459,979100,0.0,0.0
2021-07-23 00:00:00-04:00,0.05900000035762787,0.06700000166893005,0.05400000140070915,0.06499999761581421,1082200,0.0,0.0
2021-07-26 00:00:00-04:00,0.07199999690055847,0.08399999886751175,0.05299999937415123,0.054999999701976776,2205800,0.0,0.0
2021-07-27 00:00:00-04:00,0.057999998331069946,0.05900000035762787,0.05000000074505806,0.05400000140070915,982900,0.0,0.0
2021-07-28 00:00:00-04:00,0.05299999937415123,0.05299999937415123,0.04800000041723251,0.050999999046325684,862700,0.0,0.0
2021-07-29 00:00:00-04:00,0.07400000095367432,0.07400000095367432,0.05000000074505806,0.05299999937415123,754800,0.0,0.0
2021-07-30 00:00:00-04:00,0.05299999937415123,0.054999999701976776,0.04899999871850014,0.05000000074505806,1137500,0.0,0.0
2021-08-02 00:00:00-04:00,0.054999999701976776,0.05999999865889549,0.05000000074505806,0.0560000017285347,1325200,0.0,0.0
2021-08-03 00:00:00-04:00,0.0560000017285347,0.07999999821186066,0.05299999937415123,0.05999999865889549,1400200,0.0,0.0
2021-08-04 00:00:00-04:00,0.06199999898672104,0.06499999761581421,0.05900000035762787,0.06400000303983688,511400,0.0,0.0
2021-08-05 00:00:00-04:00,0.06400000303983688,0.06400000303983688,0.05000000074505806,0.052000001072883606,924200,0.0,0.0
2021-08-06 00:00:00-04:00,0.05999999865889549,0.05999999865889549,0.05000000074505806,0.05000000074505806,625200,0.0,0.0
2021-08-09 00:00:00-04:00,0.05000000074505806,0.057999998331069946,0.05000000074505806,0.05000000074505806,1206000,0.0,0.0
2021-08-10 00:00:00-04:00,0.050999999046325684,0.0560000017285347,0.05000000074505806,0.052000001072883606,386500,0.0,0.0
2021-08-11 00:00:00-04:00,0.0560000017285347,0.0560000017285347,0.05299999937415123,0.05400000140070915,348300,0.0,0.0
2021-08-12 00:00:00-04:00,0.054999999701976776,0.05999999865889549,0.054999999701976776,0.05900000035762787,153200,0.0,0.0
2021-08-13 00:00:00-04:00,0.057999998331069946,0.06199999898672104,0.05700000002980232,0.06199999898672104,384000,0.0,0.0
2021-08-16 00:00:00-04:00,0.06400000303983688,0.06400000303983688,0.05999999865889549,0.061000000685453415,225400,0.0,0.0
2021-08-17 00:00:00-04:00,0.06199999898672104,0.06199999898672104,0.05000000074505806,0.0560000017285347,918000,0.0,0.0
2021-08-18 00:00:00-04:00,0.052000001072883606,0.05900000035762787,0.05000000074505806,0.052000001072883606,1387500,0.0,0.0
2021-08-19 00:00:00-04:00,0.054999999701976776,0.054999999701976776,0.05000000074505806,0.052000001072883606,317100,0.0,0.0
2021-08-20 00:00:00-04:00,0.05000000074505806,0.05000000074505806,0.04800000041723251,0.05000000074505806,180400,0.0,0.0
2021-08-23 00:00:00-04:00,0.05000000074505806,0.05299999937415123,0.04500000178813934,0.04500000178813934,701300,0.0,0.0
2021-08-24 00:00:00-04:00,0.05299999937415123,0.05299999937415123,0.04500000178813934,0.04800000041723251,872300,0.0,0.0
2021-08-25 00:00:00-04:00,0.05000000074505806,0.05000000074505806,0.04500000178813934,0.04699999839067459,833900,0.0,0.0
2021-08-26 00:00:00-04:00,0.04800000041723251,0.04800000041723251,0.04100000113248825,0.041999999433755875,1259100,0.0,0.0
2021-08-27 00:00:00-04:00,0.04399999976158142,0.052000001072883606,0.0430000014603138,0.04399999976158142,3953900,0.0,0.0
2021-08-30 00:00:00-04:00,0.04500000178813934,0.05299999937415123,0.0430000014603138,0.05299999937415123,994600,0.0,0.0
2021-08-31 00:00:00-04:00,0.054999999701976776,0.054999999701976776,0.04699999839067459,0.04699999839067459,629800,0.0,0.0
2021-09-01 00:00:00-04:00,0.04600000008940697,0.04899999871850014,0.04600000008940697,0.04600000008940697,652000,0.0,0.0
2021-09-02 00:00:00-04:00,0.05000000074505806,0.05000000074505806,0.04500000178813934,0.04600000008940697,111500,0.0,0.0
2021-09-03 00:00:00-04:00,0.050999999046325684,0.052000001072883606,0.04500000178813934,0.052000001072883606,471100,0.0,0.0
2021-09-07 00:00:00-04:00,0.050999999046325684,0.050999999046325684,0.04500000178813934,0.04600000008940697,485400,0.0,0.0
2021-09-08 00:00:00-04:00,0.04600000008940697,0.04800000041723251,0.04500000178813934,0.04500000178813934,248600,0.0,0.0
2021-09-09 00:00:00-04:00,0.04500000178813934,0.04800000041723251,0.041999999433755875,0.04399999976158142,800800,0.0,0.0
2021-09-10 00:00:00-04:00,0.0430000014603138,0.05000000074505806,0.0430000014603138,0.04500000178813934,1122800,0.0,0.0
2021-09-13 00:00:00-04:00,0.04399999976158142,0.04600000008940697,0.04399999976158142,0.04600000008940697,500000,0.0,0.0
2021-09-14 00:00:00-04:00,0.04800000041723251,0.05999999865889549,0.0430000014603138,0.050999999046325684,3011700,0.0,0.0
2021-09-15 00:00:00-04:00,0.05000000074505806,0.10999999940395355,0.05000000074505806,0.10999999940395355,6698000,0.0,0.0
2021-09-16 00:00:00-04:00,0.10999999940395355,0.10999999940395355,0.07100000232458115,0.07699999958276749,5320700,0.0,0.0
2021-09-17 00:00:00-04:00,0.07100000232458115,0.0820000022649765,0.05900000035762787,0.0820000022649765,3275900,0.0,0.0
2021-09-20 00:00:00-04:00,0.08500000089406967,0.10999999940395355,0.061000000685453415,0.0989999994635582,2936700,0.0,0.0
2021-09-21 00:00:00-04:00,0.10000000149011612,0.10000000149011612,0.06199999898672104,0.0689999982714653,2604900,0.0,0.0
2021-09-22 00:00:00-04:00,0.06199999898672104,0.09300000220537186,0.061000000685453415,0.08299999684095383,4532400,0.0,0.0
2021-09-23 00:00:00-04:00,0.07199999690055847,0.11900000274181366,0.06800000369548798,0.10599999874830246,8180900,0.0,0.0
2021-09-24 00:00:00-04:00,0.11400000005960464,0.1899999976158142,0.1080000028014183,0.18400000035762787,3603700,0.0,0.0
2021-09-27 00:00:00-04:00,0.1889999955892563,0.1940000057220459,0.10499999672174454,0.13300000131130219,9167400,0.0,0.0
2021-09-28 00:00:00-04:00,0.12999999523162842,0.1340000033378601,0.10000000149011612,0.125,6583800,0.0,0.0
2021-09-29 00:00:00-04:00,0.11599999666213989,0.15000000596046448,0.10999999940395355,0.12700000405311584,3797500,0.0,0.0
2021-09-30 00:00:00-04:00,0.14499999582767487,0.16699999570846558,0.11599999666213989,0.1289999932050705,4326100,0.0,0.0
2021-10-01 00:00:00-04:00,0.13500000536441803,0.13500000536441803,0.10999999940395355,0.11800000071525574,2686200,0.0,0.0
2021-10-04 00:00:00-04:00,0.11400000005960464,0.14800000190734863,0.11100000143051147,0.13500000536441803,6508200,0.0,0.0
2021-10-05 00:00:00-04:00,0.14000000059604645,0.14499999582767487,0.11999999731779099,0.13500000536441803,1276400,0.0,0.0
2021-10-06 00:00:00-04:00,0.1289999932050705,0.13500000536441803,0.10499999672174454,0.11999999731779099,2974200,0.0,0.0
2021-10-07 00:00:00-04:00,0.11999999731779099,0.12700000405311584,0.10499999672174454,0.10999999940395355,1841200,0.0,0.0
2021-10-08 00:00:00-04:00,0.10700000077486038,0.11900000274181366,0.10599999874830246,0.10999999940395355,1650000,0.0,0.0
2021-10-11 00:00:00-04:00,0.11500000208616257,0.11500000208616257,0.10100000351667404,0.10499999672174454,2206700,0.0,0.0
2021-10-12 00:00:00-04:00,0.10899999737739563,0.10899999737739563,0.09000000357627869,0.10300000011920929,3618900,0.0,0.0
2021-10-13 00:00:00-04:00,0.09300000220537186,0.10300000011920929,0.09000000357627869,0.0989999994635582,2711500,0.0,0.0
2021-10-14 00:00:00-04:00,0.11400000005960464,0.12700000405311584,0.09200000017881393,0.11699999868869781,1770900,0.0,0.0
2021-10-15 00:00:00-04:00,0.11999999731779099,0.1420000046491623,0.11699999868869781,0.1420000046491623,2861000,0.0,0.0
2021-10-18 00:00:00-04:00,0.14100000262260437,0.15800000727176666,0.11500000208616257,0.12999999523162842,2066500,0.0,0.0
2021-10-19 00:00:00-04:00,0.14000000059604645,0.17000000178813934,0.125,0.1379999965429306,1325700,0.0,0.0
2021-10-20 00:00:00-04:00,0.1469999998807907,0.1469999998807907,0.1289999932050705,0.1459999978542328,804600,0.0,0.0
2021-10-21 00:00:00-04:00,0.1459999978542328,0.1459999978542328,0.09300000220537186,0.10300000011920929,6799300,0.0,0.0
2021-10-22 00:00:00-04:00,0.11699999868869781,0.11699999868869781,0.09700000286102295,0.0989999994635582,1626300,0.0,0.0
2021-10-25 00:00:00-04:00,0.10400000214576721,0.10400000214576721,0.061000000685453415,0.0729999989271164,10636000,0.0,0.0
2021-10-26 00:00:00-04:00,0.07800000160932541,0.0820000022649765,0.07199999690055847,0.07999999821186066,1624300,0.0,0.0
2021-10-27 00:00:00-04:00,0.08100000023841858,0.08100000023841858,0.06499999761581421,0.07000000029802322,2413300,0.0,0.0
2021-10-28 00:00:00-04:00,0.07000000029802322,0.07000000029802322,0.05400000140070915,0.06499999761581421,3308700,0.0,0.0
2021-10-29 00:00:00-04:00,0.06499999761581421,0.06800000369548798,0.05700000002980232,0.061000000685453415,1619000,0.0,0.0
2021-11-01 00:00:00-04:00,0.06400000303983688,0.07900000363588333,0.054999999701976776,0.07100000232458115,2394700,0.0,0.0
2021-11-02 00:00:00-04:00,0.07000000029802322,0.08799999952316284,0.06700000166893005,0.08500000089406967,1026300,0.0,0.0
2021-11-03 00:00:00-04:00,0.08500000089406967,0.08799999952316284,0.06800000369548798,0.0729999989271164,586200,0.0,0.0
2021-11-04 00:00:00-04:00,0.07699999958276749,0.08900000154972076,0.07400000095367432,0.0860000029206276,1460000,0.0,0.0
2021-11-05 00:00:00-04:00,0.0860000029206276,0.08799999952316284,0.07500000298023224,0.08799999952316284,970600,0.0,0.0
2021-11-08 00:00:00-05:00,0.07999999821186066,0.09200000017881393,0.07000000029802322,0.0729999989271164,627400,0.0,0.0
2021-11-09 00:00:00-05:00,0.07500000298023224,0.09200000017881393,0.0729999989271164,0.08900000154972076,381600,0.0,0.0
2021-11-10 00:00:00-05:00,0.09200000017881393,0.09200000017881393,0.07999999821186066,0.08399999886751175,419600,0.0,0.0
2021-11-11 00:00:00-05:00,0.08399999886751175,0.08399999886751175,0.07500000298023224,0.07900000363588333,635200,0.0,0.0
2021-11-12 00:00:00-05:00,0.07999999821186066,0.08900000154972076,0.07800000160932541,0.0820000022649765,892000,0.0,0.0
2021-11-15 00:00:00-05:00,0.08699999749660492,0.08699999749660492,0.07400000095367432,0.07599999755620956,863400,0.0,0.0
2021-11-16 00:00:00-05:00,0.08399999886751175,0.08399999886751175,0.06700000166893005,0.07199999690055847,1109700,0.0,0.0
2021-11-17 00:00:00-05:00,0.06800000369548798,0.07800000160932541,0.06599999964237213,0.07000000029802322,519000,0.0,0.0
2021-11-18 00:00:00-05:00,0.07199999690055847,0.08399999886751175,0.06800000369548798,0.07800000160932541,828400,0.0,0.0
2021-11-19 00:00:00-05:00,0.07800000160932541,0.09000000357627869,0.07599999755620956,0.07999999821186066,645200,0.0,0.0
2021-11-22 00:00:00-05:00,0.07999999821186066,0.08799999952316284,0.07400000095367432,0.08100000023841858,481200,0.0,0.0
2021-11-23 00:00:00-05:00,0.07599999755620956,0.08500000089406967,0.07500000298023224,0.07500000298023224,554500,0.0,0.0
2021-11-24 00:00:00-05:00,0.07999999821186066,0.0820000022649765,0.07000000029802322,0.0820000022649765,408800,0.0,0.0
2021-11-26 00:00:00-05:00,0.08100000023841858,0.08399999886751175,0.07100000232458115,0.07400000095367432,281800,0.0,0.0
2021-11-29 00:00:00-05:00,0.07400000095367432,0.07999999821186066,0.06800000369548798,0.06800000369548798,656600,0.0,0.0
2021-11-30 00:00:00-05:00,0.07199999690055847,0.07199999690055847,0.061000000685453415,0.0689999982714653,632800,0.0,0.0
2021-12-01 00:00:00-05:00,0.06499999761581421,0.07100000232458115,0.061000000685453415,0.061000000685453415,972100,0.0,0.0
2021-12-02 00:00:00-05:00,0.05999999865889549,0.06199999898672104,0.054999999701976776,0.05700000002980232,1009900,0.0,0.0
2021-12-03 00:00:00-05:00,0.06800000369548798,0.0729999989271164,0.05000000074505806,0.07000000029802322,3051000,0.0,0.0
2021-12-06 00:00:00-05:00,0.0729999989271164,0.07999999821186066,0.07000000029802322,0.07900000363588333,985900,0.0,0.0
2021-12-07 00:00:00-05:00,0.07900000363588333,0.07999999821186066,0.07500000298023224,0.07500000298023224,617700,0.0,0.0
2021-12-08 00:00:00-05:00,0.07199999690055847,0.07900000363588333,0.06700000166893005,0.07599999755620956,166600,0.0,0.0
2021-12-09 00:00:00-05:00,0.0729999989271164,0.07800000160932541,0.06800000369548798,0.07100000232458115,363700,0.0,0.0
2021-12-10 00:00:00-05:00,0.07000000029802322,0.07400000095367432,0.06400000303983688,0.06499999761581421,702200,0.0,0.0
2021-12-13 00:00:00-05:00,0.0729999989271164,0.0729999989271164,0.06199999898672104,0.0689999982714653,515400,0.0,0.0
2021-12-14 00:00:00-05:00,0.06599999964237213,0.0689999982714653,0.05999999865889549,0.06700000166893005,351700,0.0,0.0
2021-12-15 00:00:00-05:00,0.06199999898672104,0.06599999964237213,0.05999999865889549,0.06300000101327896,245800,0.0,0.0
2021-12-16 00:00:00-05:00,0.05999999865889549,0.07000000029802322,0.05000000074505806,0.05900000035762787,1934300,0.0,0.0
2021-12-17 00:00:00-05:00,0.06199999898672104,0.07000000029802322,0.05700000002980232,0.07000000029802322,194900,0.0,0.0
2021-12-20 00:00:00-05:00,0.07000000029802322,0.07100000232458115,0.050999999046325684,0.05999999865889549,1700400,0.0,0.0
2021-12-21 00:00:00-05:00,0.06400000303983688,0.06400000303983688,0.05299999937415123,0.0560000017285347,670500,0.0,0.0
2021-12-22 00:00:00-05:00,0.05700000002980232,0.06499999761581421,0.05400000140070915,0.0560000017285347,223600,0.0,0.0
2021-12-23 00:00:00-05:00,0.05999999865889549,0.06499999761581421,0.0560000017285347,0.06499999761581421,108400,0.0,0.0
2021-12-27 00:00:00-05:00,0.06499999761581421,0.06499999761581421,0.04600000008940697,0.05299999937415123,2199400,0.0,0.0
2021-12-28 00:00:00-05:00,0.05999999865889549,0.05999999865889549,0.04500000178813934,0.04899999871850014,1657600,0.0,0.0
2021-12-29 00:00:00-05:00,0.05000000074505806,0.05000000074505806,0.04800000041723251,0.05000000074505806,622400,0.0,0.0
2021-12-30 00:00:00-05:00,0.052000001072883606,0.057999998331069946,0.05000000074505806,0.05400000140070915,378200,0.0,0.0
2021-12-31 00:00:00-05:00,0.0560000017285347,0.07100000232458115,0.05400000140070915,0.06700000166893005,799500,0.0,0.0
2022-01-03 00:00:00-05:00,0.07000000029802322,0.07000000029802322,0.06400000303983688,0.06599999964237213,249000,0.0,0.0
2022-01-04 00:00:00-05:00,0.06700000166893005,0.07000000029802322,0.057999998331069946,0.07000000029802322,853500,0.0,0.0
2022-01-05 00:00:00-05:00,0.07000000029802322,0.0729999989271164,0.06499999761581421,0.07100000232458115,449700,0.0,0.0
2022-01-06 00:00:00-05:00,0.06800000369548798,0.10999999940395355,0.06300000101327896,0.09000000357627869,2814700,0.0,0.0
2022-01-07 00:00:00-05:00,0.10499999672174454,0.10499999672174454,0.06499999761581421,0.06599999964237213,1600000,0.0,0.0
2022-01-10 00:00:00-05:00,0.06499999761581421,0.08399999886751175,0.061000000685453415,0.07400000095367432,520900,0.0,0.0
2022-01-11 00:00:00-05:00,0.07400000095367432,0.0820000022649765,0.06199999898672104,0.06700000166893005,316500,0.0,0.0
2022-01-12 00:00:00-05:00,0.06599999964237213,0.06700000166893005,0.05999999865889549,0.06700000166893005,452600,0.0,0.0
2022-01-13 00:00:00-05:00,0.07000000029802322,0.07000000029802322,0.05999999865889549,0.06400000303983688,1590200,0.0,0.0
2022-01-14 00:00:00-05:00,0.06400000303983688,0.06400000303983688,0.06300000101327896,0.06300000101327896,771800,0.0,0.0
2022-01-18 00:00:00-05:00,0.06300000101327896,0.07000000029802322,0.06300000101327896,0.06800000369548798,829600,0.0,0.0
2022-01-19 00:00:00-05:00,0.06800000369548798,0.07000000029802322,0.05900000035762787,0.06800000369548798,820900,0.0,0.0
2022-01-20 00:00:00-05:00,0.06800000369548798,0.06800000369548798,0.05900000035762787,0.06199999898672104,566700,0.0,0.0
2022-01-21 00:00:00-05:00,0.05999999865889549,0.06400000303983688,0.05400000140070915,0.054999999701976776,529300,0.0,0.0
2022-01-24 00:00:00-05:00,0.05400000140070915,0.05400000140070915,0.04600000008940697,0.05000000074505806,950600,0.0,0.0
2022-01-25 00:00:00-05:00,0.04899999871850014,0.05000000074505806,0.035999998450279236,0.041999999433755875,4404600,0.0,0.0
2022-01-26 00:00:00-05:00,0.041999999433755875,0.0430000014603138,0.03799999877810478,0.041999999433755875,603000,0.0,0.0
2022-01-27 00:00:00-05:00,0.041999999433755875,0.041999999433755875,0.03500000014901161,0.03999999910593033,1147200,0.0,0.0
2022-01-28 00:00:00-05:00,0.03999999910593033,0.0430000014603138,0.03500000014901161,0.03999999910593033,3173700,0.0,0.0
2022-01-31 00:00:00-05:00,0.03799999877810478,0.03999999910593033,0.03799999877810478,0.03999999910593033,244600,0.0,0.0
2022-02-01 00:00:00-05:00,0.039000000804662704,0.0430000014603138,0.035999998450279236,0.04100000113248825,1199500,0.0,0.0
2022-02-02 00:00:00-05:00,0.04100000113248825,0.04100000113248825,0.03700000047683716,0.03799999877810478,236800,0.0,0.0
2022-02-03 00:00:00-05:00,0.03999999910593033,0.03999999910593033,0.03500000014901161,0.03500000014901161,893000,0.0,0.0
2022-02-04 00:00:00-05:00,0.03500000014901161,0.041999999433755875,0.03500000014901161,0.04100000113248825,495200,0.0,0.0
2022-02-07 00:00:00-05:00,0.03999999910593033,0.04100000113248825,0.03799999877810478,0.03799999877810478,254200,0.0,0.0
2022-02-08 00:00:00-05:00,0.03799999877810478,0.03999999910593033,0.03799999877810478,0.03999999910593033,132800,0.0,0.0
2022-02-09 00:00:00-05:00,0.03999999910593033,0.0430000014603138,0.03799999877810478,0.03999999910593033,230300,0.0,0.0
2022-02-10 00:00:00-05:00,0.03999999910593033,0.041999999433755875,0.03700000047683716,0.03799999877810478,449100,0.0,0.0
2022-02-11 00:00:00-05:00,0.03700000047683716,0.03700000047683716,0.03400000184774399,0.03500000014901161,1036500,0.0,0.0
2022-02-14 00:00:00-05:00,0.03500000014901161,0.03500000014901161,0.032999999821186066,0.03400000184774399,432500,0.0,0.0
2022-02-15 00:00:00-05:00,0.03400000184774399,0.03400000184774399,0.020999999716877937,0.032999999821186066,3951800,0.0,0.0
2022-02-16 00:00:00-05:00,0.03400000184774399,0.035999998450279236,0.028999999165534973,0.03400000184774399,433800,0.0,0.0
2022-02-17 00:00:00-05:00,0.035999998450279236,0.035999998450279236,0.029999999329447746,0.032999999821186066,782600,0.0,0.0
2022-02-18 00:00:00-05:00,0.032999999821186066,0.032999999821186066,0.029999999329447746,0.029999999329447746,149200,0.0,0.0
2022-02-22 00:00:00-05:00,0.029999999329447746,0.029999999329447746,0.02800000086426735,0.028999999165534973,190000,0.0,0.0
2022-02-23 00:00:00-05:00,0.029999999329447746,0.029999999329447746,0.023000000044703484,0.023000000044703484,703800,0.0,0.0
2022-02-24 00:00:00-05:00,0.023000000044703484,0.03099999949336052,0.02199999988079071,0.03099999949336052,542000,0.0,0.0
2022-02-25 00:00:00-05:00,0.02800000086426735,0.03099999949336052,0.02800000086426735,0.028999999165534973,7200,0.0,0.0
2022-02-28 00:00:00-05:00,0.028999999165534973,0.028999999165534973,0.02199999988079071,0.02500000037252903,720200,0.0,0.0
2022-03-01 00:00:00-05:00,0.026000000536441803,0.029999999329447746,0.023000000044703484,0.029999999329447746,376900,0.0,0.0
2022-03-02 00:00:00-05:00,0.029999999329447746,0.029999999329447746,0.02500000037252903,0.02800000086426735,264500,0.0,0.0
2022-03-03 00:00:00-05:00,0.02800000086426735,0.029999999329447746,0.024000000208616257,0.028999999165534973,302600,0.0,0.0
2022-03-04 00:00:00-05:00,0.028999999165534973,0.028999999165534973,0.027000000700354576,0.02800000086426735,100500,0.0,0.0
2022-03-07 00:00:00-05:00,0.028999999165534973,0.028999999165534973,0.019999999552965164,0.02199999988079071,2297600,0.0,0.0
2022-03-08 00:00:00-05:00,0.023000000044703484,0.023000000044703484,0.020999999716877937,0.02199999988079071,244000,0.0,0.0
2022-03-09 00:00:00-05:00,0.020999999716877937,0.027000000700354576,0.020999999716877937,0.027000000700354576,2288600,0.0,0.0
2022-03-10 00:00:00-05:00,0.027000000700354576,0.03200000151991844,0.026000000536441803,0.03200000151991844,1649000,0.0,0.0
2022-03-11 00:00:00-05:00,0.03200000151991844,0.03400000184774399,0.02800000086426735,0.029999999329447746,854200,0.0,0.0
2022-03-14 00:00:00-04:00,0.029999999329447746,0.035999998450279236,0.024000000208616257,0.028999999165534973,748200,0.0,0.0
2022-03-15 00:00:00-04:00,0.028999999165534973,0.028999999165534973,0.020999999716877937,0.027000000700354576,1570700,0.0,0.0
2022-03-16 00:00:00-04:00,0.02800000086426735,0.02800000086426735,0.024000000208616257,0.02800000086426735,580200,0.0,0.0
2022-03-17 00:00:00-04:00,0.02800000086426735,0.035999998450279236,0.026000000536441803,0.02800000086426735,742900,0.0,0.0
2022-03-18 00:00:00-04:00,0.029999999329447746,0.032999999821186066,0.02500000037252903,0.02800000086426735,1948900,0.0,0.0
2022-03-21 00:00:00-04:00,0.02800000086426735,0.03099999949336052,0.024000000208616257,0.02800000086426735,404600,0.0,0.0
2022-03-22 00:00:00-04:00,0.028999999165534973,0.032999999821186066,0.02500000037252903,0.029999999329447746,886100,0.0,0.0
2022-03-23 00:00:00-04:00,0.029999999329447746,0.03500000014901161,0.028999999165534973,0.03500000014901161,619300,0.0,0.0
2022-03-24 00:00:00-04:00,0.03500000014901161,0.0430000014603138,0.032999999821186066,0.041999999433755875,1969300,0.0,0.0
2022-03-25 00:00:00-04:00,0.04500000178813934,0.04500000178813934,0.03099999949336052,0.035999998450279236,1439500,0.0,0.0
2022-03-28 00:00:00-04:00,0.03500000014901161,0.04600000008940697,0.03500000014901161,0.03799999877810478,794900,0.0,0.0
2022-03-29 00:00:00-04:00,0.03999999910593033,0.03999999910593033,0.03500000014901161,0.03799999877810478,501500,0.0,0.0
2022-03-30 00:00:00-04:00,0.03799999877810478,0.04500000178813934,0.03799999877810478,0.03799999877810478,283100,0.0,0.0
2022-03-31 00:00:00-04:00,0.041999999433755875,0.041999999433755875,0.03999999910593033,0.04100000113248825,184900,0.0,0.0
2022-04-01 00:00:00-04:00,0.03999999910593033,0.03999999910593033,0.028999999165534973,0.03700000047683716,2756300,0.0,0.0
2022-04-04 00:00:00-04:00,0.03500000014901161,0.03799999877810478,0.026000000536441803,0.032999999821186066,469300,0.0,0.0
2022-04-05 00:00:00-04:00,0.03200000151991844,0.032999999821186066,0.027000000700354576,0.03200000151991844,403800,0.0,0.0
2022-04-06 00:00:00-04:00,0.02800000086426735,0.03200000151991844,0.02800000086426735,0.02800000086426735,91200,0.0,0.0
2022-04-07 00:00:00-04:00,0.029999999329447746,0.03200000151991844,0.027000000700354576,0.03200000151991844,370200,0.0,0.0
2022-04-08 00:00:00-04:00,0.027000000700354576,0.029999999329447746,0.027000000700354576,0.02800000086426735,625100,0.0,0.0
2022-04-11 00:00:00-04:00,0.029999999329447746,0.03200000151991844,0.028999999165534973,0.03200000151991844,574700,0.0,0.0
2022-04-12 00:00:00-04:00,0.03200000151991844,0.03200000151991844,0.02800000086426735,0.02800000086426735,468000,0.0,0.0
2022-04-13 00:00:00-04:00,0.027000000700354576,0.03099999949336052,0.026000000536441803,0.027000000700354576,359000,0.0,0.0
2022-04-14 00:00:00-04:00,0.02800000086426735,0.02800000086426735,0.02500000037252903,0.02800000086426735,406000,0.0,0.0
2022-04-18 00:00:00-04:00,0.02800000086426735,0.02800000086426735,0.023000000044703484,0.023000000044703484,1453100,0.0,0.0
2022-04-19 00:00:00-04:00,0.02500000037252903,0.03099999949336052,0.02500000037252903,0.027000000700354576,1606700,0.0,0.0
2022-04-20 00:00:00-04:00,0.027000000700354576,0.02800000086426735,0.027000000700354576,0.027000000700354576,72800,0.0,0.0
2022-04-21 00:00:00-04:00,0.02800000086426735,0.02800000086426735,0.02500000037252903,0.02500000037252903,190300,0.0,0.0
2022-04-22 00:00:00-04:00,0.026000000536441803,0.026000000536441803,0.024000000208616257,0.026000000536441803,555100,0.0,0.0
2022-04-25 00:00:00-04:00,0.027000000700354576,0.027000000700354576,0.024000000208616257,0.024000000208616257,211100,0.0,0.0
2022-04-26 00:00:00-04:00,0.027000000700354576,0.027000000700354576,0.026000000536441803,0.026000000536441803,133000,0.0,0.0
2022-04-27 00:00:00-04:00,0.02500000037252903,0.026000000536441803,0.024000000208616257,0.02500000037252903,301700,0.0,0.0
2022-04-28 00:00:00-04:00,0.02500000037252903,0.02500000037252903,0.02500000037252903,0.02500000037252903,38200,0.0,0.0
2022-04-29 00:00:00-04:00,0.02500000037252903,0.02800000086426735,0.02500000037252903,0.02500000037252903,1049600,0.0,0.0
2022-05-02 00:00:00-04:00,0.02800000086426735,0.02800000086426735,0.02500000037252903,0.026000000536441803,140100,0.0,0.0
2022-05-03 00:00:00-04:00,0.02500000037252903,0.026000000536441803,0.02500000037252903,0.02500000037252903,213900,0.0,0.0
2022-05-04 00:00:00-04:00,0.02500000037252903,0.026000000536441803,0.02500000037252903,0.026000000536441803,684000,0.0,0.0
2022-05-05 00:00:00-04:00,0.02500000037252903,0.026000000536441803,0.019999999552965164,0.02199999988079071,913000,0.0,0.0
2022-05-06 00:00:00-04:00,0.023000000044703484,0.02500000037252903,0.02199999988079071,0.023000000044703484,500500,0.0,0.0
2022-05-09 00:00:00-04:00,0.023000000044703484,0.024000000208616257,0.019999999552965164,0.020999999716877937,831000,0.0,0.0
2022-05-10 00:00:00-04:00,0.02199999988079071,0.02199999988079071,0.019999999552965164,0.02199999988079071,2207700,0.0,0.0
2022-05-11 00:00:00-04:00,0.02199999988079071,0.023000000044703484,0.014999999664723873,0.017999999225139618,1588200,0.0,0.0
2022-05-12 00:00:00-04:00,0.017000000923871994,0.01899999938905239,0.009999999776482582,0.01600000075995922,1032300,0.0,0.0
2022-05-13 00:00:00-04:00,0.014000000432133675,0.017000000923871994,0.014000000432133675,0.014999999664723873,803700,0.0,0.0
2022-05-16 00:00:00-04:00,0.017000000923871994,0.017000000923871994,0.014999999664723873,0.014999999664723873,72200,0.0,0.0
2022-05-17 00:00:00-04:00,0.01600000075995922,0.017000000923871994,0.01600000075995922,0.01600000075995922,975000,0.0,0.0
2022-05-18 00:00:00-04:00,0.01600000075995922,0.01600000075995922,0.014000000432133675,0.014000000432133675,912600,0.0,0.0
2022-05-19 00:00:00-04:00,0.014999999664723873,0.014999999664723873,0.014000000432133675,0.014999999664723873,1323100,0.0,0.0
2022-05-20 00:00:00-04:00,0.014999999664723873,0.014999999664723873,0.013000000268220901,0.014000000432133675,460400,0.0,0.0
2022-05-23 00:00:00-04:00,0.014999999664723873,0.017000000923871994,0.014000000432133675,0.014999999664723873,1918100,0.0,0.0
2022-05-24 00:00:00-04:00,0.01600000075995922,0.019999999552965164,0.01600000075995922,0.01600000075995922,618400,0.0,0.0
2022-05-25 00:00:00-04:00,0.02500000037252903,0.02500000037252903,0.01600000075995922,0.01600000075995922,634000,0.0,0.0
2022-05-26 00:00:00-04:00,0.017999999225139618,0.017999999225139618,0.014999999664723873,0.014999999664723873,350900,0.0,0.0
2022-05-27 00:00:00-04:00,0.01600000075995922,0.01600000075995922,0.014999999664723873,0.014999999664723873,859100,0.0,0.0
2022-05-31 00:00:00-04:00,0.014999999664723873,0.017000000923871994,0.014999999664723873,0.01600000075995922,576000,0.0,0.0
2022-06-01 00:00:00-04:00,0.01600000075995922,0.01600000075995922,0.014999999664723873,0.014999999664723873,102500,0.0,0.0
2022-06-02 00:00:00-04:00,0.01600000075995922,0.01600000075995922,0.014999999664723873,0.014999999664723873,277600,0.0,0.0
2022-06-03 00:00:00-04:00,0.01600000075995922,0.01600000075995922,0.014999999664723873,0.01600000075995922,339900,0.0,0.0
2022-06-06 00:00:00-04:00,0.017999999225139618,0.017999999225139618,0.009999999776482582,0.014999999664723873,766700,0.0,0.0
2022-06-07 00:00:00-04:00,0.014999999664723873,0.014999999664723873,0.013000000268220901,0.014000000432133675,163500,0.0,0.0
2022-06-08 00:00:00-04:00,0.014999999664723873,0.017000000923871994,0.014000000432133675,0.014999999664723873,440100,0.0,0.0
2022-06-09 00:00:00-04:00,0.01600000075995922,0.017000000923871994,0.014999999664723873,0.01600000075995922,546900,0.0,0.0
2022-06-10 00:00:00-04:00,0.01600000075995922,0.017999999225139618,0.01600000075995922,0.01600000075995922,349700,0.0,0.0
2022-06-13 00:00:00-04:00,0.01600000075995922,0.017999999225139618,0.01600000075995922,0.017000000923871994,839700,0.0,0.0
2022-06-14 00:00:00-04:00,0.01600000075995922,0.019999999552965164,0.014999999664723873,0.014999999664723873,786100,0.0,0.0
2022-06-15 00:00:00-04:00,0.014999999664723873,0.01600000075995922,0.014999999664723873,0.01600000075995922,146900,0.0,0.0
2022-06-16 00:00:00-04:00,0.017000000923871994,0.017000000923871994,0.01600000075995922,0.01600000075995922,474200,0.0,0.0
2022-06-17 00:00:00-04:00,0.01600000075995922,0.01600000075995922,0.014999999664723873,0.01600000075995922,1004600,0.0,0.0
2022-06-21 00:00:00-04:00,0.01600000075995922,0.01600000075995922,0.014000000432133675,0.01600000075995922,688900,0.0,0.0
2022-06-22 00:00:00-04:00,0.01600000075995922,0.01600000075995922,0.014999999664723873,0.01600000075995922,494900,0.0,0.0
2022-06-23 00:00:00-04:00,0.01600000075995922,0.017000000923871994,0.014999999664723873,0.014999999664723873,871900,0.0,0.0
2022-06-24 00:00:00-04:00,0.014999999664723873,0.01899999938905239,0.014000000432133675,0.01600000075995922,1528500,0.0,0.0
2022-06-27 00:00:00-04:00,0.01899999938905239,0.01899999938905239,0.01600000075995922,0.017999999225139618,616000,0.0,0.0
2022-06-28 00:00:00-04:00,0.01600000075995922,0.017999999225139618,0.01600000075995922,0.017000000923871994,224900,0.0,0.0
2022-06-29 00:00:00-04:00,0.017999999225139618,0.017999999225139618,0.01600000075995922,0.01600000075995922,548500,0.0,0.0
2022-06-30 00:00:00-04:00,0.01600000075995922,0.01600000075995922,0.01600000075995922,0.01600000075995922,502600,0.0,0.0
2022-07-01 00:00:00-04:00,0.01600000075995922,0.01600000075995922,0.01600000075995922,0.01600000075995922,36000,0.0,0.0
2022-07-05 00:00:00-04:00,0.014999999664723873,0.01600000075995922,0.014999999664723873,0.01600000075995922,144300,0.0,0.0
2022-07-06 00:00:00-04:00,0.017000000923871994,0.017999999225139618,0.01600000075995922,0.01600000075995922,94000,0.0,0.0
2022-07-07 00:00:00-04:00,0.01600000075995922,0.017999999225139618,0.01600000075995922,0.01600000075995922,1349600,0.0,0.0
2022-07-08 00:00:00-04:00,0.014999999664723873,0.017999999225139618,0.014999999664723873,0.017999999225139618,1445100,0.0,0.0
2022-07-11 00:00:00-04:00,0.019999999552965164,0.019999999552965164,0.01600000075995922,0.017000000923871994,459200,0.0,0.0
2022-07-12 00:00:00-04:00,0.017000000923871994,0.017999999225139618,0.017000000923871994,0.017999999225139618,314900,0.0,0.0
2022-07-13 00:00:00-04:00,0.017999999225139618,0.019999999552965164,0.017000000923871994,0.017000000923871994,345700,0.0,0.0
2022-07-14 00:00:00-04:00,0.01600000075995922,0.017000000923871994,0.01600000075995922,0.017000000923871994,766100,0.0,0.0
2022-07-15 00:00:00-04:00,0.017999999225139618,0.017999999225139618,0.01600000075995922,0.017999999225139618,461500,0.0,0.0
2022-07-18 00:00:00-04:00,0.017999999225139618,0.017999999225139618,0.017000000923871994,0.017000000923871994,290900,0.0,0.0
2022-07-19 00:00:00-04:00,0.01600000075995922,0.01899999938905239,0.01600000075995922,0.017999999225139618,518300,0.0,0.0
2022-07-20 00:00:00-04:00,0.01899999938905239,0.020999999716877937,0.017999999225139618,0.019999999552965164,2009400,0.0,0.0
2022-07-21 00:00:00-04:00,0.019999999552965164,0.020999999716877937,0.017999999225139618,0.01899999938905239,479800,0.0,0.0
2022-07-22 00:00:00-04:00,0.019999999552965164,0.02199999988079071,0.017999999225139618,0.017999999225139618,499000,0.0,0.0
2022-07-25 00:00:00-04:00,0.017999999225139618,0.01899999938905239,0.017000000923871994,0.017999999225139618,1764400,0.0,0.0
2022-07-26 00:00:00-04:00,0.01899999938905239,0.01899999938905239,0.017999999225139618,0.017999999225139618,303400,0.0,0.0
2022-07-27 00:00:00-04:00,0.01899999938905239,0.020999999716877937,0.017999999225139618,0.019999999552965164,858000,0.0,0.0
2022-07-28 00:00:00-04:00,0.020999999716877937,0.020999999716877937,0.01899999938905239,0.020999999716877937,737200,0.0,0.0
2022-07-29 00:00:00-04:00,0.020999999716877937,0.024000000208616257,0.019999999552965164,0.020999999716877937,793300,0.0,0.0
2022-08-01 00:00:00-04:00,0.02199999988079071,0.035999998450279236,0.019999999552965164,0.027000000700354576,4332300,0.0,0.0
2022-08-02 00:00:00-04:00,0.02800000086426735,0.03700000047683716,0.027000000700354576,0.03200000151991844,3758200,0.0,0.0
2022-08-03 00:00:00-04:00,0.03400000184774399,0.03799999877810478,0.029999999329447746,0.029999999329447746,3526200,0.0,0.0
2022-08-04 00:00:00-04:00,0.03400000184774399,0.03400000184774399,0.029999999329447746,0.032999999821186066,1277300,0.0,0.0
2022-08-05 00:00:00-04:00,0.032999999821186066,0.03400000184774399,0.03099999949336052,0.03400000184774399,559200,0.0,0.0
2022-08-08 00:00:00-04:00,0.03400000184774399,0.03999999910593033,0.03099999949336052,0.03799999877810478,5281000,0.0,0.0
2022-08-09 00:00:00-04:00,0.03999999910593033,0.03999999910593033,0.03400000184774399,0.035999998450279236,1830300,0.0,0.0
2022-08-10 00:00:00-04:00,0.03799999877810478,0.039000000804662704,0.03400000184774399,0.039000000804662704,5857800,0.0,0.0
2022-08-11 00:00:00-04:00,0.039000000804662704,0.054999999701976776,0.03500000014901161,0.039000000804662704,3706500,0.0,0.0
2022-08-12 00:00:00-04:00,0.03999999910593033,0.03999999910593033,0.03200000151991844,0.03500000014901161,3492200,0.0,0.0
2022-08-15 00:00:00-04:00,0.03999999910593033,0.03999999910593033,0.03500000014901161,0.03799999877810478,803300,0.0,0.0
2022-08-16 00:00:00-04:00,0.03999999910593033,0.03999999910593033,0.03400000184774399,0.03999999910593033,808500,0.0,0.0
2022-08-17 00:00:00-04:00,0.03799999877810478,0.03999999910593033,0.03700000047683716,0.03700000047683716,749300,0.0,0.0
2022-08-18 00:00:00-04:00,0.035999998450279236,0.03999999910593033,0.027000000700354576,0.035999998450279236,688500,0.0,0.0
2022-08-19 00:00:00-04:00,0.03500000014901161,0.035999998450279236,0.02800000086426735,0.035999998450279236,1549300,0.0,0.0
2022-08-22 00:00:00-04:00,0.035999998450279236,0.039000000804662704,0.03200000151991844,0.039000000804662704,1033600,0.0,0.0
2022-08-23 00:00:00-04:00,0.039000000804662704,0.039000000804662704,0.03200000151991844,0.03500000014901161,751100,0.0,0.0
2022-08-24 00:00:00-04:00,0.035999998450279236,0.03999999910593033,0.032999999821186066,0.03500000014901161,1756200,0.0,0.0
2022-08-25 00:00:00-04:00,0.027000000700354576,0.03500000014901161,0.027000000700354576,0.03400000184774399,495600,0.0,0.0
2022-08-26 00:00:00-04:00,0.032999999821186066,0.03700000047683716,0.03099999949336052,0.03700000047683716,964500,0.0,0.0
2022-08-29 00:00:00-04:00,0.035999998450279236,0.035999998450279236,0.03400000184774399,0.035999998450279236,434700,0.0,0.0
2022-08-30 00:00:00-04:00,0.03700000047683716,0.039000000804662704,0.03500000014901161,0.03500000014901161,1997900,0.0,0.0
2022-08-31 00:00:00-04:00,0.035999998450279236,0.03799999877810478,0.03500000014901161,0.03700000047683716,762200,0.0,0.0
2022-09-01 00:00:00-04:00,0.03799999877810478,0.039000000804662704,0.03500000014901161,0.03700000047683716,617400,0.0,0.0
2022-09-02 00:00:00-04:00,0.035999998450279236,0.035999998450279236,0.03500000014901161,0.03500000014901161,841900,0.0,0.0
2022-09-06 00:00:00-04:00,0.03500000014901161,0.039000000804662704,0.03099999949336052,0.03400000184774399,1284500,0.0,0.0
2022-09-07 00:00:00-04:00,0.03500000014901161,0.03500000014901161,0.028999999165534973,0.028999999165534973,1270800,0.0,0.0
2022-09-08 00:00:00-04:00,0.029999999329447746,0.03099999949336052,0.02800000086426735,0.029999999329447746,888000,0.0,0.0
2022-09-09 00:00:00-04:00,0.03400000184774399,0.03400000184774399,0.02800000086426735,0.03200000151991844,810300,0.0,0.0
2022-09-12 00:00:00-04:00,0.032999999821186066,0.032999999821186066,0.02800000086426735,0.028999999165534973,910300,0.0,0.0
2022-09-13 00:00:00-04:00,0.029999999329447746,0.029999999329447746,0.023000000044703484,0.02800000086426735,4817100,0.0,0.0
2022-09-14 00:00:00-04:00,0.027000000700354576,0.027000000700354576,0.026000000536441803,0.026000000536441803,379500,0.0,0.0
2022-09-15 00:00:00-04:00,0.026000000536441803,0.026000000536441803,0.02199999988079071,0.023000000044703484,891600,0.0,0.0
2022-09-16 00:00:00-04:00,0.023000000044703484,0.023000000044703484,0.023000000044703484,0.023000000044703484,260500,0.0,0.0
2022-09-19 00:00:00-04:00,0.02199999988079071,0.024000000208616257,0.01899999938905239,0.019999999552965164,1402100,0.0,0.0
2022-09-20 00:00:00-04:00,0.019999999552965164,0.020999999716877937,0.019999999552965164,0.019999999552965164,345600,0.0,0.0
2022-09-21 00:00:00-04:00,0.019999999552965164,0.019999999552965164,0.019999999552965164,0.019999999552965164,297200,0.0,0.0
2022-09-22 00:00:00-04:00,0.019999999552965164,0.019999999552965164,0.013000000268220901,0.017999999225139618,1462200,0.0,0.0
2022-09-23 00:00:00-04:00,0.017999999225139618,0.017999999225139618,0.017000000923871994,0.017000000923871994,237900,0.0,0.0
2022-09-26 00:00:00-04:00,0.017999999225139618,0.017999999225139618,0.008999999612569809,0.010999999940395355,9420300,0.0,0.0
2022-09-27 00:00:00-04:00,0.012000000104308128,0.013000000268220901,0.010999999940395355,0.012000000104308128,877400,0.0,0.0
2022-09-28 00:00:00-04:00,0.013000000268220901,0.013000000268220901,0.009999999776482582,0.010999999940395355,2545400,0.0,0.0
2022-09-29 00:00:00-04:00,0.010999999940395355,0.012000000104308128,0.009999999776482582,0.009999999776482582,125500,0.0,0.0
2022-09-30 00:00:00-04:00,0.010999999940395355,0.010999999940395355,0.009999999776482582,0.009999999776482582,674300,0.0,0.0
2022-10-03 00:00:00-04:00,0.010999999940395355,0.023000000044703484,0.010999999940395355,0.017999999225139618,5463400,0.0,0.0
2022-10-04 00:00:00-04:00,0.01899999938905239,0.023000000044703484,0.014999999664723873,0.01600000075995922,3804800,0.0,0.0
2022-10-05 00:00:00-04:00,0.01600000075995922,0.017000000923871994,0.012000000104308128,0.014999999664723873,1019700,0.0,0.0
2022-10-06 00:00:00-04:00,0.014000000432133675,0.017000000923871994,0.014000000432133675,0.01600000075995922,961000,0.0,0.0
2022-10-07 00:00:00-04:00,0.01600000075995922,0.017000000923871994,0.014000000432133675,0.017000000923871994,1229100,0.0,0.0
2022-10-10 00:00:00-04:00,0.017999999225139618,0.017999999225139618,0.014000000432133675,0.01600000075995922,513200,0.0,0.0
2022-10-11 00:00:00-04:00,0.01600000075995922,0.017000000923871994,0.012000000104308128,0.014000000432133675,729800,0.0,0.0
2022-10-12 00:00:00-04:00,0.014000000432133675,0.014999999664723873,0.009999999776482582,0.014999999664723873,491700,0.0,0.0
2022-10-13 00:00:00-04:00,0.014999999664723873,0.014999999664723873,0.013000000268220901,0.013000000268220901,379100,0.0,0.0
2022-10-14 00:00:00-04:00,0.01600000075995922,0.01600000075995922,0.013000000268220901,0.013000000268220901,140100,0.0,0.0
2022-10-17 00:00:00-04:00,0.013000000268220901,0.013000000268220901,0.010999999940395355,0.012000000104308128,355200,0.0,0.0
2022-10-18 00:00:00-04:00,0.013000000268220901,0.013000000268220901,0.012000000104308128,0.012000000104308128,151800,0.0,0.0
2022-10-19 00:00:00-04:00,0.014000000432133675,0.014999999664723873,0.012000000104308128,0.012000000104308128,70000,0.0,0.0
2022-10-20 00:00:00-04:00,0.012000000104308128,0.013000000268220901,0.012000000104308128,0.013000000268220901,63100,0.0,0.0
2022-10-21 00:00:00-04:00,0.012000000104308128,0.013000000268220901,0.010999999940395355,0.012000000104308128,446000,0.0,0.0
2022-10-24 00:00:00-04:00,0.010999999940395355,0.013000000268220901,0.010999999940395355,0.010999999940395355,262100,0.0,0.0
2022-10-25 00:00:00-04:00,0.010999999940395355,0.012000000104308128,0.009999999776482582,0.012000000104308128,656300,0.0,0.0
2022-10-26 00:00:00-04:00,0.012000000104308128,0.012000000104308128,0.009999999776482582,0.009999999776482582,792200,0.0,0.0
2022-10-27 00:00:00-04:00,0.009999999776482582,0.010999999940395355,0.009999999776482582,0.009999999776482582,205300,0.0,0.0
2022-10-28 00:00:00-04:00,0.010999999940395355,0.012000000104308128,0.009999999776482582,0.012000000104308128,454100,0.0,0.0
2022-10-31 00:00:00-04:00,0.012000000104308128,0.013000000268220901,0.009999999776482582,0.009999999776482582,327600,0.0,0.0
2022-11-01 00:00:00-04:00,0.012000000104308128,0.014000000432133675,0.012000000104308128,0.013000000268220901,3310700,0.0,0.0
2022-11-02 00:00:00-04:00,0.013000000268220901,0.013000000268220901,0.010999999940395355,0.013000000268220901,1117100,0.0,0.0
2022-11-03 00:00:00-04:00,0.012000000104308128,0.012000000104308128,0.010999999940395355,0.012000000104308128,410900,0.0,0.0
2022-11-04 00:00:00-04:00,0.012000000104308128,0.014000000432133675,0.010999999940395355,0.014000000432133675,964200,0.0,0.0
2022-11-07 00:00:00-05:00,0.014000000432133675,0.02500000037252903,0.014000000432133675,0.02199999988079071,3210700,0.0,0.0
2022-11-08 00:00:00-05:00,0.02199999988079071,0.02199999988079071,0.014999999664723873,0.014999999664723873,2324300,0.0,0.0
2022-11-09 00:00:00-05:00,0.014999999664723873,0.014999999664723873,0.012000000104308128,0.013000000268220901,1634900,0.0,0.0
2022-11-10 00:00:00-05:00,0.013000000268220901,0.014000000432133675,0.012000000104308128,0.013000000268220901,837100,0.0,0.0
2022-11-11 00:00:00-05:00,0.013000000268220901,0.014999999664723873,0.013000000268220901,0.014999999664723873,1401600,0.0,0.0
2022-11-14 00:00:00-05:00,0.014999999664723873,0.014999999664723873,0.013000000268220901,0.013000000268220901,1390900,0.0,0.0
2022-11-15 00:00:00-05:00,0.013000000268220901,0.014000000432133675,0.013000000268220901,0.013000000268220901,1822900,0.0,0.0
2022-11-16 00:00:00-05:00,0.013000000268220901,0.013000000268220901,0.012000000104308128,0.013000000268220901,829000,0.0,0.0
2022-11-17 00:00:00-05:00,0.013000000268220901,0.013000000268220901,0.012000000104308128,0.012000000104308128,2073500,0.0,0.0
2022-11-18 00:00:00-05:00,0.012000000104308128,0.012000000104308128,0.010999999940395355,0.012000000104308128,2308600,0.0,0.0
2022-11-21 00:00:00-05:00,0.012000000104308128,0.019999999552965164,0.012000000104308128,0.017000000923871994,8902400,0.0,0.0
2022-11-22 00:00:00-05:00,0.017000000923871994,0.017000000923871994,0.013000000268220901,0.014000000432133675,2281700,0.0,0.0
2022-11-23 00:00:00-05:00,0.014000000432133675,0.014000000432133675,0.012000000104308128,0.014000000432133675,720100,0.0,0.0
2022-11-25 00:00:00-05:00,0.014000000432133675,0.014000000432133675,0.013000000268220901,0.013000000268220901,522800,0.0,0.0
2022-11-28 00:00:00-05:00,0.013000000268220901,0.014000000432133675,0.010999999940395355,0.014000000432133675,902100,0.0,0.0
2022-11-29 00:00:00-05:00,0.013000000268220901,0.013000000268220901,0.012000000104308128,0.013000000268220901,409200,0.0,0.0
2022-11-30 00:00:00-05:00,0.013000000268220901,0.014000000432133675,0.013000000268220901,0.014000000432133675,431800,0.0,0.0
2022-12-01 00:00:00-05:00,0.014000000432133675,0.014000000432133675,0.012000000104308128,0.012000000104308128,3885900,0.0,0.0
2022-12-02 00:00:00-05:00,0.012000000104308128,0.012000000104308128,0.010999999940395355,0.012000000104308128,536400,0.0,0.0
2022-12-05 00:00:00-05:00,0.013000000268220901,0.013000000268220901,0.010999999940395355,0.012000000104308128,1983000,0.0,0.0
2022-12-06 00:00:00-05:00,0.012000000104308128,0.013000000268220901,0.008999999612569809,0.012000000104308128,11655800,0.0,0.0
2022-12-07 00:00:00-05:00,0.009999999776482582,0.012000000104308128,0.009999999776482582,0.010999999940395355,658800,0.0,0.0
2022-12-08 00:00:00-05:00,0.012000000104308128,0.012000000104308128,0.008999999612569809,0.009999999776482582,4113800,0.0,0.0
2022-12-09 00:00:00-05:00,0.009999999776482582,0.009999999776482582,0.008999999612569809,0.009999999776482582,996500,0.0,0.0
2022-12-12 00:00:00-05:00,0.009999999776482582,0.009999999776482582,0.008999999612569809,0.009999999776482582,1034100,0.0,0.0
2022-12-13 00:00:00-05:00,0.009999999776482582,0.009999999776482582,0.008999999612569809,0.008999999612569809,4233800,0.0,0.0
2022-12-14 00:00:00-05:00,0.008999999612569809,0.008999999612569809,0.00800000037997961,0.008999999612569809,1570400,0.0,0.0
2022-12-15 00:00:00-05:00,0.008999999612569809,0.008999999612569809,0.00800000037997961,0.008999999612569809,542200,0.0,0.0
2022-12-16 00:00:00-05:00,0.008999999612569809,0.008999999612569809,0.00800000037997961,0.008999999612569809,364500,0.0,0.0
2022-12-19 00:00:00-05:00,0.00800000037997961,0.008999999612569809,0.00800000037997961,0.008999999612569809,494700,0.0,0.0
2022-12-20 00:00:00-05:00,0.008999999612569809,0.008999999612569809,0.006000000052154064,0.007000000216066837,2600900,0.0,0.0
2022-12-21 00:00:00-05:00,0.007000000216066837,0.007000000216066837,0.006000000052154064,0.007000000216066837,1237200,0.0,0.0
2022-12-22 00:00:00-05:00,0.007000000216066837,0.007000000216066837,0.007000000216066837,0.007000000216066837,1104300,0.0,0.0
2022-12-23 00:00:00-05:00,0.007000000216066837,0.007000000216066837,0.007000000216066837,0.007000000216066837,836500,0.0,0.0
2022-12-27 00:00:00-05:00,0.007000000216066837,0.007000000216066837,0.006000000052154064,0.006000000052154064,1670400,0.0,0.0
2022-12-28 00:00:00-05:00,0.006000000052154064,0.007000000216066837,0.006000000052154064,0.006000000052154064,738000,0.0,0.0
2022-12-29 00:00:00-05:00,0.006000000052154064,0.007000000216066837,0.006000000052154064,0.007000000216066837,617500,0.0,0.0
2022-12-30 00:00:00-05:00,0.006000000052154064,0.007000000216066837,0.006000000052154064,0.007000000216066837,1626300,0.0,0.0
2023-01-03 00:00:00-05:00,0.007000000216066837,0.007000000216066837,0.006000000052154064,0.006000000052154064,1248300,0.0,0.0
2023-01-04 00:00:00-05:00,0.006000000052154064,0.007000000216066837,0.006000000052154064,0.007000000216066837,470000,0.0,0.0
2023-01-05 00:00:00-05:00,0.007000000216066837,0.008999999612569809,0.007000000216066837,0.00800000037997961,2050100,0.0,0.0
2023-01-06 00:00:00-05:00,0.007000000216066837,0.008999999612569809,0.007000000216066837,0.008999999612569809,1026300,0.0,0.0
2023-01-09 00:00:00-05:00,0.008999999612569809,0.008999999612569809,0.00800000037997961,0.008999999612569809,552700,0.0,0.0
2023-01-10 00:00:00-05:00,0.008999999612569809,0.008999999612569809,0.007000000216066837,0.00800000037997961,1431700,0.0,0.0
2023-01-11 00:00:00-05:00,0.00800000037997961,0.008999999612569809,0.00800000037997961,0.00800000037997961,202800,0.0,0.0
2023-01-12 00:00:00-05:00,0.008999999612569809,0.008999999612569809,0.008999999612569809,0.008999999612569809,445000,0.0,0.0
2023-01-13 00:00:00-05:00,0.008999999612569809,0.008999999612569809,0.00800000037997961,0.008999999612569809,398100,0.0,0.0
2023-01-17 00:00:00-05:00,0.008999999612569809,0.009999999776482582,0.00800000037997961,0.009999999776482582,1130900,0.0,0.0
2023-01-18 00:00:00-05:00,0.008999999612569809,0.009999999776482582,0.008999999612569809,0.009999999776482582,119400,0.0,0.0
2023-01-19 00:00:00-05:00,0.009999999776482582,0.009999999776482582,0.009999999776482582,0.009999999776482582,281500,0.0,0.0
2023-01-20 00:00:00-05:00,0.009999999776482582,0.010999999940395355,0.009999999776482582,0.010999999940395355,992000,0.0,0.0
2023-01-23 00:00:00-05:00,0.009999999776482582,0.010999999940395355,0.008999999612569809,0.009999999776482582,440500,0.0,0.0
2023-01-24 00:00:00-05:00,0.010999999940395355,0.010999999940395355,0.008999999612569809,0.009999999776482582,1211400,0.0,0.0
2023-01-25 00:00:00-05:00,0.009999999776482582,0.010999999940395355,0.009999999776482582,0.009999999776482582,735800,0.0,0.0
2023-01-26 00:00:00-05:00,0.009999999776482582,0.010999999940395355,0.009999999776482582,0.009999999776482582,446000,0.0,0.0
2023-01-27 00:00:00-05:00,0.009999999776482582,0.010999999940395355,0.008999999612569809,0.009999999776482582,202500,0.0,0.0
2023-01-30 00:00:00-05:00,0.008999999612569809,0.010999999940395355,0.008999999612569809,0.009999999776482582,120100,0.0,0.0
2023-01-31 00:00:00-05:00,0.009999999776482582,0.009999999776482582,0.008999999612569809,0.008999999612569809,928200,0.0,0.0
2023-02-01 00:00:00-05:00,0.008999999612569809,0.010999999940395355,0.008999999612569809,0.008999999612569809,757300,0.0,0.0
2023-02-02 00:00:00-05:00,0.009999999776482582,0.009999999776482582,0.008999999612569809,0.008999999612569809,632500,0.0,0.0
2023-02-03 00:00:00-05:00,0.008999999612569809,0.008999999612569809,0.00800000037997961,0.008999999612569809,307400,0.0,0.0
2023-02-06 00:00:00-05:00,0.008999999612569809,0.008999999612569809,0.008999999612569809,0.008999999612569809,127800,0.0,0.0
2023-02-07 00:00:00-05:00,0.008999999612569809,0.008999999612569809,0.00800000037997961,0.008999999612569809,660100,0.0,0.0
2023-02-08 00:00:00-05:00,0.008999999612569809,0.008999999612569809,0.00800000037997961,0.008999999612569809,483200,0.0,0.0
2023-02-09 00:00:00-05:00,0.008999999612569809,0.008999999612569809,0.008999999612569809,0.008999999612569809,10000,0.0,0.0
2023-02-10 00:00:00-05:00,0.00800000037997961,0.00800000037997961,0.007000000216066837,0.00800000037997961,187800,0.0,0.0
2023-02-13 00:00:00-05:00,0.00800000037997961,0.010999999940395355,0.00800000037997961,0.008999999612569809,1097400,0.0,0.0
2023-02-14 00:00:00-05:00,0.008999999612569809,0.009999999776482582,0.008999999612569809,0.008999999612569809,94400,0.0,0.0
2023-02-15 00:00:00-05:00,0.008999999612569809,0.008999999612569809,0.008999999612569809,0.008999999612569809,118300,0.0,0.0
2023-02-16 00:00:00-05:00,0.008999999612569809,0.008999999612569809,0.008999999612569809,0.008999999612569809,4900,0.0,0.0
2023-02-17 00:00:00-05:00,0.008999999612569809,0.008999999612569809,0.007000000216066837,0.00800000037997961,1396000,0.0,0.0
2023-02-21 00:00:00-05:00,0.00800000037997961,0.00800000037997961,0.007000000216066837,0.00800000037997961,80800,0.0,0.0
2023-02-22 00:00:00-05:00,0.007000000216066837,0.00800000037997961,0.007000000216066837,0.00800000037997961,1073600,0.0,0.0
2023-02-23 00:00:00-05:00,0.00800000037997961,0.00800000037997961,0.007000000216066837,0.007000000216066837,212500,0.0,0.0
2023-02-24 00:00:00-05:00,0.007000000216066837,0.00800000037997961,0.007000000216066837,0.007000000216066837,172500,0.0,0.0
2023-02-27 00:00:00-05:00,0.007000000216066837,0.00800000037997961,0.006000000052154064,0.007000000216066837,761000,0.0,0.0
2023-02-28 00:00:00-05:00,0.006000000052154064,0.00800000037997961,0.006000000052154064,0.007000000216066837,799800,0.0,0.0
2023-03-01 00:00:00-05:00,0.007000000216066837,0.007000000216066837,0.007000000216066837,0.007000000216066837,45000,0.0,0.0
2023-03-02 00:00:00-05:00,0.006000000052154064,0.00800000037997961,0.006000000052154064,0.007000000216066837,204300,0.0,0.0
2023-03-03 00:00:00-05:00,0.006000000052154064,0.007000000216066837,0.006000000052154064,0.006000000052154064,38500,0.0,0.0
2023-03-06 00:00:00-05:00,0.007000000216066837,0.007000000216066837,0.004999999888241291,0.006000000052154064,1121200,0.0,0.0
2023-03-07 00:00:00-05:00,0.006000000052154064,0.007000000216066837,0.006000000052154064,0.007000000216066837,410100,0.0,0.0
2023-03-08 00:00:00-05:00,0.006000000052154064,0.006000000052154064,0.006000000052154064,0.006000000052154064,632600,0.0,0.0
2023-03-09 00:00:00-05:00,0.007000000216066837,0.007000000216066837,0.006000000052154064,0.006000000052154064,432600,0.0,0.0
2023-03-10 00:00:00-05:00,0.006000000052154064,0.006000000052154064,0.006000000052154064,0.006000000052154064,391500,0.0,0.0
2023-03-13 00:00:00-04:00,0.006000000052154064,0.007000000216066837,0.006000000052154064,0.006000000052154064,149400,0.0,0.0
2023-03-14 00:00:00-04:00,0.006000000052154064,0.006000000052154064,0.006000000052154064,0.006000000052154064,758300,0.0,0.0
2023-03-15 00:00:00-04:00,0.006000000052154064,0.006000000052154064,0.006000000052154064,0.006000000052154064,61500,0.0,0.0
2023-03-16 00:00:00-04:00,0.006000000052154064,0.006000000052154064,0.006000000052154064,0.006000000052154064,288200,0.0,0.0
2023-03-17 00:00:00-04:00,0.006000000052154064,0.006000000052154064,0.004999999888241291,0.004999999888241291,372100,0.0,0.0
2023-03-20 00:00:00-04:00,0.006000000052154064,0.007000000216066837,0.006000000052154064,0.007000000216066837,1434800,0.0,0.0
2023-03-21 00:00:00-04:00,0.007000000216066837,0.007000000216066837,0.004999999888241291,0.004999999888241291,4025600,0.0,0.0
2023-03-22 00:00:00-04:00,0.004999999888241291,0.006000000052154064,0.004999999888241291,0.006000000052154064,931200,0.0,0.0
2023-03-23 00:00:00-04:00,0.006000000052154064,0.007000000216066837,0.006000000052154064,0.006000000052154064,183100,0.0,0.0
2023-03-24 00:00:00-04:00,0.007000000216066837,0.007000000216066837,0.006000000052154064,0.006000000052154064,6500,0.0,0.0
2023-03-27 00:00:00-04:00,0.007000000216066837,0.007000000216066837,0.006000000052154064,0.007000000216066837,378100,0.0,0.0
2023-03-28 00:00:00-04:00,0.006000000052154064,0.006000000052154064,0.006000000052154064,0.006000000052154064,22500,0.0,0.0
2023-03-29 00:00:00-04:00,0.006000000052154064,0.006000000052154064,0.006000000052154064,0.006000000052154064,85400,0.0,0.0
2023-03-30 00:00:00-04:00,0.006000000052154064,0.006000000052154064,0.004999999888241291,0.006000000052154064,805100,0.0,0.0
2023-03-31 00:00:00-04:00,0.004999999888241291,0.006000000052154064,0.004999999888241291,0.004999999888241291,2568400,0.0,0.0
2023-04-03 00:00:00-04:00,0.004999999888241291,0.004999999888241291,0.004999999888241291,0.004999999888241291,642300,0.0,0.0
2023-04-04 00:00:00-04:00,0.004999999888241291,0.004999999888241291,0.004999999888241291,0.004999999888241291,567200,0.0,0.0
2023-04-05 00:00:00-04:00,0.004999999888241291,0.004999999888241291,0.004999999888241291,0.004999999888241291,2227100,0.0,0.0
2023-04-06 00:00:00-04:00,0.004999999888241291,0.004999999888241291,0.004999999888241291,0.004999999888241291,199400,0.0,0.0
2023-04-10 00:00:00-04:00,0.004999999888241291,0.004999999888241291,0.004000000189989805,0.004000000189989805,1147100,0.0,0.0
2023-04-11 00:00:00-04:00,0.004000000189989805,0.004000000189989805,0.004000000189989805,0.004000000189989805,1182500,0.0,0.0
2023-04-12 00:00:00-04:00,0.004000000189989805,0.004000000189989805,0.004000000189989805,0.004000000189989805,3760900,0.0,0.0
2023-04-13 00:00:00-04:00,0.004000000189989805,0.004000000189989805,0.004000000189989805,0.004000000189989805,153600,0.0,0.0
2023-04-14 00:00:00-04:00,0.004000000189989805,0.004000000189989805,0.0020000000949949026,0.003000000026077032,8218200,0.0,0.0
2023-04-17 00:00:00-04:00,0.003000000026077032,0.003000000026077032,0.0020000000949949026,0.003000000026077032,5512900,0.0,0.0
2023-04-18 00:00:00-04:00,0.003000000026077032,0.003000000026077032,0.0020000000949949026,0.003000000026077032,2143800,0.0,0.0
2023-04-19 00:00:00-04:00,0.003000000026077032,0.003000000026077032,0.0020000000949949026,0.003000000026077032,2905300,0.0,0.0
2023-04-20 00:00:00-04:00,0.003000000026077032,0.003000000026077032,0.003000000026077032,0.003000000026077032,803400,0.0,0.0
2023-04-21 00:00:00-04:00,0.003000000026077032,0.003000000026077032,0.003000000026077032,0.003000000026077032,1331400,0.0,0.0
2023-04-24 00:00:00-04:00,0.003000000026077032,0.003000000026077032,0.0020000000949949026,0.0020000000949949026,6290500,0.0,0.0
2023-04-25 00:00:00-04:00,0.0020000000949949026,0.0020000000949949026,0.0020000000949949026,0.0020000000949949026,899000,0.0,0.0
2023-04-26 00:00:00-04:00,0.0020000000949949026,0.0020000000949949026,0.0020000000949949026,0.0020000000949949026,675800,0.0,0.0
2023-04-27 00:00:00-04:00,0.0020000000949949026,0.0020000000949949026,0.0020000000949949026,0.0020000000949949026,316000,0.0,0.0
2023-04-28 00:00:00-04:00,0.0020000000949949026,0.0020000000949949026,0.0020000000949949026,0.0020000000949949026,51700,0.0,0.0
2023-05-01 00:00:00-04:00,0.0020000000949949026,0.003000000026077032,0.0020000000949949026,0.003000000026077032,340900,0.0,0.0
2023-05-02 00:00:00-04:00,0.003000000026077032,0.003000000026077032,0.003000000026077032,0.003000000026077032,1282000,0.0,0.0
2023-05-03 00:00:00-04:00,0.003000000026077032,0.003000000026077032,0.003000000026077032,0.003000000026077032,241200,0.0,0.0
2023-05-04 00:00:00-04:00,0.003000000026077032,0.004000000189989805,0.003000000026077032,0.004000000189989805,811000,0.0,0.0
2023-05-05 00:00:00-04:00,0.004000000189989805,0.004000000189989805,0.004000000189989805,0.004000000189989805,107200,0.0,0.0
2023-05-08 00:00:00-04:00,0.004000000189989805,0.004000000189989805,0.0020000000949949026,0.003000000026077032,549500,0.0,0.0
2023-05-09 00:00:00-04:00,0.004000000189989805,0.004000000189989805,0.004000000189989805,0.004000000189989805,81400,0.0,0.0
2023-05-10 00:00:00-04:00,0.004000000189989805,0.004000000189989805,0.003000000026077032,0.003000000026077032,965100,0.0,0.0
2023-05-11 00:00:00-04:00,0.003000000026077032,0.004000000189989805,0.003000000026077032,0.004000000189989805,445100,0.0,0.0
2023-05-12 00:00:00-04:00,0.003000000026077032,0.004000000189989805,0.003000000026077032,0.003000000026077032,1369300,0.0,0.0
2023-05-15 00:00:00-04:00,0.003000000026077032,0.003000000026077032,0.0020000000949949026,0.003000000026077032,495600,0.0,0.0
2023-05-16 00:00:00-04:00,0.0020000000949949026,0.003000000026077032,0.0020000000949949026,0.0020000000949949026,1526100,0.0,0.0
2023-05-17 00:00:00-04:00,0.0020000000949949026,0.0020000000949949026,0.0020000000949949026,0.0020000000949949026,128900,0.0,0.0
2023-05-18 00:00:00-04:00,0.0020000000949949026,0.0020000000949949026,0.0020000000949949026,0.0020000000949949026,60000,0.0,0.0
2023-05-19 00:00:00-04:00,0.0020000000949949026,0.0020000000949949026,0.0020000000949949026,0.0020000000949949026,833700,0.0,0.0
2023-05-22 00:00:00-04:00,0.0020000000949949026,0.0020000000949949026,0.0020000000949949026,0.0020000000949949026,1945300,0.0,0.0
2023-05-23 00:00:00-04:00,0.0020000000949949026,0.0020000000949949026,0.0010000000474974513,0.0010000000474974513,6482500,0.0,0.0
2023-05-24 00:00:00-04:00,0.0010000000474974513,0.0010000000474974513,0.0010000000474974513,0.0010000000474974513,14053100,0.0,0.0
2023-05-25 00:00:00-04:00,0.0010000000474974513,0.0010000000474974513,0.0010000000474974513,0.0010000000474974513,317100,0.0,0.0
2023-05-26 00:00:00-04:00,0.0010000000474974513,0.0010000000474974513,0.0010000000474974513,0.0010000000474974513,3250100,0.0,0.0
2023-05-30 00:00:00-04:00,0.0020000000949949026,0.0020000000949949026,0.0010000000474974513,0.0010000000474974513,4563700,0.0,0.0
2023-05-31 00:00:00-04:00,0.0010000000474974513,0.0010000000474974513,0.0010000000474974513,0.0010000000474974513,6447400,0.0,0.0
2023-06-01 00:00:00-04:00,0.0010000000474974513,0.0010000000474974513,0.0010000000474974513,0.0010000000474974513,650300,0.0,0.0
2023-06-02 00:00:00-04:00,0.0010000000474974513,0.0010000000474974513,0.0010000000474974513,0.0010000000474974513,1966600,0.0,0.0
2023-06-05 00:00:00-04:00,0.0010000000474974513,0.0010000000474974513,0.0010000000474974513,0.0010000000474974513,1050500,0.0,0.0
2023-06-06 00:00:00-04:00,0.0010000000474974513,0.0010000000474974513,0.0010000000474974513,0.0010000000474974513,3345600,0.0,0.0
2023-06-07 00:00:00-04:00,0.0010000000474974513,0.0010000000474974513,0.0010000000474974513,0.0010000000474974513,10013400,0.0,0.0
2023-06-08 00:00:00-04:00,0.0010000000474974513,0.0010000000474974513,0.0010000000474974513,0.0010000000474974513,1444200,0.0,0.0
2023-06-09 00:00:00-04:00,0.0010000000474974513,0.0010000000474974513,0.0010000000474974513,0.0010000000474974513,3265000,0.0,0.0
2023-06-12 00:00:00-04:00,0.0010000000474974513,0.0010000000474974513,0.0010000000474974513,0.0010000000474974513,1463300,0.0,0.0
2023-06-13 00:00:00-04:00,0.0010000000474974513,0.0010000000474974513,0.0010000000474974513,0.0010000000474974513,4273800,0.0,0.0
2023-06-14 00:00:00-04:00,0.0010000000474974513,0.0010000000474974513,0.0010000000474974513,0.0010000000474974513,7168500,0.0,0.0
2023-06-15 00:00:00-04:00,0.0010000000474974513,0.0010000000474974513,0.0010000000474974513,0.0010000000474974513,5560000,0.0,0.0
2023-06-16 00:00:00-04:00,0.0010000000474974513,0.0020000000949949026,0.0010000000474974513,0.0010000000474974513,47254100,0.0,0.0
2023-06-20 00:00:00-04:00,0.0010000000474974513,0.0020000000949949026,0.0010000000474974513,0.0020000000949949026,41794400,0.0,0.0
2023-06-21 00:00:00-04:00,0.0020000000949949026,0.0020000000949949026,0.0010000000474974513,0.0010000000474974513,34461000,0.0,0.0
2023-06-22 00:00:00-04:00,0.0010000000474974513,0.0020000000949949026,0.0010000000474974513,0.0020000000949949026,29118000,0.0,0.0
2023-06-23 00:00:00-04:00,0.0020000000949949026,0.0020000000949949026,0.0010000000474974513,0.0010000000474974513,27309300,0.0,0.0
2023-06-26 00:00:00-04:00,0.0010000000474974513,0.0010000000474974513,0.0010000000474974513,0.0010000000474974513,30074300,0.0,0.0
2023-06-27 00:00:00-04:00,0.0010000000474974513,0.0010000000474974513,0.0010000000474974513,0.0010000000474974513,31724900,0.0,0.0
2023-06-28 00:00:00-04:00,0.0010000000474974513,0.0010000000474974513,0.0010000000474974513,0.0010000000474974513,6862800,0.0,0.0
2023-06-29 00:00:00-04:00,0.0010000000474974513,0.0010000000474974513,0.0010000000474974513,0.0010000000474974513,26367900,0.0,0.0
2023-06-30 00:00:00-04:00,0.0010000000474974513,0.0010000000474974513,0.0010000000474974513,0.0010000000474974513,1410700,0.0,0.0
2023-07-03 00:00:00-04:00,0.0010000000474974513,0.0010000000474974513,0.0010000000474974513,0.0010000000474974513,965000,0.0,0.0
2023-07-05 00:00:00-04:00,0.0010000000474974513,0.0010000000474974513,0.0010000000474974513,0.0010000000474974513,7866800,0.0,0.0
2023-07-06 00:00:00-04:00,0.0010000000474974513,0.0010000000474974513,0.0010000000474974513,0.0010000000474974513,4493700,0.0,0.0
2023-07-07 00:00:00-04:00,0.0010000000474974513,0.0010000000474974513,0.0010000000474974513,0.0010000000474974513,10432900,0.0,0.0
2023-07-10 00:00:00-04:00,0.0010000000474974513,0.0010000000474974513,0.0010000000474974513,0.0010000000474974513,8614100,0.0,0.0
2023-07-11 00:00:00-04:00,0.0010000000474974513,0.0010000000474974513,0.0010000000474974513,0.0010000000474974513,1896500,0.0,0.0
2023-07-12 00:00:00-04:00,0.0010000000474974513,0.0010000000474974513,0.0010000000474974513,0.0010000000474974513,1194100,0.0,0.0
2023-07-13 00:00:00-04:00,0.0010000000474974513,0.0010000000474974513,0.0010000000474974513,0.0010000000474974513,3868800,0.0,0.0
2023-07-14 00:00:00-04:00,0.0010000000474974513,0.0010000000474974513,0.0010000000474974513,0.0010000000474974513,14938100,0.0,0.0
2023-07-17 00:00:00-04:00,0.0010000000474974513,0.0010000000474974513,0.0010000000474974513,0.0010000000474974513,6557000,0.0,0.0
2023-07-18 00:00:00-04:00,0.0010000000474974513,0.0010000000474974513,0.0010000000474974513,0.0010000000474974513,4429300,0.0,0.0
2023-07-19 00:00:00-04:00,0.0010000000474974513,0.0010000000474974513,0.0010000000474974513,0.0010000000474974513,5499500,0.0,0.0
2023-07-20 00:00:00-04:00,0.0010000000474974513,0.0010000000474974513,0.0010000000474974513,0.0010000000474974513,8093600,0.0,0.0
2023-07-21 00:00:00-04:00,0.0010000000474974513,0.0010000000474974513,0.0010000000474974513,0.0010000000474974513,41500,0.0,0.0
2023-07-24 00:00:00-04:00,0.0010000000474974513,0.0010000000474974513,0.0010000000474974513,0.0010000000474974513,5865600,0.0,0.0
2023-07-25 00:00:00-04:00,0.0010000000474974513,0.0010000000474974513,0.0010000000474974513,0.0010000000474974513,9675100,0.0,0.0
2023-07-26 00:00:00-04:00,0.0010000000474974513,0.0010000000474974513,0.0010000000474974513,0.0010000000474974513,4794200,0.0,0.0
2023-07-27 00:00:00-04:00,0.0010000000474974513,0.0010000000474974513,0.0010000000474974513,0.0010000000474974513,775800,0.0,0.0
2023-07-28 00:00:00-04:00,0.0010000000474974513,0.0010000000474974513,0.0010000000474974513,0.0010000000474974513,6966800,0.0,0.0
