Date,Open,High,Low,Close,Volume,Dividends,Stock Splits,Capital Gains
2022-09-09 00:00:00-04:00,25.3700008392334,25.40410041809082,25.3700008392334,25.40410041809082,100,0.0,0.0,0.0
2022-09-12 00:00:00-04:00,25.563400268554688,25.563400268554688,25.563400268554688,25.563400268554688,1,0.0,0.0,0.0
2022-09-13 00:00:00-04:00,24.869800567626953,24.869800567626953,24.869800567626953,24.869800567626953,1,0.0,0.0,0.0
2022-09-14 00:00:00-04:00,24.867399215698242,24.867399215698242,24.867399215698242,24.867399215698242,0,0.0,0.0,0.0
2022-09-15 00:00:00-04:00,24.667800903320312,24.667800903320312,24.667800903320312,24.667800903320312,0,0.0,0.0,0.0
2022-09-16 00:00:00-04:00,24.476999282836914,24.476999282836914,24.476999282836914,24.476999282836914,1,0.0,0.0,0.0
2022-09-19 00:00:00-04:00,24.62619972229004,24.62619972229004,24.62619972229004,24.62619972229004,1,0.0,0.0,0.0
2022-09-20 00:00:00-04:00,24.367399215698242,24.367399215698242,24.367399215698242,24.367399215698242,1,0.0,0.0,0.0
2022-09-21 00:00:00-04:00,24.062400817871094,24.062400817871094,24.062400817871094,24.062400817871094,1,0.0,0.0,0.0
2022-09-22 00:00:00-04:00,23.872699737548828,23.872699737548828,23.872699737548828,23.872699737548828,20,0.0,0.0,0.0
2022-09-23 00:00:00-04:00,23.29010009765625,23.29010009765625,23.29010009765625,23.29010009765625,1,0.0,0.0,0.0
2022-09-26 00:00:00-04:00,23.086000442504883,23.086000442504883,23.086000442504883,23.086000442504883,1,0.0,0.0,0.0
2022-09-27 00:00:00-04:00,23.015199661254883,23.015199661254883,23.015199661254883,23.015199661254883,5,0.0,0.0,0.0
2022-09-28 00:00:00-04:00,23.491600036621094,23.491600036621094,23.491600036621094,23.491600036621094,31,0.0,0.0,0.0
2022-09-29 00:00:00-04:00,23.06570053100586,23.06570053100586,23.06570053100586,23.06570053100586,25,0.0,0.0,0.0
2022-09-30 00:00:00-04:00,22.91939926147461,22.91939926147461,22.91939926147461,22.91939926147461,25,0.0,0.0,0.0
2022-10-03 00:00:00-04:00,23.480100631713867,23.480100631713867,23.480100631713867,23.480100631713867,25,0.0,0.0,0.0
2022-10-04 00:00:00-04:00,24.17300033569336,24.17300033569336,24.17300033569336,24.17300033569336,29,0.0,0.0,0.0
2022-10-05 00:00:00-04:00,24.10689926147461,24.10689926147461,24.10689926147461,24.10689926147461,2,0.0,0.0,0.0
2022-10-06 00:00:00-04:00,23.88610076904297,23.88610076904297,23.88610076904297,23.88610076904297,2,0.0,0.0,0.0
2022-10-07 00:00:00-04:00,23.281999588012695,23.281999588012695,23.281999588012695,23.281999588012695,2,0.0,0.0,0.0
2022-10-10 00:00:00-04:00,23.113399505615234,23.113399505615234,23.113399505615234,23.113399505615234,2,0.0,0.0,0.0
2022-10-11 00:00:00-04:00,22.87969970703125,22.87969970703125,22.87969970703125,22.87969970703125,2,0.0,0.0,0.0
2022-10-12 00:00:00-04:00,22.75950050354004,22.75950050354004,22.75950050354004,22.75950050354004,2,0.0,0.0,0.0
2022-10-13 00:00:00-04:00,23.189899444580078,23.189899444580078,23.189899444580078,23.189899444580078,2,0.0,0.0,0.0
2022-10-14 00:00:00-04:00,22.683500289916992,22.683500289916992,22.683500289916992,22.683500289916992,2,0.0,0.0,0.0
2022-10-17 00:00:00-04:00,23.238399505615234,23.238399505615234,23.238399505615234,23.238399505615234,2,0.0,0.0,0.0
2022-10-18 00:00:00-04:00,23.44930076599121,23.44930076599121,23.44930076599121,23.44930076599121,2,0.0,0.0,0.0
2022-10-19 00:00:00-04:00,23.196300506591797,23.196300506591797,23.196300506591797,23.196300506591797,2,0.0,0.0,0.0
2022-10-20 00:00:00-04:00,23.106599807739258,23.106599807739258,23.106599807739258,23.106599807739258,2,0.0,0.0,0.0
2022-10-21 00:00:00-04:00,23.574100494384766,23.574100494384766,23.574100494384766,23.574100494384766,2,0.0,0.0,0.0
2022-10-24 00:00:00-04:00,23.49340057373047,23.49340057373047,23.49340057373047,23.49340057373047,2,0.0,0.0,0.0
2022-10-25 00:00:00-04:00,23.8572998046875,23.8572998046875,23.8572998046875,23.8572998046875,2,0.0,0.0,0.0
2022-10-26 00:00:00-04:00,23.938400268554688,23.938400268554688,23.938400268554688,23.938400268554688,2,0.0,0.0,0.0
2022-10-27 00:00:00-04:00,23.893199920654297,23.893199920654297,23.893199920654297,23.893199920654297,2,0.0,0.0,0.0
2022-10-28 00:00:00-04:00,24.143199920654297,24.143199920654297,24.143199920654297,24.143199920654297,2,0.0,0.0,0.0
2022-10-31 00:00:00-04:00,24.065200805664062,24.065200805664062,24.065200805664062,24.065200805664062,2,0.0,0.0,0.0
2022-11-01 00:00:00-04:00,24.184600830078125,24.184600830078125,24.184600830078125,24.184600830078125,2,0.0,0.0,0.0
2022-11-02 00:00:00-04:00,23.6289005279541,23.6289005279541,23.6289005279541,23.6289005279541,2,0.0,0.0,0.0
2022-11-03 00:00:00-04:00,23.468000411987305,23.468000411987305,23.468000411987305,23.468000411987305,2,0.0,0.0,0.0
2022-11-04 00:00:00-04:00,23.860200881958008,23.860200881958008,23.860200881958008,23.860200881958008,2,0.0,0.0,0.0
2022-11-07 00:00:00-05:00,23.999799728393555,23.999799728393555,23.999799728393555,23.999799728393555,2,0.0,0.0,0.0
2022-11-08 00:00:00-05:00,24.174400329589844,24.174400329589844,24.174400329589844,24.174400329589844,2,0.0,0.0,0.0
2022-11-09 00:00:00-05:00,23.72879981994629,23.72879981994629,23.72879981994629,23.72879981994629,2,0.0,0.0,0.0
2022-11-10 00:00:00-05:00,24.79520034790039,24.79520034790039,24.79520034790039,24.79520034790039,2,0.0,0.0,0.0
2022-11-11 00:00:00-05:00,25.118000030517578,25.118000030517578,25.118000030517578,25.118000030517578,2,0.0,0.0,0.0
2022-11-14 00:00:00-05:00,24.913799285888672,24.913799285888672,24.913799285888672,24.913799285888672,2,0.0,0.0,0.0
2022-11-15 00:00:00-05:00,25.25589942932129,25.25589942932129,25.25589942932129,25.25589942932129,2,0.0,0.0,0.0
2022-11-16 00:00:00-05:00,25.036399841308594,25.036399841308594,25.036399841308594,25.036399841308594,2,0.0,0.0,0.0
2022-11-17 00:00:00-05:00,24.89859962463379,24.89859962463379,24.89859962463379,24.89859962463379,22,0.0,0.0,0.0
2022-11-18 00:00:00-05:00,25.000200271606445,25.000200271606445,25.000200271606445,25.000200271606445,2,0.0,0.0,0.0
2022-11-21 00:00:00-05:00,24.99850082397461,24.99850082397461,24.99850082397461,24.99850082397461,2,0.0,0.0,0.0
2022-11-22 00:00:00-05:00,25.281099319458008,25.281099319458008,25.281099319458008,25.281099319458008,21,0.0,0.0,0.0
2022-11-23 00:00:00-05:00,25.395200729370117,25.395200729370117,25.395200729370117,25.395200729370117,2,0.0,0.0,0.0
2022-11-25 00:00:00-05:00,25.383499145507812,25.383499145507812,25.383499145507812,25.383499145507812,2,0.0,0.0,0.0
2022-11-28 00:00:00-05:00,25.005699157714844,25.005699157714844,25.005699157714844,25.005699157714844,2,0.0,0.0,0.0
2022-11-29 00:00:00-05:00,25.140300750732422,25.140300750732422,25.140300750732422,25.140300750732422,2,0.0,0.0,0.0
2022-11-30 00:00:00-05:00,25.787500381469727,25.787500381469727,25.787500381469727,25.787500381469727,2,0.0,0.0,0.0
2022-12-01 00:00:00-05:00,25.81209945678711,25.81209945678711,25.81209945678711,25.81209945678711,2,0.0,0.0,0.0
2022-12-02 00:00:00-05:00,25.81439971923828,25.81439971923828,25.81439971923828,25.81439971923828,2,0.0,0.0,0.0
2022-12-05 00:00:00-05:00,25.382999420166016,25.382999420166016,25.382999420166016,25.382999420166016,2,0.0,0.0,0.0
2022-12-06 00:00:00-05:00,25.121200561523438,25.121200561523438,25.121200561523438,25.121200561523438,2,0.0,0.0,0.0
2022-12-07 00:00:00-05:00,25.02829933166504,25.02829933166504,25.02829933166504,25.02829933166504,2,0.0,0.0,0.0
2022-12-08 00:00:00-05:00,25.206199645996094,25.206199645996094,25.206199645996094,25.206199645996094,2,0.0,0.0,0.0
2022-12-09 00:00:00-05:00,25.015899658203125,25.015899658203125,25.015899658203125,25.015899658203125,2,0.0,0.0,0.0
2022-12-12 00:00:00-05:00,25.249799728393555,25.249799728393555,25.249799728393555,25.249799728393555,2,0.0,0.0,0.0
2022-12-13 00:00:00-05:00,25.398399353027344,25.398399353027344,25.398399353027344,25.398399353027344,2,0.0,0.0,0.0
2022-12-14 00:00:00-05:00,25.272600173950195,25.272600173950195,25.272600173950195,25.272600173950195,2,0.0,0.0,0.0
2022-12-15 00:00:00-05:00,24.72450065612793,24.72450065612793,24.72450065612793,24.72450065612793,2,0.0,0.0,0.0
2022-12-16 00:00:00-05:00,24.416900634765625,24.416900634765625,24.416900634765625,24.416900634765625,2,0.0,0.0,0.0
2022-12-19 00:00:00-05:00,24.27910041809082,24.27910041809082,24.27910041809082,24.27910041809082,2,0.0,0.0,0.0
2022-12-20 00:00:00-05:00,24.307199478149414,24.307199478149414,24.307199478149414,24.307199478149414,2,0.0,0.0,0.0
2022-12-21 00:00:00-05:00,24.639299392700195,24.639299392700195,24.639299392700195,24.639299392700195,2,0.0,0.0,0.0
2022-12-22 00:00:00-05:00,24.403900146484375,24.403900146484375,24.403900146484375,24.403900146484375,2,0.0,0.0,0.0
2022-12-23 00:00:00-05:00,24.561100006103516,24.561100006103516,24.561100006103516,24.561100006103516,2,0.0,0.0,0.0
2022-12-27 00:00:00-05:00,24.63010025024414,24.63010025024414,24.63010025024414,24.63010025024414,2,0.0,0.0,0.0
2022-12-28 00:00:00-05:00,24.3125,24.3125,24.3125,24.3125,1,0.0,0.0,0.0
2022-12-29 00:00:00-05:00,24.686800003051758,24.686800003051758,24.686800003051758,24.686800003051758,2,0.0,0.0,0.0
2022-12-30 00:00:00-05:00,24.561199188232422,24.561199188232422,24.561199188232422,24.561199188232422,2,0.0,0.0,0.0
2023-01-03 00:00:00-05:00,24.569299697875977,24.569299697875977,24.569299697875977,24.569299697875977,2,0.0,0.0,0.0
2023-01-04 00:00:00-05:00,24.885799407958984,24.885799407958984,24.885799407958984,24.885799407958984,1,0.0,0.0,0.0
2023-01-05 00:00:00-05:00,24.74650001525879,24.74650001525879,24.74650001525879,24.74650001525879,2,0.0,0.0,0.0
2023-01-06 00:00:00-05:00,25.248899459838867,25.248899459838867,25.248899459838867,25.248899459838867,4,0.0,0.0,0.0
2023-01-09 00:00:00-05:00,25.26219940185547,25.26219940185547,25.26219940185547,25.26219940185547,11,0.0,0.0,0.0
2023-01-10 00:00:00-05:00,25.399599075317383,25.399599075317383,25.399599075317383,25.399599075317383,13,0.0,0.0,0.0
2023-01-11 00:00:00-05:00,25.636199951171875,25.636199951171875,25.636199951171875,25.636199951171875,2,0.0,0.0,0.0
2023-01-12 00:00:00-05:00,25.742300033569336,25.742300033569336,25.742300033569336,25.742300033569336,4,0.0,0.0,0.0
2023-01-13 00:00:00-05:00,25.864700317382812,25.864700317382812,25.864700317382812,25.864700317382812,4,0.0,0.0,0.0
2023-01-17 00:00:00-05:00,25.738500595092773,25.738500595092773,25.738500595092773,25.738500595092773,1,0.0,0.0,0.0
2023-01-18 00:00:00-05:00,25.361299514770508,25.361299514770508,25.361299514770508,25.361299514770508,4,0.0,0.0,0.0
2023-01-19 00:00:00-05:00,25.31999969482422,25.31999969482422,25.2726993560791,25.2726993560791,100,0.0,0.0,0.0
2023-01-20 00:00:00-05:00,25.613300323486328,25.613300323486328,25.613300323486328,25.613300323486328,4,0.0,0.0,0.0
2023-01-23 00:00:00-05:00,25.891300201416016,25.891300201416016,25.891300201416016,25.891300201416016,5,0.0,0.0,0.0
2023-01-24 00:00:00-05:00,25.918800354003906,25.918800354003906,25.918800354003906,25.918800354003906,4,0.0,0.0,0.0
2023-01-25 00:00:00-05:00,25.81439971923828,25.81439971923828,25.81439971923828,25.81439971923828,4,0.0,0.0,0.0
2023-01-26 00:00:00-05:00,25.965700149536133,25.965700149536133,25.965700149536133,25.965700149536133,4,0.0,0.0,0.0
2023-01-27 00:00:00-05:00,25.911800384521484,25.911800384521484,25.911800384521484,25.911800384521484,4,0.0,0.0,0.0
2023-01-30 00:00:00-05:00,25.661800384521484,25.661800384521484,25.661800384521484,25.661800384521484,4,0.0,0.0,0.0
2023-01-31 00:00:00-05:00,25.905799865722656,25.905799865722656,25.905799865722656,25.905799865722656,1,0.0,0.0,0.0
2023-02-01 00:00:00-05:00,26.10810089111328,26.10810089111328,26.10810089111328,26.10810089111328,4,0.0,0.0,0.0
2023-02-02 00:00:00-05:00,26.262500762939453,26.262500762939453,26.262500762939453,26.262500762939453,4,0.0,0.0,0.0
2023-02-03 00:00:00-05:00,25.987899780273438,25.987899780273438,25.987899780273438,25.987899780273438,4,0.0,0.0,0.0
2023-02-06 00:00:00-05:00,25.76420021057129,25.76420021057129,25.76420021057129,25.76420021057129,4,0.0,0.0,0.0
2023-02-07 00:00:00-05:00,26.026100158691406,26.026100158691406,26.026100158691406,26.026100158691406,4,0.0,0.0,0.0
2023-02-08 00:00:00-05:00,25.751100540161133,25.751100540161133,25.751100540161133,25.751100540161133,50,0.0,0.0,0.0
2023-02-09 00:00:00-05:00,25.580900192260742,25.580900192260742,25.580900192260742,25.580900192260742,50,0.0,0.0,0.0
2023-02-10 00:00:00-05:00,25.593399047851562,25.593399047851562,25.593399047851562,25.593399047851562,50,0.0,0.0,0.0
2023-02-13 00:00:00-05:00,25.784500122070312,25.784500122070312,25.784500122070312,25.784500122070312,50,0.0,0.0,0.0
2023-02-14 00:00:00-05:00,25.791500091552734,25.791500091552734,25.791500091552734,25.791500091552734,50,0.0,0.0,0.0
2023-02-15 00:00:00-05:00,25.792800903320312,25.792800903320312,25.792800903320312,25.792800903320312,50,0.0,0.0,0.0
2023-02-16 00:00:00-05:00,25.598600387573242,25.598600387573242,25.598600387573242,25.598600387573242,1,0.0,0.0,0.0
2023-02-17 00:00:00-05:00,25.52680015563965,25.52680015563965,25.52680015563965,25.52680015563965,2,0.0,0.0,0.0
2023-02-21 00:00:00-05:00,25.061100006103516,25.061100006103516,25.061100006103516,25.061100006103516,50,0.0,0.0,0.0
2023-02-22 00:00:00-05:00,24.94260025024414,24.94260025024414,24.94260025024414,24.94260025024414,50,0.0,0.0,0.0
2023-02-23 00:00:00-05:00,25.068300247192383,25.068300247192383,25.068300247192383,25.068300247192383,50,0.0,0.0,0.0
2023-02-24 00:00:00-05:00,24.80340003967285,24.80340003967285,24.80340003967285,24.80340003967285,50,0.0,0.0,0.0
2023-02-27 00:00:00-05:00,24.8843994140625,24.8843994140625,24.8843994140625,24.8843994140625,50,0.0,0.0,0.0
2023-02-28 00:00:00-05:00,24.828500747680664,24.828500747680664,24.828500747680664,24.828500747680664,50,0.0,0.0,0.0
2023-03-01 00:00:00-05:00,24.847700119018555,24.847700119018555,24.847700119018555,24.847700119018555,50,0.0,0.0,0.0
2023-03-02 00:00:00-05:00,24.949800491333008,24.949800491333008,24.949800491333008,24.949800491333008,50,0.0,0.0,0.0
2023-03-03 00:00:00-05:00,25.301700592041016,25.301700592041016,25.301700592041016,25.301700592041016,50,0.0,0.0,0.0
2023-03-06 00:00:00-05:00,25.247400283813477,25.247400283813477,25.247400283813477,25.247400283813477,50,0.0,0.0,0.0
2023-03-07 00:00:00-05:00,24.959999084472656,24.959999084472656,24.861799240112305,24.861799240112305,300,0.0,0.0,0.0
2023-03-08 00:00:00-05:00,24.866100311279297,24.866100311279297,24.866100311279297,24.866100311279297,50,0.0,0.0,0.0
2023-03-09 00:00:00-05:00,24.348899841308594,24.348899841308594,24.348899841308594,24.348899841308594,50,0.0,0.0,0.0
2023-03-10 00:00:00-05:00,23.942800521850586,23.942800521850586,23.942800521850586,23.942800521850586,50,0.0,0.0,0.0
2023-03-13 00:00:00-04:00,23.843799591064453,23.843799591064453,23.843799591064453,23.843799591064453,50,0.0,0.0,0.0
2023-03-14 00:00:00-04:00,24.10650062561035,24.10650062561035,24.10650062561035,24.10650062561035,50,0.0,0.0,0.0
2023-03-15 00:00:00-04:00,23.758800506591797,23.758800506591797,23.758800506591797,23.758800506591797,50,0.0,0.0,0.0
2023-03-16 00:00:00-04:00,24.14080047607422,24.14080047607422,24.14080047607422,24.14080047607422,50,0.0,0.0,0.0
2023-03-17 00:00:00-04:00,23.892499923706055,23.892499923706055,23.892499923706055,23.892499923706055,50,0.0,0.0,0.0
2023-03-20 00:00:00-04:00,24.108200073242188,24.108200073242188,24.108200073242188,24.108200073242188,50,0.0,0.0,0.0
2023-03-21 00:00:00-04:00,24.4143009185791,24.4143009185791,24.4143009185791,24.4143009185791,50,0.0,0.0,0.0
2023-03-22 00:00:00-04:00,24.101999282836914,24.101999282836914,24.101999282836914,24.101999282836914,20,0.0,0.0,0.0
2023-03-23 00:00:00-04:00,24.154600143432617,24.154600143432617,24.154600143432617,24.154600143432617,0,0.0,0.0,0.0
2023-03-24 00:00:00-04:00,24.219499588012695,24.219499588012695,24.219499588012695,24.219499588012695,20,0.0,0.0,0.0
2023-03-27 00:00:00-04:00,24.35890007019043,24.35890007019043,24.35890007019043,24.35890007019043,20,0.0,0.0,0.0
2023-03-28 00:00:00-04:00,24.459999084472656,24.459999084472656,24.459999084472656,24.459999084472656,20,0.0,0.0,0.0
2023-03-29 00:00:00-04:00,24.68709945678711,24.68709945678711,24.68709945678711,24.68709945678711,20,0.0,0.0,0.0
2023-03-30 00:00:00-04:00,24.863399505615234,24.863399505615234,24.863399505615234,24.863399505615234,20,0.0,0.0,0.0
2023-03-31 00:00:00-04:00,25.154800415039062,25.154800415039062,25.154800415039062,25.154800415039062,20,0.0,0.0,0.0
2023-04-03 00:00:00-04:00,25.197999954223633,25.197999954223633,25.197999954223633,25.197999954223633,20,0.0,0.0,0.0
2023-04-04 00:00:00-04:00,24.998899459838867,24.998899459838867,24.998899459838867,24.998899459838867,20,0.0,0.0,0.0
2023-04-05 00:00:00-04:00,24.91710090637207,24.91710090637207,24.91710090637207,24.91710090637207,20,0.0,0.0,0.0
2023-04-06 00:00:00-04:00,24.952600479125977,24.952600479125977,24.952600479125977,24.952600479125977,20,0.0,0.0,0.0
2023-04-10 00:00:00-04:00,24.989500045776367,24.989500045776367,24.989500045776367,24.989500045776367,20,0.0,0.0,0.0
2023-04-11 00:00:00-04:00,25.106300354003906,25.106300354003906,25.106300354003906,25.106300354003906,20,0.0,0.0,0.0
2023-04-12 00:00:00-04:00,24.99340057373047,24.99340057373047,24.99340057373047,24.99340057373047,20,0.0,0.0,0.0
2023-04-13 00:00:00-04:00,25.27680015563965,25.27680015563965,25.27680015563965,25.27680015563965,20,0.0,0.0,0.0
2023-04-14 00:00:00-04:00,25.20039939880371,25.20039939880371,25.20039939880371,25.20039939880371,20,0.0,0.0,0.0
2023-04-17 00:00:00-04:00,25.28019905090332,25.28019905090332,25.28019905090332,25.28019905090332,20,0.0,0.0,0.0
2023-04-18 00:00:00-04:00,25.278099060058594,25.278099060058594,25.278099060058594,25.278099060058594,20,0.0,0.0,0.0
2023-04-19 00:00:00-04:00,25.188400268554688,25.188400268554688,25.188400268554688,25.188400268554688,20,0.0,0.0,0.0
2023-04-20 00:00:00-04:00,25.064899444580078,25.064899444580078,25.064899444580078,25.064899444580078,20,0.0,0.0,0.0
2023-04-21 00:00:00-04:00,25.03820037841797,25.03820037841797,25.03820037841797,25.03820037841797,20,0.0,0.0,0.0
2023-04-24 00:00:00-04:00,25.078500747680664,25.078500747680664,25.078500747680664,25.078500747680664,20,0.0,0.0,0.0
2023-04-25 00:00:00-04:00,24.631799697875977,24.631799697875977,24.631799697875977,24.631799697875977,20,0.0,0.0,0.0
2023-04-26 00:00:00-04:00,24.509899139404297,24.509899139404297,24.509899139404297,24.509899139404297,20,0.0,0.0,0.0
2023-04-27 00:00:00-04:00,24.790800094604492,24.790800094604492,24.790800094604492,24.790800094604492,20,0.0,0.0,0.0
2023-04-28 00:00:00-04:00,25.003400802612305,25.003400802612305,25.003400802612305,25.003400802612305,20,0.0,0.0,0.0
2023-05-01 00:00:00-04:00,24.972000122070312,24.972000122070312,24.972000122070312,24.972000122070312,20,0.0,0.0,0.0
2023-05-02 00:00:00-04:00,24.728099822998047,24.728099822998047,24.728099822998047,24.728099822998047,20,0.0,0.0,0.0
2023-05-03 00:00:00-04:00,24.664100646972656,24.664100646972656,24.664100646972656,24.664100646972656,20,0.0,0.0,0.0
2023-05-04 00:00:00-04:00,24.504899978637695,24.504899978637695,24.504899978637695,24.504899978637695,20,0.0,0.0,0.0
2023-05-05 00:00:00-04:00,24.847700119018555,24.847700119018555,24.847700119018555,24.847700119018555,20,0.0,0.0,0.0
2023-05-08 00:00:00-04:00,24.855199813842773,24.855199813842773,24.855199813842773,24.855199813842773,20,0.0,0.0,0.0
2023-05-09 00:00:00-04:00,24.736600875854492,24.736600875854492,24.736600875854492,24.736600875854492,20,0.0,0.0,0.0
2023-05-10 00:00:00-04:00,24.80190086364746,24.80190086364746,24.80190086364746,24.80190086364746,20,0.0,0.0,0.0
2023-05-11 00:00:00-04:00,24.691600799560547,24.691600799560547,24.691600799560547,24.691600799560547,20,0.0,0.0,0.0
2023-05-12 00:00:00-04:00,24.719999313354492,24.719999313354492,24.719999313354492,24.719999313354492,20,0.0,0.0,0.0
2023-05-15 00:00:00-04:00,24.83919906616211,24.83919906616211,24.83919906616211,24.83919906616211,20,0.0,0.0,0.0
2023-05-16 00:00:00-04:00,24.638200759887695,24.638200759887695,24.638200759887695,24.638200759887695,20,0.0,0.0,0.0
2023-05-17 00:00:00-04:00,24.8533992767334,24.8533992767334,24.8533992767334,24.8533992767334,20,0.0,0.0,0.0
2023-05-18 00:00:00-04:00,24.960399627685547,24.960399627685547,24.960399627685547,24.960399627685547,20,0.0,0.0,0.0
2023-05-19 00:00:00-04:00,24.950199127197266,24.950199127197266,24.950199127197266,24.950199127197266,20,0.0,0.0,0.0
2023-05-22 00:00:00-04:00,24.949100494384766,24.949100494384766,24.949100494384766,24.949100494384766,20,0.0,0.0,0.0
2023-05-23 00:00:00-04:00,24.698999404907227,24.698999404907227,24.698999404907227,24.698999404907227,20,0.0,0.0,0.0
2023-05-24 00:00:00-04:00,24.490699768066406,24.490699768066406,24.490699768066406,24.490699768066406,20,0.0,0.0,0.0
2023-05-25 00:00:00-04:00,24.5625,24.5625,24.5625,24.5625,20,0.0,0.0,0.0
2023-05-26 00:00:00-04:00,24.830799102783203,24.830799102783203,24.830799102783203,24.830799102783203,20,0.0,0.0,0.0
2023-05-30 00:00:00-04:00,24.662700653076172,24.662700653076172,24.662700653076172,24.662700653076172,20,0.0,0.0,0.0
2023-05-31 00:00:00-04:00,24.528900146484375,24.528900146484375,24.528900146484375,24.528900146484375,20,0.0,0.0,0.0
2023-06-01 00:00:00-04:00,24.767200469970703,24.767200469970703,24.767200469970703,24.767200469970703,20,0.0,0.0,0.0
2023-06-02 00:00:00-04:00,25.181800842285156,25.181800842285156,25.181800842285156,25.181800842285156,20,0.0,0.0,0.0
2023-06-05 00:00:00-04:00,25.09149932861328,25.09149932861328,25.09149932861328,25.09149932861328,20,0.0,0.0,0.0
2023-06-06 00:00:00-04:00,25.2185001373291,25.2185001373291,25.2185001373291,25.2185001373291,20,0.0,0.0,0.0
2023-06-07 00:00:00-04:00,25.211599349975586,25.211599349975586,25.211599349975586,25.211599349975586,20,0.0,0.0,0.0
2023-06-08 00:00:00-04:00,25.315200805664062,25.315200805664062,25.315200805664062,25.315200805664062,20,0.0,0.0,0.0
2023-06-09 00:00:00-04:00,25.31760025024414,25.31760025024414,25.31760025024414,25.31760025024414,20,0.0,0.0,0.0
2023-06-12 00:00:00-04:00,25.487300872802734,25.487300872802734,25.487300872802734,25.487300872802734,20,0.0,0.0,0.0
2023-06-13 00:00:00-04:00,25.68160057067871,25.68160057067871,25.68160057067871,25.68160057067871,11,0.0,0.0,0.0
2023-06-14 00:00:00-04:00,25.7189998626709,25.7189998626709,25.7189998626709,25.7189998626709,2,0.0,0.0,0.0
2023-06-15 00:00:00-04:00,26.047800064086914,26.047800064086914,26.047800064086914,26.047800064086914,50,0.0,0.0,0.0
2023-06-16 00:00:00-04:00,25.988000869750977,25.988000869750977,25.988000869750977,25.988000869750977,20,0.0,0.0,0.0
2023-06-20 00:00:00-04:00,25.742900848388672,25.742900848388672,25.742900848388672,25.742900848388672,20,0.0,0.0,0.0
2023-06-21 00:00:00-04:00,25.57659912109375,25.57659912109375,25.57659912109375,25.57659912109375,1,0.0,0.0,0.0
2023-06-22 00:00:00-04:00,25.59760093688965,25.59760093688965,25.59760093688965,25.59760093688965,1,0.0,0.0,0.0
2023-06-23 00:00:00-04:00,25.388900756835938,25.388900756835938,25.388900756835938,25.388900756835938,1,0.0,0.0,0.0
2023-06-26 00:00:00-04:00,25.389699935913086,25.389699935913086,25.389699935913086,25.389699935913086,1,0.0,0.0,0.0
2023-06-27 00:00:00-04:00,25.592899322509766,25.592899322509766,25.592899322509766,25.592899322509766,1,0.0,0.0,0.0
2023-06-28 00:00:00-04:00,25.506799697875977,25.506799697875977,25.506799697875977,25.506799697875977,1,0.0,0.0,0.0
2023-06-29 00:00:00-04:00,25.63520050048828,25.63520050048828,25.63520050048828,25.63520050048828,1,0.0,0.0,0.0
2023-06-30 00:00:00-04:00,25.894399642944336,25.894399642944336,25.894399642944336,25.894399642944336,1,0.0,0.0,0.0
2023-07-03 00:00:00-04:00,25.899799346923828,25.899799346923828,25.899799346923828,25.899799346923828,1,0.0,0.0,0.0
2023-07-05 00:00:00-04:00,25.755699157714844,25.755699157714844,25.755699157714844,25.755699157714844,1,0.0,0.0,0.0
2023-07-06 00:00:00-04:00,25.442699432373047,25.442699432373047,25.442699432373047,25.442699432373047,1,0.0,0.0,0.0
2023-07-07 00:00:00-04:00,25.45709991455078,25.45709991455078,25.45709991455078,25.45709991455078,1,0.0,0.0,0.0
2023-07-10 00:00:00-04:00,25.45709991455078,25.45709991455078,25.45709991455078,25.45709991455078,0,0.0,0.0,0.0
2023-07-11 00:00:00-04:00,25.45709991455078,25.45709991455078,25.45709991455078,25.45709991455078,0,0.0,0.0,0.0
2023-07-12 00:00:00-04:00,25.45709991455078,25.45709991455078,25.45709991455078,25.45709991455078,0,0.0,0.0,0.0
2023-07-13 00:00:00-04:00,25.45709991455078,25.45709991455078,25.45709991455078,25.45709991455078,0,0.0,0.0,0.0
2023-07-14 00:00:00-04:00,25.45709991455078,25.45709991455078,25.45709991455078,25.45709991455078,0,0.0,0.0,0.0
