Date,Open,High,Low,Close,Volume,Dividends,Stock Splits,Capital Gains
2021-11-11 00:00:00-05:00,25.059999465942383,25.075000762939453,25.059999465942383,25.075000762939453,100,0.0,0.0,0.0
2021-11-12 00:00:00-05:00,25.280000686645508,25.285999298095703,25.280000686645508,25.285999298095703,200,0.0,0.0,0.0
2021-11-15 00:00:00-05:00,25.309999465942383,25.31999969482422,25.280000686645508,25.291000366210938,4200,0.0,0.0,0.0
2021-11-16 00:00:00-05:00,25.291000366210938,25.291000366210938,25.291000366210938,25.291000366210938,0,0.0,0.0,0.0
2021-11-17 00:00:00-05:00,25.299999237060547,25.299999237060547,25.299999237060547,25.299999237060547,100,0.0,0.0,0.0
2021-11-18 00:00:00-05:00,25.299999237060547,25.299999237060547,25.299999237060547,25.299999237060547,0,0.0,0.0,0.0
2021-11-19 00:00:00-05:00,25.299999237060547,25.299999237060547,25.299999237060547,25.299999237060547,0,0.0,0.0,0.0
2021-11-22 00:00:00-05:00,25.299999237060547,25.299999237060547,25.299999237060547,25.299999237060547,0,0.0,0.0,0.0
2021-11-23 00:00:00-05:00,25.059999465942383,25.059999465942383,25.059999465942383,25.059999465942383,200,0.0,0.0,0.0
2021-11-24 00:00:00-05:00,25.1299991607666,25.172000885009766,25.110000610351562,25.172000885009766,200,0.0,0.0,0.0
2021-11-26 00:00:00-05:00,25.172000885009766,25.172000885009766,25.172000885009766,25.172000885009766,0,0.0,0.0,0.0
2021-11-29 00:00:00-05:00,25.020000457763672,25.136999130249023,25.020000457763672,25.136999130249023,300,0.0,0.0,0.0
2021-11-30 00:00:00-05:00,24.729999542236328,24.729999542236328,24.572999954223633,24.572999954223633,300,0.0,0.0,0.0
2021-12-01 00:00:00-05:00,24.540000915527344,24.540000915527344,24.375999450683594,24.375999450683594,300,0.0,0.0,0.0
2021-12-02 00:00:00-05:00,24.375999450683594,24.375999450683594,24.375999450683594,24.375999450683594,0,0.0,0.0,0.0
2021-12-03 00:00:00-05:00,24.559999465942383,24.715999603271484,24.559999465942383,24.715999603271484,200,0.0,0.0,0.0
2021-12-06 00:00:00-05:00,24.715999603271484,24.715999603271484,24.715999603271484,24.715999603271484,0,0.0,0.0,0.0
2021-12-07 00:00:00-05:00,24.715999603271484,24.715999603271484,24.715999603271484,24.715999603271484,0,0.0,0.0,0.0
2021-12-08 00:00:00-05:00,25.229999542236328,25.275999069213867,25.226999282836914,25.275999069213867,1600,0.0,0.0,0.0
2021-12-09 00:00:00-05:00,25.275999069213867,25.275999069213867,25.275999069213867,25.275999069213867,100,0.0,0.0,0.0
2021-12-10 00:00:00-05:00,25.347999572753906,25.40399932861328,25.347999572753906,25.40399932861328,200,0.0,0.0,0.0
2021-12-13 00:00:00-05:00,25.40399932861328,25.40399932861328,25.40399932861328,25.40399932861328,0,0.0,0.0,0.0
2021-12-14 00:00:00-05:00,25.40399932861328,25.40399932861328,25.40399932861328,25.40399932861328,0,0.0,0.0,0.0
2021-12-15 00:00:00-05:00,25.229999542236328,25.239999771118164,25.229999542236328,25.239999771118164,200,0.0,0.0,0.0
2021-12-16 00:00:00-05:00,25.520000457763672,25.577999114990234,25.510000228881836,25.577999114990234,300,0.0,0.0,0.0
2021-12-17 00:00:00-05:00,25.577999114990234,25.577999114990234,25.577999114990234,25.577999114990234,0,0.0,0.0,0.0
2021-12-20 00:00:00-05:00,25.083999633789062,25.138999938964844,25.083999633789062,25.138999938964844,300,0.0,0.0,0.0
2021-12-21 00:00:00-05:00,25.239999771118164,25.336000442504883,25.239999771118164,25.336000442504883,100,0.0,0.0,0.0
2021-12-22 00:00:00-05:00,25.450000762939453,25.53499984741211,25.450000762939453,25.53499984741211,2000,0.0,0.0,0.0
2021-12-23 00:00:00-05:00,25.65999984741211,25.65999984741211,25.65999984741211,25.65999984741211,100,0.0,0.0,0.0
2021-12-27 00:00:00-05:00,25.899999618530273,25.934999465942383,25.899999618530273,25.934999465942383,100,0.0,0.0,0.0
2021-12-28 00:00:00-05:00,26.010000228881836,26.010000228881836,25.97800064086914,25.97800064086914,200,0.0,0.0,0.0
2021-12-29 00:00:00-05:00,25.97800064086914,25.97800064086914,25.97800064086914,25.97800064086914,0,0.0,0.0,0.0
2021-12-30 00:00:00-05:00,25.97800064086914,25.97800064086914,25.97800064086914,25.97800064086914,0,0.0,0.0,0.0
2021-12-31 00:00:00-05:00,25.97800064086914,25.97800064086914,25.97800064086914,25.97800064086914,0,0.0,0.0,0.0
2022-01-03 00:00:00-05:00,25.799999237060547,25.83300018310547,25.799999237060547,25.83300018310547,33400,0.0,0.0,0.0
2022-01-04 00:00:00-05:00,25.81999969482422,25.81999969482422,25.753000259399414,25.753000259399414,400,0.0,0.0,0.0
2022-01-05 00:00:00-05:00,25.489999771118164,25.489999771118164,25.363000869750977,25.363000869750977,600,0.0,0.0,0.0
2022-01-06 00:00:00-05:00,25.363000869750977,25.363000869750977,25.363000869750977,25.363000869750977,0,0.0,0.0,0.0
2022-01-07 00:00:00-05:00,25.363000869750977,25.363000869750977,25.363000869750977,25.363000869750977,0,0.0,0.0,0.0
2022-01-10 00:00:00-05:00,24.950000762939453,25.048999786376953,24.93000030517578,25.048999786376953,300,0.0,0.0,0.0
2022-01-11 00:00:00-05:00,25.048999786376953,25.048999786376953,25.048999786376953,25.048999786376953,0,0.0,0.0,0.0
2022-01-12 00:00:00-05:00,25.048999786376953,25.048999786376953,25.048999786376953,25.048999786376953,0,0.0,0.0,0.0
2022-01-13 00:00:00-05:00,25.048999786376953,25.048999786376953,25.048999786376953,25.048999786376953,0,0.0,0.0,0.0
2022-01-14 00:00:00-05:00,25.048999786376953,25.048999786376953,25.048999786376953,25.048999786376953,0,0.0,0.0,0.0
2022-01-18 00:00:00-05:00,25.048999786376953,25.048999786376953,25.048999786376953,25.048999786376953,0,0.0,0.0,0.0
2022-01-19 00:00:00-05:00,25.048999786376953,25.048999786376953,25.048999786376953,25.048999786376953,0,0.0,0.0,0.0
2022-01-20 00:00:00-05:00,24.34000015258789,24.34000015258789,24.260000228881836,24.260000228881836,200,0.0,0.0,0.0
2022-01-21 00:00:00-05:00,24.0,24.0,24.0,24.0,400,0.0,0.0,0.0
2022-01-24 00:00:00-05:00,23.889999389648438,24.132999420166016,23.530000686645508,24.132999420166016,33600,0.0,0.0,0.0
2022-01-25 00:00:00-05:00,23.75,23.75,23.725000381469727,23.725000381469727,400,0.0,0.0,0.0
2022-01-26 00:00:00-05:00,23.725000381469727,23.725000381469727,23.725000381469727,23.725000381469727,0,0.0,0.0,0.0
2022-01-27 00:00:00-05:00,23.520000457763672,23.520000457763672,23.434999465942383,23.434999465942383,100,0.0,0.0,0.0
2022-01-28 00:00:00-05:00,23.690000534057617,23.916000366210938,23.690000534057617,23.916000366210938,700,0.0,0.0,0.0
2022-01-31 00:00:00-05:00,23.916000366210938,23.916000366210938,23.916000366210938,23.916000366210938,0,0.0,0.0,0.0
2022-02-01 00:00:00-05:00,23.916000366210938,23.916000366210938,23.916000366210938,23.916000366210938,0,0.0,0.0,0.0
2022-02-02 00:00:00-05:00,23.916000366210938,23.916000366210938,23.916000366210938,23.916000366210938,0,0.0,0.0,0.0
2022-02-03 00:00:00-05:00,24.285999298095703,24.290000915527344,24.125999450683594,24.125999450683594,4000,0.0,0.0,0.0
2022-02-04 00:00:00-05:00,24.125999450683594,24.125999450683594,24.125999450683594,24.125999450683594,0,0.0,0.0,0.0
2022-02-07 00:00:00-05:00,24.01099967956543,24.020000457763672,23.96500015258789,23.96500015258789,1500,0.0,0.0,0.0
2022-02-08 00:00:00-05:00,23.96500015258789,23.96500015258789,23.96500015258789,23.96500015258789,0,0.0,0.0,0.0
2022-02-09 00:00:00-05:00,24.329999923706055,24.36400032043457,24.329999923706055,24.36400032043457,300,0.0,0.0,0.0
2022-02-10 00:00:00-05:00,24.170000076293945,24.219999313354492,23.90399932861328,23.90399932861328,1400,0.0,0.0,0.0
2022-02-11 00:00:00-05:00,23.90399932861328,23.90399932861328,23.90399932861328,23.90399932861328,0,0.0,0.0,0.0
2022-02-14 00:00:00-05:00,23.489999771118164,23.509000778198242,23.440000534057617,23.509000778198242,1700,0.0,0.0,0.0
2022-02-15 00:00:00-05:00,23.509000778198242,23.509000778198242,23.509000778198242,23.509000778198242,0,0.0,0.0,0.0
2022-02-16 00:00:00-05:00,23.509000778198242,23.509000778198242,23.509000778198242,23.509000778198242,0,0.0,0.0,0.0
2022-02-17 00:00:00-05:00,23.509000778198242,23.509000778198242,23.509000778198242,23.509000778198242,0,0.0,0.0,0.0
2022-02-18 00:00:00-05:00,23.509000778198242,23.509000778198242,23.509000778198242,23.509000778198242,0,0.0,0.0,0.0
2022-02-22 00:00:00-05:00,23.509000778198242,23.509000778198242,23.509000778198242,23.509000778198242,0,0.0,0.0,0.0
2022-02-23 00:00:00-05:00,23.509000778198242,23.509000778198242,23.509000778198242,23.509000778198242,0,0.0,0.0,0.0
2022-02-24 00:00:00-05:00,23.509000778198242,23.509000778198242,23.509000778198242,23.509000778198242,0,0.0,0.0,0.0
2022-02-25 00:00:00-05:00,23.509000778198242,23.509000778198242,23.509000778198242,23.509000778198242,0,0.0,0.0,0.0
2022-02-28 00:00:00-05:00,23.260000228881836,23.260000228881836,23.260000228881836,23.260000228881836,400,0.0,0.0,0.0
2022-03-01 00:00:00-05:00,23.3700008392334,23.3700008392334,23.32200050354004,23.32200050354004,200,0.0,0.0,0.0
2022-03-02 00:00:00-05:00,23.32200050354004,23.32200050354004,23.32200050354004,23.32200050354004,0,0.0,0.0,0.0
2022-03-03 00:00:00-05:00,23.68000030517578,23.716999053955078,23.670000076293945,23.716999053955078,200,0.0,0.0,0.0
2022-03-04 00:00:00-05:00,23.790000915527344,23.812999725341797,23.790000915527344,23.812999725341797,100,0.0,0.0,0.0
2022-03-07 00:00:00-05:00,23.540000915527344,23.559999465942383,23.406999588012695,23.406999588012695,200,0.0,0.0,0.0
2022-03-08 00:00:00-05:00,23.09000015258789,23.09000015258789,22.988000869750977,22.988000869750977,100,0.0,0.0,0.0
2022-03-09 00:00:00-05:00,22.988000869750977,22.988000869750977,22.988000869750977,22.988000869750977,0,0.0,0.0,0.0
2022-03-10 00:00:00-05:00,23.260000228881836,23.329999923706055,23.260000228881836,23.29400062561035,200,0.0,0.0,0.0
2022-03-11 00:00:00-05:00,23.29400062561035,23.29400062561035,23.29400062561035,23.29400062561035,0,0.0,0.0,0.0
2022-03-14 00:00:00-04:00,23.29400062561035,23.29400062561035,23.29400062561035,23.29400062561035,0,0.0,0.0,0.0
2022-03-15 00:00:00-04:00,23.29400062561035,23.29400062561035,23.29400062561035,23.29400062561035,0,0.0,0.0,0.0
2022-03-16 00:00:00-04:00,23.600000381469727,23.724000930786133,23.600000381469727,23.724000930786133,200,0.0,0.0,0.0
2022-03-17 00:00:00-04:00,23.724000930786133,23.724000930786133,23.724000930786133,23.724000930786133,0,0.0,0.0,0.0
2022-03-18 00:00:00-04:00,24.030000686645508,24.211000442504883,23.979999542236328,24.211000442504883,200,0.0,0.0,0.0
2022-03-21 00:00:00-04:00,24.211000442504883,24.211000442504883,24.211000442504883,24.211000442504883,0,0.0,0.0,0.0
2022-03-22 00:00:00-04:00,24.211000442504883,24.211000442504883,24.211000442504883,24.211000442504883,0,0.0,0.0,0.0
2022-03-23 00:00:00-04:00,24.211000442504883,24.211000442504883,24.211000442504883,24.211000442504883,0,0.0,0.0,0.0
2022-03-24 00:00:00-04:00,24.211000442504883,24.211000442504883,24.211000442504883,24.211000442504883,0,0.0,0.0,0.0
2022-03-25 00:00:00-04:00,24.190000534057617,24.190000534057617,24.190000534057617,24.190000534057617,500,0.0,0.0,0.0
2022-03-28 00:00:00-04:00,24.190000534057617,24.190000534057617,24.190000534057617,24.190000534057617,0,0.0,0.0,0.0
2022-03-29 00:00:00-04:00,24.190000534057617,24.190000534057617,24.190000534057617,24.190000534057617,100,0.0,0.0,0.0
2022-03-30 00:00:00-04:00,24.190000534057617,24.190000534057617,24.190000534057617,24.190000534057617,0,0.0,0.0,0.0
2022-03-31 00:00:00-04:00,24.190000534057617,24.190000534057617,24.190000534057617,24.190000534057617,0,0.0,0.0,0.0
2022-04-01 00:00:00-04:00,24.190000534057617,24.190000534057617,24.190000534057617,24.190000534057617,0,0.0,0.0,0.0
2022-04-04 00:00:00-04:00,24.6200008392334,24.625999450683594,24.6200008392334,24.625999450683594,100,0.0,0.0,0.0
2022-04-05 00:00:00-04:00,24.6299991607666,24.6299991607666,24.6299991607666,24.6299991607666,500,0.0,0.0,0.0
2022-04-06 00:00:00-04:00,24.6299991607666,24.6299991607666,24.6299991607666,24.6299991607666,0,0.0,0.0,0.0
2022-04-07 00:00:00-04:00,24.760000228881836,24.760000228881836,24.719999313354492,24.719999313354492,100,0.0,0.0,0.0
2022-04-08 00:00:00-04:00,24.799999237060547,24.799999237060547,24.70800018310547,24.70800018310547,100,0.0,0.0,0.0
2022-04-11 00:00:00-04:00,24.530000686645508,24.534000396728516,24.39299964904785,24.39299964904785,400,0.0,0.0,0.0
2022-04-12 00:00:00-04:00,24.39299964904785,24.39299964904785,24.39299964904785,24.39299964904785,0,0.0,0.0,0.0
2022-04-13 00:00:00-04:00,24.39299964904785,24.39299964904785,24.39299964904785,24.39299964904785,0,0.0,0.0,0.0
2022-04-14 00:00:00-04:00,24.39299964904785,24.39299964904785,24.39299964904785,24.39299964904785,0,0.0,0.0,0.0
2022-04-18 00:00:00-04:00,24.39299964904785,24.39299964904785,24.39299964904785,24.39299964904785,0,0.0,0.0,0.0
2022-04-19 00:00:00-04:00,24.39299964904785,24.39299964904785,24.39299964904785,24.39299964904785,0,0.0,0.0,0.0
2022-04-20 00:00:00-04:00,24.562999725341797,24.562999725341797,24.562999725341797,24.562999725341797,0,0.0,0.0,0.0
2022-04-21 00:00:00-04:00,24.319000244140625,24.319000244140625,24.319000244140625,24.319000244140625,0,0.0,0.0,0.0
2022-04-22 00:00:00-04:00,23.746000289916992,23.746000289916992,23.746000289916992,23.746000289916992,100,0.0,0.0,0.0
2022-04-25 00:00:00-04:00,23.832000732421875,23.832000732421875,23.832000732421875,23.832000732421875,100,0.0,0.0,0.0
2022-04-26 00:00:00-04:00,23.341999053955078,23.341999053955078,23.341999053955078,23.341999053955078,100,0.0,0.0,0.0
2022-04-27 00:00:00-04:00,23.354999542236328,23.354999542236328,23.354999542236328,23.354999542236328,0,0.0,0.0,0.0
2022-04-28 00:00:00-04:00,23.76300048828125,23.76300048828125,23.76300048828125,23.76300048828125,0,0.0,0.0,0.0
2022-04-29 00:00:00-04:00,22.979999542236328,22.979999542236328,22.979999542236328,22.979999542236328,100,0.0,0.0,0.0
2022-05-02 00:00:00-04:00,22.780000686645508,22.957000732421875,22.780000686645508,22.957000732421875,200,0.0,0.0,0.0
2022-05-03 00:00:00-04:00,23.04400062561035,23.04400062561035,23.04400062561035,23.04400062561035,0,0.0,0.0,0.0
2022-05-04 00:00:00-04:00,23.554000854492188,23.554000854492188,23.554000854492188,23.554000854492188,100,0.0,0.0,0.0
2022-05-05 00:00:00-04:00,22.979999542236328,22.979999542236328,22.8799991607666,22.8799991607666,1300,0.0,0.0,0.0
2022-05-06 00:00:00-04:00,22.750999450683594,22.750999450683594,22.750999450683594,22.750999450683594,100,0.0,0.0,0.0
2022-05-09 00:00:00-04:00,22.280000686645508,22.280000686645508,22.280000686645508,22.280000686645508,100,0.0,0.0,0.0
2022-05-10 00:00:00-04:00,22.31999969482422,22.31999969482422,22.270000457763672,22.280000686645508,300,0.0,0.0,0.0
2022-05-11 00:00:00-04:00,22.34000015258789,22.34000015258789,22.055999755859375,22.055999755859375,200,0.0,0.0,0.0
2022-05-12 00:00:00-04:00,22.160999298095703,22.160999298095703,22.160999298095703,22.160999298095703,100,0.0,0.0,0.0
2022-05-13 00:00:00-04:00,22.548999786376953,22.548999786376953,22.548999786376953,22.548999786376953,100,0.0,0.0,0.0
2022-05-16 00:00:00-04:00,22.479999542236328,22.506999969482422,22.479999542236328,22.506999969482422,1000,0.0,0.0,0.0
2022-05-17 00:00:00-04:00,22.78700065612793,22.78700065612793,22.78700065612793,22.78700065612793,0,0.0,0.0,0.0
2022-05-18 00:00:00-04:00,21.93000030517578,21.93000030517578,21.93000030517578,21.93000030517578,100,0.0,0.0,0.0
2022-05-19 00:00:00-04:00,21.87299919128418,21.87299919128418,21.87299919128418,21.87299919128418,100,0.0,0.0,0.0
2022-05-20 00:00:00-04:00,21.6299991607666,22.0,21.6200008392334,22.0,8000,0.0,0.0,0.0
2022-05-23 00:00:00-04:00,22.298999786376953,22.298999786376953,22.298999786376953,22.298999786376953,100,0.0,0.0,0.0
2022-05-24 00:00:00-04:00,22.34600067138672,22.34600067138672,22.34600067138672,22.34600067138672,100,0.0,0.0,0.0
2022-05-25 00:00:00-04:00,22.44300079345703,22.44300079345703,22.44300079345703,22.44300079345703,0,0.0,0.0,0.0
2022-05-26 00:00:00-04:00,22.750999450683594,22.750999450683594,22.750999450683594,22.750999450683594,0,0.0,0.0,0.0
2022-05-27 00:00:00-04:00,23.198999404907227,23.198999404907227,23.198999404907227,23.198999404907227,0,0.0,0.0,0.0
2022-05-31 00:00:00-04:00,22.961999893188477,22.961999893188477,22.961999893188477,22.961999893188477,0,0.0,0.0,0.0
2022-06-01 00:00:00-04:00,22.822999954223633,22.822999954223633,22.822999954223633,22.822999954223633,100,0.0,0.0,0.0
2022-06-02 00:00:00-04:00,23.128999710083008,23.128999710083008,23.128999710083008,23.128999710083008,100,0.0,0.0,0.0
2022-06-03 00:00:00-04:00,22.93600082397461,22.93600082397461,22.93600082397461,22.93600082397461,0,0.0,0.0,0.0
2022-06-06 00:00:00-04:00,22.937999725341797,22.937999725341797,22.937999725341797,22.937999725341797,100,0.0,0.0,0.0
2022-06-07 00:00:00-04:00,23.108999252319336,23.108999252319336,23.108999252319336,23.108999252319336,100,0.0,0.0,0.0
2022-06-08 00:00:00-04:00,22.82200050354004,22.82200050354004,22.82200050354004,22.82200050354004,100,0.0,0.0,0.0
2022-06-09 00:00:00-04:00,22.559999465942383,22.559999465942383,22.343000411987305,22.343000411987305,100,0.0,0.0,0.0
2022-06-10 00:00:00-04:00,21.969999313354492,21.969999313354492,21.969999313354492,21.969999313354492,200,0.0,0.0,0.0
2022-06-13 00:00:00-04:00,21.510000228881836,21.510000228881836,21.239999771118164,21.270000457763672,300,0.0,0.0,0.0
2022-06-14 00:00:00-04:00,21.1299991607666,21.1299991607666,21.1299991607666,21.1299991607666,100,0.0,0.0,0.0
2022-06-15 00:00:00-04:00,21.360000610351562,21.360000610351562,21.316999435424805,21.316999435424805,2400,0.0,0.0,0.0
2022-06-16 00:00:00-04:00,20.82900047302246,20.82900047302246,20.82900047302246,20.82900047302246,100,0.0,0.0,0.0
2022-06-17 00:00:00-04:00,20.959999084472656,20.989999771118164,20.92099952697754,20.92099952697754,300,0.0,0.0,0.0
2022-06-21 00:00:00-04:00,21.35099983215332,21.35099983215332,21.35099983215332,21.35099983215332,0,0.0,0.0,0.0
2022-06-22 00:00:00-04:00,21.350000381469727,21.6200008392334,21.350000381469727,21.472999572753906,2800,0.0,0.0,0.0
2022-06-23 00:00:00-04:00,21.80900001525879,21.80900001525879,21.80900001525879,21.80900001525879,0,0.0,0.0,0.0
2022-06-24 00:00:00-04:00,22.31999969482422,22.31999969482422,22.31999969482422,22.31999969482422,100,0.0,0.0,0.0
2022-06-27 00:00:00-04:00,22.264999389648438,22.264999389648438,22.264999389648438,22.264999389648438,100,0.0,0.0,0.0
2022-06-28 00:00:00-04:00,21.868000030517578,21.868000030517578,21.868000030517578,21.868000030517578,100,0.0,0.0,0.0
2022-06-29 00:00:00-04:00,21.961999893188477,21.961999893188477,21.961999893188477,21.961999893188477,0,0.0,0.0,0.0
2022-06-30 00:00:00-04:00,21.84600067138672,21.84600067138672,21.84600067138672,21.84600067138672,100,0.0,0.0,0.0
2022-07-01 00:00:00-04:00,22.139999389648438,22.139999389648438,22.139999389648438,22.139999389648438,0,0.0,0.0,0.0
2022-07-05 00:00:00-04:00,22.073999404907227,22.073999404907227,22.073999404907227,22.073999404907227,0,0.0,0.0,0.0
2022-07-06 00:00:00-04:00,22.225000381469727,22.225000381469727,22.225000381469727,22.225000381469727,0,0.0,0.0,0.0
2022-07-07 00:00:00-04:00,22.3799991607666,22.3799991607666,22.3799991607666,22.3799991607666,0,0.0,0.0,0.0
2022-07-08 00:00:00-04:00,22.29800033569336,22.29800033569336,22.29800033569336,22.29800033569336,100,0.0,0.0,0.0
2022-07-11 00:00:00-04:00,22.209999084472656,22.28499984741211,22.20199966430664,22.20400047302246,600,0.0,0.0,0.0
2022-07-12 00:00:00-04:00,21.97800064086914,21.97800064086914,21.97800064086914,21.97800064086914,0,0.0,0.0,0.0
2022-07-13 00:00:00-04:00,21.923999786376953,21.923999786376953,21.923999786376953,21.923999786376953,100,0.0,0.0,0.0
2022-07-14 00:00:00-04:00,21.81999969482422,21.81999969482422,21.81999969482422,21.81999969482422,100,0.0,0.0,0.0
2022-07-15 00:00:00-04:00,22.082000732421875,22.082000732421875,22.082000732421875,22.082000732421875,100,0.0,0.0,0.0
2022-07-18 00:00:00-04:00,22.079999923706055,22.079999923706055,21.826000213623047,21.826000213623047,4600,0.0,0.0,0.0
2022-07-19 00:00:00-04:00,22.270000457763672,22.280000686645508,22.270000457763672,22.280000686645508,11100,0.0,0.0,0.0
2022-07-20 00:00:00-04:00,22.25,22.26799964904785,22.25,22.26799964904785,300,0.0,0.0,0.0
2022-07-21 00:00:00-04:00,22.360000610351562,22.44700050354004,22.360000610351562,22.44700050354004,300,0.0,0.0,0.0
2022-07-22 00:00:00-04:00,22.3799991607666,22.3799991607666,22.3799991607666,22.3799991607666,0,0.0,0.0,0.0
2022-07-25 00:00:00-04:00,22.381999969482422,22.381999969482422,22.381999969482422,22.381999969482422,1100,0.0,0.0,0.0
2022-07-26 00:00:00-04:00,22.299999237060547,22.34000015258789,22.299999237060547,22.339000701904297,800,0.0,0.0,0.0
2022-07-27 00:00:00-04:00,22.40999984741211,22.65399932861328,22.40999984741211,22.65399932861328,400,0.0,0.0,0.0
2022-07-28 00:00:00-04:00,23.0310001373291,23.0310001373291,23.0310001373291,23.0310001373291,0,0.0,0.0,0.0
2022-07-29 00:00:00-04:00,23.177000045776367,23.177000045776367,23.177000045776367,23.177000045776367,0,0.0,0.0,0.0
2022-08-01 00:00:00-04:00,23.143999099731445,23.143999099731445,23.143999099731445,23.143999099731445,0,0.0,0.0,0.0
2022-08-02 00:00:00-04:00,22.986000061035156,22.986000061035156,22.986000061035156,22.986000061035156,100,0.0,0.0,0.0
2022-08-03 00:00:00-04:00,23.280000686645508,23.280000686645508,23.280000686645508,23.280000686645508,0,0.0,0.0,0.0
2022-08-04 00:00:00-04:00,23.280000686645508,23.280000686645508,23.274999618530273,23.274999618530273,2600,0.0,0.0,0.0
2022-08-05 00:00:00-04:00,23.31399917602539,23.31399917602539,23.31399917602539,23.31399917602539,100,0.0,0.0,0.0
2022-08-08 00:00:00-04:00,23.360000610351562,23.382999420166016,23.360000610351562,23.382999420166016,500,0.0,0.0,0.0
2022-08-09 00:00:00-04:00,23.389999389648438,23.389999389648438,23.308000564575195,23.308000564575195,400,0.0,0.0,0.0
2022-08-10 00:00:00-04:00,23.610000610351562,23.639999389648438,23.610000610351562,23.639999389648438,600,0.0,0.0,0.0
2022-08-11 00:00:00-04:00,23.547000885009766,23.547000885009766,23.547000885009766,23.547000885009766,100,0.0,0.0,0.0
2022-08-12 00:00:00-04:00,23.884000778198242,23.884000778198242,23.884000778198242,23.884000778198242,0,0.0,0.0,0.0
2022-08-15 00:00:00-04:00,24.059999465942383,24.059999465942383,24.048999786376953,24.048999786376953,300,0.0,0.0,0.0
2022-08-16 00:00:00-04:00,24.229999542236328,24.229999542236328,24.1200008392334,24.139999389648438,800,0.0,0.0,0.0
2022-08-17 00:00:00-04:00,24.09000015258789,24.09000015258789,23.999000549316406,23.999000549316406,7400,0.0,0.0,0.0
2022-08-18 00:00:00-04:00,24.0,24.06999969482422,24.0,24.035999298095703,1900,0.0,0.0,0.0
2022-08-19 00:00:00-04:00,23.860000610351562,23.878999710083008,23.85300064086914,23.878999710083008,1600,0.0,0.0,0.0
2022-08-22 00:00:00-04:00,23.6299991607666,23.6299991607666,23.48200035095215,23.48200035095215,300,0.0,0.0,0.0
2022-08-23 00:00:00-04:00,23.344999313354492,23.344999313354492,23.344999313354492,23.344999313354492,1400,0.0,0.0,0.0
2022-08-24 00:00:00-04:00,23.350000381469727,23.385000228881836,23.350000381469727,23.385000228881836,1200,0.0,0.0,0.0
2022-08-25 00:00:00-04:00,23.559999465942383,23.57200050354004,23.559999465942383,23.57200050354004,100,0.0,0.0,0.0
2022-08-26 00:00:00-04:00,23.030000686645508,23.030000686645508,22.937000274658203,22.937000274658203,800,0.0,0.0,0.0
2022-08-29 00:00:00-04:00,22.8700008392334,22.8700008392334,22.802000045776367,22.802000045776367,500,0.0,0.0,0.0
2022-08-30 00:00:00-04:00,22.600000381469727,22.600000381469727,22.600000381469727,22.600000381469727,0,0.0,0.0,0.0
2022-08-31 00:00:00-04:00,22.4689998626709,22.4689998626709,22.4689998626709,22.4689998626709,0,0.0,0.0,0.0
2022-09-01 00:00:00-04:00,22.450000762939453,22.621999740600586,22.3799991607666,22.621999740600586,9600,0.0,0.0,0.0
2022-09-02 00:00:00-04:00,22.399999618530273,22.399999618530273,22.290000915527344,22.336000442504883,200,0.0,0.0,0.0
2022-09-06 00:00:00-04:00,22.3700008392334,22.3700008392334,22.30299949645996,22.30299949645996,1700,0.0,0.0,0.0
2022-09-07 00:00:00-04:00,22.760000228881836,22.760000228881836,22.760000228881836,22.760000228881836,0,0.0,0.0,0.0
2022-09-08 00:00:00-04:00,22.8700008392334,22.886999130249023,22.860000610351562,22.886999130249023,300,0.0,0.0,0.0
2022-09-09 00:00:00-04:00,23.145000457763672,23.145000457763672,23.145000457763672,23.145000457763672,100,0.0,0.0,0.0
2022-09-12 00:00:00-04:00,23.290000915527344,23.290000915527344,23.219999313354492,23.256999969482422,600,0.0,0.0,0.0
2022-09-13 00:00:00-04:00,22.486000061035156,22.486000061035156,22.486000061035156,22.486000061035156,100,0.0,0.0,0.0
2022-09-14 00:00:00-04:00,22.450000762939453,22.450000762939453,22.450000762939453,22.450000762939453,100,0.0,0.0,0.0
2022-09-15 00:00:00-04:00,22.149999618530273,22.159000396728516,22.149999618530273,22.159000396728516,200,0.0,0.0,0.0
2022-09-16 00:00:00-04:00,21.989999771118164,22.082000732421875,21.989999771118164,22.082000732421875,500,0.0,0.0,0.0
2022-09-19 00:00:00-04:00,22.1200008392334,22.179000854492188,22.1200008392334,22.179000854492188,400,0.0,0.0,0.0
2022-09-20 00:00:00-04:00,21.899999618530273,21.920000076293945,21.809999465942383,21.884000778198242,400,0.0,0.0,0.0
2022-09-21 00:00:00-04:00,22.020000457763672,22.020000457763672,21.631999969482422,21.631999969482422,200,0.0,0.0,0.0
2022-09-22 00:00:00-04:00,21.549999237060547,21.549999237060547,21.510000228881836,21.52400016784668,400,0.0,0.0,0.0
2022-09-23 00:00:00-04:00,21.200000762939453,21.273000717163086,21.18000030517578,21.273000717163086,1100,0.0,0.0,0.0
2022-09-26 00:00:00-04:00,20.959999084472656,20.959999084472656,20.940000534057617,20.944000244140625,200,0.0,0.0,0.0
2022-09-27 00:00:00-04:00,20.84000015258789,20.84000015258789,20.815000534057617,20.815000534057617,100,0.0,0.0,0.0
2022-09-28 00:00:00-04:00,21.209999084472656,21.211999893188477,21.209999084472656,21.211999893188477,100,0.0,0.0,0.0
2022-09-29 00:00:00-04:00,20.760000228881836,20.864999771118164,20.760000228881836,20.864999771118164,300,0.0,0.0,0.0
2022-09-30 00:00:00-04:00,20.709999084472656,20.709999084472656,20.610000610351562,20.610000610351562,3600,0.0,0.0,0.0
2022-10-03 00:00:00-04:00,21.143999099731445,21.143999099731445,21.143999099731445,21.143999099731445,100,0.0,0.0,0.0
2022-10-04 00:00:00-04:00,21.61199951171875,21.61199951171875,21.61199951171875,21.61199951171875,100,0.0,0.0,0.0
2022-10-05 00:00:00-04:00,21.3799991607666,21.538000106811523,21.3799991607666,21.538000106811523,400,0.0,0.0,0.0
2022-10-06 00:00:00-04:00,21.256000518798828,21.256000518798828,21.256000518798828,21.256000518798828,100,0.0,0.0,0.0
2022-10-07 00:00:00-04:00,20.783000946044922,20.783000946044922,20.783000946044922,20.783000946044922,100,0.0,0.0,0.0
2022-10-10 00:00:00-04:00,20.73200035095215,20.73200035095215,20.73200035095215,20.73200035095215,100,0.0,0.0,0.0
2022-10-11 00:00:00-04:00,20.84000015258789,20.84000015258789,20.670000076293945,20.698999404907227,900,0.0,0.0,0.0
2022-10-12 00:00:00-04:00,20.586999893188477,20.586999893188477,20.586999893188477,20.586999893188477,100,0.0,0.0,0.0
2022-10-13 00:00:00-04:00,20.81999969482422,21.010000228881836,20.81999969482422,21.00200080871582,200,0.0,0.0,0.0
2022-10-14 00:00:00-04:00,20.593000411987305,20.593000411987305,20.593000411987305,20.593000411987305,100,0.0,0.0,0.0
2022-10-17 00:00:00-04:00,21.040000915527344,21.040000915527344,21.011999130249023,21.011999130249023,400,0.0,0.0,0.0
2022-10-18 00:00:00-04:00,21.299999237060547,21.299999237060547,21.299999237060547,21.299999237060547,100,0.0,0.0,0.0
2022-10-19 00:00:00-04:00,21.010000228881836,21.059999465942383,21.010000228881836,21.059999465942383,200,0.0,0.0,0.0
2022-10-20 00:00:00-04:00,20.90999984741211,20.90999984741211,20.850000381469727,20.856000900268555,300,0.0,0.0,0.0
2022-10-21 00:00:00-04:00,21.238000869750977,21.238000869750977,21.238000869750977,21.238000869750977,100,0.0,0.0,0.0
2022-10-24 00:00:00-04:00,21.59000015258789,21.59000015258789,21.535999298095703,21.535999298095703,500,0.0,0.0,0.0
2022-10-25 00:00:00-04:00,21.84000015258789,21.84000015258789,21.84000015258789,21.84000015258789,100,0.0,0.0,0.0
2022-10-26 00:00:00-04:00,21.860000610351562,21.860000610351562,21.860000610351562,21.860000610351562,100,0.0,0.0,0.0
2022-10-27 00:00:00-04:00,21.96500015258789,21.989999771118164,21.84600067138672,21.84600067138672,200,0.0,0.0,0.0
2022-10-28 00:00:00-04:00,22.454999923706055,22.454999923706055,22.454999923706055,22.454999923706055,0,0.0,0.0,0.0
2022-10-31 00:00:00-04:00,22.332000732421875,22.332000732421875,22.332000732421875,22.332000732421875,0,0.0,0.0,0.0
2022-11-01 00:00:00-04:00,22.440000534057617,22.440000534057617,22.290000915527344,22.31999969482422,200,0.0,0.0,0.0
2022-11-02 00:00:00-04:00,22.29400062561035,22.29400062561035,21.8799991607666,21.8799991607666,900,0.0,0.0,0.0
2022-11-03 00:00:00-04:00,21.68000030517578,21.709999084472656,21.68000030517578,21.683000564575195,500,0.0,0.0,0.0
2022-11-04 00:00:00-04:00,21.950000762939453,21.950000762939453,21.81999969482422,21.902000427246094,300,0.0,0.0,0.0
2022-11-07 00:00:00-05:00,22.110000610351562,22.110000610351562,22.09000015258789,22.104000091552734,200,0.0,0.0,0.0
2022-11-08 00:00:00-05:00,22.229999542236328,22.259000778198242,22.229999542236328,22.259000778198242,200,0.0,0.0,0.0
2022-11-09 00:00:00-05:00,22.239999771118164,22.239999771118164,21.979999542236328,21.990999221801758,3100,0.0,0.0,0.0
2022-11-10 00:00:00-05:00,22.884000778198242,22.884000778198242,22.884000778198242,22.884000778198242,200,0.0,0.0,0.0
2022-11-11 00:00:00-05:00,22.829999923706055,22.829999923706055,22.829999923706055,22.829999923706055,0,0.0,0.0,0.0
2022-11-14 00:00:00-05:00,22.959999084472656,22.959999084472656,22.739999771118164,22.739999771118164,1000,0.0,0.0,0.0
2022-11-15 00:00:00-05:00,22.850000381469727,22.8799991607666,22.850000381469727,22.861000061035156,200,0.0,0.0,0.0
2022-11-16 00:00:00-05:00,22.833999633789062,22.833999633789062,22.833999633789062,22.833999633789062,100,0.0,0.0,0.0
2022-11-17 00:00:00-05:00,22.770000457763672,22.770000457763672,22.757999420166016,22.757999420166016,100,0.0,0.0,0.0
2022-11-18 00:00:00-05:00,22.969999313354492,22.969999313354492,22.969999313354492,22.969999313354492,100,0.0,0.0,0.0
2022-11-21 00:00:00-05:00,23.040000915527344,23.05500030517578,23.040000915527344,23.05500030517578,100,0.0,0.0,0.0
2022-11-22 00:00:00-05:00,23.18000030517578,23.308000564575195,23.18000030517578,23.308000564575195,200,0.0,0.0,0.0
2022-11-23 00:00:00-05:00,23.3799991607666,23.395999908447266,23.3799991607666,23.395999908447266,100,0.0,0.0,0.0
2022-11-25 00:00:00-05:00,23.43899917602539,23.43899917602539,23.43899917602539,23.43899917602539,100,0.0,0.0,0.0
2022-11-28 00:00:00-05:00,23.176000595092773,23.176000595092773,23.176000595092773,23.176000595092773,0,0.0,0.0,0.0
2022-11-29 00:00:00-05:00,23.110000610351562,23.131000518798828,23.110000610351562,23.131000518798828,100,0.0,0.0,0.0
2022-11-30 00:00:00-05:00,23.100000381469727,23.670000076293945,23.09600067138672,23.670000076293945,34100,0.0,0.0,0.0
2022-12-01 00:00:00-05:00,23.76799964904785,23.76799964904785,23.76799964904785,23.76799964904785,100,0.0,0.0,0.0
2022-12-02 00:00:00-05:00,23.788999557495117,23.788999557495117,23.788999557495117,23.788999557495117,0,0.0,0.0,0.0
2022-12-05 00:00:00-05:00,23.450000762939453,23.450000762939453,23.40999984741211,23.40999984741211,700,0.0,0.0,0.0
2022-12-06 00:00:00-05:00,23.340999603271484,23.360000610351562,23.242000579833984,23.242000579833984,2100,0.0,0.0,0.0
2022-12-07 00:00:00-05:00,23.29800033569336,23.29800033569336,23.29800033569336,23.29800033569336,0,0.0,0.0,0.0
2022-12-08 00:00:00-05:00,23.43000030517578,23.434999465942383,23.43000030517578,23.433000564575195,1900,0.0,0.0,0.0
2022-12-09 00:00:00-05:00,23.40999984741211,23.40999984741211,23.215999603271484,23.215999603271484,400,0.0,0.0,0.0
2022-12-12 00:00:00-05:00,23.506000518798828,23.506000518798828,23.506000518798828,23.506000518798828,0,0.0,0.0,0.0
2022-12-13 00:00:00-05:00,23.40999984741211,23.490999221801758,23.40999984741211,23.490999221801758,300,0.0,0.0,0.0
2022-12-14 00:00:00-05:00,23.440000534057617,23.440000534057617,23.440000534057617,23.440000534057617,0,0.0,0.0,0.0
2022-12-15 00:00:00-05:00,22.93000030517578,22.930999755859375,22.93000030517578,22.930999755859375,7600,0.0,0.0,0.0
2022-12-16 00:00:00-05:00,22.75,22.75,22.711000442504883,22.711000442504883,200,0.0,0.0,0.0
2022-12-19 00:00:00-05:00,22.55900001525879,22.55900001525879,22.55900001525879,22.55900001525879,100,0.0,0.0,0.0
2022-12-20 00:00:00-05:00,22.610000610351562,22.610000610351562,22.545000076293945,22.545000076293945,100,0.0,0.0,0.0
2022-12-21 00:00:00-05:00,22.829999923706055,22.829999923706055,22.809999465942383,22.809999465942383,100,0.0,0.0,0.0
2022-12-22 00:00:00-05:00,22.440000534057617,22.66699981689453,22.440000534057617,22.66699981689453,500,0.0,0.0,0.0
2022-12-23 00:00:00-05:00,22.709999084472656,22.773000717163086,22.709999084472656,22.773000717163086,4200,0.0,0.0,0.0
2022-12-27 00:00:00-05:00,22.81999969482422,22.84000015258789,22.790000915527344,22.822999954223633,7600,0.0,0.0,0.0
2022-12-28 00:00:00-05:00,22.670000076293945,22.670000076293945,22.570999145507812,22.570999145507812,200,0.0,0.0,0.0
2022-12-29 00:00:00-05:00,22.8700008392334,22.8700008392334,22.849000930786133,22.849000930786133,3800,0.0,0.0,0.0
2022-12-30 00:00:00-05:00,22.739999771118164,22.739999771118164,22.56999969482422,22.719999313354492,700,0.0,0.0,0.0
2023-01-03 00:00:00-05:00,22.59000015258789,22.790000915527344,22.59000015258789,22.790000915527344,400,0.0,0.0,0.0
2023-01-04 00:00:00-05:00,22.91699981689453,22.959999084472656,22.91699981689453,22.940000534057617,1700,0.0,0.0,0.0
2023-01-05 00:00:00-05:00,22.75,22.75,22.729999542236328,22.729999542236328,100,0.0,0.0,0.0
2023-01-06 00:00:00-05:00,23.209999084472656,23.209999084472656,23.209999084472656,23.209999084472656,0,0.0,0.0,0.0
2023-01-09 00:00:00-05:00,23.121000289916992,23.121000289916992,23.121000289916992,23.121000289916992,100,0.0,0.0,0.0
2023-01-10 00:00:00-05:00,23.15999984741211,23.240999221801758,23.15999984741211,23.240999221801758,500,0.0,0.0,0.0
2023-01-11 00:00:00-05:00,23.40999984741211,23.43600082397461,23.40999984741211,23.43600082397461,100,0.0,0.0,0.0
2023-01-12 00:00:00-05:00,23.389999389648438,23.479999542236328,23.389999389648438,23.43000030517578,300,0.0,0.0,0.0
2023-01-13 00:00:00-05:00,23.389999389648438,23.5,23.389999389648438,23.48900032043457,1500,0.0,0.0,0.0
2023-01-17 00:00:00-05:00,23.420000076293945,23.420000076293945,23.35099983215332,23.35099983215332,300,0.0,0.0,0.0
2023-01-18 00:00:00-05:00,22.959999084472656,22.959999084472656,22.959999084472656,22.959999084472656,100,0.0,0.0,0.0
2023-01-19 00:00:00-05:00,22.829999923706055,22.829999923706055,22.773000717163086,22.773000717163086,200,0.0,0.0,0.0
2023-01-20 00:00:00-05:00,23.020000457763672,23.020000457763672,23.020000457763672,23.020000457763672,0,0.0,0.0,0.0
2023-01-23 00:00:00-05:00,23.190000534057617,23.229999542236328,23.143999099731445,23.143999099731445,1100,0.0,0.0,0.0
2023-01-24 00:00:00-05:00,23.059999465942383,23.121999740600586,23.030000686645508,23.121999740600586,19100,0.0,0.0,0.0
2023-01-25 00:00:00-05:00,23.06999969482422,23.104999542236328,23.06999969482422,23.104999542236328,700,0.0,0.0,0.0
2023-01-26 00:00:00-05:00,23.09000015258789,23.16699981689453,23.09000015258789,23.16699981689453,500,0.0,0.0,0.0
2023-01-27 00:00:00-05:00,23.170000076293945,23.200000762939453,23.125999450683594,23.125999450683594,700,0.0,0.0,0.0
2023-01-30 00:00:00-05:00,23.030000686645508,23.030000686645508,23.0,23.0,300,0.0,0.0,0.0
2023-01-31 00:00:00-05:00,23.139999389648438,23.297000885009766,23.139999389648438,23.297000885009766,100,0.0,0.0,0.0
2023-02-01 00:00:00-05:00,23.41900062561035,23.41900062561035,23.41900062561035,23.41900062561035,100,0.0,0.0,0.0
2023-02-02 00:00:00-05:00,23.530000686645508,23.530000686645508,23.450000762939453,23.51799964904785,900,0.0,0.0,0.0
2023-02-03 00:00:00-05:00,23.360000610351562,23.360000610351562,23.30500030517578,23.30500030517578,100,0.0,0.0,0.0
2023-02-06 00:00:00-05:00,23.18000030517578,23.20199966430664,23.170000076293945,23.20199966430664,500,0.0,0.0,0.0
2023-02-07 00:00:00-05:00,23.139999389648438,23.31399917602539,23.139999389648438,23.31399917602539,100,0.0,0.0,0.0
2023-02-08 00:00:00-05:00,23.082000732421875,23.082000732421875,23.082000732421875,23.082000732421875,0,0.0,0.0,0.0
2023-02-09 00:00:00-05:00,22.923999786376953,22.923999786376953,22.923999786376953,22.923999786376953,100,0.0,0.0,0.0
2023-02-10 00:00:00-05:00,23.09000015258789,23.09000015258789,23.09000015258789,23.09000015258789,0,0.0,0.0,0.0
2023-02-13 00:00:00-05:00,23.174999237060547,23.31399917602539,23.174999237060547,23.31399917602539,200,0.0,0.0,0.0
2023-02-14 00:00:00-05:00,23.20800018310547,23.20800018310547,23.20800018310547,23.20800018310547,0,0.0,0.0,0.0
2023-02-15 00:00:00-05:00,23.23900032043457,23.277000427246094,23.23900032043457,23.277000427246094,4100,0.0,0.0,0.0
2023-02-16 00:00:00-05:00,23.200000762939453,23.260000228881836,23.117000579833984,23.117000579833984,3700,0.0,0.0,0.0
2023-02-17 00:00:00-05:00,23.179000854492188,23.179000854492188,23.179000854492188,23.179000854492188,0,0.0,0.0,0.0
2023-02-21 00:00:00-05:00,22.850000381469727,22.850000381469727,22.808000564575195,22.808000564575195,100,0.0,0.0,0.0
2023-02-22 00:00:00-05:00,22.70400047302246,22.70400047302246,22.70400047302246,22.70400047302246,100,0.0,0.0,0.0
2023-02-23 00:00:00-05:00,22.76799964904785,22.76799964904785,22.76799964904785,22.76799964904785,100,0.0,0.0,0.0
2023-02-24 00:00:00-05:00,22.5,22.549999237060547,22.5,22.54199981689453,200,0.0,0.0,0.0
2023-02-27 00:00:00-05:00,22.6200008392334,22.6200008392334,22.56399917602539,22.56399917602539,100,0.0,0.0,0.0
2023-02-28 00:00:00-05:00,22.465999603271484,22.465999603271484,22.465999603271484,22.465999603271484,100,0.0,0.0,0.0
2023-03-01 00:00:00-05:00,22.33099937438965,22.33099937438965,22.33099937438965,22.33099937438965,100,0.0,0.0,0.0
2023-03-02 00:00:00-05:00,22.54199981689453,22.54199981689453,22.54199981689453,22.54199981689453,100,0.0,0.0,0.0
2023-03-03 00:00:00-05:00,22.770000457763672,22.770000457763672,22.766000747680664,22.766000747680664,100,0.0,0.0,0.0
2023-03-06 00:00:00-05:00,22.860000610351562,22.860000610351562,22.766000747680664,22.766000747680664,1500,0.0,0.0,0.0
2023-03-07 00:00:00-05:00,22.479999542236328,22.479999542236328,22.46299934387207,22.46299934387207,100,0.0,0.0,0.0
2023-03-08 00:00:00-05:00,22.490999221801758,22.490999221801758,22.490999221801758,22.490999221801758,0,0.0,0.0,0.0
2023-03-09 00:00:00-05:00,22.56999969482422,22.56999969482422,22.222999572753906,22.222999572753906,1200,0.0,0.0,0.0
2023-03-10 00:00:00-05:00,21.957000732421875,21.957000732421875,21.957000732421875,21.957000732421875,0,0.0,0.0,0.0
2023-03-13 00:00:00-04:00,22.1299991607666,22.1299991607666,22.034000396728516,22.034000396728516,100,0.0,0.0,0.0
2023-03-14 00:00:00-04:00,22.253999710083008,22.253999710083008,22.253999710083008,22.253999710083008,200,0.0,0.0,0.0
2023-03-15 00:00:00-04:00,22.14900016784668,22.14900016784668,22.14900016784668,22.14900016784668,0,0.0,0.0,0.0
2023-03-16 00:00:00-04:00,22.329999923706055,22.408000946044922,22.329999923706055,22.408000946044922,100,0.0,0.0,0.0
2023-03-17 00:00:00-04:00,22.18000030517578,22.18000030517578,22.18000030517578,22.18000030517578,200,0.0,0.0,0.0
2023-03-20 00:00:00-04:00,22.31999969482422,22.417999267578125,22.31999969482422,22.417999267578125,100,0.0,0.0,0.0
2023-03-21 00:00:00-04:00,22.450000762939453,22.503000259399414,22.371999740600586,22.503000259399414,1400,0.0,0.0,0.0
2023-03-22 00:00:00-04:00,22.549999237060547,22.559999465942383,22.184999465942383,22.184999465942383,1500,0.0,0.0,0.0
2023-03-23 00:00:00-04:00,22.209999084472656,22.209999084472656,22.128000259399414,22.128000259399414,500,0.0,0.0,0.0
2023-03-24 00:00:00-04:00,22.229999542236328,22.389999389648438,22.229999542236328,22.389999389648438,100,0.0,0.0,0.0
2023-03-27 00:00:00-04:00,22.479999542236328,22.479999542236328,22.479999542236328,22.479999542236328,100,0.0,0.0,0.0
2023-03-28 00:00:00-04:00,22.51300048828125,22.51300048828125,22.51300048828125,22.51300048828125,100,0.0,0.0,0.0
2023-03-29 00:00:00-04:00,22.68000030517578,22.707000732421875,22.68000030517578,22.707000732421875,100,0.0,0.0,0.0
2023-03-30 00:00:00-04:00,22.82200050354004,22.82200050354004,22.82200050354004,22.82200050354004,100,0.0,0.0,0.0
2023-03-31 00:00:00-04:00,23.06999969482422,23.06999969482422,23.06999969482422,23.06999969482422,100,0.0,0.0,0.0
2023-04-03 00:00:00-04:00,23.18000030517578,23.18000030517578,23.18000030517578,23.18000030517578,100,0.0,0.0,0.0
2023-04-04 00:00:00-04:00,23.070999145507812,23.070999145507812,23.070999145507812,23.070999145507812,100,0.0,0.0,0.0
2023-04-05 00:00:00-04:00,23.170000076293945,23.170000076293945,23.170000076293945,23.170000076293945,100,0.0,0.0,0.0
2023-04-06 00:00:00-04:00,23.201000213623047,23.201000213623047,23.201000213623047,23.201000213623047,100,0.0,0.0,0.0
2023-04-10 00:00:00-04:00,23.20800018310547,23.20800018310547,23.20800018310547,23.20800018310547,0,0.0,0.0,0.0
2023-04-11 00:00:00-04:00,23.26300048828125,23.26300048828125,23.26300048828125,23.26300048828125,100,0.0,0.0,0.0
2023-04-12 00:00:00-04:00,23.360000610351562,23.360000610351562,23.239999771118164,23.239999771118164,100,0.0,0.0,0.0
2023-04-13 00:00:00-04:00,23.43899917602539,23.43899917602539,23.43899917602539,23.43899917602539,100,0.0,0.0,0.0
2023-04-14 00:00:00-04:00,23.319000244140625,23.319000244140625,23.319000244140625,23.319000244140625,100,0.0,0.0,0.0
2023-04-17 00:00:00-04:00,23.329999923706055,23.3799991607666,23.299999237060547,23.37700080871582,10100,0.0,0.0,0.0
2023-04-18 00:00:00-04:00,23.3799991607666,23.3799991607666,23.3799991607666,23.3799991607666,100,0.0,0.0,0.0
2023-04-19 00:00:00-04:00,23.31800079345703,23.31800079345703,23.31800079345703,23.31800079345703,100,0.0,0.0,0.0
2023-04-20 00:00:00-04:00,23.268999099731445,23.268999099731445,23.268999099731445,23.268999099731445,0,0.0,0.0,0.0
2023-04-21 00:00:00-04:00,23.329999923706055,23.3700008392334,23.329999923706055,23.3700008392334,6300,0.0,0.0,0.0
2023-04-24 00:00:00-04:00,23.409000396728516,23.409000396728516,23.409000396728516,23.409000396728516,100,0.0,0.0,0.0
2023-04-25 00:00:00-04:00,23.204999923706055,23.204999923706055,23.204999923706055,23.204999923706055,0,0.0,0.0,0.0
2023-04-26 00:00:00-04:00,22.90999984741211,22.90999984741211,22.8799991607666,22.8799991607666,700,0.0,0.0,0.0
2023-04-27 00:00:00-04:00,23.29199981689453,23.29199981689453,23.29199981689453,23.29199981689453,0,0.0,0.0,0.0
2023-04-28 00:00:00-04:00,23.44300079345703,23.44300079345703,23.44300079345703,23.44300079345703,0,0.0,0.0,0.0
2023-05-01 00:00:00-04:00,23.518999099731445,23.518999099731445,23.518999099731445,23.518999099731445,0,0.0,0.0,0.0
2023-05-02 00:00:00-04:00,23.30699920654297,23.30699920654297,23.30699920654297,23.30699920654297,100,0.0,0.0,0.0
2023-05-03 00:00:00-04:00,23.173999786376953,23.173999786376953,23.173999786376953,23.173999786376953,0,0.0,0.0,0.0
2023-05-04 00:00:00-04:00,23.079999923706055,23.079999923706055,23.079999923706055,23.079999923706055,100,0.0,0.0,0.0
2023-05-05 00:00:00-04:00,23.329999923706055,23.329999923706055,23.329999923706055,23.329999923706055,100,0.0,0.0,0.0
2023-05-08 00:00:00-04:00,23.277000427246094,23.277000427246094,23.277000427246094,23.277000427246094,0,0.0,0.0,0.0
2023-05-09 00:00:00-04:00,23.238000869750977,23.238000869750977,23.238000869750977,23.238000869750977,0,0.0,0.0,0.0
2023-05-10 00:00:00-04:00,23.320999145507812,23.320999145507812,23.320999145507812,23.320999145507812,100,0.0,0.0,0.0
2023-05-11 00:00:00-04:00,23.239999771118164,23.239999771118164,23.239999771118164,23.239999771118164,100,0.0,0.0,0.0
2023-05-12 00:00:00-04:00,23.26799964904785,23.26799964904785,23.26799964904785,23.26799964904785,100,0.0,0.0,0.0
2023-05-15 00:00:00-04:00,23.25,23.25,23.2450008392334,23.2450008392334,1400,0.0,0.0,0.0
2023-05-16 00:00:00-04:00,22.989999771118164,22.989999771118164,22.989999771118164,22.989999771118164,100,0.0,0.0,0.0
2023-05-17 00:00:00-04:00,23.124000549316406,23.124000549316406,23.124000549316406,23.124000549316406,0,0.0,0.0,0.0
2023-05-18 00:00:00-04:00,23.049999237060547,23.19099998474121,23.049999237060547,23.19099998474121,100,0.0,0.0,0.0
2023-05-19 00:00:00-04:00,23.207000732421875,23.207000732421875,23.207000732421875,23.207000732421875,0,0.0,0.0,0.0
2023-05-22 00:00:00-04:00,23.145000457763672,23.145000457763672,23.145000457763672,23.145000457763672,0,0.0,0.0,0.0
2023-05-23 00:00:00-04:00,22.976999282836914,22.976999282836914,22.889999389648438,22.889999389648438,500,0.0,0.0,0.0
2023-05-24 00:00:00-04:00,22.780000686645508,22.780000686645508,22.697999954223633,22.697999954223633,4100,0.0,0.0,0.0
2023-05-25 00:00:00-04:00,22.659000396728516,22.659000396728516,22.659000396728516,22.659000396728516,0,0.0,0.0,0.0
2023-05-26 00:00:00-04:00,22.78499984741211,22.78499984741211,22.78499984741211,22.78499984741211,100,0.0,0.0,0.0
2023-05-30 00:00:00-04:00,22.690000534057617,22.690000534057617,22.68199920654297,22.68199920654297,100,0.0,0.0,0.0
2023-05-31 00:00:00-04:00,22.64900016784668,22.64900016784668,22.64900016784668,22.64900016784668,100,0.0,0.0,0.0
2023-06-01 00:00:00-04:00,22.780000686645508,22.780000686645508,22.780000686645508,22.780000686645508,100,0.0,0.0,0.0
2023-06-02 00:00:00-04:00,23.09000015258789,23.09000015258789,23.09000015258789,23.09000015258789,100,0.0,0.0,0.0
2023-06-05 00:00:00-04:00,23.049999237060547,23.049999237060547,23.049999237060547,23.049999237060547,0,0.0,0.0,0.0
2023-06-06 00:00:00-04:00,22.959999084472656,22.993000030517578,22.959999084472656,22.993000030517578,700,0.0,0.0,0.0
2023-06-07 00:00:00-04:00,22.89699935913086,22.89699935913086,22.89699935913086,22.89699935913086,0,0.0,0.0,0.0
2023-06-08 00:00:00-04:00,22.940000534057617,23.024999618530273,22.940000534057617,23.024999618530273,300,0.0,0.0,0.0
2023-06-09 00:00:00-04:00,23.049999237060547,23.049999237060547,23.030000686645508,23.030000686645508,300,0.0,0.0,0.0
2023-06-12 00:00:00-04:00,23.06999969482422,23.149999618530273,23.06999969482422,23.149999618530273,400,0.0,0.0,0.0
2023-06-13 00:00:00-04:00,23.290000915527344,23.31999969482422,23.290000915527344,23.299999237060547,35500,0.0,0.0,0.0
2023-06-14 00:00:00-04:00,23.31999969482422,23.31999969482422,23.260000228881836,23.290000915527344,500,0.0,0.0,0.0
2023-06-15 00:00:00-04:00,23.56999969482422,23.649999618530273,23.56999969482422,23.59000015258789,9300,0.0,0.0,0.0
2023-06-16 00:00:00-04:00,23.65999984741211,23.65999984741211,23.607999801635742,23.607999801635742,200,0.0,0.0,0.0
2023-06-20 00:00:00-04:00,23.440000534057617,23.440000534057617,23.440000534057617,23.440000534057617,100,0.0,0.0,0.0
2023-06-21 00:00:00-04:00,23.420000076293945,23.459999084472656,23.40999984741211,23.40999984741211,300,0.0,0.0,0.0
2023-06-22 00:00:00-04:00,23.39699935913086,23.39699935913086,23.39699935913086,23.39699935913086,100,0.0,0.0,0.0
2023-06-23 00:00:00-04:00,23.239999771118164,23.25,23.239999771118164,23.25,100,0.0,0.0,0.0
2023-06-26 00:00:00-04:00,23.34000015258789,23.34000015258789,23.290000915527344,23.299999237060547,5800,0.0,0.0,0.0
2023-06-27 00:00:00-04:00,23.496000289916992,23.496000289916992,23.496000289916992,23.496000289916992,100,0.0,0.0,0.0
2023-06-28 00:00:00-04:00,23.350000381469727,23.350000381469727,23.350000381469727,23.350000381469727,100,0.0,0.0,0.0
2023-06-29 00:00:00-04:00,23.549999237060547,23.549999237060547,23.549999237060547,23.549999237060547,100,0.0,0.0,0.0
2023-06-30 00:00:00-04:00,23.700000762939453,23.785999298095703,23.700000762939453,23.785999298095703,600,0.0,0.0,0.0
2023-07-03 00:00:00-04:00,23.770000457763672,23.770000457763672,23.729999542236328,23.729999542236328,1500,0.0,0.0,0.0
2023-07-05 00:00:00-04:00,23.709999084472656,23.709999084472656,23.709999084472656,23.709999084472656,100,0.0,0.0,0.0
2023-07-06 00:00:00-04:00,23.548999786376953,23.548999786376953,23.548999786376953,23.548999786376953,0,0.0,0.0,0.0
2023-07-07 00:00:00-04:00,23.4950008392334,23.510000228881836,23.413999557495117,23.413999557495117,1600,0.0,0.0,0.0
2023-07-10 00:00:00-04:00,23.56999969482422,23.56999969482422,23.565000534057617,23.565000534057617,100,0.0,0.0,0.0
2023-07-11 00:00:00-04:00,23.729999542236328,23.809999465942383,23.719999313354492,23.791000366210938,50900,0.0,0.0,0.0
2023-07-12 00:00:00-04:00,23.84000015258789,23.84000015258789,23.84000015258789,23.84000015258789,100,0.0,0.0,0.0
2023-07-13 00:00:00-04:00,23.90999984741211,23.93000030517578,23.902999877929688,23.924999237060547,28800,0.0,0.0,0.0
2023-07-14 00:00:00-04:00,23.924999237060547,23.940000534057617,23.889999389648438,23.889999389648438,3400,0.0,0.0,0.0
2023-07-17 00:00:00-04:00,23.920000076293945,23.940000534057617,23.909000396728516,23.909000396728516,4700,0.0,0.0,0.0
2023-07-18 00:00:00-04:00,24.030000686645508,24.030000686645508,23.933000564575195,24.0,2800,0.0,0.0,0.0
2023-07-19 00:00:00-04:00,24.15999984741211,24.15999984741211,24.111000061035156,24.111000061035156,1200,0.0,0.0,0.0
2023-07-20 00:00:00-04:00,24.190000534057617,24.200000762939453,24.190000534057617,24.200000762939453,2200,0.0,0.0,0.0
2023-07-21 00:00:00-04:00,24.347999572753906,24.347999572753906,24.347999572753906,24.347999572753906,200,0.0,0.0,0.0
2023-07-24 00:00:00-04:00,24.399999618530273,24.399999618530273,24.3799991607666,24.3799991607666,300,0.0,0.0,0.0
2023-07-25 00:00:00-04:00,24.343000411987305,24.459999084472656,24.34000015258789,24.44099998474121,2500,0.0,0.0,0.0
2023-07-26 00:00:00-04:00,24.34000015258789,24.35099983215332,24.309999465942383,24.35099983215332,7600,0.0,0.0,0.0
2023-07-27 00:00:00-04:00,24.290000915527344,24.34000015258789,24.1299991607666,24.139999389648438,6500,0.0,0.0,0.0
2023-07-28 00:00:00-04:00,24.200000762939453,24.219999313354492,24.18400001525879,24.18400001525879,1000,0.0,0.0,0.0
