Date,Open,High,Low,Close,Volume,Dividends,Stock Splits,Capital Gains
2020-12-31 00:00:00-05:00,25.0,25.0,25.0,25.0,0,0.0,0.0,0.0
2021-01-04 00:00:00-05:00,24.705799102783203,24.705799102783203,24.705799102783203,24.705799102783203,0,0.0,0.0,0.0
2021-01-05 00:00:00-05:00,24.83009910583496,25.030000686645508,24.83009910583496,24.99340057373047,637042,0.0,0.0,0.0
2021-01-06 00:00:00-05:00,25.149999618530273,25.450000762939453,24.88010025024414,25.23200035095215,146623,0.0,0.0,0.0
2021-01-07 00:00:00-05:00,25.700000762939453,25.760000228881836,25.649700164794922,25.758399963378906,210033,0.0,0.0,0.0
2021-01-08 00:00:00-05:00,25.90999984741211,25.920000076293945,25.600000381469727,25.85379981994629,156121,0.0,0.0,0.0
2021-01-11 00:00:00-05:00,25.644500732421875,25.850000381469727,25.600000381469727,25.735000610351562,38728,0.0,0.0,0.0
2021-01-12 00:00:00-05:00,25.920000076293945,25.922800064086914,25.75,25.922800064086914,7116,0.0,0.0,0.0
2021-01-13 00:00:00-05:00,25.979999542236328,26.010000228881836,25.917800903320312,25.917800903320312,9558,0.0,0.0,0.0
2021-01-14 00:00:00-05:00,26.079999923706055,26.149999618530273,26.01959991455078,26.01959991455078,2606,0.0,0.0,0.0
2021-01-15 00:00:00-05:00,26.149999618530273,26.149999618530273,25.73509979248047,25.73509979248047,5840,0.0,0.0,0.0
2021-01-19 00:00:00-05:00,25.959999084472656,26.01129913330078,25.959999084472656,26.01129913330078,828,0.0,0.0,0.0
2021-01-20 00:00:00-05:00,26.139999389648438,26.184999465942383,26.094600677490234,26.171300888061523,3115,0.0,0.0,0.0
2021-01-21 00:00:00-05:00,26.094999313354492,26.165000915527344,26.0674991607666,26.134000778198242,2446,0.0,0.0,0.0
2021-01-22 00:00:00-05:00,25.980100631713867,26.229299545288086,25.979999542236328,26.229299545288086,4823,0.0,0.0,0.0
2021-01-25 00:00:00-05:00,26.219999313354492,26.328100204467773,26.219999313354492,26.328100204467773,1315,0.0,0.0,0.0
2021-01-26 00:00:00-05:00,26.290000915527344,26.389999389648438,26.200000762939453,26.311500549316406,26712,0.0,0.0,0.0
2021-01-27 00:00:00-05:00,26.049999237060547,26.05500030517578,25.889999389648438,25.965200424194336,5282,0.0,0.0,0.0
2021-01-28 00:00:00-05:00,26.110000610351562,26.25,26.07029914855957,26.07029914855957,3937,0.0,0.0,0.0
2021-01-29 00:00:00-05:00,25.620500564575195,25.735000610351562,25.620500564575195,25.649999618530273,2706,0.0,0.0,0.0
2021-02-01 00:00:00-05:00,26.09000015258789,26.239999771118164,26.09000015258789,26.239999771118164,14925,0.0,0.0,0.0
2021-02-02 00:00:00-05:00,26.530000686645508,26.5625,26.530000686645508,26.5625,473,0.0,0.0,0.0
2021-02-03 00:00:00-05:00,26.6299991607666,26.6299991607666,26.600000381469727,26.61400032043457,4792,0.0,0.0,0.0
2021-02-04 00:00:00-05:00,26.899999618530273,26.950000762939453,26.899999618530273,26.949199676513672,2482,0.0,0.0,0.0
2021-02-05 00:00:00-05:00,27.102100372314453,27.144399642944336,27.102100372314453,27.144399642944336,1103,0.0,0.0,0.0
2021-02-08 00:00:00-05:00,27.420000076293945,27.52989959716797,27.15999984741211,27.513900756835938,11779,0.0,0.0,0.0
2021-02-09 00:00:00-05:00,27.619400024414062,27.679899215698242,27.58650016784668,27.58650016784668,1495,0.0,0.0,0.0
2021-02-10 00:00:00-05:00,27.81999969482422,27.829999923706055,27.526199340820312,27.540000915527344,1525,0.0,0.0,0.0
2021-02-11 00:00:00-05:00,27.7450008392334,27.7450008392334,27.6299991607666,27.640899658203125,1641,0.0,0.0,0.0
2021-02-12 00:00:00-05:00,27.760000228881836,27.760000228881836,27.68000030517578,27.756900787353516,5562,0.0,0.0,0.0
2021-02-16 00:00:00-05:00,27.80500030517578,27.80500030517578,27.6914005279541,27.6914005279541,4382,0.0,0.0,0.0
2021-02-17 00:00:00-05:00,27.440000534057617,27.524999618530273,27.436100006103516,27.520200729370117,4397,0.0,0.0,0.0
2021-02-18 00:00:00-05:00,27.219999313354492,27.239999771118164,27.219900131225586,27.237199783325195,951,0.0,0.0,0.0
2021-02-19 00:00:00-05:00,27.63990020751953,27.63990020751953,27.471099853515625,27.471099853515625,4207,0.0,0.0,0.0
2021-02-22 00:00:00-05:00,27.334999084472656,27.375,27.020000457763672,27.06170082092285,9392,0.0,0.0,0.0
2021-02-23 00:00:00-05:00,26.299999237060547,26.927799224853516,26.299999237060547,26.927799224853516,2737,0.0,0.0,0.0
2021-02-24 00:00:00-05:00,27.238399505615234,27.28499984741211,27.200000762939453,27.264299392700195,5521,0.0,0.0,0.0
2021-02-25 00:00:00-05:00,26.924999237060547,26.924999237060547,26.736600875854492,26.736600875854492,877,0.0,0.0,0.0
2021-02-26 00:00:00-05:00,26.670000076293945,26.815000534057617,26.670000076293945,26.799999237060547,2418,0.0,0.0,0.0
2021-03-01 00:00:00-05:00,27.5,27.65999984741211,27.450000762939453,27.555500030517578,2393,0.0,0.0,0.0
2021-03-02 00:00:00-05:00,27.46500015258789,27.51059913635254,27.2992000579834,27.2992000579834,2429,0.0,0.0,0.0
2021-03-03 00:00:00-05:00,27.309999465942383,27.385000228881836,27.22100067138672,27.221599578857422,8106,0.0,0.0,0.0
2021-03-04 00:00:00-05:00,27.155000686645508,27.155000686645508,26.675899505615234,26.675899505615234,540,0.0,0.0,0.0
2021-03-05 00:00:00-05:00,26.93000030517578,27.300100326538086,26.489900588989258,27.300100326538086,92767,0.0,0.0,0.0
2021-03-08 00:00:00-05:00,27.549999237060547,27.700000762939453,27.38159942626953,27.38159942626953,419905,0.0,0.0,0.0
2021-03-09 00:00:00-05:00,27.709999084472656,27.709999084472656,27.534700393676758,27.534700393676758,239,0.0,0.0,0.0
2021-03-10 00:00:00-05:00,27.81999969482422,27.90999984741211,27.809999465942383,27.876100540161133,5996,0.0,0.0,0.0
2021-03-11 00:00:00-05:00,28.09000015258789,28.290000915527344,28.080799102783203,28.160499572753906,5109,0.0,0.0,0.0
2021-03-12 00:00:00-05:00,28.280000686645508,28.43899917602539,28.260000228881836,28.43899917602539,3146,0.0,0.0,0.0
2021-03-15 00:00:00-04:00,28.8700008392334,28.8700008392334,28.229999542236328,28.438499450683594,16408,0.0,0.0,0.0
2021-03-16 00:00:00-04:00,28.260000228881836,28.260000228881836,28.095699310302734,28.095699310302734,5174,0.0,0.0,0.0
2021-03-17 00:00:00-04:00,28.15999984741211,28.349899291992188,28.059999465942383,28.264299392700195,12935,0.0,0.0,0.0
2021-03-18 00:00:00-04:00,28.420000076293945,28.56999969482422,27.909299850463867,27.909299850463867,5273,0.0,0.0,0.0
2021-03-19 00:00:00-04:00,27.75,28.02989959716797,27.75,27.906099319458008,4431,0.0,0.0,0.0
2021-03-22 00:00:00-04:00,27.739999771118164,27.739999771118164,27.541099548339844,27.547300338745117,656,0.0,0.0,0.0
2021-03-23 00:00:00-04:00,27.399999618530273,27.399999618530273,26.899999618530273,26.92259979248047,6450,0.0,0.0,0.0
2021-03-24 00:00:00-04:00,27.15999984741211,27.15999984741211,26.642799377441406,26.642799377441406,1988,0.0,0.0,0.0
2021-03-25 00:00:00-04:00,26.920000076293945,27.049299240112305,26.920000076293945,27.049299240112305,5855,0.0,0.0,0.0
2021-03-26 00:00:00-04:00,27.15999984741211,27.42690086364746,27.059499740600586,27.42690086364746,7228,0.0,0.0,0.0
2021-03-29 00:00:00-04:00,27.05500030517578,27.200000762939453,27.05500030517578,27.065900802612305,8212,0.0,0.0,0.0
2021-03-30 00:00:00-04:00,27.31999969482422,27.389999389648438,27.31999969482422,27.329999923706055,10552,0.0,0.0,0.0
2021-03-31 00:00:00-04:00,27.34000015258789,27.459999084472656,27.239999771118164,27.350000381469727,8608,0.0,0.0,0.0
2021-04-01 00:00:00-04:00,27.42799949645996,27.559999465942383,27.401399612426758,27.531099319458008,7836,0.0,0.0,0.0
2021-04-05 00:00:00-04:00,27.719999313354492,27.760000228881836,27.6200008392334,27.6299991607666,15390,0.0,0.0,0.0
2021-04-06 00:00:00-04:00,27.68000030517578,27.68000030517578,27.614999771118164,27.61520004272461,3360,0.0,0.0,0.0
2021-04-07 00:00:00-04:00,27.6200008392334,27.6200008392334,27.53969955444336,27.57159996032715,3752,0.0,0.0,0.0
2021-04-08 00:00:00-04:00,27.459999084472656,27.59819984436035,27.34000015258789,27.59819984436035,4350,0.0,0.0,0.0
2021-04-09 00:00:00-04:00,27.624099731445312,27.730100631713867,27.624099731445312,27.730100631713867,1177,0.0,0.0,0.0
2021-04-12 00:00:00-04:00,27.719999313354492,27.799999237060547,27.719999313354492,27.773000717163086,745,0.0,0.0,0.0
2021-04-13 00:00:00-04:00,27.649999618530273,27.649999618530273,27.60740089416504,27.60740089416504,3252,0.0,0.0,0.0
2021-04-14 00:00:00-04:00,27.875,27.93000030517578,27.74839973449707,27.74839973449707,18836,0.0,0.0,0.0
2021-04-15 00:00:00-04:00,27.760000228881836,27.815000534057617,27.759899139404297,27.815000534057617,3008,0.0,0.0,0.0
2021-04-16 00:00:00-04:00,27.969999313354492,27.989999771118164,27.965999603271484,27.989999771118164,3620,0.0,0.0,0.0
2021-04-19 00:00:00-04:00,27.69499969482422,27.76930046081543,27.69499969482422,27.721099853515625,1127,0.0,0.0,0.0
2021-04-20 00:00:00-04:00,27.389999389648438,27.390199661254883,27.25,27.390199661254883,1272,0.0,0.0,0.0
2021-04-21 00:00:00-04:00,27.68000030517578,27.712799072265625,27.67770004272461,27.712799072265625,449,0.0,0.0,0.0
2021-04-22 00:00:00-04:00,27.610000610351562,27.610000610351562,27.459999084472656,27.477399826049805,3474,0.0,0.0,0.0
2021-04-23 00:00:00-04:00,27.889999389648438,27.889999389648438,27.876100540161133,27.876100540161133,5505,0.0,0.0,0.0
2021-04-26 00:00:00-04:00,28.0,28.020000457763672,27.90999984741211,27.922199249267578,4148,0.0,0.0,0.0
2021-04-27 00:00:00-04:00,28.06999969482422,28.06999969482422,27.950000762939453,28.055999755859375,12370,0.0,0.0,0.0
2021-04-28 00:00:00-04:00,27.96500015258789,28.020000457763672,27.959999084472656,27.969999313354492,6793,0.0,0.0,0.0
2021-04-29 00:00:00-04:00,27.90999984741211,28.06999969482422,27.889999389648438,28.020000457763672,2356,0.0,0.0,0.0
2021-04-30 00:00:00-04:00,27.78499984741211,27.860000610351562,27.770000457763672,27.809999465942383,11967,0.0,0.0,0.0
2021-05-03 00:00:00-04:00,27.950000762939453,28.014999389648438,27.950000762939453,27.956899642944336,10174,0.0,0.0,0.0
2021-05-04 00:00:00-04:00,27.850000381469727,27.8700008392334,27.719999313354492,27.84939956665039,45402,0.0,0.0,0.0
2021-05-05 00:00:00-04:00,27.8700008392334,28.040000915527344,27.915300369262695,27.915300369262695,2831,0.0,0.0,0.0
2021-05-06 00:00:00-04:00,27.959999084472656,28.050100326538086,27.95240020751953,28.050100326538086,3279,0.0,0.0,0.0
2021-05-07 00:00:00-04:00,28.260000228881836,28.338899612426758,28.260000228881836,28.338899612426758,1167,0.0,0.0,0.0
2021-05-10 00:00:00-04:00,28.100000381469727,28.100000381469727,28.063100814819336,28.063100814819336,246,0.0,0.0,0.0
2021-05-11 00:00:00-04:00,28.329999923706055,28.329999923706055,27.674999237060547,27.860000610351562,9797,0.0,0.0,0.0
2021-05-12 00:00:00-04:00,27.40999984741211,27.549999237060547,27.1200008392334,27.1299991607666,4785,0.0,0.0,0.0
2021-05-13 00:00:00-04:00,27.53860092163086,27.53860092163086,27.300100326538086,27.48189926147461,2523,0.0,0.0,0.0
2021-05-14 00:00:00-04:00,27.840299606323242,27.914100646972656,27.840299606323242,27.914100646972656,542,0.0,0.0,0.0
2021-05-17 00:00:00-04:00,27.68000030517578,27.98419952392578,27.68000030517578,27.98419952392578,2602,0.0,0.0,0.0
2021-05-18 00:00:00-04:00,27.854999542236328,27.854999542236328,27.765199661254883,27.765199661254883,175,0.0,0.0,0.0
2021-05-19 00:00:00-04:00,27.510000228881836,27.600000381469727,27.459999084472656,27.577499389648438,5485,0.0,0.0,0.0
2021-05-20 00:00:00-04:00,27.539899826049805,27.610000610351562,27.469999313354492,27.576900482177734,18816,0.0,0.0,0.0
2021-05-21 00:00:00-04:00,27.679500579833984,27.71540069580078,27.679500579833984,27.71540069580078,930,0.0,0.0,0.0
2021-05-24 00:00:00-04:00,27.804899215698242,27.87220001220703,27.804899215698242,27.86840057373047,3064,0.0,0.0,0.0
2021-05-25 00:00:00-04:00,27.799999237060547,27.799999237060547,27.660200119018555,27.660200119018555,922,0.0,0.0,0.0
2021-05-26 00:00:00-04:00,27.79669952392578,27.8700008392334,27.780000686645508,27.82830047607422,7860,0.0,0.0,0.0
2021-05-27 00:00:00-04:00,28.05500030517578,28.076099395751953,27.969999313354492,28.076099395751953,2253,0.0,0.0,0.0
2021-05-28 00:00:00-04:00,28.004499435424805,28.06999969482422,28.004499435424805,28.037200927734375,4379,0.0,0.0,0.0
2021-06-01 00:00:00-04:00,28.299999237060547,28.32670021057129,28.299999237060547,28.32670021057129,693,0.0,0.0,0.0
2021-06-02 00:00:00-04:00,28.209999084472656,28.354999542236328,28.209999084472656,28.308700561523438,8606,0.0,0.0,0.0
2021-06-03 00:00:00-04:00,28.190000534057617,28.329999923706055,28.190000534057617,28.230899810791016,6029,0.0,0.0,0.0
2021-06-04 00:00:00-04:00,28.110000610351562,28.295700073242188,28.110000610351562,28.295700073242188,1276,0.0,0.0,0.0
2021-06-07 00:00:00-04:00,28.174999237060547,28.200000762939453,28.1299991607666,28.191200256347656,3140,0.0,0.0,0.0
2021-06-08 00:00:00-04:00,28.31999969482422,28.31999969482422,28.260900497436523,28.260900497436523,453,0.0,0.0,0.0
2021-06-09 00:00:00-04:00,28.190000534057617,28.190000534057617,28.10219955444336,28.10219955444336,2610,0.0,0.0,0.0
2021-06-10 00:00:00-04:00,28.16830062866211,28.16830062866211,27.98310089111328,27.98310089111328,4600,0.0,0.0,0.0
2021-06-11 00:00:00-04:00,28.049999237060547,28.059999465942383,28.020099639892578,28.052099227905273,15210,0.0,0.0,0.0
2021-06-14 00:00:00-04:00,27.801000595092773,27.88290023803711,27.801000595092773,27.88290023803711,5542,0.0,0.0,0.0
2021-06-15 00:00:00-04:00,27.920000076293945,28.030000686645508,27.920000076293945,27.96500015258789,5228,0.0,0.0,0.0
2021-06-16 00:00:00-04:00,27.8799991607666,27.909900665283203,27.87980079650879,27.87980079650879,1350,0.0,0.0,0.0
2021-06-17 00:00:00-04:00,27.510000228881836,27.780000686645508,27.219999313354492,27.365800857543945,18088,0.0,0.0,0.0
2021-06-18 00:00:00-04:00,27.170000076293945,27.170000076293945,26.910900115966797,26.910900115966797,4670,0.0,0.0,0.0
2021-06-21 00:00:00-04:00,27.170000076293945,27.3799991607666,27.170000076293945,27.350000381469727,4723,0.0,0.0,0.0
2021-06-22 00:00:00-04:00,27.260000228881836,27.406099319458008,27.260000228881836,27.406099319458008,5705,0.0,0.0,0.0
2021-06-23 00:00:00-04:00,27.520000457763672,27.520000457763672,27.399999618530273,27.40410041809082,3530,0.0,0.0,0.0
2021-06-24 00:00:00-04:00,27.539899826049805,27.614500045776367,27.539899826049805,27.614500045776367,6412,0.0,0.0,0.0
2021-06-25 00:00:00-04:00,27.739900588989258,27.75,27.67690086364746,27.67690086364746,1351,0.0,0.0,0.0
2021-06-28 00:00:00-04:00,27.34000015258789,27.43000030517578,27.34000015258789,27.406999588012695,9679,0.0,0.0,0.0
2021-06-29 00:00:00-04:00,27.451099395751953,27.451099395751953,27.3700008392334,27.378000259399414,1995,0.0,0.0,0.0
2021-06-30 00:00:00-04:00,27.3799991607666,27.489900588989258,27.3799991607666,27.489900588989258,6034,0.0,0.0,0.0
2021-07-01 00:00:00-04:00,27.549999237060547,27.625099182128906,27.545000076293945,27.625099182128906,2224,0.0,0.0,0.0
2021-07-02 00:00:00-04:00,27.565000534057617,27.690000534057617,27.560100555419922,27.653099060058594,2723,0.0,0.0,0.0
2021-07-06 00:00:00-04:00,27.325300216674805,27.325300216674805,27.325300216674805,27.325300216674805,63,0.0,0.0,0.0
2021-07-07 00:00:00-04:00,27.270000457763672,27.350000381469727,27.270000457763672,27.281600952148438,3639,0.0,0.0,0.0
2021-07-08 00:00:00-04:00,26.915000915527344,27.110000610351562,26.915000915527344,26.94029998779297,3691,0.0,0.0,0.0
2021-07-09 00:00:00-04:00,27.5,27.513200759887695,27.5,27.513200759887695,202,0.0,0.0,0.0
2021-07-12 00:00:00-04:00,27.639999389648438,27.639999389648438,27.627500534057617,27.627500534057617,112,0.0,0.0,0.0
2021-07-13 00:00:00-04:00,27.39349937438965,27.39349937438965,27.366100311279297,27.366100311279297,786,0.0,0.0,0.0
2021-07-14 00:00:00-04:00,27.350000381469727,27.3700008392334,27.139999389648438,27.176700592041016,24464,0.0,0.0,0.0
2021-07-15 00:00:00-04:00,27.105300903320312,27.105300903320312,27.026100158691406,27.026100158691406,474,0.0,0.0,0.0
2021-07-16 00:00:00-04:00,26.889999389648438,26.95989990234375,26.67569923400879,26.67569923400879,1311,0.0,0.0,0.0
2021-07-19 00:00:00-04:00,26.049999237060547,26.075199127197266,26.049999237060547,26.075199127197266,2125,0.0,0.0,0.0
2021-07-20 00:00:00-04:00,26.559999465942383,26.610000610351562,26.54010009765625,26.57740020751953,80734,0.0,0.0,0.0
2021-07-21 00:00:00-04:00,26.93000030517578,27.129899978637695,26.920000076293945,27.013200759887695,9400,0.0,0.0,0.0
2021-07-22 00:00:00-04:00,26.889999389648438,26.939899444580078,26.874799728393555,26.874799728393555,114229,0.0,0.0,0.0
2021-07-23 00:00:00-04:00,26.945899963378906,27.069900512695312,26.940000534057617,27.057100296020508,4520,0.0,0.0,0.0
2021-07-26 00:00:00-04:00,27.131999969482422,27.248699188232422,27.131999969482422,27.248699188232422,1580,0.0,0.0,0.0
2021-07-27 00:00:00-04:00,26.964000701904297,27.098600387573242,26.964000701904297,27.098600387573242,721,0.0,0.0,0.0
2021-07-28 00:00:00-04:00,27.059999465942383,27.24020004272461,27.059999465942383,27.24020004272461,4790,0.0,0.0,0.0
2021-07-29 00:00:00-04:00,27.452199935913086,27.472999572753906,27.43000030517578,27.45829963684082,1662,0.0,0.0,0.0
2021-07-30 00:00:00-04:00,27.280000686645508,27.280000686645508,27.2450008392334,27.2450008392334,506,0.0,0.0,0.0
2021-08-02 00:00:00-04:00,27.239999771118164,27.450000762939453,27.167800903320312,27.167800903320312,4268,0.0,0.0,0.0
2021-08-03 00:00:00-04:00,27.25,27.377899169921875,27.25,27.377899169921875,887,0.0,0.0,0.0
2021-08-04 00:00:00-04:00,27.145200729370117,27.145200729370117,27.106300354003906,27.106300354003906,215,0.0,0.0,0.0
2021-08-05 00:00:00-04:00,27.280000686645508,27.28730010986328,27.270000457763672,27.28730010986328,3186,0.0,0.0,0.0
2021-08-06 00:00:00-04:00,27.700000762939453,27.700000762939453,27.420000076293945,27.468900680541992,5731,0.0,0.0,0.0
2021-08-09 00:00:00-04:00,27.36009979248047,27.499900817871094,27.36009979248047,27.40049934387207,1098,0.0,0.0,0.0
2021-08-10 00:00:00-04:00,27.59000015258789,27.613800048828125,27.579999923706055,27.613800048828125,708,0.0,0.0,0.0
2021-08-11 00:00:00-04:00,27.655000686645508,27.829999923706055,27.655000686645508,27.81879997253418,6818,0.0,0.0,0.0
2021-08-12 00:00:00-04:00,27.75,27.815200805664062,27.75,27.815200805664062,521,0.0,0.0,0.0
2021-08-13 00:00:00-04:00,27.729999542236328,27.760000228881836,27.715299606323242,27.715299606323242,1503,0.0,0.0,0.0
2021-08-16 00:00:00-04:00,27.563899993896484,27.563899993896484,27.563899993896484,27.563899993896484,93,0.0,0.0,0.0
2021-08-17 00:00:00-04:00,27.079999923706055,27.24340057373047,27.079999923706055,27.24340057373047,276,0.0,0.0,0.0
2021-08-18 00:00:00-04:00,27.33009910583496,27.3700008392334,27.039899826049805,27.039899826049805,3196,0.0,0.0,0.0
2021-08-19 00:00:00-04:00,26.709999084472656,26.709999084472656,26.669300079345703,26.669300079345703,1101,0.0,0.0,0.0
2021-08-20 00:00:00-04:00,26.8799991607666,26.8799991607666,26.829999923706055,26.864200592041016,3908,0.0,0.0,0.0
2021-08-23 00:00:00-04:00,27.1299991607666,27.21339988708496,27.1299991607666,27.21339988708496,518,0.0,0.0,0.0
2021-08-24 00:00:00-04:00,27.6200008392334,27.6200008392334,27.3700008392334,27.420900344848633,2190,0.0,0.0,0.0
2021-08-25 00:00:00-04:00,27.139999389648438,27.639999389648438,27.139999389648438,27.585899353027344,4144,0.0,0.0,0.0
2021-08-26 00:00:00-04:00,27.290000915527344,27.565000534057617,27.290000915527344,27.374900817871094,2772,0.0,0.0,0.0
2021-08-27 00:00:00-04:00,27.56999969482422,27.809999465942383,27.56999969482422,27.76889991760254,460,0.0,0.0,0.0
2021-08-30 00:00:00-04:00,27.65999984741211,27.66200065612793,27.606800079345703,27.606800079345703,433,0.0,0.0,0.0
2021-08-31 00:00:00-04:00,27.540000915527344,27.548900604248047,27.540000915527344,27.548900604248047,967,0.0,0.0,0.0
2021-09-01 00:00:00-04:00,27.479999542236328,27.58989906311035,27.479999542236328,27.51810073852539,3591,0.0,0.0,0.0
2021-09-02 00:00:00-04:00,27.61009979248047,27.653900146484375,27.61009979248047,27.653900146484375,268,0.0,0.0,0.0
2021-09-03 00:00:00-04:00,27.63010025024414,27.63010025024414,27.550100326538086,27.572099685668945,1409,0.0,0.0,0.0
2021-09-07 00:00:00-04:00,27.522899627685547,27.522899627685547,27.45680046081543,27.45680046081543,731,0.0,0.0,0.0
2021-09-08 00:00:00-04:00,27.18000030517578,27.219999313354492,27.15999984741211,27.19059944152832,6958,0.0,0.0,0.0
2021-09-09 00:00:00-04:00,27.310100555419922,27.310100555419922,27.21769905090332,27.21769905090332,207,0.0,0.0,0.0
2021-09-10 00:00:00-04:00,27.262500762939453,27.262500762939453,27.1018009185791,27.1018009185791,385,0.0,0.0,0.0
2021-09-13 00:00:00-04:00,27.239999771118164,27.28860092163086,27.219999313354492,27.28860092163086,9016,0.0,0.0,0.0
2021-09-14 00:00:00-04:00,27.129899978637695,27.129899978637695,26.969999313354492,26.985300064086914,606,0.0,0.0,0.0
2021-09-15 00:00:00-04:00,27.33989906311035,27.33989906311035,27.31999969482422,27.31999969482422,941,0.0,0.0,0.0
2021-09-16 00:00:00-04:00,27.180099487304688,27.202499389648438,27.180099487304688,27.202499389648438,243,0.0,0.0,0.0
2021-09-17 00:00:00-04:00,26.950000762939453,26.95989990234375,26.920900344848633,26.920900344848633,962,0.0,0.0,0.0
2021-09-20 00:00:00-04:00,26.299999237060547,26.329999923706055,26.020000457763672,26.327600479125977,3341,0.0,0.0,0.0
2021-09-21 00:00:00-04:00,26.309999465942383,26.469999313354492,26.309999465942383,26.382400512695312,976,0.0,0.0,0.0
2021-09-22 00:00:00-04:00,26.610000610351562,26.610000610351562,26.55299949645996,26.55299949645996,1492,0.0,0.0,0.0
2021-09-23 00:00:00-04:00,26.850000381469727,26.90999984741211,26.850000381469727,26.850799560546875,2309,0.0,0.0,0.0
2021-09-24 00:00:00-04:00,26.8700008392334,26.899999618530273,26.8700008392334,26.880699157714844,12642,0.0,0.0,0.0
2021-09-27 00:00:00-04:00,26.843299865722656,26.843299865722656,26.843299865722656,26.843299865722656,42,0.0,0.0,0.0
2021-09-28 00:00:00-04:00,26.510000228881836,26.566499710083008,26.48740005493164,26.48740005493164,664,0.0,0.0,0.0
2021-09-29 00:00:00-04:00,26.530099868774414,26.56999969482422,26.470199584960938,26.470199584960938,2706,0.0,0.0,0.0
2021-09-30 00:00:00-04:00,26.510000228881836,26.510000228881836,26.35260009765625,26.35260009765625,8546,0.0,0.0,0.0
2021-10-01 00:00:00-04:00,26.450000762939453,26.520000457763672,26.450000762939453,26.511600494384766,7159,0.0,0.0,0.0
2021-10-04 00:00:00-04:00,26.25,26.270000457763672,26.239999771118164,26.270000457763672,3175,0.0,0.0,0.0
2021-10-05 00:00:00-04:00,26.5,26.559999465942383,26.5,26.5,7320,0.0,0.0,0.0
2021-10-06 00:00:00-04:00,26.280000686645508,26.589799880981445,26.270000457763672,26.589799880981445,30536,0.0,0.0,0.0
2021-10-07 00:00:00-04:00,26.579999923706055,26.579999923706055,26.549999237060547,26.549999237060547,1336,0.0,0.0,0.0
2021-10-08 00:00:00-04:00,26.559999465942383,26.600000381469727,26.559999465942383,26.57979965209961,2431,0.0,0.0,0.0
2021-10-11 00:00:00-04:00,26.520099639892578,26.540000915527344,26.519699096679688,26.519699096679688,5170,0.0,0.0,0.0
2021-10-12 00:00:00-04:00,26.500099182128906,26.52989959716797,26.49799919128418,26.49799919128418,2691,0.0,0.0,0.0
2021-10-13 00:00:00-04:00,26.459999084472656,26.459999084472656,26.40999984741211,26.45680046081543,18952,0.0,0.0,0.0
2021-10-14 00:00:00-04:00,26.510000228881836,26.550199508666992,26.510000228881836,26.550199508666992,3035,0.0,0.0,0.0
2021-10-15 00:00:00-04:00,26.65999984741211,26.665000915527344,26.644699096679688,26.644699096679688,1644,0.0,0.0,0.0
2021-10-18 00:00:00-04:00,26.360000610351562,26.659799575805664,26.360000610351562,26.63599967956543,5997,0.0,0.0,0.0
2021-10-19 00:00:00-04:00,26.741600036621094,26.741600036621094,26.741600036621094,26.741600036621094,31,0.0,0.0,0.0
2021-10-20 00:00:00-04:00,26.810100555419922,26.86989974975586,26.770000457763672,26.83449935913086,9574,0.0,0.0,0.0
2021-10-21 00:00:00-04:00,26.829999923706055,26.893199920654297,26.829999923706055,26.893199920654297,6386,0.0,0.0,0.0
2021-10-22 00:00:00-04:00,26.87070083618164,26.95170021057129,26.87070083618164,26.95170021057129,1424,0.0,0.0,0.0
2021-10-25 00:00:00-04:00,27.059999465942383,27.09079933166504,27.059999465942383,27.09079933166504,6080,0.0,0.0,0.0
2021-10-26 00:00:00-04:00,27.18000030517578,27.190000534057617,27.152999877929688,27.152999877929688,1356,0.0,0.0,0.0
2021-10-27 00:00:00-04:00,27.049999237060547,27.06999969482422,26.935199737548828,26.935199737548828,2059,0.0,0.0,0.0
2021-10-28 00:00:00-04:00,27.20709991455078,27.20709991455078,27.20709991455078,27.20709991455078,109,0.0,0.0,0.0
2021-10-29 00:00:00-04:00,27.219999313354492,27.264699935913086,27.2189998626709,27.264699935913086,3547,0.0,0.0,0.0
2021-11-01 00:00:00-04:00,27.29010009765625,27.36829948425293,27.29010009765625,27.36829948425293,1249,0.0,0.0,0.0
2021-11-02 00:00:00-04:00,27.450000762939453,27.450000762939453,27.360000610351562,27.38249969482422,767,0.0,0.0,0.0
2021-11-03 00:00:00-04:00,27.3700008392334,27.590499877929688,27.3700008392334,27.590499877929688,42970,0.0,0.0,0.0
2021-11-04 00:00:00-04:00,27.610000610351562,27.610000610351562,27.531700134277344,27.606700897216797,3559,0.0,0.0,0.0
2021-11-05 00:00:00-04:00,27.700000762939453,27.701000213623047,27.654600143432617,27.654600143432617,4676,0.0,0.0,0.0
2021-11-08 00:00:00-05:00,27.700000762939453,27.760000228881836,27.68000030517578,27.718399047851562,32712,0.0,0.0,0.0
2021-11-09 00:00:00-05:00,27.520099639892578,27.55820083618164,27.520099639892578,27.55820083618164,488,0.0,0.0,0.0
2021-11-10 00:00:00-05:00,27.569900512695312,27.569900512695312,27.309900283813477,27.319000244140625,11349,0.0,0.0,0.0
2021-11-11 00:00:00-05:00,27.389999389648438,27.40049934387207,27.335599899291992,27.335599899291992,225,0.0,0.0,0.0
2021-11-12 00:00:00-05:00,27.43000030517578,27.470300674438477,27.40999984741211,27.470300674438477,8015,0.0,0.0,0.0
2021-11-15 00:00:00-05:00,27.469999313354492,27.520000457763672,27.399999618530273,27.459999084472656,40299,0.0,0.0,0.0
2021-11-16 00:00:00-05:00,27.530000686645508,27.72010040283203,27.530000686645508,27.6924991607666,95314,0.0,0.0,0.0
2021-11-17 00:00:00-05:00,27.610000610351562,27.614999771118164,27.56170082092285,27.565099716186523,18787,0.0,0.0,0.0
2021-11-18 00:00:00-05:00,27.489999771118164,27.638200759887695,27.489999771118164,27.638200759887695,18102,0.0,0.0,0.0
2021-11-19 00:00:00-05:00,27.521499633789062,27.672199249267578,27.521499633789062,27.573400497436523,3940,0.0,0.0,0.0
2021-11-22 00:00:00-05:00,27.810100555419922,27.810100555419922,27.450700759887695,27.450700759887695,28995,0.0,0.0,0.0
2021-11-23 00:00:00-05:00,27.170499801635742,27.42460060119629,27.170499801635742,27.42460060119629,5174,0.0,0.0,0.0
2021-11-24 00:00:00-05:00,27.31399917602539,27.569900512695312,27.31399917602539,27.537399291992188,1515,0.0,0.0,0.0
2021-11-26 00:00:00-05:00,26.832399368286133,26.832399368286133,26.832399368286133,26.832399368286133,32,0.0,0.0,0.0
2021-11-29 00:00:00-05:00,27.22369956970215,27.22369956970215,27.22369956970215,27.22369956970215,62,0.0,0.0,0.0
2021-11-30 00:00:00-05:00,27.040000915527344,27.040000915527344,26.67609977722168,26.67609977722168,1954,0.0,0.0,0.0
2021-12-01 00:00:00-05:00,26.729999542236328,26.729999542236328,26.239500045776367,26.239500045776367,8704,0.0,0.0,0.0
2021-12-02 00:00:00-05:00,26.588699340820312,26.588699340820312,26.588699340820312,26.588699340820312,24,0.0,0.0,0.0
2021-12-03 00:00:00-05:00,26.020000457763672,26.090099334716797,25.889999389648438,26.088899612426758,3241,0.0,0.0,0.0
2021-12-06 00:00:00-05:00,26.209999084472656,26.429899215698242,26.200000762939453,26.374799728393555,1790,0.0,0.0,0.0
2021-12-07 00:00:00-05:00,27.040000915527344,27.066999435424805,27.016599655151367,27.016599655151367,1160,0.0,0.0,0.0
2021-12-08 00:00:00-05:00,27.190000534057617,27.190000534057617,27.149999618530273,27.172100067138672,4820,0.0,0.0,0.0
2021-12-09 00:00:00-05:00,26.950000762939453,27.000099182128906,26.824100494384766,26.824100494384766,30520,0.0,0.0,0.0
2021-12-10 00:00:00-05:00,26.780000686645508,26.967500686645508,26.780000686645508,26.967500686645508,2635,0.0,0.0,0.0
2021-12-13 00:00:00-05:00,26.68000030517578,26.68000030517578,26.559099197387695,26.559099197387695,366,0.0,0.0,0.0
2021-12-14 00:00:00-05:00,26.329999923706055,26.399999618530273,26.11009979248047,26.29669952392578,17225,0.0,0.0,0.0
2021-12-15 00:00:00-05:00,26.170000076293945,26.71739959716797,26.1299991607666,26.71739959716797,85101,0.0,0.0,0.0
2021-12-16 00:00:00-05:00,26.6299991607666,26.710100173950195,26.29050064086914,26.33300018310547,78660,0.0,0.0,0.0
2021-12-17 00:00:00-05:00,25.918800354003906,26.329999923706055,25.918800354003906,26.139999389648438,50820,0.0,0.0,0.0
2021-12-20 00:00:00-05:00,25.489999771118164,25.749900817871094,25.489999771118164,25.68000030517578,45474,0.0,0.0,0.0
2021-12-21 00:00:00-05:00,25.8799991607666,26.31999969482422,25.8799991607666,26.31999969482422,137742,0.0,0.0,0.0
2021-12-22 00:00:00-05:00,26.540000915527344,26.628700256347656,26.510000228881836,26.628700256347656,114380,0.0,0.0,0.0
2021-12-23 00:00:00-05:00,26.809999465942383,26.8700008392334,26.790000915527344,26.848100662231445,172944,0.0,0.0,0.0
2021-12-27 00:00:00-05:00,27.178499221801758,27.22480010986328,27.178499221801758,27.22480010986328,158,0.0,0.0,0.0
2021-12-28 00:00:00-05:00,27.116199493408203,27.116199493408203,27.116199493408203,27.116199493408203,169,0.0,0.0,0.0
2021-12-29 00:00:00-05:00,27.0,27.0,26.649999618530273,26.688899993896484,3919,0.0,0.0,0.0
2021-12-30 00:00:00-05:00,26.582500457763672,26.582500457763672,26.582500457763672,26.582500457763672,17,0.0,0.0,0.0
2021-12-31 00:00:00-05:00,26.570100784301758,26.570100784301758,26.483600616455078,26.483600616455078,127,0.0,0.0,0.0
2022-01-03 00:00:00-05:00,26.6299991607666,26.749900817871094,26.6299991607666,26.731599807739258,481,0.0,0.0,0.0
2022-01-04 00:00:00-05:00,26.68000030517578,26.68000030517578,26.510000228881836,26.638399124145508,21117,0.0,0.0,0.0
2022-01-05 00:00:00-05:00,26.479999542236328,26.479999542236328,25.8700008392334,25.8700008392334,43443,0.0,0.0,0.0
2022-01-06 00:00:00-05:00,25.95159912109375,25.95159912109375,25.95159912109375,25.95159912109375,57,0.0,0.0,0.0
2022-01-07 00:00:00-05:00,25.739999771118164,25.7716007232666,25.739999771118164,25.7716007232666,2900,0.0,0.0,0.0
2022-01-10 00:00:00-05:00,25.200000762939453,25.736900329589844,25.200000762939453,25.736900329589844,126100,0.0,0.0,0.0
2022-01-11 00:00:00-05:00,26.030000686645508,26.042200088500977,26.030000686645508,26.042200088500977,694,0.0,0.0,0.0
2022-01-12 00:00:00-05:00,26.050100326538086,26.194499969482422,26.049999237060547,26.194499969482422,10249,0.0,0.0,0.0
2022-01-13 00:00:00-05:00,25.594999313354492,25.594999313354492,25.594999313354492,25.594999313354492,3,0.0,0.0,0.0
2022-01-14 00:00:00-05:00,25.5,25.723100662231445,25.5,25.723100662231445,8993,0.0,0.0,0.0
2022-01-18 00:00:00-05:00,25.3799991607666,25.38010025024414,25.1200008392334,25.144899368286133,13717,0.0,0.0,0.0
2022-01-19 00:00:00-05:00,25.079999923706055,25.079999923706055,24.920700073242188,24.920700073242188,477,0.0,0.0,0.0
2022-01-20 00:00:00-05:00,25.359899520874023,25.359899520874023,24.64940071105957,24.64940071105957,200,0.0,0.0,0.0
2022-01-21 00:00:00-05:00,24.18000030517578,24.18000030517578,24.049999237060547,24.049999237060547,2057,0.0,0.0,0.0
2022-01-24 00:00:00-05:00,23.459999084472656,24.334999084472656,23.459999084472656,24.324199676513672,693,0.0,0.0,0.0
2022-01-25 00:00:00-05:00,25.6299991607666,25.6299991607666,23.809999465942383,23.84980010986328,655,0.0,0.0,0.0
2022-01-26 00:00:00-05:00,24.139999389648438,24.260000228881836,23.659000396728516,23.659000396728516,425,0.0,0.0,0.0
2022-01-27 00:00:00-05:00,23.739999771118164,23.739999771118164,23.309999465942383,23.536100387573242,15413,0.0,0.0,0.0
2022-01-28 00:00:00-05:00,23.68000030517578,24.025999069213867,23.61989974975586,24.025999069213867,2969,0.0,0.0,0.0
2022-01-31 00:00:00-05:00,24.430099487304688,24.77429962158203,24.430099487304688,24.77429962158203,3447,0.0,0.0,0.0
2022-02-01 00:00:00-05:00,24.9867000579834,24.9867000579834,24.9867000579834,24.9867000579834,1,0.0,0.0,0.0
2022-02-02 00:00:00-05:00,25.0,25.0,24.860599517822266,24.860599517822266,522,0.0,0.0,0.0
2022-02-03 00:00:00-05:00,24.309999465942383,24.31999969482422,24.14430046081543,24.14430046081543,2329,0.0,0.0,0.0
2022-02-04 00:00:00-05:00,23.920000076293945,24.52199935913086,23.920000076293945,24.52199935913086,1866,0.0,0.0,0.0
2022-02-07 00:00:00-05:00,26.479999542236328,26.479999542236328,24.579999923706055,24.579999923706055,6523,0.0,0.0,0.0
2022-02-08 00:00:00-05:00,24.670000076293945,24.829299926757812,24.6299991607666,24.829299926757812,4128,0.0,0.0,0.0
2022-02-09 00:00:00-05:00,24.700000762939453,25.322500228881836,24.700000762939453,25.322500228881836,7053,0.0,0.0,0.0
2022-02-10 00:00:00-05:00,25.139999389648438,25.209999084472656,25.079999923706055,25.13759994506836,18424,0.0,0.0,0.0
2022-02-11 00:00:00-05:00,24.7450008392334,24.7450008392334,24.51810073852539,24.51810073852539,318,0.0,0.0,0.0
2022-02-14 00:00:00-05:00,24.520000457763672,24.520000457763672,24.40519905090332,24.40519905090332,9345,0.0,0.0,0.0
2022-02-15 00:00:00-05:00,24.825599670410156,24.996299743652344,24.825599670410156,24.996299743652344,170,0.0,0.0,0.0
2022-02-16 00:00:00-05:00,24.91659927368164,24.91659927368164,24.91659927368164,24.91659927368164,60,0.0,0.0,0.0
2022-02-17 00:00:00-05:00,24.242900848388672,24.242900848388672,24.044200897216797,24.044200897216797,382,0.0,0.0,0.0
2022-02-18 00:00:00-05:00,23.63159942626953,23.63159942626953,23.63159942626953,23.63159942626953,84,0.0,0.0,0.0
2022-02-22 00:00:00-05:00,23.36199951171875,23.36199951171875,23.36199951171875,23.36199951171875,177,0.0,0.0,0.0
2022-02-23 00:00:00-05:00,23.270000457763672,23.299999237060547,22.760000228881836,22.826499938964844,2207,0.0,0.0,0.0
2022-02-24 00:00:00-05:00,23.329999923706055,23.482500076293945,23.299999237060547,23.482500076293945,238,0.0,0.0,0.0
2022-02-25 00:00:00-05:00,23.909000396728516,23.919200897216797,23.760099411010742,23.919200897216797,18371,0.0,0.0,0.0
2022-02-28 00:00:00-05:00,23.950700759887695,23.950700759887695,23.950700759887695,23.950700759887695,4,0.0,0.0,0.0
2022-03-01 00:00:00-05:00,23.649999618530273,23.667200088500977,23.649999618530273,23.667200088500977,350,0.0,0.0,0.0
2022-03-02 00:00:00-05:00,24.034900665283203,24.034900665283203,24.034900665283203,24.034900665283203,41,0.0,0.0,0.0
2022-03-03 00:00:00-05:00,23.6200008392334,23.6200008392334,23.609600067138672,23.609600067138672,807,0.0,0.0,0.0
2022-03-04 00:00:00-05:00,23.085800170898438,23.085800170898438,23.085800170898438,23.085800170898438,4,0.0,0.0,0.0
2022-03-07 00:00:00-05:00,22.489999771118164,22.489999771118164,22.231000900268555,22.231000900268555,2694,0.0,0.0,0.0
2022-03-08 00:00:00-05:00,22.690000534057617,22.690000534057617,22.26889991760254,22.26889991760254,1722,0.0,0.0,0.0
2022-03-09 00:00:00-05:00,22.838600158691406,22.838600158691406,22.838600158691406,22.838600158691406,31,0.0,0.0,0.0
2022-03-10 00:00:00-05:00,22.730499267578125,22.730499267578125,22.730499267578125,22.730499267578125,12,0.0,0.0,0.0
2022-03-11 00:00:00-05:00,22.510000228881836,22.510000228881836,22.26099967956543,22.26099967956543,521,0.0,0.0,0.0
2022-03-14 00:00:00-04:00,21.778900146484375,21.778900146484375,21.778900146484375,21.778900146484375,2,0.0,0.0,0.0
2022-03-15 00:00:00-04:00,22.219999313354492,22.279800415039062,22.219999313354492,22.279800415039062,220,0.0,0.0,0.0
2022-03-16 00:00:00-04:00,22.900100708007812,23.016300201416016,22.899999618530273,23.016300201416016,571,0.0,0.0,0.0
2022-03-17 00:00:00-04:00,23.020099639892578,23.49720001220703,23.020099639892578,23.49720001220703,213,0.0,0.0,0.0
2022-03-18 00:00:00-04:00,23.96649932861328,23.96649932861328,23.96649932861328,23.96649932861328,69,0.0,0.0,0.0
2022-03-21 00:00:00-04:00,23.775800704956055,23.775800704956055,23.775800704956055,23.775800704956055,10,0.0,0.0,0.0
2022-03-22 00:00:00-04:00,24.233600616455078,24.233600616455078,24.233600616455078,24.233600616455078,8,0.0,0.0,0.0
2022-03-23 00:00:00-04:00,24.309999465942383,24.354999542236328,24.03219985961914,24.03219985961914,724,0.0,0.0,0.0
2022-03-24 00:00:00-04:00,24.40089988708496,24.40089988708496,24.40089988708496,24.40089988708496,1,0.0,0.0,0.0
2022-03-25 00:00:00-04:00,24.213699340820312,24.213699340820312,24.213699340820312,24.213699340820312,4,0.0,0.0,0.0
2022-03-28 00:00:00-04:00,24.418699264526367,24.418699264526367,24.418699264526367,24.418699264526367,16,0.0,0.0,0.0
2022-03-29 00:00:00-04:00,24.634300231933594,24.860700607299805,24.634300231933594,24.860700607299805,447,0.0,0.0,0.0
2022-03-30 00:00:00-04:00,24.6299991607666,24.6299991607666,24.415199279785156,24.44379997253418,3781,0.0,0.0,0.0
2022-03-31 00:00:00-04:00,24.229999542236328,24.264999389648438,24.16349983215332,24.16349983215332,1126,0.0,0.0,0.0
2022-04-01 00:00:00-04:00,24.149999618530273,24.180299758911133,24.149999618530273,24.180299758911133,186,0.0,0.0,0.0
2022-04-04 00:00:00-04:00,24.559999465942383,24.559999465942383,24.53580093383789,24.53580093383789,4102,0.0,0.0,0.0
2022-04-05 00:00:00-04:00,23.9552001953125,23.9552001953125,23.9552001953125,23.9552001953125,2,0.0,0.0,0.0
2022-04-06 00:00:00-04:00,23.3435001373291,23.401899337768555,23.3435001373291,23.401899337768555,1471,0.0,0.0,0.0
2022-04-07 00:00:00-04:00,23.520000457763672,23.520000457763672,23.43560028076172,23.43560028076172,2562,0.0,0.0,0.0
2022-04-08 00:00:00-04:00,23.178800582885742,23.178800582885742,23.178800582885742,23.178800582885742,186,0.0,0.0,0.0
2022-04-11 00:00:00-04:00,22.956499099731445,22.956499099731445,22.956499099731445,22.956499099731445,4,0.0,0.0,0.0
2022-04-12 00:00:00-04:00,22.94099998474121,22.94099998474121,22.91390037536621,22.91390037536621,294,0.0,0.0,0.0
2022-04-13 00:00:00-04:00,23.41390037536621,23.41390037536621,23.41390037536621,23.41390037536621,4,0.0,0.0,0.0
2022-04-14 00:00:00-04:00,22.96489906311035,22.96489906311035,22.96489906311035,22.96489906311035,65,0.0,0.0,0.0
2022-04-18 00:00:00-04:00,22.899900436401367,22.899900436401367,22.846599578857422,22.846599578857422,265,0.0,0.0,0.0
2022-04-19 00:00:00-04:00,23.25,23.34280014038086,23.25,23.34280014038086,2583,0.0,0.0,0.0
2022-04-20 00:00:00-04:00,23.07819938659668,23.07819938659668,23.07819938659668,23.07819938659668,27,0.0,0.0,0.0
2022-04-21 00:00:00-04:00,22.559999465942383,22.559999465942383,22.474700927734375,22.474700927734375,201,0.0,0.0,0.0
2022-04-22 00:00:00-04:00,21.94070053100586,21.94070053100586,21.94070053100586,21.94070053100586,6,0.0,0.0,0.0
2022-04-25 00:00:00-04:00,22.22170066833496,22.22170066833496,22.22170066833496,22.22170066833496,1,0.0,0.0,0.0
2022-04-26 00:00:00-04:00,21.581600189208984,21.581600189208984,21.581600189208984,21.581600189208984,64,0.0,0.0,0.0
2022-04-27 00:00:00-04:00,21.719999313354492,21.719999313354492,21.5,21.516300201416016,7956,0.0,0.0,0.0
2022-04-28 00:00:00-04:00,21.6200008392334,22.1343994140625,21.6200008392334,22.1343994140625,126,0.0,0.0,0.0
2022-04-29 00:00:00-04:00,21.90999984741211,21.90999984741211,21.294300079345703,21.294300079345703,162,0.0,0.0,0.0
2022-05-02 00:00:00-04:00,21.626100540161133,21.626100540161133,21.626100540161133,21.626100540161133,6,0.0,0.0,0.0
2022-05-03 00:00:00-04:00,21.56999969482422,21.6299991607666,21.56999969482422,21.6210994720459,5693,0.0,0.0,0.0
2022-05-04 00:00:00-04:00,21.489999771118164,22.190000534057617,21.325000762939453,22.170000076293945,5927,0.0,0.0,0.0
2022-05-05 00:00:00-04:00,21.170299530029297,21.170299530029297,21.170299530029297,21.170299530029297,2,0.0,0.0,0.0
2022-05-06 00:00:00-04:00,20.878000259399414,20.878000259399414,20.878000259399414,20.878000259399414,2,0.0,0.0,0.0
2022-05-09 00:00:00-04:00,19.966100692749023,19.966100692749023,19.966100692749023,19.966100692749023,3,0.0,0.0,0.0
2022-05-10 00:00:00-04:00,20.009199142456055,20.009199142456055,20.009199142456055,20.009199142456055,54,0.0,0.0,0.0
2022-05-11 00:00:00-04:00,20.0,20.020000457763672,19.549999237060547,19.549999237060547,2072,0.0,0.0,0.0
2022-05-12 00:00:00-04:00,19.459999084472656,19.752500534057617,19.459999084472656,19.752500534057617,101,0.0,0.0,0.0
2022-05-13 00:00:00-04:00,20.478900909423828,20.478900909423828,20.478900909423828,20.478900909423828,1,0.0,0.0,0.0
2022-05-16 00:00:00-04:00,20.389999389648438,20.389999389648438,20.186199188232422,20.186199188232422,5322,0.0,0.0,0.0
2022-05-17 00:00:00-04:00,20.5,20.600000381469727,20.389999389648438,20.59000015258789,23568,0.0,0.0,0.0
2022-05-18 00:00:00-04:00,19.813800811767578,19.813800811767578,19.813800811767578,19.813800811767578,1,0.0,0.0,0.0
2022-05-19 00:00:00-04:00,19.989299774169922,19.989299774169922,19.989299774169922,19.989299774169922,43,0.0,0.0,0.0
2022-05-20 00:00:00-04:00,19.649999618530273,19.945100784301758,19.540000915527344,19.945100784301758,3759,0.0,0.0,0.0
2022-05-23 00:00:00-04:00,20.09000015258789,20.149999618530273,20.09000015258789,20.14080047607422,992,0.0,0.0,0.0
2022-05-24 00:00:00-04:00,19.718900680541992,19.718900680541992,19.718900680541992,19.718900680541992,1,0.0,0.0,0.0
2022-05-25 00:00:00-04:00,19.920000076293945,20.07939910888672,19.920000076293945,20.07939910888672,101,0.0,0.0,0.0
2022-05-26 00:00:00-04:00,20.440000534057617,20.50200080871582,20.440000534057617,20.50200080871582,100,0.0,0.0,0.0
2022-05-27 00:00:00-04:00,20.899999618530273,21.03499984741211,20.899999618530273,21.03499984741211,100,0.0,0.0,0.0
2022-05-31 00:00:00-04:00,20.861099243164062,20.861099243164062,20.861099243164062,20.861099243164062,1,0.0,0.0,0.0
2022-06-01 00:00:00-04:00,20.579999923706055,20.733999252319336,20.579999923706055,20.733999252319336,102,0.0,0.0,0.0
2022-06-02 00:00:00-04:00,21.020000457763672,21.266799926757812,21.020000457763672,21.266799926757812,100,0.0,0.0,0.0
2022-06-03 00:00:00-04:00,20.850000381469727,20.850000381469727,20.825000762939453,20.825000762939453,7781,0.0,0.0,0.0
2022-06-06 00:00:00-04:00,20.913700103759766,20.913700103759766,20.913700103759766,20.913700103759766,45,0.0,0.0,0.0
2022-06-07 00:00:00-04:00,21.13249969482422,21.13249969482422,21.13249969482422,21.13249969482422,1,0.0,0.0,0.0
2022-06-08 00:00:00-04:00,20.974300384521484,20.974300384521484,20.974300384521484,20.974300384521484,7,0.0,0.0,0.0
2022-06-09 00:00:00-04:00,20.51729965209961,20.51729965209961,20.51729965209961,20.51729965209961,115,0.0,0.0,0.0
2022-06-10 00:00:00-04:00,19.858699798583984,19.858699798583984,19.858699798583984,19.858699798583984,18,0.0,0.0,0.0
2022-06-13 00:00:00-04:00,19.205900192260742,19.205900192260742,19.06999969482422,19.14419937133789,1004,0.0,0.0,0.0
2022-06-14 00:00:00-04:00,19.270099639892578,19.270099639892578,19.1648006439209,19.1648006439209,1044,0.0,0.0,0.0
2022-06-15 00:00:00-04:00,19.459999084472656,19.459999084472656,19.368499755859375,19.368499755859375,102,0.0,0.0,0.0
2022-06-16 00:00:00-04:00,18.73889923095703,18.73889923095703,18.73889923095703,18.73889923095703,1,0.0,0.0,0.0
2022-06-17 00:00:00-04:00,18.860000610351562,18.889999389648438,18.810100555419922,18.85540008544922,4900,0.0,0.0,0.0
2022-06-21 00:00:00-04:00,19.180099487304688,19.180099487304688,19.115699768066406,19.115699768066406,1510,0.0,0.0,0.0
2022-06-22 00:00:00-04:00,19.05389976501465,19.05389976501465,19.05389976501465,19.05389976501465,20,0.0,0.0,0.0
2022-06-23 00:00:00-04:00,19.110000610351562,19.2987003326416,19.06999969482422,19.2987003326416,3397,0.0,0.0,0.0
2022-06-24 00:00:00-04:00,19.690000534057617,19.82740020751953,19.690000534057617,19.82740020751953,895,0.0,0.0,0.0
2022-06-27 00:00:00-04:00,19.799999237060547,19.799999237060547,19.670000076293945,19.713899612426758,799,0.0,0.0,0.0
2022-06-28 00:00:00-04:00,19.479999542236328,19.510000228881836,19.376100540161133,19.376100540161133,1392,0.0,0.0,0.0
2022-06-29 00:00:00-04:00,19.219999313354492,19.281200408935547,19.219999313354492,19.281200408935547,102,0.0,0.0,0.0
2022-06-30 00:00:00-04:00,19.045000076293945,19.045000076293945,19.045000076293945,19.045000076293945,3,0.0,0.0,0.0
2022-07-01 00:00:00-04:00,18.94529914855957,19.161100387573242,18.94529914855957,19.161100387573242,2793,0.0,0.0,0.0
2022-07-05 00:00:00-04:00,19.309999465942383,19.40019989013672,19.309999465942383,19.40019989013672,186,0.0,0.0,0.0
2022-07-06 00:00:00-04:00,19.365400314331055,19.365400314331055,19.365400314331055,19.365400314331055,1,0.0,0.0,0.0
2022-07-07 00:00:00-04:00,19.727500915527344,19.727500915527344,19.727500915527344,19.727500915527344,3,0.0,0.0,0.0
2022-07-08 00:00:00-04:00,19.702600479125977,19.702600479125977,19.702600479125977,19.702600479125977,1,0.0,0.0,0.0
2022-07-11 00:00:00-04:00,19.350200653076172,19.350200653076172,19.350200653076172,19.350200653076172,13,0.0,0.0,0.0
2022-07-12 00:00:00-04:00,19.229999542236328,19.229999542236328,19.177000045776367,19.177000045776367,6163,0.0,0.0,0.0
2022-07-13 00:00:00-04:00,19.149999618530273,19.16710090637207,19.149999618530273,19.16710090637207,169,0.0,0.0,0.0
2022-07-14 00:00:00-04:00,18.899999618530273,19.027099609375,18.84000015258789,19.027099609375,6102,0.0,0.0,0.0
2022-07-15 00:00:00-04:00,19.239999771118164,19.239999771118164,19.239999771118164,19.239999771118164,200,0.0,0.0,0.0
2022-07-18 00:00:00-04:00,19.289899826049805,19.290000915527344,19.25,19.25,324,0.0,0.0,0.0
2022-07-19 00:00:00-04:00,19.510000228881836,19.639999389648438,19.510000228881836,19.639999389648438,256,0.0,0.0,0.0
2022-07-20 00:00:00-04:00,19.81999969482422,19.93000030517578,19.81999969482422,19.93000030517578,324,0.0,0.0,0.0
2022-07-21 00:00:00-04:00,19.93000030517578,20.059999465942383,19.93000030517578,20.059999465942383,230,0.0,0.0,0.0
2022-07-22 00:00:00-04:00,19.719999313354492,19.719999313354492,19.719999313354492,19.719999313354492,116,0.0,0.0,0.0
2022-07-25 00:00:00-04:00,19.698200225830078,19.698200225830078,19.65999984741211,19.670000076293945,902,0.0,0.0,0.0
2022-07-26 00:00:00-04:00,19.360000610351562,19.360000610351562,19.360000610351562,19.360000610351562,100,0.0,0.0,0.0
2022-07-27 00:00:00-04:00,19.639999389648438,19.850000381469727,19.639999389648438,19.850000381469727,232,0.0,0.0,0.0
2022-07-28 00:00:00-04:00,19.690000534057617,19.979999542236328,19.690000534057617,19.979999542236328,1816,0.0,0.0,0.0
2022-07-29 00:00:00-04:00,19.979999542236328,19.979999542236328,19.979999542236328,19.979999542236328,0,0.0,0.0,0.0
2022-08-01 00:00:00-04:00,19.979999542236328,19.979999542236328,19.979999542236328,19.979999542236328,0,0.0,0.0,0.0
2022-08-02 00:00:00-04:00,19.979999542236328,19.979999542236328,19.979999542236328,19.979999542236328,0,0.0,0.0,0.0
2022-08-03 00:00:00-04:00,19.979999542236328,19.979999542236328,19.979999542236328,19.979999542236328,0,0.0,0.0,0.0
2022-08-04 00:00:00-04:00,19.979999542236328,19.979999542236328,19.979999542236328,19.979999542236328,0,0.0,0.0,0.0
