Date,Open,High,Low,Close,Volume,Dividends,Stock Splits
2021-06-07 00:00:00-04:00,9.779999732971191,9.779999732971191,9.779999732971191,9.779999732971191,10005,0.0,0.0
2021-06-08 00:00:00-04:00,9.779999732971191,9.8100004196167,9.779999732971191,9.800000190734863,1966,0.0,0.0
2021-06-09 00:00:00-04:00,9.729999542236328,9.729999542236328,9.729999542236328,9.729999542236328,200,0.0,0.0
2021-06-10 00:00:00-04:00,9.8100004196167,9.8100004196167,9.739999771118164,9.75,17300,0.0,0.0
2021-06-11 00:00:00-04:00,9.75,9.800000190734863,9.75,9.800000190734863,949,0.0,0.0
2021-06-14 00:00:00-04:00,9.800000190734863,9.800000190734863,9.800000190734863,9.800000190734863,0,0.0,0.0
2021-06-15 00:00:00-04:00,9.770000457763672,9.770000457763672,9.710000038146973,9.729999542236328,138068,0.0,0.0
2021-06-16 00:00:00-04:00,9.699999809265137,9.710000038146973,9.699999809265137,9.710000038146973,15399,0.0,0.0
2021-06-17 00:00:00-04:00,9.710000038146973,9.710000038146973,9.710000038146973,9.710000038146973,6802,0.0,0.0
2021-06-18 00:00:00-04:00,9.710000038146973,9.710000038146973,9.710000038146973,9.710000038146973,0,0.0,0.0
2021-06-21 00:00:00-04:00,9.729999542236328,9.729999542236328,9.729999542236328,9.729999542236328,601,0.0,0.0
2021-06-22 00:00:00-04:00,9.739999771118164,9.920000076293945,9.729999542236328,9.920000076293945,5152,0.0,0.0
2021-06-23 00:00:00-04:00,9.920000076293945,9.920000076293945,9.699999809265137,9.800000190734863,74001,0.0,0.0
2021-06-24 00:00:00-04:00,9.800000190734863,9.800000190734863,9.800000190734863,9.800000190734863,0,0.0,0.0
2021-06-25 00:00:00-04:00,9.739999771118164,9.795000076293945,9.6899995803833,9.75,2557,0.0,0.0
2021-06-28 00:00:00-04:00,9.739999771118164,9.786600112915039,9.65999984741211,9.739999771118164,6428,0.0,0.0
2021-06-29 00:00:00-04:00,9.739999771118164,9.739999771118164,9.65999984741211,9.680000305175781,5906,0.0,0.0
2021-06-30 00:00:00-04:00,9.774999618530273,9.774999618530273,9.774999618530273,9.774999618530273,20691,0.0,0.0
2021-07-01 00:00:00-04:00,9.829999923706055,9.829999923706055,9.779999732971191,9.789999961853027,11852,0.0,0.0
2021-07-02 00:00:00-04:00,9.670000076293945,9.720000267028809,9.65999984741211,9.708499908447266,31749,0.0,0.0
2021-07-06 00:00:00-04:00,9.720000267028809,9.739999771118164,9.720000267028809,9.739999771118164,148081,0.0,0.0
2021-07-07 00:00:00-04:00,9.660099983215332,9.660099983215332,9.660099983215332,9.660099983215332,113,0.0,0.0
2021-07-08 00:00:00-04:00,9.670000076293945,9.670000076293945,9.670000076293945,9.670000076293945,25002,0.0,0.0
2021-07-09 00:00:00-04:00,9.739999771118164,9.739999771118164,9.739999771118164,9.739999771118164,6531,0.0,0.0
2021-07-12 00:00:00-04:00,9.859999656677246,9.859999656677246,9.789999961853027,9.800000190734863,1953,0.0,0.0
2021-07-13 00:00:00-04:00,9.670000076293945,9.800000190734863,9.670000076293945,9.789999961853027,12618,0.0,0.0
2021-07-14 00:00:00-04:00,9.760000228881836,9.760000228881836,9.680000305175781,9.720000267028809,32863,0.0,0.0
2021-07-15 00:00:00-04:00,9.710000038146973,9.710000038146973,9.710000038146973,9.710000038146973,605,0.0,0.0
2021-07-16 00:00:00-04:00,9.710000038146973,9.755000114440918,9.710000038146973,9.755000114440918,9620,0.0,0.0
2021-07-19 00:00:00-04:00,9.755000114440918,9.755000114440918,9.755000114440918,9.755000114440918,0,0.0,0.0
2021-07-20 00:00:00-04:00,9.755000114440918,9.755000114440918,9.755000114440918,9.755000114440918,0,0.0,0.0
2021-07-21 00:00:00-04:00,9.75,9.75,9.710000038146973,9.75,4229,0.0,0.0
2021-07-22 00:00:00-04:00,9.75,9.75,9.75,9.75,0,0.0,0.0
2021-07-23 00:00:00-04:00,9.744999885559082,9.765000343322754,9.6899995803833,9.75,2535,0.0,0.0
2021-07-26 00:00:00-04:00,9.75,9.75,9.75,9.75,0,0.0,0.0
2021-07-27 00:00:00-04:00,9.75,9.75,9.75,9.75,0,0.0,0.0
2021-07-28 00:00:00-04:00,9.75,9.75,9.75,9.75,0,0.0,0.0
2021-07-29 00:00:00-04:00,9.75,9.75,9.75,9.75,0,0.0,0.0
2021-07-30 00:00:00-04:00,9.699999809265137,9.729999542236328,9.65999984741211,9.729999542236328,150300,0.0,0.0
2021-08-02 00:00:00-04:00,9.739999771118164,9.739999771118164,9.699999809265137,9.720000267028809,3228,0.0,0.0
2021-08-03 00:00:00-04:00,9.71049976348877,9.71049976348877,9.71049976348877,9.71049976348877,521,0.0,0.0
2021-08-04 00:00:00-04:00,9.670000076293945,9.710000038146973,9.649999618530273,9.710000038146973,322575,0.0,0.0
2021-08-05 00:00:00-04:00,9.710000038146973,9.710000038146973,9.710000038146973,9.710000038146973,0,0.0,0.0
2021-08-06 00:00:00-04:00,9.649999618530273,9.720000267028809,9.630000114440918,9.720000267028809,11703,0.0,0.0
2021-08-09 00:00:00-04:00,9.720000267028809,9.720000267028809,9.720000267028809,9.720000267028809,0,0.0,0.0
2021-08-10 00:00:00-04:00,9.649999618530273,9.739999771118164,9.649999618530273,9.739999771118164,22174,0.0,0.0
2021-08-11 00:00:00-04:00,9.739999771118164,9.739999771118164,9.739999771118164,9.739999771118164,190,0.0,0.0
2021-08-12 00:00:00-04:00,9.663999557495117,9.739999771118164,9.65999984741211,9.739999771118164,3852,0.0,0.0
2021-08-13 00:00:00-04:00,9.729999542236328,9.729999542236328,9.729999542236328,9.729999542236328,232,0.0,0.0
2021-08-16 00:00:00-04:00,9.729999542236328,9.729999542236328,9.729999542236328,9.729999542236328,0,0.0,0.0
2021-08-17 00:00:00-04:00,9.729999542236328,9.729999542236328,9.729999542236328,9.729999542236328,0,0.0,0.0
2021-08-18 00:00:00-04:00,9.680000305175781,9.729999542236328,9.640000343322754,9.729999542236328,1857,0.0,0.0
2021-08-19 00:00:00-04:00,9.640000343322754,9.6899995803833,9.640000343322754,9.6899995803833,4701,0.0,0.0
2021-08-20 00:00:00-04:00,9.640000343322754,9.6899995803833,9.630000114440918,9.670000076293945,17244,0.0,0.0
2021-08-23 00:00:00-04:00,9.654999732971191,9.699999809265137,9.649999618530273,9.699999809265137,16560,0.0,0.0
2021-08-24 00:00:00-04:00,9.640000343322754,9.710000038146973,9.630000114440918,9.670000076293945,6899,0.0,0.0
2021-08-25 00:00:00-04:00,9.65999984741211,9.699999809265137,9.649999618530273,9.699999809265137,12206,0.0,0.0
2021-08-26 00:00:00-04:00,9.699999809265137,9.699999809265137,9.6899995803833,9.6899995803833,701,0.0,0.0
2021-08-27 00:00:00-04:00,9.65999984741211,9.739999771118164,9.630000114440918,9.729999542236328,214862,0.0,0.0
2021-08-30 00:00:00-04:00,9.739999771118164,9.739999771118164,9.640000343322754,9.710000038146973,3423,0.0,0.0
2021-08-31 00:00:00-04:00,9.719900131225586,9.75,9.672800064086914,9.75,37201,0.0,0.0
2021-09-01 00:00:00-04:00,9.729999542236328,9.729999542236328,9.649999618530273,9.65999984741211,4122,0.0,0.0
2021-09-02 00:00:00-04:00,9.6899995803833,9.720000267028809,9.6899995803833,9.720000267028809,5991,0.0,0.0
2021-09-03 00:00:00-04:00,9.720000267028809,9.720000267028809,9.720000267028809,9.720000267028809,24917,0.0,0.0
2021-09-07 00:00:00-04:00,9.710000038146973,9.729999542236328,9.710000038146973,9.729999542236328,3530,0.0,0.0
2021-09-08 00:00:00-04:00,9.729999542236328,9.729999542236328,9.729999542236328,9.729999542236328,0,0.0,0.0
2021-09-09 00:00:00-04:00,9.710000038146973,9.739999771118164,9.710000038146973,9.739999771118164,300216,0.0,0.0
2021-09-10 00:00:00-04:00,9.739999771118164,9.739999771118164,9.739999771118164,9.739999771118164,0,0.0,0.0
2021-09-13 00:00:00-04:00,9.739999771118164,9.739999771118164,9.739999771118164,9.739999771118164,0,0.0,0.0
2021-09-14 00:00:00-04:00,9.72350025177002,9.770000457763672,9.72350025177002,9.760000228881836,4554,0.0,0.0
2021-09-15 00:00:00-04:00,9.699999809265137,9.75,9.699999809265137,9.75,2839,0.0,0.0
2021-09-16 00:00:00-04:00,9.760000228881836,9.770000457763672,9.760000228881836,9.760000228881836,2500,0.0,0.0
2021-09-17 00:00:00-04:00,9.760000228881836,9.760000228881836,9.760000228881836,9.760000228881836,0,0.0,0.0
2021-09-20 00:00:00-04:00,9.760000228881836,9.760000228881836,9.760000228881836,9.760000228881836,0,0.0,0.0
2021-09-21 00:00:00-04:00,9.75,9.75,9.75,9.75,125,0.0,0.0
2021-09-22 00:00:00-04:00,9.75,9.75,9.75,9.75,0,0.0,0.0
2021-09-23 00:00:00-04:00,9.75,9.75,9.75,9.75,0,0.0,0.0
2021-09-24 00:00:00-04:00,9.75,9.75,9.75,9.75,0,0.0,0.0
2021-09-27 00:00:00-04:00,9.699999809265137,9.75,9.670000076293945,9.75,25801,0.0,0.0
2021-09-28 00:00:00-04:00,9.6899995803833,9.770000457763672,9.6899995803833,9.770000457763672,35316,0.0,0.0
2021-09-29 00:00:00-04:00,9.710000038146973,9.760000228881836,9.670000076293945,9.729999542236328,149227,0.0,0.0
2021-09-30 00:00:00-04:00,9.699999809265137,9.760000228881836,9.670000076293945,9.760000228881836,106406,0.0,0.0
2021-10-01 00:00:00-04:00,9.760000228881836,9.789999961853027,9.720000267028809,9.760000228881836,13815,0.0,0.0
2021-10-04 00:00:00-04:00,9.760000228881836,9.770000457763672,9.710000038146973,9.760000228881836,5020,0.0,0.0
2021-10-05 00:00:00-04:00,9.744999885559082,9.760000228881836,9.744999885559082,9.760000228881836,1048,0.0,0.0
2021-10-06 00:00:00-04:00,9.760000228881836,9.760000228881836,9.760000228881836,9.760000228881836,0,0.0,0.0
2021-10-07 00:00:00-04:00,9.739999771118164,9.779999732971191,9.739999771118164,9.779999732971191,22040,0.0,0.0
2021-10-08 00:00:00-04:00,9.779999732971191,9.779999732971191,9.779999732971191,9.779999732971191,0,0.0,0.0
2021-10-11 00:00:00-04:00,9.779999732971191,9.779999732971191,9.779999732971191,9.779999732971191,0,0.0,0.0
2021-10-12 00:00:00-04:00,9.779999732971191,9.779999732971191,9.779999732971191,9.779999732971191,0,0.0,0.0
2021-10-13 00:00:00-04:00,9.720000267028809,9.770000457763672,9.710000038146973,9.75,10281,0.0,0.0
2021-10-14 00:00:00-04:00,9.75,9.75,9.749899864196777,9.75,2224,0.0,0.0
2021-10-15 00:00:00-04:00,9.720000267028809,9.75,9.710000038146973,9.739999771118164,1774,0.0,0.0
2021-10-18 00:00:00-04:00,9.75,9.75,9.710000038146973,9.739999771118164,951,0.0,0.0
2021-10-19 00:00:00-04:00,9.739999771118164,9.739999771118164,9.739999771118164,9.739999771118164,100100,0.0,0.0
2021-10-20 00:00:00-04:00,9.710100173950195,9.710100173950195,9.710100173950195,9.710100173950195,252,0.0,0.0
2021-10-21 00:00:00-04:00,9.720000267028809,9.75,9.720000267028809,9.739999771118164,100274,0.0,0.0
2021-10-22 00:00:00-04:00,9.720000267028809,9.760000228881836,9.720000267028809,9.75,978,0.0,0.0
2021-10-25 00:00:00-04:00,9.75,9.75,9.75,9.75,0,0.0,0.0
2021-10-26 00:00:00-04:00,9.75,9.75,9.75,9.75,0,0.0,0.0
2021-10-27 00:00:00-04:00,9.720000267028809,9.75,9.710000038146973,9.739999771118164,42832,0.0,0.0
2021-10-28 00:00:00-04:00,9.739999771118164,9.760000228881836,9.729499816894531,9.75,3001,0.0,0.0
2021-10-29 00:00:00-04:00,9.720000267028809,9.770000457763672,9.699999809265137,9.770000457763672,29944,0.0,0.0
2021-11-01 00:00:00-04:00,9.760000228881836,9.779999732971191,9.760000228881836,9.779999732971191,14318,0.0,0.0
2021-11-02 00:00:00-04:00,9.779999732971191,9.779999732971191,9.779999732971191,9.779999732971191,0,0.0,0.0
2021-11-03 00:00:00-04:00,9.770000457763672,9.819999694824219,9.739999771118164,9.819999694824219,116536,0.0,0.0
2021-11-04 00:00:00-04:00,9.819999694824219,9.819999694824219,9.819999694824219,9.819999694824219,0,0.0,0.0
2021-11-05 00:00:00-04:00,9.800000190734863,9.8100004196167,9.800000190734863,9.8100004196167,5686,0.0,0.0
2021-11-08 00:00:00-05:00,9.789999961853027,9.850000381469727,9.779999732971191,9.819999694824219,232435,0.0,0.0
2021-11-09 00:00:00-05:00,9.819999694824219,9.850000381469727,9.760100364685059,9.770000457763672,14313,0.0,0.0
2021-11-10 00:00:00-05:00,9.850000381469727,9.850000381469727,9.760000228881836,9.8100004196167,26836,0.0,0.0
2021-11-11 00:00:00-05:00,9.8100004196167,9.8100004196167,9.8100004196167,9.8100004196167,0,0.0,0.0
2021-11-12 00:00:00-05:00,9.8100004196167,9.849900245666504,9.760000228881836,9.789999961853027,52139,0.0,0.0
2021-11-15 00:00:00-05:00,9.770600318908691,9.800000190734863,9.770600318908691,9.789999961853027,2678,0.0,0.0
2021-11-16 00:00:00-05:00,9.779999732971191,9.789999961853027,9.779999732971191,9.789999961853027,4522,0.0,0.0
2021-11-17 00:00:00-05:00,9.770000457763672,9.829999923706055,9.770000457763672,9.819999694824219,113253,0.0,0.0
2021-11-18 00:00:00-05:00,9.770000457763672,9.850000381469727,9.770000457763672,9.819999694824219,82232,0.0,0.0
2021-11-19 00:00:00-05:00,9.84000015258789,9.859999656677246,9.770000457763672,9.800000190734863,572519,0.0,0.0
2021-11-22 00:00:00-05:00,9.779999732971191,9.84000015258789,9.770000457763672,9.779999732971191,35304,0.0,0.0
2021-11-23 00:00:00-05:00,9.770000457763672,9.789999961853027,9.770000457763672,9.789999961853027,39566,0.0,0.0
2021-11-24 00:00:00-05:00,9.789999961853027,9.789999961853027,9.789999961853027,9.789999961853027,0,0.0,0.0
2021-11-26 00:00:00-05:00,9.75,9.8100004196167,9.75,9.800000190734863,9514,0.0,0.0
2021-11-29 00:00:00-05:00,9.789999961853027,9.789999961853027,9.760000228881836,9.770000457763672,57253,0.0,0.0
2021-11-30 00:00:00-05:00,9.765000343322754,9.789999961853027,9.765000343322754,9.789999961853027,41949,0.0,0.0
2021-12-01 00:00:00-05:00,9.770000457763672,9.789999961853027,9.760000228881836,9.779999732971191,28589,0.0,0.0
2021-12-02 00:00:00-05:00,9.77929973602295,9.789999961853027,9.75,9.770000457763672,473419,0.0,0.0
2021-12-03 00:00:00-05:00,9.770000457763672,9.770000457763672,9.760000228881836,9.770000457763672,23153,0.0,0.0
2021-12-06 00:00:00-05:00,9.760000228881836,9.770000457763672,9.760000228881836,9.770000457763672,34208,0.0,0.0
2021-12-07 00:00:00-05:00,9.760000228881836,9.789999961853027,9.739999771118164,9.789999961853027,74650,0.0,0.0
2021-12-08 00:00:00-05:00,9.789899826049805,9.829999923706055,9.779999732971191,9.779999732971191,119914,0.0,0.0
2021-12-09 00:00:00-05:00,9.760199546813965,9.819999694824219,9.760000228881836,9.789999961853027,47377,0.0,0.0
2021-12-10 00:00:00-05:00,9.776700019836426,9.819999694824219,9.75,9.770000457763672,91772,0.0,0.0
2021-12-13 00:00:00-05:00,9.760100364685059,9.789999961853027,9.75,9.75,16707,0.0,0.0
2021-12-14 00:00:00-05:00,9.739999771118164,9.760000228881836,9.739999771118164,9.744999885559082,23142,0.0,0.0
2021-12-15 00:00:00-05:00,9.729999542236328,9.75,9.710000038146973,9.739999771118164,15289,0.0,0.0
2021-12-16 00:00:00-05:00,9.739999771118164,9.75,9.720000267028809,9.729999542236328,88309,0.0,0.0
2021-12-17 00:00:00-05:00,9.699999809265137,9.734999656677246,9.699999809265137,9.720000267028809,4040,0.0,0.0
2021-12-20 00:00:00-05:00,9.710000038146973,9.720000267028809,9.699999809265137,9.720000267028809,49525,0.0,0.0
2021-12-21 00:00:00-05:00,9.699999809265137,9.739999771118164,9.699999809265137,9.720000267028809,77727,0.0,0.0
2021-12-22 00:00:00-05:00,9.710000038146973,9.739999771118164,9.710000038146973,9.729999542236328,216707,0.0,0.0
2021-12-23 00:00:00-05:00,9.710000038146973,9.739999771118164,9.710000038146973,9.729999542236328,11959,0.0,0.0
2021-12-27 00:00:00-05:00,9.699999809265137,9.729999542236328,9.699999809265137,9.710000038146973,5997,0.0,0.0
2021-12-28 00:00:00-05:00,9.699999809265137,9.729999542236328,9.699999809265137,9.729999542236328,10224,0.0,0.0
2021-12-29 00:00:00-05:00,9.739999771118164,9.75,9.699999809265137,9.75,30284,0.0,0.0
2021-12-30 00:00:00-05:00,9.710000038146973,9.75,9.699999809265137,9.729999542236328,24906,0.0,0.0
2021-12-31 00:00:00-05:00,9.699999809265137,9.75,9.6899995803833,9.739999771118164,43267,0.0,0.0
2022-01-03 00:00:00-05:00,9.739999771118164,9.75,9.739999771118164,9.75,71168,0.0,0.0
2022-01-04 00:00:00-05:00,9.75,9.75,9.75,9.75,0,0.0,0.0
2022-01-05 00:00:00-05:00,9.729999542236328,9.75,9.729999542236328,9.75,8400,0.0,0.0
2022-01-06 00:00:00-05:00,9.75,9.75,9.75,9.75,0,0.0,0.0
2022-01-07 00:00:00-05:00,9.75,9.75,9.75,9.75,2811,0.0,0.0
2022-01-10 00:00:00-05:00,9.75,9.75,9.75,9.75,0,0.0,0.0
2022-01-11 00:00:00-05:00,9.742300033569336,9.760000228881836,9.742300033569336,9.760000228881836,528,0.0,0.0
2022-01-12 00:00:00-05:00,9.760000228881836,9.760000228881836,9.760000228881836,9.760000228881836,0,0.0,0.0
2022-01-13 00:00:00-05:00,9.73009967803955,9.739999771118164,9.729999542236328,9.732000350952148,63586,0.0,0.0
2022-01-14 00:00:00-05:00,9.732000350952148,9.732000350952148,9.732000350952148,9.732000350952148,0,0.0,0.0
2022-01-18 00:00:00-05:00,9.720000267028809,9.720000267028809,9.710000038146973,9.710000038146973,29032,0.0,0.0
2022-01-19 00:00:00-05:00,9.720000267028809,9.720000267028809,9.71500015258789,9.71500015258789,2326,0.0,0.0
2022-01-20 00:00:00-05:00,9.710000038146973,9.710000038146973,9.704999923706055,9.710000038146973,165976,0.0,0.0
2022-01-21 00:00:00-05:00,9.725000381469727,9.725000381469727,9.699999809265137,9.720000267028809,68099,0.0,0.0
2022-01-24 00:00:00-05:00,9.710000038146973,9.710000038146973,9.699999809265137,9.699999809265137,252760,0.0,0.0
2022-01-25 00:00:00-05:00,9.680100440979004,9.699999809265137,9.680000305175781,9.680000305175781,1267,0.0,0.0
2022-01-26 00:00:00-05:00,9.680000305175781,9.680000305175781,9.680000305175781,9.680000305175781,0,0.0,0.0
2022-01-27 00:00:00-05:00,9.680000305175781,9.680000305175781,9.680000305175781,9.680000305175781,267,0.0,0.0
2022-01-28 00:00:00-05:00,9.680000305175781,9.680000305175781,9.680000305175781,9.680000305175781,0,0.0,0.0
2022-01-31 00:00:00-05:00,9.720000267028809,9.720000267028809,9.720000267028809,9.720000267028809,2526,0.0,0.0
2022-02-01 00:00:00-05:00,9.729999542236328,9.8100004196167,9.729999542236328,9.760000228881836,38855,0.0,0.0
2022-02-02 00:00:00-05:00,9.770000457763672,9.770000457763672,9.770000457763672,9.770000457763672,349,0.0,0.0
2022-02-03 00:00:00-05:00,9.720000267028809,9.739999771118164,9.720000267028809,9.739999771118164,43737,0.0,0.0
2022-02-04 00:00:00-05:00,9.739999771118164,9.739999771118164,9.739999771118164,9.739999771118164,0,0.0,0.0
2022-02-07 00:00:00-05:00,9.739999771118164,9.850000381469727,9.739999771118164,9.850000381469727,70240,0.0,0.0
2022-02-08 00:00:00-05:00,9.739999771118164,9.740099906921387,9.739999771118164,9.740099906921387,872,0.0,0.0
2022-02-09 00:00:00-05:00,9.740099906921387,9.740099906921387,9.740099906921387,9.740099906921387,0,0.0,0.0
2022-02-10 00:00:00-05:00,9.739999771118164,9.739999771118164,9.720000267028809,9.729999542236328,634784,0.0,0.0
2022-02-11 00:00:00-05:00,9.729999542236328,9.729999542236328,9.729999542236328,9.729999542236328,0,0.0,0.0
2022-02-14 00:00:00-05:00,9.729999542236328,9.729999542236328,9.729999542236328,9.729999542236328,1600,0.0,0.0
2022-02-15 00:00:00-05:00,9.739999771118164,9.739999771118164,9.739999771118164,9.739999771118164,1903,0.0,0.0
2022-02-16 00:00:00-05:00,9.729999542236328,9.729999542236328,9.720000267028809,9.720000267028809,5770,0.0,0.0
2022-02-17 00:00:00-05:00,9.720000267028809,9.720000267028809,9.720000267028809,9.720000267028809,0,0.0,0.0
2022-02-18 00:00:00-05:00,9.744999885559082,9.75,9.734999656677246,9.739999771118164,8357,0.0,0.0
2022-02-22 00:00:00-05:00,9.729999542236328,9.751999855041504,9.699999809265137,9.729999542236328,13604,0.0,0.0
2022-02-23 00:00:00-05:00,9.729999542236328,9.729999542236328,9.699999809265137,9.699999809265137,46079,0.0,0.0
2022-02-24 00:00:00-05:00,9.720000267028809,9.729000091552734,9.699999809265137,9.710000038146973,5390,0.0,0.0
2022-02-25 00:00:00-05:00,9.720000267028809,9.720000267028809,9.720000267028809,9.720000267028809,1230,0.0,0.0
2022-02-28 00:00:00-05:00,9.720000267028809,9.720000267028809,9.699999809265137,9.710000038146973,63264,0.0,0.0
2022-03-01 00:00:00-05:00,9.720000267028809,9.729999542236328,9.699999809265137,9.699999809265137,9769,0.0,0.0
2022-03-02 00:00:00-05:00,9.720000267028809,9.720000267028809,9.720000267028809,9.720000267028809,1918,0.0,0.0
2022-03-03 00:00:00-05:00,9.720000267028809,9.720000267028809,9.710000038146973,9.710000038146973,29685,0.0,0.0
2022-03-04 00:00:00-05:00,9.720000267028809,9.729999542236328,9.720000267028809,9.729999542236328,199465,0.0,0.0
2022-03-07 00:00:00-05:00,9.720000267028809,9.720000267028809,9.720000267028809,9.720000267028809,1270,0.0,0.0
2022-03-08 00:00:00-05:00,9.720000267028809,9.729999542236328,9.720000267028809,9.729999542236328,225100,0.0,0.0
2022-03-09 00:00:00-05:00,9.729999542236328,9.729999542236328,9.699999809265137,9.720000267028809,137259,0.0,0.0
2022-03-10 00:00:00-05:00,9.720000267028809,9.720000267028809,9.710000038146973,9.720000267028809,51499,0.0,0.0
2022-03-11 00:00:00-05:00,9.729999542236328,9.729999542236328,9.720000267028809,9.729999542236328,22385,0.0,0.0
2022-03-14 00:00:00-04:00,9.729999542236328,9.729999542236328,9.725000381469727,9.725000381469727,4535,0.0,0.0
2022-03-15 00:00:00-04:00,9.720000267028809,9.729999542236328,9.720000267028809,9.725000381469727,52193,0.0,0.0
2022-03-16 00:00:00-04:00,9.720000267028809,9.734999656677246,9.720000267028809,9.720000267028809,9495,0.0,0.0
2022-03-17 00:00:00-04:00,9.729999542236328,9.729999542236328,9.729999542236328,9.729999542236328,100106,0.0,0.0
2022-03-18 00:00:00-04:00,9.725000381469727,9.729999542236328,9.725000381469727,9.729999542236328,1524,0.0,0.0
2022-03-21 00:00:00-04:00,9.729999542236328,9.729999542236328,9.729999542236328,9.729999542236328,36350,0.0,0.0
2022-03-22 00:00:00-04:00,9.739999771118164,9.75,9.729999542236328,9.729999542236328,70858,0.0,0.0
2022-03-23 00:00:00-04:00,9.729999542236328,9.739999771118164,9.720000267028809,9.739999771118164,663590,0.0,0.0
2022-03-24 00:00:00-04:00,9.75,9.75,9.744999885559082,9.744999885559082,4761,0.0,0.0
2022-03-25 00:00:00-04:00,9.739999771118164,9.75,9.739999771118164,9.739999771118164,3899,0.0,0.0
2022-03-28 00:00:00-04:00,9.739999771118164,9.75,9.739999771118164,9.75,16739,0.0,0.0
2022-03-29 00:00:00-04:00,9.729999542236328,9.739999771118164,9.729999542236328,9.739999771118164,21652,0.0,0.0
2022-03-30 00:00:00-04:00,9.740699768066406,9.740699768066406,9.740699768066406,9.740699768066406,40524,0.0,0.0
2022-03-31 00:00:00-04:00,9.75,9.770000457763672,9.75,9.770000457763672,9460,0.0,0.0
2022-04-01 00:00:00-04:00,9.760000228881836,9.760000228881836,9.75,9.75160026550293,14766,0.0,0.0
2022-04-04 00:00:00-04:00,9.75,9.765000343322754,9.75,9.760000228881836,2592813,0.0,0.0
2022-04-05 00:00:00-04:00,9.75,9.779999732971191,9.75,9.779999732971191,694743,0.0,0.0
2022-04-06 00:00:00-04:00,9.75,9.770000457763672,9.75,9.760000228881836,200898,0.0,0.0
2022-04-07 00:00:00-04:00,9.770000457763672,9.770000457763672,9.75409984588623,9.760000228881836,52926,0.0,0.0
2022-04-08 00:00:00-04:00,9.770000457763672,9.770000457763672,9.768699645996094,9.770000457763672,1442,0.0,0.0
2022-04-11 00:00:00-04:00,9.770000457763672,9.770000457763672,9.760000228881836,9.770000457763672,5607,0.0,0.0
2022-04-12 00:00:00-04:00,9.770000457763672,9.770000457763672,9.770000457763672,9.770000457763672,0,0.0,0.0
2022-04-13 00:00:00-04:00,9.789999961853027,9.800000190734863,9.789999961853027,9.789999961853027,1598,0.0,0.0
2022-04-14 00:00:00-04:00,9.800000190734863,9.800000190734863,9.78499984741211,9.800000190734863,2453,0.0,0.0
2022-04-18 00:00:00-04:00,9.779999732971191,9.779999732971191,9.779999732971191,9.779999732971191,242,0.0,0.0
2022-04-19 00:00:00-04:00,9.78499984741211,9.78499984741211,9.78499984741211,9.78499984741211,100,0.0,0.0
2022-04-20 00:00:00-04:00,9.78499984741211,9.78499984741211,9.78499984741211,9.78499984741211,0,0.0,0.0
2022-04-21 00:00:00-04:00,9.78499984741211,9.78499984741211,9.78499984741211,9.78499984741211,0,0.0,0.0
2022-04-22 00:00:00-04:00,9.78499984741211,9.78499984741211,9.78499984741211,9.78499984741211,0,0.0,0.0
2022-04-25 00:00:00-04:00,9.789999961853027,9.789999961853027,9.789999961853027,9.789999961853027,201,0.0,0.0
2022-04-26 00:00:00-04:00,9.795000076293945,9.8100004196167,9.779999732971191,9.8100004196167,302878,0.0,0.0
2022-04-27 00:00:00-04:00,9.8100004196167,9.8100004196167,9.8100004196167,9.8100004196167,0,0.0,0.0
2022-04-28 00:00:00-04:00,9.779999732971191,9.789999961853027,9.779999732971191,9.789999961853027,724,0.0,0.0
2022-04-29 00:00:00-04:00,9.779999732971191,9.779999732971191,9.779999732971191,9.779999732971191,14226,0.0,0.0
2022-05-02 00:00:00-04:00,9.789999961853027,9.789999961853027,9.789999961853027,9.789999961853027,44628,0.0,0.0
2022-05-03 00:00:00-04:00,9.789999961853027,9.789999961853027,9.789999961853027,9.789999961853027,0,0.0,0.0
2022-05-04 00:00:00-04:00,9.789999961853027,9.789999961853027,9.789999961853027,9.789999961853027,0,0.0,0.0
2022-05-05 00:00:00-04:00,9.779999732971191,9.789999961853027,9.779999732971191,9.789999961853027,1808,0.0,0.0
2022-05-06 00:00:00-04:00,9.789999961853027,9.789999961853027,9.789999961853027,9.789999961853027,0,0.0,0.0
2022-05-09 00:00:00-04:00,9.789999961853027,9.789999961853027,9.789999961853027,9.789999961853027,0,0.0,0.0
2022-05-10 00:00:00-04:00,9.780099868774414,9.780099868774414,9.744999885559082,9.760000228881836,211621,0.0,0.0
2022-05-11 00:00:00-04:00,9.760000228881836,9.789999961853027,9.75,9.760000228881836,22554,0.0,0.0
2022-05-12 00:00:00-04:00,9.75,9.75,9.75,9.75,252802,0.0,0.0
2022-05-13 00:00:00-04:00,9.744999885559082,9.75,9.739999771118164,9.739999771118164,21446,0.0,0.0
2022-05-16 00:00:00-04:00,9.739999771118164,9.739999771118164,9.739999771118164,9.739999771118164,0,0.0,0.0
2022-05-17 00:00:00-04:00,9.739999771118164,9.739999771118164,9.739999771118164,9.739999771118164,0,0.0,0.0
2022-05-18 00:00:00-04:00,9.75,9.75,9.75,9.75,59373,0.0,0.0
2022-05-19 00:00:00-04:00,9.75,9.75,9.739999771118164,9.75,35347,0.0,0.0
2022-05-20 00:00:00-04:00,9.739999771118164,9.739999771118164,9.739999771118164,9.739999771118164,32497,0.0,0.0
2022-05-23 00:00:00-04:00,9.760000228881836,9.760000228881836,9.760000228881836,9.760000228881836,200,0.0,0.0
2022-05-24 00:00:00-04:00,9.760000228881836,9.760000228881836,9.760000228881836,9.760000228881836,0,0.0,0.0
2022-05-25 00:00:00-04:00,9.75,9.75,9.739999771118164,9.739999771118164,6693,0.0,0.0
2022-05-26 00:00:00-04:00,9.739999771118164,9.739999771118164,9.739999771118164,9.739999771118164,0,0.0,0.0
2022-05-27 00:00:00-04:00,9.770000457763672,9.770000457763672,9.770000457763672,9.770000457763672,243554,0.0,0.0
2022-05-31 00:00:00-04:00,9.779999732971191,9.800000190734863,9.75,9.760000228881836,7678,0.0,0.0
2022-06-01 00:00:00-04:00,9.770000457763672,9.800000190734863,9.770000457763672,9.79800033569336,2879,0.0,0.0
2022-06-02 00:00:00-04:00,9.760000228881836,9.760000228881836,9.75,9.75,15000,0.0,0.0
2022-06-03 00:00:00-04:00,9.75,9.75,9.75,9.75,0,0.0,0.0
2022-06-06 00:00:00-04:00,9.789999961853027,9.789999961853027,9.760000228881836,9.770000457763672,1097,0.0,0.0
2022-06-07 00:00:00-04:00,9.789999961853027,9.789999961853027,9.789999961853027,9.789999961853027,416,0.0,0.0
2022-06-08 00:00:00-04:00,9.789999961853027,9.789999961853027,9.770000457763672,9.770000457763672,597,0.0,0.0
2022-06-09 00:00:00-04:00,9.789999961853027,9.789999961853027,9.774999618530273,9.774999618530273,1125822,0.0,0.0
2022-06-10 00:00:00-04:00,9.789999961853027,9.789999961853027,9.779999732971191,9.779999732971191,500,0.0,0.0
2022-06-13 00:00:00-04:00,9.779999732971191,9.779999732971191,9.779999732971191,9.779999732971191,205,0.0,0.0
2022-06-14 00:00:00-04:00,9.770099639892578,9.770099639892578,9.770000457763672,9.770000457763672,10686,0.0,0.0
2022-06-15 00:00:00-04:00,9.779999732971191,9.779999732971191,9.760000228881836,9.760000228881836,2576,0.0,0.0
2022-06-16 00:00:00-04:00,9.770000457763672,9.770000457763672,9.760000228881836,9.770000457763672,9754,0.0,0.0
2022-06-17 00:00:00-04:00,9.770000457763672,9.770000457763672,9.770000457763672,9.770000457763672,143980,0.0,0.0
2022-06-21 00:00:00-04:00,9.770000457763672,9.770000457763672,9.770000457763672,9.770000457763672,272554,0.0,0.0
2022-06-22 00:00:00-04:00,9.770000457763672,9.770000457763672,9.770000457763672,9.770000457763672,200171,0.0,0.0
2022-06-23 00:00:00-04:00,9.774999618530273,9.774999618530273,9.774999618530273,9.774999618530273,311,0.0,0.0
2022-06-24 00:00:00-04:00,9.765000343322754,9.765000343322754,9.765000343322754,9.765000343322754,453,0.0,0.0
2022-06-27 00:00:00-04:00,9.770000457763672,9.770000457763672,9.770000457763672,9.770000457763672,1302,0.0,0.0
2022-06-28 00:00:00-04:00,9.770000457763672,9.770000457763672,9.770000457763672,9.770000457763672,0,0.0,0.0
2022-06-29 00:00:00-04:00,9.779999732971191,9.779999732971191,9.774999618530273,9.779999732971191,1152,0.0,0.0
2022-06-30 00:00:00-04:00,9.774999618530273,9.774999618530273,9.75,9.770000457763672,31365,0.0,0.0
2022-07-01 00:00:00-04:00,9.770000457763672,9.779999732971191,9.770000457763672,9.774999618530273,476742,0.0,0.0
2022-07-05 00:00:00-04:00,9.770000457763672,9.770000457763672,9.770000457763672,9.770000457763672,252664,0.0,0.0
2022-07-06 00:00:00-04:00,9.774999618530273,9.795000076293945,9.774999618530273,9.779999732971191,21172,0.0,0.0
2022-07-07 00:00:00-04:00,9.779999732971191,9.779999732971191,9.779999732971191,9.779999732971191,0,0.0,0.0
2022-07-08 00:00:00-04:00,9.779999732971191,9.779999732971191,9.770000457763672,9.779999732971191,50819,0.0,0.0
2022-07-11 00:00:00-04:00,9.779999732971191,9.779999732971191,9.779999732971191,9.779999732971191,0,0.0,0.0
2022-07-12 00:00:00-04:00,9.779999732971191,9.779999732971191,9.779999732971191,9.779999732971191,0,0.0,0.0
2022-07-13 00:00:00-04:00,9.779999732971191,9.779999732971191,9.779999732971191,9.779999732971191,0,0.0,0.0
2022-07-14 00:00:00-04:00,9.800000190734863,9.800000190734863,9.779999732971191,9.779999732971191,746,0.0,0.0
2022-07-15 00:00:00-04:00,9.779999732971191,9.779999732971191,9.779999732971191,9.779999732971191,0,0.0,0.0
2022-07-18 00:00:00-04:00,9.789999961853027,9.795000076293945,9.789999961853027,9.795000076293945,25908,0.0,0.0
2022-07-19 00:00:00-04:00,9.795000076293945,9.795000076293945,9.795000076293945,9.795000076293945,0,0.0,0.0
2022-07-20 00:00:00-04:00,9.800000190734863,9.800000190734863,9.800000190734863,9.800000190734863,30210,0.0,0.0
2022-07-21 00:00:00-04:00,9.800000190734863,9.800100326538086,9.800000190734863,9.800000190734863,200257,0.0,0.0
2022-07-22 00:00:00-04:00,9.8100004196167,9.8100004196167,9.800000190734863,9.8100004196167,83899,0.0,0.0
2022-07-25 00:00:00-04:00,9.819999694824219,9.819999694824219,9.819999694824219,9.819999694824219,26357,0.0,0.0
2022-07-26 00:00:00-04:00,9.819999694824219,9.819999694824219,9.819999694824219,9.819999694824219,0,0.0,0.0
2022-07-27 00:00:00-04:00,9.8100004196167,9.8100004196167,9.800000190734863,9.8100004196167,59548,0.0,0.0
2022-07-28 00:00:00-04:00,9.8100004196167,9.8100004196167,9.8100004196167,9.8100004196167,0,0.0,0.0
2022-07-29 00:00:00-04:00,9.8100004196167,9.819999694824219,9.8100004196167,9.819999694824219,496079,0.0,0.0
2022-08-01 00:00:00-04:00,9.8149995803833,9.819999694824219,9.8100004196167,9.819999694824219,486966,0.0,0.0
2022-08-02 00:00:00-04:00,9.819999694824219,9.819999694824219,9.8100004196167,9.819999694824219,123332,0.0,0.0
2022-08-03 00:00:00-04:00,9.819999694824219,9.819999694824219,9.8100004196167,9.819999694824219,222862,0.0,0.0
2022-08-04 00:00:00-04:00,9.819999694824219,9.819999694824219,9.819999694824219,9.819999694824219,0,0.0,0.0
2022-08-05 00:00:00-04:00,9.819999694824219,9.819999694824219,9.819999694824219,9.819999694824219,0,0.0,0.0
2022-08-08 00:00:00-04:00,9.819999694824219,9.819999694824219,9.819999694824219,9.819999694824219,0,0.0,0.0
2022-08-09 00:00:00-04:00,9.854999542236328,9.854999542236328,9.819999694824219,9.819999694824219,46096,0.0,0.0
2022-08-10 00:00:00-04:00,9.819999694824219,9.819999694824219,9.819999694824219,9.819999694824219,5746,0.0,0.0
2022-08-11 00:00:00-04:00,9.819999694824219,9.829999923706055,9.819999694824219,9.824999809265137,39618,0.0,0.0
2022-08-12 00:00:00-04:00,9.824999809265137,9.824999809265137,9.824999809265137,9.824999809265137,0,0.0,0.0
2022-08-15 00:00:00-04:00,9.829999923706055,9.829999923706055,9.829999923706055,9.829999923706055,403,0.0,0.0
2022-08-16 00:00:00-04:00,9.829999923706055,9.829999923706055,9.829999923706055,9.829999923706055,880,0.0,0.0
2022-08-17 00:00:00-04:00,9.829999923706055,9.829999923706055,9.8100004196167,9.829999923706055,952296,0.0,0.0
2022-08-18 00:00:00-04:00,9.8100004196167,9.829999923706055,9.8100004196167,9.829999923706055,110090,0.0,0.0
2022-08-19 00:00:00-04:00,9.829999923706055,9.829999923706055,9.829999923706055,9.829999923706055,214047,0.0,0.0
2022-08-22 00:00:00-04:00,9.850000381469727,9.850000381469727,9.829999923706055,9.829999923706055,20508,0.0,0.0
2022-08-23 00:00:00-04:00,9.835000038146973,9.869999885559082,9.835000038146973,9.869999885559082,8524,0.0,0.0
2022-08-24 00:00:00-04:00,9.869999885559082,9.869999885559082,9.829999923706055,9.829999923706055,912,0.0,0.0
2022-08-25 00:00:00-04:00,9.829999923706055,9.829999923706055,9.829999923706055,9.829999923706055,0,0.0,0.0
2022-08-26 00:00:00-04:00,9.819999694824219,9.824999809265137,9.819999694824219,9.824999809265137,505,0.0,0.0
2022-08-29 00:00:00-04:00,9.819999694824219,9.819999694824219,9.819999694824219,9.819999694824219,412,0.0,0.0
2022-08-30 00:00:00-04:00,9.819999694824219,9.830100059509277,9.81980037689209,9.829999923706055,59556,0.0,0.0
2022-08-31 00:00:00-04:00,9.829999923706055,9.829999923706055,9.829999923706055,9.829999923706055,50003,0.0,0.0
2022-09-01 00:00:00-04:00,9.819999694824219,9.819999694824219,9.819999694824219,9.819999694824219,306,0.0,0.0
2022-09-02 00:00:00-04:00,9.819999694824219,9.819999694824219,9.819999694824219,9.819999694824219,0,0.0,0.0
2022-09-06 00:00:00-04:00,9.829999923706055,9.84000015258789,9.829999923706055,9.84000015258789,556,0.0,0.0
2022-09-07 00:00:00-04:00,9.829999923706055,9.829999923706055,9.819999694824219,9.819999694824219,700,0.0,0.0
2022-09-08 00:00:00-04:00,9.819999694824219,9.819999694824219,9.819999694824219,9.819999694824219,22222,0.0,0.0
2022-09-09 00:00:00-04:00,9.819999694824219,9.819999694824219,9.819999694824219,9.819999694824219,0,0.0,0.0
2022-09-12 00:00:00-04:00,9.819999694824219,9.819999694824219,9.819999694824219,9.819999694824219,0,0.0,0.0
2022-09-13 00:00:00-04:00,9.819999694824219,9.819999694824219,9.819999694824219,9.819999694824219,0,0.0,0.0
2022-09-14 00:00:00-04:00,9.819999694824219,9.819999694824219,9.819999694824219,9.819999694824219,0,0.0,0.0
2022-09-15 00:00:00-04:00,9.8100004196167,9.829999923706055,9.800000190734863,9.817999839782715,474,0.0,0.0
2022-09-16 00:00:00-04:00,9.817999839782715,9.817999839782715,9.817999839782715,9.817999839782715,0,0.0,0.0
2022-09-19 00:00:00-04:00,9.8100004196167,9.8100004196167,9.8100004196167,9.8100004196167,810,0.0,0.0
2022-09-20 00:00:00-04:00,9.819999694824219,9.829999923706055,9.819999694824219,9.829999923706055,212,0.0,0.0
2022-09-21 00:00:00-04:00,9.824999809265137,9.824999809265137,9.819999694824219,9.819999694824219,7503,0.0,0.0
2022-09-22 00:00:00-04:00,9.8100004196167,9.819999694824219,9.8100004196167,9.8149995803833,7349,0.0,0.0
2022-09-23 00:00:00-04:00,9.819999694824219,9.829999923706055,9.8149995803833,9.829999923706055,89158,0.0,0.0
2022-09-26 00:00:00-04:00,9.8100004196167,9.829999923706055,9.8100004196167,9.829999923706055,667,0.0,0.0
2022-09-27 00:00:00-04:00,9.8100004196167,9.829999923706055,9.8100004196167,9.8100004196167,1806,0.0,0.0
2022-09-28 00:00:00-04:00,9.8100004196167,9.829999923706055,9.8100004196167,9.8100004196167,504398,0.0,0.0
2022-09-29 00:00:00-04:00,9.829999923706055,9.829999923706055,9.819999694824219,9.819999694824219,548699,0.0,0.0
2022-09-30 00:00:00-04:00,9.8100004196167,9.8100004196167,9.8100004196167,9.8100004196167,46792,0.0,0.0
2022-10-03 00:00:00-04:00,9.824999809265137,9.824999809265137,9.819999694824219,9.819999694824219,1649,0.0,0.0
2022-10-04 00:00:00-04:00,9.829999923706055,9.835000038146973,9.819999694824219,9.835000038146973,34410,0.0,0.0
2022-10-05 00:00:00-04:00,9.835000038146973,9.835000038146973,9.835000038146973,9.835000038146973,0,0.0,0.0
2022-10-06 00:00:00-04:00,9.84000015258789,9.84000015258789,9.84000015258789,9.84000015258789,303445,0.0,0.0
2022-10-07 00:00:00-04:00,9.84000015258789,9.84000015258789,9.84000015258789,9.84000015258789,0,0.0,0.0
2022-10-10 00:00:00-04:00,9.850000381469727,9.850000381469727,9.850000381469727,9.850000381469727,100,0.0,0.0
2022-10-11 00:00:00-04:00,9.850000381469727,9.850000381469727,9.84000015258789,9.84000015258789,506,0.0,0.0
2022-10-12 00:00:00-04:00,9.850000381469727,9.850000381469727,9.84000015258789,9.850000381469727,519,0.0,0.0
2022-10-13 00:00:00-04:00,9.850000381469727,9.869999885559082,9.850000381469727,9.869999885559082,9952,0.0,0.0
2022-10-14 00:00:00-04:00,9.869999885559082,9.869999885559082,9.869999885559082,9.869999885559082,0,0.0,0.0
2022-10-17 00:00:00-04:00,9.880000114440918,9.880000114440918,9.880000114440918,9.880000114440918,250441,0.0,0.0
2022-10-18 00:00:00-04:00,9.890000343322754,9.890000343322754,9.890000343322754,9.890000343322754,2324085,0.0,0.0
2022-10-19 00:00:00-04:00,9.890000343322754,9.90999984741211,9.885000228881836,9.90999984741211,88250,0.0,0.0
2022-10-20 00:00:00-04:00,9.90999984741211,9.90999984741211,9.90999984741211,9.90999984741211,0,0.0,0.0
2022-10-21 00:00:00-04:00,9.899999618530273,9.899999618530273,9.899999618530273,9.899999618530273,101,0.0,0.0
2022-10-24 00:00:00-04:00,9.899999618530273,9.914999961853027,9.899999618530273,9.90999984741211,1275200,0.0,0.0
2022-10-25 00:00:00-04:00,9.914999961853027,9.920000076293945,9.914999961853027,9.920000076293945,12002,0.0,0.0
2022-10-26 00:00:00-04:00,9.920000076293945,9.920000076293945,9.920000076293945,9.920000076293945,1388,0.0,0.0
2022-10-27 00:00:00-04:00,9.930000305175781,9.930000305175781,9.930000305175781,9.930000305175781,6418,0.0,0.0
2022-10-28 00:00:00-04:00,9.930000305175781,9.930000305175781,9.930000305175781,9.930000305175781,0,0.0,0.0
2022-10-31 00:00:00-04:00,9.930000305175781,9.930000305175781,9.930000305175781,9.930000305175781,0,0.0,0.0
2022-11-01 00:00:00-04:00,9.930000305175781,9.930000305175781,9.930000305175781,9.930000305175781,0,0.0,0.0
2022-11-02 00:00:00-04:00,9.930000305175781,9.930000305175781,9.930000305175781,9.930000305175781,0,0.0,0.0
2022-11-03 00:00:00-04:00,9.930000305175781,9.930000305175781,9.930000305175781,9.930000305175781,2004,0.0,0.0
2022-11-04 00:00:00-04:00,9.938699722290039,9.9399995803833,9.938699722290039,9.9399995803833,10253,0.0,0.0
2022-11-07 00:00:00-05:00,9.9399995803833,9.949999809265137,9.930000305175781,9.9399995803833,1555195,0.0,0.0
2022-11-08 00:00:00-05:00,9.949999809265137,9.949999809265137,9.9399995803833,9.9399995803833,212687,0.0,0.0
2022-11-09 00:00:00-05:00,9.9399995803833,9.944999694824219,9.9399995803833,9.944999694824219,400389,0.0,0.0
2022-11-10 00:00:00-05:00,9.9399995803833,9.949999809265137,9.9399995803833,9.949999809265137,1246460,0.0,0.0
2022-11-11 00:00:00-05:00,9.9399995803833,9.949999809265137,9.9399995803833,9.949999809265137,105006,0.0,0.0
2022-11-14 00:00:00-05:00,9.9399995803833,9.949999809265137,9.930000305175781,9.949999809265137,649884,0.0,0.0
2022-11-15 00:00:00-05:00,9.930000305175781,9.9399995803833,9.930000305175781,9.9399995803833,550714,0.0,0.0
2022-11-16 00:00:00-05:00,9.9399995803833,9.9399995803833,9.9399995803833,9.9399995803833,0,0.0,0.0
2022-11-17 00:00:00-05:00,9.9399995803833,9.9399995803833,9.9399995803833,9.9399995803833,0,0.0,0.0
2022-11-18 00:00:00-05:00,9.9399995803833,9.9399995803833,9.9399995803833,9.9399995803833,0,0.0,0.0
2022-11-21 00:00:00-05:00,9.949999809265137,9.954999923706055,9.9399995803833,9.949999809265137,61893,0.0,0.0
2022-11-22 00:00:00-05:00,9.949999809265137,9.949999809265137,9.949999809265137,9.949999809265137,0,0.0,0.0
2022-11-23 00:00:00-05:00,9.9399995803833,9.94729995727539,9.9399995803833,9.94729995727539,40500,0.0,0.0
2022-11-25 00:00:00-05:00,9.930000305175781,9.949999809265137,9.930000305175781,9.949999809265137,1628,0.0,0.0
2022-11-28 00:00:00-05:00,9.949999809265137,9.949999809265137,9.949999809265137,9.949999809265137,0,0.0,0.0
2022-11-29 00:00:00-05:00,9.960000038146973,9.970000267028809,9.949999809265137,9.970000267028809,15554,0.0,0.0
2022-11-30 00:00:00-05:00,9.968299865722656,9.979999542236328,9.960000038146973,9.979999542236328,916,0.0,0.0
2022-12-01 00:00:00-05:00,9.960000038146973,9.970000267028809,9.960000038146973,9.970000267028809,6883,0.0,0.0
2022-12-02 00:00:00-05:00,9.970000267028809,9.970000267028809,9.970000267028809,9.970000267028809,0,0.0,0.0
2022-12-05 00:00:00-05:00,9.970000267028809,9.975000381469727,9.970000267028809,9.975000381469727,22242,0.0,0.0
2022-12-06 00:00:00-05:00,9.979999542236328,9.979999542236328,9.979999542236328,9.979999542236328,305325,0.0,0.0
2022-12-07 00:00:00-05:00,9.979999542236328,9.979999542236328,9.975000381469727,9.979999542236328,600,0.0,0.0
2022-12-08 00:00:00-05:00,9.979999542236328,9.979999542236328,9.979999542236328,9.979999542236328,0,0.0,0.0
2022-12-09 00:00:00-05:00,9.979999542236328,9.979999542236328,9.979999542236328,9.979999542236328,100002,0.0,0.0
2022-12-12 00:00:00-05:00,9.970000267028809,9.970000267028809,9.970000267028809,9.970000267028809,100,0.0,0.0
2022-12-13 00:00:00-05:00,9.970000267028809,9.979999542236328,9.970000267028809,9.979999542236328,15202,0.0,0.0
2022-12-14 00:00:00-05:00,9.970000267028809,9.989999771118164,9.970000267028809,9.989999771118164,275,0.0,0.0
2022-12-15 00:00:00-05:00,9.979999542236328,9.989999771118164,9.970000267028809,9.970000267028809,2696,0.0,0.0
2022-12-16 00:00:00-05:00,9.970000267028809,9.975000381469727,9.970000267028809,9.975000381469727,5366,0.0,0.0
2022-12-19 00:00:00-05:00,9.975000381469727,9.975000381469727,9.975000381469727,9.975000381469727,0,0.0,0.0
2022-12-20 00:00:00-05:00,9.970000267028809,9.970000267028809,9.960000038146973,9.960000038146973,225,0.0,0.0
2022-12-21 00:00:00-05:00,9.970000267028809,9.975000381469727,9.970000267028809,9.974800109863281,100683,0.0,0.0
2022-12-22 00:00:00-05:00,9.970000267028809,9.970000267028809,9.949999809265137,9.970000267028809,28322,0.0,0.0
2022-12-23 00:00:00-05:00,9.970000267028809,9.975000381469727,9.960000038146973,9.975000381469727,780,0.0,0.0
2022-12-27 00:00:00-05:00,9.960000038146973,10.010000228881836,9.960000038146973,10.010000228881836,57940,0.0,0.0
2022-12-28 00:00:00-05:00,10.010000228881836,10.029999732971191,10.010000228881836,10.029999732971191,43671,0.0,0.0
2022-12-29 00:00:00-05:00,10.020000457763672,10.029999732971191,10.020000457763672,10.029999732971191,1510,0.0,0.0
2022-12-30 00:00:00-05:00,10.039999961853027,10.039999961853027,10.024999618530273,10.029999732971191,40558,0.0,0.0
2023-01-03 00:00:00-05:00,10.020000457763672,10.039999961853027,10.020000457763672,10.039999961853027,60000,0.0,0.0
2023-01-04 00:00:00-05:00,10.039999961853027,10.039999961853027,10.029999732971191,10.039999961853027,10960,0.0,0.0
2023-01-05 00:00:00-05:00,10.03499984741211,10.039999961853027,10.03499984741211,10.039999961853027,1918,0.0,0.0
2023-01-06 00:00:00-05:00,10.039999961853027,10.050000190734863,10.039999961853027,10.039999961853027,48803,0.0,0.0
2023-01-09 00:00:00-05:00,10.0600004196167,10.0600004196167,10.050000190734863,10.050000190734863,1819,0.0,0.0
2023-01-10 00:00:00-05:00,10.0600004196167,10.0600004196167,10.050000190734863,10.050000190734863,27975,0.0,0.0
2023-01-11 00:00:00-05:00,10.0600004196167,10.0600004196167,10.0600004196167,10.0600004196167,4537,0.0,0.0
2023-01-12 00:00:00-05:00,10.0600004196167,10.0600004196167,10.0600004196167,10.0600004196167,0,0.0,0.0
2023-01-13 00:00:00-05:00,10.050000190734863,10.069999694824219,10.050000190734863,10.069999694824219,29400,0.0,0.0
2023-01-17 00:00:00-05:00,10.074999809265137,10.079999923706055,10.074999809265137,10.079999923706055,23645,0.0,0.0
2023-01-18 00:00:00-05:00,10.079999923706055,10.09000015258789,10.079999923706055,10.09000015258789,260416,0.0,0.0
2023-01-19 00:00:00-05:00,10.09000015258789,10.09000015258789,10.09000015258789,10.09000015258789,79192,0.0,0.0
2023-01-20 00:00:00-05:00,10.09000015258789,10.09000015258789,10.09000015258789,10.09000015258789,22210,0.0,0.0
2023-01-23 00:00:00-05:00,10.109999656677246,10.109999656677246,10.079999923706055,10.079999923706055,815,0.0,0.0
2023-01-24 00:00:00-05:00,10.09000015258789,10.09000015258789,10.09000015258789,10.09000015258789,505,0.0,0.0
2023-01-25 00:00:00-05:00,10.100000381469727,10.109999656677246,10.079999923706055,10.09000015258789,1564206,0.0,0.0
2023-01-26 00:00:00-05:00,10.09000015258789,10.09000015258789,10.09000015258789,10.09000015258789,11013,0.0,0.0
2023-01-27 00:00:00-05:00,10.100000381469727,10.100000381469727,10.09000015258789,10.09000015258789,3501,0.0,0.0
2023-01-30 00:00:00-05:00,10.09000015258789,10.09000015258789,10.09000015258789,10.09000015258789,0,0.0,0.0
2023-01-31 00:00:00-05:00,10.09000015258789,10.09000015258789,10.09000015258789,10.09000015258789,0,0.0,0.0
2023-02-01 00:00:00-05:00,10.09000015258789,10.114999771118164,10.09000015258789,10.100000381469727,40160,0.0,0.0
2023-02-02 00:00:00-05:00,10.100000381469727,10.100000381469727,10.100000381469727,10.100000381469727,0,0.0,0.0
2023-02-03 00:00:00-05:00,10.119999885559082,10.119999885559082,10.100000381469727,10.100000381469727,46246,0.0,0.0
2023-02-06 00:00:00-05:00,10.100000381469727,10.109999656677246,10.100000381469727,10.100000381469727,1145133,0.0,0.0
2023-02-07 00:00:00-05:00,10.119999885559082,10.119999885559082,10.100000381469727,10.100000381469727,600,0.0,0.0
2023-02-08 00:00:00-05:00,10.109999656677246,10.109999656677246,10.100000381469727,10.109999656677246,160191,0.0,0.0
2023-02-09 00:00:00-05:00,10.130000114440918,10.130000114440918,10.109999656677246,10.109999656677246,100101,0.0,0.0
2023-02-10 00:00:00-05:00,10.100000381469727,10.119999885559082,10.100000381469727,10.119999885559082,130930,0.0,0.0
2023-02-13 00:00:00-05:00,10.119999885559082,10.119999885559082,10.119999885559082,10.119999885559082,62115,0.0,0.0
2023-02-14 00:00:00-05:00,10.130000114440918,10.130000114440918,10.130000114440918,10.130000114440918,31601,0.0,0.0
2023-02-15 00:00:00-05:00,10.148500442504883,10.148500442504883,10.135000228881836,10.135000228881836,25026,0.0,0.0
2023-02-16 00:00:00-05:00,10.15999984741211,10.15999984741211,10.130000114440918,10.130000114440918,750,0.0,0.0
2023-02-17 00:00:00-05:00,10.140000343322754,10.140000343322754,10.135000228881836,10.140000343322754,11319,0.0,0.0
2023-02-21 00:00:00-05:00,10.140000343322754,10.145000457763672,10.13010025024414,10.13010025024414,12124,0.0,0.0
2023-02-22 00:00:00-05:00,10.140000343322754,10.140000343322754,10.130000114440918,10.140000343322754,771740,0.0,0.0
2023-02-23 00:00:00-05:00,10.130000114440918,10.140000343322754,10.130000114440918,10.140000343322754,462722,0.0,0.0
2023-02-24 00:00:00-05:00,10.140000343322754,10.149999618530273,10.130000114440918,10.135000228881836,204636,0.0,0.0
2023-02-27 00:00:00-05:00,10.149999618530273,10.164999961853027,10.140000343322754,10.15999984741211,33926,0.0,0.0
2023-02-28 00:00:00-05:00,10.170000076293945,10.170000076293945,10.140000343322754,10.140000343322754,956028,0.0,0.0
2023-03-01 00:00:00-05:00,10.15999984741211,10.170000076293945,10.15999984741211,10.170000076293945,6303,0.0,0.0
2023-03-02 00:00:00-05:00,10.170000076293945,10.180000305175781,10.151800155639648,10.170000076293945,17568,0.0,0.0
2023-03-03 00:00:00-05:00,10.180000305175781,10.824999809265137,10.130000114440918,10.220000267028809,957485,0.0,0.0
2023-03-06 00:00:00-05:00,10.130000114440918,10.210000038146973,10.119999885559082,10.130000114440918,289898,0.0,0.0
2023-03-07 00:00:00-05:00,10.134400367736816,10.180000305175781,10.069999694824219,10.109999656677246,385591,0.0,0.0
2023-03-08 00:00:00-05:00,10.149999618530273,10.149999618530273,10.149999618530273,10.149999618530273,4204,0.0,0.0
2023-03-09 00:00:00-05:00,10.120100021362305,10.15999984741211,10.109999656677246,10.149999618530273,12636,0.0,0.0
2023-03-10 00:00:00-05:00,10.145000457763672,10.15999984741211,10.145000457763672,10.15999984741211,3906,0.0,0.0
2023-03-13 00:00:00-04:00,10.15999984741211,10.15999984741211,10.140000343322754,10.146900177001953,1608,0.0,0.0
2023-03-14 00:00:00-04:00,10.170000076293945,10.170000076293945,10.119999885559082,10.130000114440918,15935,0.0,0.0
2023-03-15 00:00:00-04:00,10.14009952545166,10.149999618530273,10.140000343322754,10.140700340270996,2202,0.0,0.0
2023-03-16 00:00:00-04:00,10.1427001953125,10.154999732971191,10.140000343322754,10.140000343322754,4339,0.0,0.0
2023-03-17 00:00:00-04:00,10.149999618530273,10.159899711608887,10.145000457763672,10.149999618530273,10644,0.0,0.0
2023-03-20 00:00:00-04:00,10.149999618530273,10.149999618530273,10.149999618530273,10.149999618530273,0,0.0,0.0
2023-03-21 00:00:00-04:00,10.149999618530273,10.149999618530273,10.149999618530273,10.149999618530273,0,0.0,0.0
2023-03-22 00:00:00-04:00,10.149999618530273,10.149999618530273,10.149999618530273,10.149999618530273,0,0.0,0.0
2023-03-23 00:00:00-04:00,10.149999618530273,10.149999618530273,10.149999618530273,10.149999618530273,0,0.0,0.0
2023-03-24 00:00:00-04:00,10.149999618530273,10.149999618530273,10.149999618530273,10.149999618530273,0,0.0,0.0
2023-03-27 00:00:00-04:00,10.140000343322754,10.149999618530273,10.130000114440918,10.149999618530273,711,0.0,0.0
2023-03-28 00:00:00-04:00,10.149999618530273,10.15719985961914,10.140000343322754,10.149999618530273,77141,0.0,0.0
2023-03-29 00:00:00-04:00,10.15999984741211,10.15999984741211,10.15999984741211,10.15999984741211,1406,0.0,0.0
2023-03-30 00:00:00-04:00,10.15999984741211,10.15999984741211,10.149999618530273,10.149999618530273,304,0.0,0.0
2023-03-31 00:00:00-04:00,10.149999618530273,10.149999618530273,10.149999618530273,10.149999618530273,542,0.0,0.0
2023-04-03 00:00:00-04:00,10.149999618530273,10.160300254821777,10.149999618530273,10.15999984741211,72735,0.0,0.0
2023-04-04 00:00:00-04:00,10.15999984741211,10.164999961853027,10.15999984741211,10.15999984741211,7030,0.0,0.0
2023-04-05 00:00:00-04:00,10.15999984741211,10.15999984741211,10.15999984741211,10.15999984741211,0,0.0,0.0
2023-04-06 00:00:00-04:00,10.149999618530273,10.15999984741211,10.149999618530273,10.15999984741211,12544,0.0,0.0
2023-04-10 00:00:00-04:00,10.15999984741211,10.15999984741211,10.15999984741211,10.15999984741211,0,0.0,0.0
2023-04-11 00:00:00-04:00,10.15999984741211,10.15999984741211,10.15999984741211,10.15999984741211,0,0.0,0.0
2023-04-12 00:00:00-04:00,10.15999984741211,10.15999984741211,10.15999984741211,10.15999984741211,3442,0.0,0.0
2023-04-13 00:00:00-04:00,10.15999984741211,10.170000076293945,10.15999984741211,10.170000076293945,56319,0.0,0.0
2023-04-14 00:00:00-04:00,10.164999961853027,10.164999961853027,10.164999961853027,10.164999961853027,100,0.0,0.0
2023-04-17 00:00:00-04:00,10.170000076293945,10.170000076293945,10.170000076293945,10.170000076293945,100,0.0,0.0
2023-04-18 00:00:00-04:00,10.170000076293945,10.180000305175781,10.170000076293945,10.180000305175781,140864,0.0,0.0
2023-04-19 00:00:00-04:00,10.180000305175781,10.180000305175781,10.180000305175781,10.180000305175781,1004,0.0,0.0
2023-04-20 00:00:00-04:00,10.1899995803833,10.1899995803833,10.1899995803833,10.1899995803833,101,0.0,0.0
2023-04-21 00:00:00-04:00,10.1899995803833,10.1899995803833,10.1899995803833,10.1899995803833,0,0.0,0.0
2023-04-24 00:00:00-04:00,10.1899995803833,10.1899995803833,10.1899995803833,10.1899995803833,0,0.0,0.0
2023-04-25 00:00:00-04:00,10.170000076293945,10.239999771118164,10.170000076293945,10.239999771118164,4483,0.0,0.0
2023-04-26 00:00:00-04:00,10.229999542236328,10.229999542236328,10.180000305175781,10.180000305175781,742,0.0,0.0
2023-04-27 00:00:00-04:00,10.180000305175781,10.180000305175781,10.180000305175781,10.180000305175781,0,0.0,0.0
2023-04-28 00:00:00-04:00,10.180000305175781,10.229999542236328,10.180000305175781,10.180000305175781,2625,0.0,0.0
2023-05-01 00:00:00-04:00,10.180000305175781,10.180000305175781,10.180000305175781,10.180000305175781,0,0.0,0.0
2023-05-02 00:00:00-04:00,10.180000305175781,10.199999809265137,10.180000305175781,10.199999809265137,4215,0.0,0.0
2023-05-03 00:00:00-04:00,10.199999809265137,10.199999809265137,10.199999809265137,10.199999809265137,0,0.0,0.0
2023-05-04 00:00:00-04:00,10.180000305175781,10.180000305175781,10.180000305175781,10.180000305175781,2150,0.0,0.0
2023-05-05 00:00:00-04:00,10.180000305175781,10.180000305175781,10.180000305175781,10.180000305175781,0,0.0,0.0
2023-05-08 00:00:00-04:00,10.180000305175781,10.180000305175781,10.180000305175781,10.180000305175781,0,0.0,0.0
2023-05-09 00:00:00-04:00,10.180000305175781,10.180000305175781,10.180000305175781,10.180000305175781,0,0.0,0.0
2023-05-10 00:00:00-04:00,10.180000305175781,10.180000305175781,10.180000305175781,10.180000305175781,0,0.0,0.0
2023-05-11 00:00:00-04:00,10.239999771118164,10.25,10.239999771118164,10.239999771118164,49824,0.0,0.0
2023-05-12 00:00:00-04:00,10.25,10.489999771118164,10.25,10.255000114440918,35843,0.0,0.0
2023-05-15 00:00:00-04:00,10.260000228881836,10.835000038146973,10.25,10.260000228881836,173283,0.0,0.0
2023-05-16 00:00:00-04:00,10.289999961853027,10.359999656677246,10.279999732971191,10.329999923706055,12277,0.0,0.0
2023-05-17 00:00:00-04:00,10.279999732971191,10.279999732971191,10.279999732971191,10.279999732971191,1142,0.0,0.0
2023-05-18 00:00:00-04:00,10.279999732971191,10.279999732971191,10.279999732971191,10.279999732971191,0,0.0,0.0
2023-05-19 00:00:00-04:00,10.279999732971191,10.279999732971191,10.279999732971191,10.279999732971191,0,0.0,0.0
2023-05-22 00:00:00-04:00,10.25,10.25,10.25,10.25,1822,0.0,0.0
2023-05-23 00:00:00-04:00,10.260000228881836,10.260000228881836,10.260000228881836,10.260000228881836,148270,0.0,0.0
2023-05-24 00:00:00-04:00,10.25,10.25,10.25,10.25,877,0.0,0.0
2023-05-25 00:00:00-04:00,10.25,10.25,10.25,10.25,294,0.0,0.0
2023-05-26 00:00:00-04:00,10.279999732971191,10.279999732971191,10.279999732971191,10.279999732971191,102,0.0,0.0
2023-05-30 00:00:00-04:00,10.279999732971191,10.279999732971191,10.279999732971191,10.279999732971191,0,0.0,0.0
2023-05-31 00:00:00-04:00,10.279999732971191,10.279999732971191,10.279999732971191,10.279999732971191,0,0.0,0.0
2023-06-01 00:00:00-04:00,10.279999732971191,10.279999732971191,10.279999732971191,10.279999732971191,0,0.0,0.0
2023-06-02 00:00:00-04:00,10.279999732971191,10.279999732971191,10.279999732971191,10.279999732971191,0,0.0,0.0
2023-06-05 00:00:00-04:00,10.279999732971191,10.279999732971191,10.279999732971191,10.279999732971191,0,0.0,0.0
2023-06-06 00:00:00-04:00,10.279999732971191,10.279999732971191,10.279999732971191,10.279999732971191,0,0.0,0.0
2023-06-07 00:00:00-04:00,10.279999732971191,10.279999732971191,10.279999732971191,10.279999732971191,0,0.0,0.0
2023-06-08 00:00:00-04:00,10.279999732971191,10.279999732971191,10.279999732971191,10.279999732971191,0,0.0,0.0
2023-06-09 00:00:00-04:00,10.279999732971191,10.279999732971191,10.279999732971191,10.279999732971191,0,0.0,0.0
2023-06-12 00:00:00-04:00,10.279999732971191,10.279999732971191,10.279999732971191,10.279999732971191,0,0.0,0.0
2023-06-13 00:00:00-04:00,10.279999732971191,10.279999732971191,10.279999732971191,10.279999732971191,0,0.0,0.0
2023-06-14 00:00:00-04:00,10.279999732971191,10.279999732971191,10.279999732971191,10.279999732971191,0,0.0,0.0
2023-06-15 00:00:00-04:00,10.279999732971191,10.279999732971191,10.279999732971191,10.279999732971191,0,0.0,0.0
2023-06-16 00:00:00-04:00,10.279999732971191,10.279999732971191,10.279999732971191,10.279999732971191,0,0.0,0.0
2023-06-20 00:00:00-04:00,10.220000267028809,10.229999542236328,10.220000267028809,10.229999542236328,15461,0.0,0.0
2023-06-21 00:00:00-04:00,10.229999542236328,10.229999542236328,10.229999542236328,10.229999542236328,0,0.0,0.0
2023-06-22 00:00:00-04:00,10.25,10.270000457763672,10.25,10.265000343322754,26055,0.0,0.0
2023-06-23 00:00:00-04:00,10.260000228881836,10.270000457763672,10.260000228881836,10.270000457763672,41296,0.0,0.0
2023-06-26 00:00:00-04:00,10.274200439453125,10.274200439453125,10.270000457763672,10.270000457763672,4386,0.0,0.0
2023-06-27 00:00:00-04:00,10.270000457763672,10.270000457763672,10.270000457763672,10.270000457763672,0,0.0,0.0
2023-06-28 00:00:00-04:00,10.270000457763672,10.270000457763672,10.270000457763672,10.270000457763672,0,0.0,0.0
2023-06-29 00:00:00-04:00,10.279999732971191,10.279999732971191,10.270000457763672,10.279999732971191,76031,0.0,0.0
2023-06-30 00:00:00-04:00,10.279999732971191,10.279999732971191,10.279999732971191,10.279999732971191,0,0.0,0.0
2023-07-03 00:00:00-04:00,10.279999732971191,10.279999732971191,10.279999732971191,10.279999732971191,0,0.0,0.0
2023-07-05 00:00:00-04:00,10.279999732971191,10.279999732971191,10.279999732971191,10.279999732971191,0,0.0,0.0
2023-07-06 00:00:00-04:00,10.279999732971191,10.279999732971191,10.279999732971191,10.279999732971191,5368,0.0,0.0
2023-07-07 00:00:00-04:00,10.279999732971191,10.279999732971191,10.279999732971191,10.279999732971191,0,0.0,0.0
2023-07-10 00:00:00-04:00,10.279999732971191,10.279999732971191,10.279999732971191,10.279999732971191,0,0.0,0.0
2023-07-11 00:00:00-04:00,10.279999732971191,10.279999732971191,10.279999732971191,10.279999732971191,0,0.0,0.0
2023-07-12 00:00:00-04:00,10.279999732971191,10.279999732971191,10.279999732971191,10.279999732971191,0,0.0,0.0
2023-07-13 00:00:00-04:00,10.350000381469727,10.460000038146973,10.350000381469727,10.359999656677246,59095,0.0,0.0
2023-07-14 00:00:00-04:00,10.350000381469727,10.364999771118164,10.350000381469727,10.359999656677246,813,0.0,0.0
2023-07-17 00:00:00-04:00,10.359999656677246,10.359999656677246,10.359999656677246,10.359999656677246,0,0.0,0.0
2023-07-18 00:00:00-04:00,10.359999656677246,10.359999656677246,10.359999656677246,10.359999656677246,0,0.0,0.0
2023-07-19 00:00:00-04:00,10.359999656677246,10.359999656677246,10.359999656677246,10.359999656677246,0,0.0,0.0
2023-07-20 00:00:00-04:00,10.359999656677246,10.359999656677246,10.359999656677246,10.359999656677246,0,0.0,0.0
2023-07-21 00:00:00-04:00,10.359999656677246,10.359999656677246,10.359999656677246,10.359999656677246,0,0.0,0.0
