Date,Open,High,Low,Close,Volume,Dividends,Stock Splits
2022-05-27 00:00:00-04:00,4.0,4.0,4.0,4.0,100,0.0,0.0
2022-06-01 00:00:00-04:00,4.269999980926514,4.269999980926514,4.269999980926514,4.269999980926514,200,0.0,0.0
2022-06-02 00:00:00-04:00,4.300000190734863,4.5,4.300000190734863,4.5,200,0.0,0.0
2022-06-06 00:00:00-04:00,4.269999980926514,4.269999980926514,4.269999980926514,4.269999980926514,100,0.0,0.0
2022-06-07 00:00:00-04:00,4.389999866485596,4.389999866485596,4.389999866485596,4.389999866485596,300,0.0,0.0
2022-06-09 00:00:00-04:00,4.489999771118164,4.489999771118164,4.489999771118164,4.489999771118164,125,0.0,0.0
2022-06-14 00:00:00-04:00,4.0,4.0,4.0,4.0,250,0.0,0.0
2022-06-16 00:00:00-04:00,3.75,3.75,3.0,3.0,275,0.0,0.0
2022-06-21 00:00:00-04:00,3.9600000381469727,4.0,3.9600000381469727,4.0,1000,0.0,0.0
2022-06-22 00:00:00-04:00,4.0,4.0,4.0,4.0,5179,0.0,0.0
2022-06-23 00:00:00-04:00,4.199999809265137,4.199999809265137,4.199999809265137,4.199999809265137,251,0.0,0.0
2022-06-24 00:00:00-04:00,4.199999809265137,4.199999809265137,4.199999809265137,4.199999809265137,251,0.0,0.0
2022-06-28 00:00:00-04:00,4.019999980926514,4.019999980926514,3.75,3.75,400,0.0,0.0
2022-07-01 00:00:00-04:00,3.5,3.5,3.0999999046325684,3.0999999046325684,427,0.0,0.0
2022-07-08 00:00:00-04:00,3.200000047683716,3.200000047683716,3.1500000953674316,3.1500000953674316,613,0.0,0.0
2022-07-11 00:00:00-04:00,3.049999952316284,3.049999952316284,1.5199999809265137,1.5199999809265137,3288,0.0,0.0
2022-07-12 00:00:00-04:00,1.4800000190734863,1.4800000190734863,1.190000057220459,1.190000057220459,1300,0.0,0.0
2022-07-13 00:00:00-04:00,1.600000023841858,1.600000023841858,1.4800000190734863,1.4800000190734863,2236,0.0,0.0
2022-07-14 00:00:00-04:00,1.7999999523162842,1.7999999523162842,1.7999999523162842,1.7999999523162842,400,0.0,0.0
2022-07-15 00:00:00-04:00,1.7999999523162842,1.7999999523162842,1.7450000047683716,1.7999999523162842,1416,0.0,0.0
2022-07-18 00:00:00-04:00,2.75,2.950000047683716,2.5199999809265137,2.5199999809265137,1510,0.0,0.0
2022-07-19 00:00:00-04:00,2.75,2.75,2.75,2.75,690,0.0,0.0
2022-07-20 00:00:00-04:00,3.190000057220459,3.190000057220459,3.190000057220459,3.190000057220459,190,0.0,0.0
2022-07-21 00:00:00-04:00,3.190000057220459,3.190000057220459,3.190000057220459,3.190000057220459,205,0.0,0.0
2022-07-22 00:00:00-04:00,3.075000047683716,3.075000047683716,3.075000047683716,3.075000047683716,250,0.0,0.0
2022-07-25 00:00:00-04:00,2.950000047683716,2.950000047683716,2.630000114440918,2.630000114440918,751,0.0,0.0
2022-07-27 00:00:00-04:00,3.1500000953674316,3.1500000953674316,3.1500000953674316,3.1500000953674316,333,0.0,0.0
2022-07-28 00:00:00-04:00,3.1500000953674316,3.180000066757202,3.1500000953674316,3.1500000953674316,300,0.0,0.0
2022-07-29 00:00:00-04:00,3.1500000953674316,3.180000066757202,3.1500000953674316,3.1500000953674316,300,0.0,0.0
2022-08-01 00:00:00-04:00,3.200000047683716,3.200000047683716,3.0,3.0,603,0.0,0.0
2022-08-03 00:00:00-04:00,3.25,3.25,3.25,3.25,297,0.0,0.0
2022-08-09 00:00:00-04:00,4.0,4.989999771118164,4.0,4.989999771118164,500,0.0,0.0
2022-08-16 00:00:00-04:00,4.75,4.75,4.099999904632568,4.099999904632568,950,0.0,0.0
2022-08-17 00:00:00-04:00,4.21999979019165,4.21999979019165,3.950000047683716,4.0,1100,0.0,0.0
2022-08-18 00:00:00-04:00,4.070000171661377,4.070000171661377,4.070000171661377,4.070000171661377,200,0.0,0.0
2022-08-19 00:00:00-04:00,4.0,4.0,3.700000047683716,3.700000047683716,400,0.0,0.0
2022-08-22 00:00:00-04:00,3.5199999809265137,3.5199999809265137,3.2300000190734863,3.2300000190734863,400,0.0,0.0
2022-08-23 00:00:00-04:00,3.430000066757202,3.430000066757202,3.430000066757202,3.430000066757202,100,0.0,0.0
2022-08-24 00:00:00-04:00,3.440000057220459,3.569999933242798,3.440000057220459,3.569999933242798,417,0.0,0.0
2022-08-26 00:00:00-04:00,3.4000000953674316,3.450000047683716,3.4000000953674316,3.450000047683716,478,0.0,0.0
2022-08-29 00:00:00-04:00,3.5,3.5,3.0,3.0,9352,0.0,0.0
2022-08-30 00:00:00-04:00,3.0199999809265137,3.0399999618530273,2.9000000953674316,2.9000000953674316,701,0.0,0.0
2022-08-31 00:00:00-04:00,3.0199999809265137,3.0399999618530273,2.9000000953674316,2.9000000953674316,701,0.0,0.0
2022-09-02 00:00:00-04:00,2.859999895095825,3.1600000858306885,2.859999895095825,3.1600000858306885,820,0.0,0.0
2022-09-06 00:00:00-04:00,3.1500000953674316,3.1500000953674316,2.9100000858306885,2.9100000858306885,258,0.0,0.0
2022-09-09 00:00:00-04:00,2.859999895095825,2.9100000858306885,2.859999895095825,2.9100000858306885,7740,0.0,0.0
2022-09-13 00:00:00-04:00,2.8399999141693115,2.8499999046325684,2.7799999713897705,2.7799999713897705,478,0.0,0.0
2022-09-16 00:00:00-04:00,2.619999885559082,2.619999885559082,2.619999885559082,2.619999885559082,110,0.0,0.0
2022-09-19 00:00:00-04:00,2.509999990463257,2.509999990463257,2.509999990463257,2.509999990463257,375,0.0,0.0
2022-09-21 00:00:00-04:00,2.5,2.509999990463257,2.5,2.509999990463257,1965,0.0,0.0
2022-09-23 00:00:00-04:00,2.5,2.509999990463257,2.5,2.509999990463257,1965,0.0,0.0
2022-09-28 00:00:00-04:00,2.380000114440918,2.380000114440918,2.3299999237060547,2.3299999237060547,429,0.0,0.0
2022-09-30 00:00:00-04:00,2.3299999237060547,2.380000114440918,2.3299999237060547,2.380000114440918,200,0.0,0.0
2022-10-03 00:00:00-04:00,2.3299999237060547,2.3299999237060547,2.3299999237060547,2.3299999237060547,100,0.0,0.0
2022-10-04 00:00:00-04:00,2.4100000858306885,2.4100000858306885,2.4100000858306885,2.4100000858306885,349,0.0,0.0
2022-10-05 00:00:00-04:00,2.4000000953674316,2.4000000953674316,2.4000000953674316,2.4000000953674316,534,0.0,0.0
2022-10-12 00:00:00-04:00,2.2200000286102295,2.2200000286102295,2.2200000286102295,2.2200000286102295,100,0.0,0.0
2022-10-13 00:00:00-04:00,2.1500000953674316,2.1500000953674316,2.1500000953674316,2.1500000953674316,100,0.0,0.0
2022-10-20 00:00:00-04:00,2.049999952316284,2.049999952316284,2.049999952316284,2.049999952316284,100,0.0,0.0
2022-10-26 00:00:00-04:00,2.4000000953674316,2.440000057220459,2.4000000953674316,2.440000057220459,635,0.0,0.0
2022-10-27 00:00:00-04:00,2.200000047683716,2.2200000286102295,2.109999895095825,2.109999895095825,1625,0.0,0.0
2022-10-28 00:00:00-04:00,2.25,2.25,2.25,2.25,500,0.0,0.0
2022-10-31 00:00:00-04:00,2.049999952316284,2.049999952316284,2.049999952316284,2.049999952316284,190,0.0,0.0
2022-11-03 00:00:00-04:00,2.5899999141693115,2.5899999141693115,2.5899999141693115,2.5899999141693115,2006,0.0,0.0
2022-11-04 00:00:00-04:00,2.5899999141693115,2.5899999141693115,2.5899999141693115,2.5899999141693115,2006,0.0,0.0
2022-11-07 00:00:00-05:00,2.609999895095825,2.609999895095825,2.559999942779541,2.559999942779541,259,0.0,0.0
2022-11-08 00:00:00-05:00,2.1500000953674316,2.1500000953674316,1.9800000190734863,1.9800000190734863,436,0.0,0.0
2022-11-09 00:00:00-05:00,1.9600000381469727,2.1263999938964844,1.8799999952316284,1.8799999952316284,859,0.0,0.0
2022-11-11 00:00:00-05:00,1.7699999809265137,1.7699999809265137,1.7699999809265137,1.7699999809265137,100,0.0,0.0
2022-11-16 00:00:00-05:00,1.850000023841858,1.850000023841858,1.7699999809265137,1.7699999809265137,3892,0.0,0.0
2022-11-17 00:00:00-05:00,1.7699999809265137,1.7699999809265137,1.7699999809265137,1.7699999809265137,100,0.0,0.0
2022-11-18 00:00:00-05:00,1.7699999809265137,1.7699999809265137,1.7699999809265137,1.7699999809265137,100,0.0,0.0
2022-11-21 00:00:00-05:00,1.621000051498413,1.6299999952316284,1.6200000047683716,1.6299999952316284,486,0.0,0.0
2022-11-22 00:00:00-05:00,1.6299999952316284,1.6299999952316284,1.6299999952316284,1.6299999952316284,217,0.0,0.0
2022-11-28 00:00:00-05:00,1.6299999952316284,1.7000000476837158,1.6299999952316284,1.7000000476837158,600,0.0,0.0
2022-12-01 00:00:00-05:00,1.809999942779541,1.809999942779541,1.7999999523162842,1.7999999523162842,1100,0.0,0.0
2022-12-02 00:00:00-05:00,2.009999990463257,2.009999990463257,2.0,2.0,400,0.0,0.0
2022-12-06 00:00:00-05:00,2.0,2.0,1.7999999523162842,1.7999999523162842,509,0.0,0.0
2022-12-07 00:00:00-05:00,1.659999966621399,1.659999966621399,1.5700000524520874,1.5950000286102295,1322,0.0,0.0
2022-12-08 00:00:00-05:00,1.5499999523162842,1.5499999523162842,1.5499999523162842,1.5499999523162842,1191,0.0,0.0
2022-12-09 00:00:00-05:00,1.0800000429153442,1.0800000429153442,0.8500000238418579,0.8500000238418579,9859,0.0,0.0
2022-12-12 00:00:00-05:00,1.0,1.0,1.0,1.0,281,0.0,0.0
2022-12-13 00:00:00-05:00,1.090000033378601,1.090000033378601,1.090000033378601,1.090000033378601,404,0.0,0.0
2022-12-15 00:00:00-05:00,0.9800000190734863,0.9800000190734863,0.9800000190734863,0.9800000190734863,646,0.0,0.0
2022-12-21 00:00:00-05:00,0.9556999802589417,0.9556999802589417,0.949999988079071,0.949999988079071,711,0.0,0.0
2022-12-23 00:00:00-05:00,0.9556999802589417,0.9556999802589417,0.949999988079071,0.949999988079071,711,0.0,0.0
2022-12-27 00:00:00-05:00,0.8500000238418579,0.8500000238418579,0.8500000238418579,0.8500000238418579,650,0.0,0.0
2023-01-03 00:00:00-05:00,1.0,1.0,1.0,1.0,2000,0.0,0.0
2023-01-04 00:00:00-05:00,0.8849999904632568,0.9014999866485596,0.8849999904632568,0.9004999995231628,950,0.0,0.0
2023-01-06 00:00:00-05:00,0.75,0.8999999761581421,0.75,0.8999999761581421,500,0.0,0.0
2023-01-09 00:00:00-05:00,0.75,0.949999988079071,0.75,0.949999988079071,2000,0.0,0.0
2023-01-10 00:00:00-05:00,0.9800000190734863,0.9800000190734863,0.9800000190734863,0.9800000190734863,400,0.0,0.0
2023-01-11 00:00:00-05:00,0.949999988079071,0.949999988079071,0.949999988079071,0.949999988079071,100,0.0,0.0
2023-01-13 00:00:00-05:00,0.949999988079071,0.949999988079071,0.949999988079071,0.949999988079071,100,0.0,0.0
2023-01-18 00:00:00-05:00,1.0,1.0,1.0,1.0,500,0.0,0.0
2023-01-19 00:00:00-05:00,0.9204999804496765,1.0,0.9204999804496765,1.0,300,0.0,0.0
2023-01-20 00:00:00-05:00,0.9204999804496765,1.0,0.9204999804496765,1.0,200,0.0,0.0
2023-01-23 00:00:00-05:00,0.8600000143051147,1.149999976158142,0.8600000143051147,1.149999976158142,1265,0.0,0.0
2023-01-26 00:00:00-05:00,1.2699999809265137,1.4199999570846558,1.2699999809265137,1.399999976158142,3361,0.0,0.0
2023-01-27 00:00:00-05:00,1.399999976158142,1.4800000190734863,1.399999976158142,1.4700000286102295,1284,0.0,0.0
2023-01-30 00:00:00-05:00,1.4700000286102295,1.4700000286102295,1.4700000286102295,1.4700000286102295,350,0.0,0.0
2023-02-02 00:00:00-05:00,1.4700000286102295,1.4700000286102295,1.4700000286102295,1.4700000286102295,200,0.0,0.0
2023-02-03 00:00:00-05:00,1.4800000190734863,1.4900000095367432,1.4800000190734863,1.4800000190734863,950,0.0,0.0
2023-02-07 00:00:00-05:00,1.4800000190734863,1.4800000190734863,1.4800000190734863,1.4800000190734863,512,0.0,0.0
2023-02-09 00:00:00-05:00,1.5399999618530273,1.5399999618530273,1.5399999618530273,1.5399999618530273,150,0.0,0.0
2023-02-23 00:00:00-05:00,1.6399999856948853,1.6399999856948853,1.6399999856948853,1.6399999856948853,200,0.0,0.0
2023-02-27 00:00:00-05:00,1.6399999856948853,1.6399999856948853,1.6399999856948853,1.6399999856948853,100,0.0,0.0
2023-02-28 00:00:00-05:00,1.6399999856948853,1.7000000476837158,1.6399999856948853,1.7000000476837158,700,0.0,0.0
2023-03-03 00:00:00-05:00,1.6399999856948853,1.6399999856948853,1.5399999618530273,1.5399999618530273,1000,0.0,0.0
2023-03-06 00:00:00-05:00,1.5,1.5,1.5,1.5,100,0.0,0.0
2023-03-07 00:00:00-05:00,1.4600000381469727,1.4600000381469727,1.4600000381469727,1.4600000381469727,100,0.0,0.0
2023-03-08 00:00:00-05:00,1.4140000343322754,1.4140000343322754,1.25,1.25,1200,0.0,0.0
2023-03-10 00:00:00-05:00,1.350000023841858,1.350000023841858,1.2999999523162842,1.2999999523162842,500,0.0,0.0
2023-03-13 00:00:00-04:00,1.2899999618530273,1.3300000429153442,1.2899999618530273,1.3300000429153442,1644,0.0,0.0
2023-03-20 00:00:00-04:00,1.3700000047683716,1.399999976158142,1.3700000047683716,1.399999976158142,305,0.0,0.0
2023-03-21 00:00:00-04:00,1.4800000190734863,1.514799952507019,1.4601000547409058,1.4601000547409058,2433,0.0,0.0
2023-03-23 00:00:00-04:00,1.4950000047683716,1.4950000047683716,1.4600000381469727,1.4600000381469727,1010,0.0,0.0
2023-03-27 00:00:00-04:00,1.4600000381469727,1.4600000381469727,1.4600000381469727,1.4600000381469727,210,0.0,0.0
2023-03-29 00:00:00-04:00,1.4600000381469727,1.4700000286102295,1.4600000381469727,1.4700000286102295,563,0.0,0.0
2023-03-31 00:00:00-04:00,1.4850000143051147,1.4850000143051147,1.4850000143051147,1.4850000143051147,500,0.0,0.0
2023-04-14 00:00:00-04:00,1.5700000524520874,1.6699999570846558,1.5700000524520874,1.6399999856948853,14803,0.0,0.0
2023-04-18 00:00:00-04:00,1.6299999952316284,1.6699999570846558,1.6299999952316284,1.6299999952316284,700,0.0,0.0
2023-04-19 00:00:00-04:00,1.6100000143051147,1.8300000429153442,1.600000023841858,1.7000000476837158,5992,0.0,0.0
2023-04-26 00:00:00-04:00,1.649999976158142,1.649999976158142,1.649999976158142,1.649999976158142,100,0.0,0.0
2023-05-01 00:00:00-04:00,1.6399999856948853,1.6399999856948853,1.590000033378601,1.590000033378601,300,0.0,0.0
2023-05-08 00:00:00-04:00,1.5800000429153442,1.5800000429153442,1.5800000429153442,1.5800000429153442,300,0.0,0.0
2023-05-10 00:00:00-04:00,1.5199999809265137,1.5399999618530273,1.5199999809265137,1.5399999618530273,900,0.0,0.0
2023-05-11 00:00:00-04:00,1.5199999809265137,1.5199999809265137,1.4900000095367432,1.4900000095367432,759,0.0,0.0
2023-05-23 00:00:00-04:00,1.5199999809265137,1.7699999809265137,1.350000023841858,1.7699999809265137,5489,0.0,0.0
2023-05-30 00:00:00-04:00,1.5,1.5,1.5,1.5,100,0.0,0.0
2023-05-31 00:00:00-04:00,1.3200000524520874,1.3200000524520874,1.3200000524520874,1.3200000524520874,219,0.0,0.0
2023-06-05 00:00:00-04:00,1.3200000524520874,1.3200000524520874,1.3200000524520874,1.3200000524520874,215,0.0,0.0
2023-06-06 00:00:00-04:00,1.399999976158142,1.399999976158142,1.399999976158142,1.399999976158142,100,0.0,0.0
2023-06-09 00:00:00-04:00,1.350000023841858,1.350000023841858,1.2599999904632568,1.2599999904632568,650,0.0,0.0
2023-06-12 00:00:00-04:00,1.2400000095367432,1.2400000095367432,1.0399999618530273,1.0499999523162842,4075,0.0,0.0
2023-06-13 00:00:00-04:00,1.0435999631881714,1.0449999570846558,1.0299999713897705,1.0299999713897705,400,0.0,0.0
2023-06-14 00:00:00-04:00,1.0099999904632568,1.0099999904632568,1.0099999904632568,1.0099999904632568,115,0.0,0.0
2023-06-20 00:00:00-04:00,0.9290000200271606,0.9290000200271606,0.8925999999046326,0.8925999999046326,200,0.0,0.0
2023-06-21 00:00:00-04:00,0.9962999820709229,1.100000023841858,0.9962999820709229,1.100000023841858,450,0.0,0.0
2023-06-23 00:00:00-04:00,0.9800000190734863,0.9800000190734863,0.9800000190734863,0.9800000190734863,811,0.0,0.0
2023-06-26 00:00:00-04:00,1.149999976158142,1.149999976158142,1.149999976158142,1.149999976158142,1393,0.0,0.0
2023-06-27 00:00:00-04:00,1.1299999952316284,1.399999976158142,1.0475000143051147,1.3700000047683716,6734,0.0,0.0
2023-06-28 00:00:00-04:00,1.3799999952316284,2.6500000953674316,1.3799999952316284,1.850000023841858,18435,0.0,0.0
2023-06-29 00:00:00-04:00,2.1700000762939453,2.799999952316284,2.0199999809265137,2.549999952316284,9211,0.0,0.0
2023-06-30 00:00:00-04:00,2.9700000286102295,3.049999952316284,1.899999976158142,1.899999976158142,7041,0.0,0.0
2023-07-03 00:00:00-04:00,2.2200000286102295,2.2200000286102295,2.0399999618530273,2.0399999618530273,853,0.0,0.0
2023-07-05 00:00:00-04:00,2.069999933242798,2.1700000762939453,2.069999933242798,2.1185998916625977,953,0.0,0.0
2023-07-06 00:00:00-04:00,1.8899999856948853,2.0299999713897705,1.7050000429153442,1.7100000381469727,5248,0.0,0.0
2023-07-07 00:00:00-04:00,1.809999942779541,1.9700000286102295,1.809999942779541,1.9680999517440796,1154,0.0,0.0
2023-07-11 00:00:00-04:00,1.8991999626159668,1.8991999626159668,1.6200000047683716,1.7000000476837158,2491,0.0,0.0
2023-07-12 00:00:00-04:00,1.7400000095367432,1.7400000095367432,1.7400000095367432,1.7400000095367432,401,0.0,0.0
2023-07-13 00:00:00-04:00,1.7400000095367432,2.3499999046325684,1.7400000095367432,2.1050000190734863,2023,0.0,0.0
2023-07-14 00:00:00-04:00,2.390000104904175,2.390000104904175,2.390000104904175,2.390000104904175,190,0.0,0.0
2023-07-17 00:00:00-04:00,2.3399999141693115,2.3399999141693115,1.899999976158142,1.899999976158142,875,0.0,0.0
2023-07-20 00:00:00-04:00,2.0,2.0,2.0,2.0,400,0.0,0.0
2023-07-21 00:00:00-04:00,2.0,2.0,2.0,2.0,1092,0.0,0.0
2023-07-24 00:00:00-04:00,2.0,2.0,2.0,2.0,100,0.0,0.0
2023-07-26 00:00:00-04:00,1.850000023841858,1.850000023841858,1.7000000476837158,1.7899999618530273,865,0.0,0.0
