Date,Open,High,Low,Close,Volume,Dividends,Stock Splits,Capital Gains
2022-02-10 00:00:00-05:00,40.31999969482422,40.44300079345703,39.71900177001953,39.71900177001953,6600,0.0,0.0,0.0
2022-02-11 00:00:00-05:00,39.41999816894531,39.540000915527344,38.599998474121094,38.70500183105469,9500,0.0,0.0,0.0
2022-02-14 00:00:00-05:00,38.650001525878906,38.68000030517578,38.47999954223633,38.52000045776367,2200,0.0,0.0,0.0
2022-02-15 00:00:00-05:00,39.64500045776367,39.939998626708984,39.59000015258789,39.900001525878906,2400,0.0,0.0,0.0
2022-02-16 00:00:00-05:00,39.645999908447266,40.00699996948242,39.645999908447266,40.00699996948242,1700,0.0,0.0,0.0
2022-02-17 00:00:00-05:00,40.27000045776367,41.65999984741211,39.790000915527344,39.79999923706055,1900,0.0,0.0,0.0
2022-02-18 00:00:00-05:00,39.25,39.255001068115234,39.24399948120117,39.24399948120117,500,0.0,0.0,0.0
2022-02-22 00:00:00-05:00,38.9900016784668,38.9900016784668,38.66999816894531,38.71200180053711,2400,0.0,0.0,0.0
2022-02-23 00:00:00-05:00,39.33000183105469,39.33000183105469,38.71099853515625,38.71099853515625,2100,0.0,0.0,0.0
2022-02-24 00:00:00-05:00,37.9900016784668,39.70000076293945,37.9900016784668,39.63999938964844,12700,0.0,0.0,0.0
2022-02-25 00:00:00-05:00,40.08000183105469,40.75299835205078,40.08000183105469,40.75299835205078,700,0.0,0.0,0.0
2022-02-28 00:00:00-05:00,41.31999969482422,42.375,41.31999969482422,41.750999450683594,4200,0.0,0.0,0.0
2022-03-01 00:00:00-05:00,41.59000015258789,41.59000015258789,41.141998291015625,41.141998291015625,500,0.0,0.0,0.0
2022-03-02 00:00:00-05:00,40.770999908447266,41.22999954223633,40.77000045776367,41.150001525878906,1600,0.0,0.0,0.0
2022-03-03 00:00:00-05:00,40.849998474121094,40.849998474121094,40.323001861572266,40.323001861572266,700,0.0,0.0,0.0
2022-03-04 00:00:00-05:00,39.900001525878906,39.900001525878906,39.74599838256836,39.74599838256836,400,0.0,0.0,0.0
2022-03-07 00:00:00-05:00,39.689998626708984,39.79999923706055,39.41600036621094,39.41600036621094,7400,0.0,0.0,0.0
2022-03-08 00:00:00-05:00,39.83000183105469,40.959999084472656,39.83000183105469,40.37200164794922,13600,0.0,0.0,0.0
2022-03-09 00:00:00-05:00,40.720001220703125,41.25600051879883,40.619998931884766,40.99800109863281,900,0.0,0.0,0.0
2022-03-10 00:00:00-05:00,40.560001373291016,40.58000183105469,39.54899978637695,39.54899978637695,3200,0.0,0.0,0.0
2022-03-11 00:00:00-05:00,40.60499954223633,40.60499954223633,40.237998962402344,40.237998962402344,1800,0.0,0.0,0.0
2022-03-14 00:00:00-04:00,40.02000045776367,40.02000045776367,39.130001068115234,39.24800109863281,2600,0.0,0.0,0.0
2022-03-15 00:00:00-04:00,39.29999923706055,39.654998779296875,39.29999923706055,39.654998779296875,500,0.0,0.0,0.0
2022-03-16 00:00:00-04:00,40.59000015258789,41.14500045776367,40.59000015258789,41.14500045776367,3400,0.0,0.0,0.0
2022-03-17 00:00:00-04:00,41.3390007019043,41.3390007019043,41.3390007019043,41.3390007019043,100,0.0,0.0,0.0
2022-03-18 00:00:00-04:00,40.959999084472656,41.51100158691406,40.959999084472656,41.51100158691406,500,0.0,0.0,0.0
2022-03-21 00:00:00-04:00,41.369998931884766,41.369998931884766,41.319000244140625,41.319000244140625,1200,0.0,0.0,0.0
2022-03-22 00:00:00-04:00,41.66999816894531,41.68000030517578,41.56700134277344,41.57099914550781,800,0.0,0.0,0.0
2022-03-23 00:00:00-04:00,41.15999984741211,41.323001861572266,41.15999984741211,41.207000732421875,800,0.0,0.0,0.0
2022-03-24 00:00:00-04:00,41.20000076293945,41.47200012207031,41.20000076293945,41.47200012207031,400,0.0,0.0,0.0
2022-03-25 00:00:00-04:00,41.06999969482422,41.198001861572266,41.06999969482422,41.198001861572266,400,0.0,0.0,0.0
2022-03-28 00:00:00-04:00,41.13999938964844,41.13999938964844,41.1349983215332,41.13999938964844,700,0.0,0.0,0.0
2022-03-29 00:00:00-04:00,42.02000045776367,42.02000045776367,41.97200012207031,41.97200012207031,500,0.0,0.0,0.0
2022-03-30 00:00:00-04:00,42.380001068115234,42.599998474121094,42.29499816894531,42.29999923706055,1800,0.0,0.0,0.0
2022-03-31 00:00:00-04:00,42.07400131225586,42.07400131225586,42.07400131225586,42.07400131225586,100,0.0,0.0,0.0
2022-04-01 00:00:00-04:00,42.45000076293945,42.5,42.290000915527344,42.38399887084961,1600,0.0,0.0,0.0
2022-04-04 00:00:00-04:00,42.67499923706055,42.67499923706055,42.67499923706055,42.67499923706055,100,0.0,0.0,0.0
2022-04-05 00:00:00-04:00,42.70000076293945,42.70000076293945,42.42599868774414,42.42599868774414,1000,0.0,0.0,0.0
2022-04-06 00:00:00-04:00,42.060001373291016,42.060001373291016,41.95600128173828,41.95600128173828,200,0.0,0.0,0.0
2022-04-07 00:00:00-04:00,41.77000045776367,41.77000045776367,41.49399948120117,41.56800079345703,800,0.0,0.0,0.0
2022-04-08 00:00:00-04:00,41.47999954223633,41.47999954223633,41.47999954223633,41.47999954223633,100,0.0,0.0,0.0
2022-04-11 00:00:00-04:00,40.790000915527344,40.79999923706055,40.59299850463867,40.59299850463867,400,0.0,0.0,0.0
2022-04-12 00:00:00-04:00,40.5,40.5,40.5,40.5,100,0.0,0.0,0.0
2022-04-13 00:00:00-04:00,40.630001068115234,40.823001861572266,40.630001068115234,40.823001861572266,200,0.0,0.0,0.0
2022-04-14 00:00:00-04:00,40.4109992980957,40.4109992980957,40.4109992980957,40.4109992980957,100,0.0,0.0,0.0
2022-04-18 00:00:00-04:00,40.47999954223633,40.47999954223633,40.13999938964844,40.28300094604492,1500,0.0,0.0,0.0
2022-04-19 00:00:00-04:00,40.36000061035156,40.62099838256836,40.36000061035156,40.62099838256836,400,0.0,0.0,0.0
2022-04-20 00:00:00-04:00,40.349998474121094,40.349998474121094,40.1609992980957,40.1609992980957,100,0.0,0.0,0.0
2022-04-21 00:00:00-04:00,38.810001373291016,38.810001373291016,38.689998626708984,38.689998626708984,1000,0.0,0.0,0.0
2022-04-22 00:00:00-04:00,38.117000579833984,38.117000579833984,38.117000579833984,38.117000579833984,200,0.0,0.0,0.0
2022-04-25 00:00:00-04:00,37.5,37.529998779296875,37.5,37.529998779296875,1400,0.0,0.0,0.0
2022-04-26 00:00:00-04:00,37.0,37.0,36.56700134277344,36.56700134277344,600,0.0,0.0,0.0
2022-04-27 00:00:00-04:00,37.060001373291016,37.13600158691406,37.060001373291016,37.13600158691406,200,0.0,0.0,0.0
2022-04-28 00:00:00-04:00,37.13999938964844,37.33399963378906,37.13999938964844,37.33399963378906,600,0.0,0.0,0.0
2022-04-29 00:00:00-04:00,37.7599983215332,37.7599983215332,36.90800094604492,36.90800094604492,1600,0.0,0.0,0.0
2022-05-02 00:00:00-04:00,36.75,36.875999450683594,36.75,36.875999450683594,700,0.0,0.0,0.0
2022-05-03 00:00:00-04:00,37.29999923706055,37.29999923706055,37.29999923706055,37.29999923706055,100,0.0,0.0,0.0
2022-05-04 00:00:00-04:00,38.03200149536133,38.32400131225586,38.03200149536133,38.32400131225586,200,0.0,0.0,0.0
2022-05-05 00:00:00-04:00,37.88999938964844,37.88999938964844,37.01499938964844,37.01499938964844,500,0.0,0.0,0.0
2022-05-06 00:00:00-04:00,36.90999984741211,36.90999984741211,36.51100158691406,36.51100158691406,300,0.0,0.0,0.0
2022-05-09 00:00:00-04:00,35.209999084472656,35.36000061035156,35.178001403808594,35.178001403808594,12900,0.0,0.0,0.0
2022-05-10 00:00:00-04:00,35.75,35.75,35.35900115966797,35.35900115966797,500,0.0,0.0,0.0
2022-05-11 00:00:00-04:00,35.619998931884766,35.619998931884766,35.176998138427734,35.176998138427734,400,0.0,0.0,0.0
2022-05-12 00:00:00-04:00,34.77000045776367,34.77000045776367,34.70000076293945,34.731998443603516,1100,0.0,0.0,0.0
2022-05-13 00:00:00-04:00,35.25,35.902000427246094,35.25,35.902000427246094,400,0.0,0.0,0.0
2022-05-16 00:00:00-04:00,35.77000045776367,35.77000045776367,35.77000045776367,35.77000045776367,100,0.0,0.0,0.0
2022-05-17 00:00:00-04:00,36.560001373291016,36.85300064086914,36.529998779296875,36.85300064086914,700,0.0,0.0,0.0
2022-05-18 00:00:00-04:00,36.380001068115234,36.380001068115234,36.380001068115234,36.380001068115234,0,0.0,0.0,0.0
2022-05-19 00:00:00-04:00,37.358001708984375,37.358001708984375,37.358001708984375,37.358001708984375,200,0.0,0.0,0.0
2022-05-20 00:00:00-04:00,37.52199935913086,37.52199935913086,37.52199935913086,37.52199935913086,100,0.0,0.0,0.0
2022-05-23 00:00:00-04:00,38.09000015258789,38.09000015258789,38.016998291015625,38.016998291015625,1600,0.0,0.0,0.0
2022-05-24 00:00:00-04:00,37.404998779296875,37.47800064086914,37.404998779296875,37.47800064086914,200,0.0,0.0,0.0
2022-05-25 00:00:00-04:00,37.76499938964844,37.76499938964844,37.76499938964844,37.76499938964844,0,0.0,0.0,0.0
2022-05-26 00:00:00-04:00,38.185001373291016,38.185001373291016,38.185001373291016,38.185001373291016,100,0.0,0.0,0.0
2022-05-27 00:00:00-04:00,38.650001525878906,38.75600051879883,38.650001525878906,38.75600051879883,300,0.0,0.0,0.0
2022-05-31 00:00:00-04:00,38.68199920654297,38.68199920654297,38.68199920654297,38.68199920654297,100,0.0,0.0,0.0
2022-06-01 00:00:00-04:00,38.16999816894531,38.35300064086914,38.16999816894531,38.35300064086914,200,0.0,0.0,0.0
2022-06-02 00:00:00-04:00,38.689998626708984,39.5260009765625,38.689998626708984,39.5260009765625,500,0.0,0.0,0.0
2022-06-03 00:00:00-04:00,39.11000061035156,39.11000061035156,39.104000091552734,39.104000091552734,100,0.0,0.0,0.0
2022-06-06 00:00:00-04:00,39.97999954223633,40.040000915527344,39.76499938964844,39.76499938964844,1000,0.0,0.0,0.0
2022-06-07 00:00:00-04:00,39.595001220703125,39.90999984741211,39.595001220703125,39.90999984741211,400,0.0,0.0,0.0
2022-06-08 00:00:00-04:00,39.685001373291016,39.685001373291016,39.41999816894531,39.41999816894531,100,0.0,0.0,0.0
2022-06-09 00:00:00-04:00,38.43199920654297,38.43199920654297,38.43199920654297,38.43199920654297,100,0.0,0.0,0.0
2022-06-10 00:00:00-04:00,38.0629997253418,38.0629997253418,38.0629997253418,38.0629997253418,100,0.0,0.0,0.0
2022-06-13 00:00:00-04:00,37.099998474121094,37.099998474121094,36.46200180053711,36.46200180053711,400,0.0,0.0,0.0
2022-06-14 00:00:00-04:00,36.111000061035156,36.111000061035156,36.111000061035156,36.111000061035156,100,0.0,0.0,0.0
2022-06-15 00:00:00-04:00,36.84199905395508,36.84199905395508,36.84199905395508,36.84199905395508,100,0.0,0.0,0.0
2022-06-16 00:00:00-04:00,36.0099983215332,36.209999084472656,35.930999755859375,35.930999755859375,18000,0.0,0.0,0.0
2022-06-17 00:00:00-04:00,36.25,36.720001220703125,36.25,36.53300094604492,1200,0.0,0.0,0.0
2022-06-21 00:00:00-04:00,36.97999954223633,37.27199935913086,36.97999954223633,37.27199935913086,400,0.0,0.0,0.0
2022-06-22 00:00:00-04:00,37.11199951171875,37.11199951171875,37.11199951171875,37.11199951171875,100,0.0,0.0,0.0
2022-06-23 00:00:00-04:00,37.54399871826172,37.54399871826172,37.54399871826172,37.54399871826172,200,0.0,0.0,0.0
2022-06-24 00:00:00-04:00,38.268001556396484,38.268001556396484,38.268001556396484,38.268001556396484,100,0.0,0.0,0.0
2022-06-27 00:00:00-04:00,38.279998779296875,38.290000915527344,38.18000030517578,38.26900100708008,4100,0.0,0.0,0.0
2022-06-28 00:00:00-04:00,38.400001525878906,38.400001525878906,37.90299987792969,37.90299987792969,200,0.0,0.0,0.0
2022-06-29 00:00:00-04:00,40.02000045776367,41.689998626708984,37.04999923706055,37.069000244140625,800,0.0,0.0,0.0
2022-06-30 00:00:00-04:00,37.13999938964844,37.45000076293945,37.13999938964844,37.31999969482422,400,0.0,0.0,0.0
2022-07-01 00:00:00-04:00,37.29999923706055,37.57699966430664,37.25,37.57699966430664,600,0.0,0.0,0.0
2022-07-05 00:00:00-04:00,36.79999923706055,37.21500015258789,36.79999923706055,37.21500015258789,500,0.0,0.0,0.0
2022-07-06 00:00:00-04:00,37.130001068115234,37.23400115966797,37.130001068115234,37.23400115966797,100,0.0,0.0,0.0
2022-07-07 00:00:00-04:00,37.779998779296875,38.459999084472656,37.779998779296875,38.41299819946289,700,0.0,0.0,0.0
2022-07-08 00:00:00-04:00,38.06999969482422,38.32600021362305,38.029998779296875,38.32600021362305,1200,0.0,0.0,0.0
2022-07-11 00:00:00-04:00,37.90999984741211,37.90999984741211,37.45100021362305,37.45100021362305,500,0.0,0.0,0.0
2022-07-12 00:00:00-04:00,37.10599899291992,37.10599899291992,37.10599899291992,37.10599899291992,100,0.0,0.0,0.0
2022-07-13 00:00:00-04:00,37.7599983215332,37.7599983215332,37.518001556396484,37.518001556396484,300,0.0,0.0,0.0
2022-07-14 00:00:00-04:00,37.45899963378906,37.45899963378906,37.45899963378906,37.45899963378906,100,0.0,0.0,0.0
2022-07-15 00:00:00-04:00,37.279998779296875,37.290000915527344,37.279998779296875,37.290000915527344,400,0.0,0.0,0.0
2022-07-18 00:00:00-04:00,37.685001373291016,37.685001373291016,37.685001373291016,37.685001373291016,100,0.0,0.0,0.0
2022-07-19 00:00:00-04:00,38.209999084472656,38.34000015258789,38.20000076293945,38.2130012512207,600,0.0,0.0,0.0
2022-07-20 00:00:00-04:00,38.1609992980957,38.1609992980957,38.1609992980957,38.1609992980957,100,0.0,0.0,0.0
2022-07-21 00:00:00-04:00,38.16999816894531,38.20800018310547,38.16999816894531,38.20800018310547,400,0.0,0.0,0.0
2022-07-22 00:00:00-04:00,38.369998931884766,38.369998931884766,38.13600158691406,38.13600158691406,200,0.0,0.0,0.0
2022-07-25 00:00:00-04:00,37.9900016784668,38.31999969482422,37.790000915527344,38.31999969482422,10900,0.0,0.0,0.0
2022-07-26 00:00:00-04:00,37.983001708984375,37.983001708984375,37.983001708984375,37.983001708984375,100,0.0,0.0,0.0
2022-07-27 00:00:00-04:00,38.380001068115234,39.106998443603516,38.380001068115234,39.106998443603516,400,0.0,0.0,0.0
2022-07-28 00:00:00-04:00,41.7400016784668,41.7400016784668,39.939998626708984,40.439998626708984,6000,0.0,0.0,0.0
2022-07-29 00:00:00-04:00,40.78499984741211,40.78499984741211,40.78499984741211,40.78499984741211,100,0.0,0.0,0.0
2022-08-01 00:00:00-04:00,40.78499984741211,40.8489990234375,40.78499984741211,40.8489990234375,300,0.0,0.0,0.0
2022-08-02 00:00:00-04:00,40.862998962402344,40.862998962402344,40.862998962402344,40.862998962402344,100,0.0,0.0,0.0
2022-08-03 00:00:00-04:00,40.66999816894531,40.66999816894531,40.60300064086914,40.60300064086914,900,0.0,0.0,0.0
2022-08-04 00:00:00-04:00,40.81999969482422,40.97999954223633,40.81999969482422,40.891998291015625,150200,0.0,0.0,0.0
2022-08-05 00:00:00-04:00,40.81999969482422,40.93000030517578,40.81999969482422,40.93000030517578,1600,0.0,0.0,0.0
2022-08-08 00:00:00-04:00,41.525001525878906,41.619998931884766,41.05799865722656,41.05799865722656,900,0.0,0.0,0.0
2022-08-09 00:00:00-04:00,41.31999969482422,41.31999969482422,41.2599983215332,41.2599983215332,400,0.0,0.0,0.0
2022-08-10 00:00:00-04:00,42.16999816894531,42.16999816894531,42.0369987487793,42.159000396728516,1100,0.0,0.0,0.0
2022-08-11 00:00:00-04:00,42.40999984741211,42.4900016784668,41.983001708984375,41.983001708984375,1500,0.0,0.0,0.0
2022-08-12 00:00:00-04:00,42.220001220703125,42.400001525878906,42.220001220703125,42.400001525878906,400,0.0,0.0,0.0
2022-08-15 00:00:00-04:00,42.41999816894531,42.650001525878906,42.36000061035156,42.560001373291016,1200,0.0,0.0,0.0
2022-08-16 00:00:00-04:00,42.52000045776367,42.599998474121094,42.47999954223633,42.571998596191406,1400,0.0,0.0,0.0
2022-08-17 00:00:00-04:00,42.25,42.49599838256836,42.2400016784668,42.49599838256836,700,0.0,0.0,0.0
2022-08-18 00:00:00-04:00,42.72999954223633,42.75,42.67399978637695,42.67399978637695,700,0.0,0.0,0.0
2022-08-19 00:00:00-04:00,42.099998474121094,42.099998474121094,41.77000045776367,41.77000045776367,1000,0.0,0.0,0.0
2022-08-22 00:00:00-04:00,41.220001220703125,41.220001220703125,41.220001220703125,41.220001220703125,200,0.0,0.0,0.0
2022-08-23 00:00:00-04:00,41.61000061035156,41.61000061035156,41.53200149536133,41.53200149536133,300,0.0,0.0,0.0
2022-08-24 00:00:00-04:00,40.97999954223633,41.37200164794922,40.97999954223633,41.37200164794922,1000,0.0,0.0,0.0
2022-08-25 00:00:00-04:00,41.564998626708984,41.709999084472656,41.564998626708984,41.709999084472656,400,0.0,0.0,0.0
2022-08-26 00:00:00-04:00,41.7400016784668,41.7400016784668,40.709999084472656,40.720001220703125,1500,0.0,0.0,0.0
2022-08-29 00:00:00-04:00,40.65999984741211,40.709999084472656,40.56100082397461,40.56100082397461,400,0.0,0.0,0.0
2022-08-30 00:00:00-04:00,40.0260009765625,40.0260009765625,40.0260009765625,40.0260009765625,100,0.0,0.0,0.0
2022-08-31 00:00:00-04:00,39.52299880981445,39.52299880981445,39.52299880981445,39.52299880981445,100,0.0,0.0,0.0
2022-09-01 00:00:00-04:00,38.93000030517578,39.18000030517578,38.93000030517578,39.18000030517578,400,0.0,0.0,0.0
2022-09-02 00:00:00-04:00,38.67900085449219,38.67900085449219,38.67900085449219,38.67900085449219,100,0.0,0.0,0.0
2022-09-06 00:00:00-04:00,39.029998779296875,39.029998779296875,38.84700012207031,38.84700012207031,1000,0.0,0.0,0.0
2022-09-07 00:00:00-04:00,39.27000045776367,40.257999420166016,39.16999816894531,40.257999420166016,1400,0.0,0.0,0.0
2022-09-08 00:00:00-04:00,40.26100158691406,40.26100158691406,40.26100158691406,40.26100158691406,100,0.0,0.0,0.0
2022-09-09 00:00:00-04:00,40.560001373291016,40.560001373291016,40.560001373291016,40.560001373291016,100,0.0,0.0,0.0
2022-09-12 00:00:00-04:00,40.928001403808594,40.928001403808594,40.928001403808594,40.928001403808594,100,0.0,0.0,0.0
2022-09-13 00:00:00-04:00,40.029998779296875,40.029998779296875,39.66299819946289,39.66299819946289,2500,0.0,0.0,0.0
2022-09-14 00:00:00-04:00,39.99100112915039,39.99100112915039,39.99100112915039,39.99100112915039,100,0.0,0.0,0.0
2022-09-15 00:00:00-04:00,39.20000076293945,39.20000076293945,38.95399856567383,38.95399856567383,700,0.0,0.0,0.0
2022-09-16 00:00:00-04:00,38.400001525878906,38.62300109863281,38.400001525878906,38.62300109863281,400,0.0,0.0,0.0
2022-09-19 00:00:00-04:00,38.75699996948242,38.75699996948242,38.737998962402344,38.737998962402344,100,0.0,0.0,0.0
2022-09-20 00:00:00-04:00,38.31999969482422,38.31999969482422,38.10900115966797,38.10900115966797,200,0.0,0.0,0.0
2022-09-21 00:00:00-04:00,37.737998962402344,37.737998962402344,37.737998962402344,37.737998962402344,100,0.0,0.0,0.0
2022-09-22 00:00:00-04:00,37.25,37.25,37.25,37.25,100,0.0,0.0,0.0
2022-09-23 00:00:00-04:00,36.5099983215332,36.5099983215332,36.25600051879883,36.25600051879883,800,0.0,0.0,0.0
2022-09-26 00:00:00-04:00,35.83000183105469,35.83000183105469,35.57699966430664,35.57699966430664,200,0.0,0.0,0.0
2022-09-27 00:00:00-04:00,35.305999755859375,35.305999755859375,35.305999755859375,35.305999755859375,100,0.0,0.0,0.0
2022-09-28 00:00:00-04:00,35.4900016784668,35.78300094604492,35.4900016784668,35.78300094604492,100,0.0,0.0,0.0
2022-09-29 00:00:00-04:00,34.7599983215332,34.7599983215332,34.619998931884766,34.757999420166016,6100,0.0,0.0,0.0
2022-09-30 00:00:00-04:00,34.347999572753906,34.347999572753906,34.347999572753906,34.347999572753906,400,0.0,0.0,0.0
2022-10-03 00:00:00-04:00,34.689998626708984,35.16699981689453,34.689998626708984,35.16699981689453,200,0.0,0.0,0.0
2022-10-04 00:00:00-04:00,35.849998474121094,36.362998962402344,35.849998474121094,36.362998962402344,300,0.0,0.0,0.0
2022-10-05 00:00:00-04:00,35.689998626708984,35.689998626708984,35.689998626708984,35.689998626708984,100,0.0,0.0,0.0
2022-10-06 00:00:00-04:00,35.125,35.125,35.00699996948242,35.00699996948242,200,0.0,0.0,0.0
2022-10-07 00:00:00-04:00,34.09000015258789,34.154998779296875,34.09000015258789,34.154998779296875,200,0.0,0.0,0.0
2022-10-10 00:00:00-04:00,33.784000396728516,33.85300064086914,33.784000396728516,33.85300064086914,200,0.0,0.0,0.0
2022-10-11 00:00:00-04:00,33.67900085449219,33.67900085449219,33.67900085449219,33.67900085449219,100,0.0,0.0,0.0
2022-10-12 00:00:00-04:00,33.428001403808594,33.428001403808594,33.428001403808594,33.428001403808594,100,0.0,0.0,0.0
2022-10-13 00:00:00-04:00,32.97999954223633,34.018001556396484,32.97999954223633,34.018001556396484,300,0.0,0.0,0.0
2022-10-14 00:00:00-04:00,33.84000015258789,33.84000015258789,33.380001068115234,33.380001068115234,300,0.0,0.0,0.0
2022-10-17 00:00:00-04:00,34.266998291015625,34.266998291015625,34.266998291015625,34.266998291015625,100,0.0,0.0,0.0
2022-10-18 00:00:00-04:00,34.60100173950195,34.60100173950195,34.60100173950195,34.60100173950195,100,0.0,0.0,0.0
2022-10-19 00:00:00-04:00,33.900001525878906,33.91699981689453,33.720001220703125,33.91699981689453,800,0.0,0.0,0.0
2022-10-20 00:00:00-04:00,33.79999923706055,33.810001373291016,33.4370002746582,33.4370002746582,3200,0.0,0.0,0.0
2022-10-21 00:00:00-04:00,33.959999084472656,34.14699935913086,33.959999084472656,34.14699935913086,100,0.0,0.0,0.0
2022-10-24 00:00:00-04:00,33.97999954223633,33.97999954223633,33.97999954223633,33.97999954223633,100,0.0,0.0,0.0
2022-10-25 00:00:00-04:00,34.790000915527344,34.94300079345703,34.790000915527344,34.94300079345703,2100,0.0,0.0,0.0
2022-10-26 00:00:00-04:00,35.29999923706055,35.57500076293945,35.29999923706055,35.57500076293945,500,0.0,0.0,0.0
2022-10-27 00:00:00-04:00,35.45000076293945,35.45000076293945,35.43899917602539,35.43899917602539,400,0.0,0.0,0.0
2022-10-28 00:00:00-04:00,35.2599983215332,35.49100112915039,35.2599983215332,35.49100112915039,600,0.0,0.0,0.0
2022-10-31 00:00:00-04:00,35.16999816894531,35.16999816894531,35.16999816894531,35.16999816894531,100,0.0,0.0,0.0
2022-11-01 00:00:00-04:00,36.0,36.0,35.459999084472656,35.459999084472656,700,0.0,0.0,0.0
2022-11-02 00:00:00-04:00,35.02299880981445,35.02299880981445,35.02299880981445,35.02299880981445,100,0.0,0.0,0.0
2022-11-03 00:00:00-04:00,35.400001525878906,35.400001525878906,35.319000244140625,35.319000244140625,200,0.0,0.0,0.0
2022-11-04 00:00:00-04:00,36.38999938964844,36.38999938964844,36.2869987487793,36.2869987487793,500,0.0,0.0,0.0
2022-11-07 00:00:00-05:00,36.06999969482422,36.138999938964844,36.06999969482422,36.138999938964844,100,0.0,0.0,0.0
2022-11-08 00:00:00-05:00,36.61800003051758,36.61800003051758,36.61800003051758,36.61800003051758,100,0.0,0.0,0.0
2022-11-09 00:00:00-05:00,36.50299835205078,36.50299835205078,36.13199996948242,36.13199996948242,200,0.0,0.0,0.0
2022-11-10 00:00:00-05:00,38.23899841308594,38.23899841308594,38.23899841308594,38.23899841308594,100,0.0,0.0,0.0
2022-11-11 00:00:00-05:00,38.59000015258789,38.59000015258789,38.42900085449219,38.42900085449219,200,0.0,0.0,0.0
2022-11-14 00:00:00-05:00,38.130001068115234,38.130001068115234,37.86899948120117,37.86899948120117,200,0.0,0.0,0.0
2022-11-15 00:00:00-05:00,38.26900100708008,38.26900100708008,38.26900100708008,38.26900100708008,100,0.0,0.0,0.0
2022-11-16 00:00:00-05:00,37.9900016784668,37.9900016784668,37.89500045776367,37.89500045776367,300,0.0,0.0,0.0
2022-11-17 00:00:00-05:00,37.06999969482422,37.57899856567383,37.06999969482422,37.57899856567383,300,0.0,0.0,0.0
2022-11-18 00:00:00-05:00,37.75600051879883,37.75600051879883,37.75600051879883,37.75600051879883,100,0.0,0.0,0.0
2022-11-21 00:00:00-05:00,37.487998962402344,37.487998962402344,37.487998962402344,37.487998962402344,100,0.0,0.0,0.0
2022-11-22 00:00:00-05:00,37.75,37.90999984741211,37.720001220703125,37.88999938964844,5100,0.0,0.0,0.0
2022-11-23 00:00:00-05:00,38.31100082397461,38.31100082397461,38.31100082397461,38.31100082397461,0,0.0,0.0,0.0
2022-11-25 00:00:00-05:00,38.262001037597656,38.262001037597656,38.262001037597656,38.262001037597656,0,0.0,0.0,0.0
2022-11-28 00:00:00-05:00,37.70000076293945,37.70000076293945,37.54600143432617,37.54600143432617,400,0.0,0.0,0.0
2022-11-29 00:00:00-05:00,37.54600143432617,37.54600143432617,37.54600143432617,37.54600143432617,100,0.0,0.0,0.0
2022-11-30 00:00:00-05:00,38.891998291015625,38.891998291015625,38.891998291015625,38.891998291015625,100,0.0,0.0,0.0
2022-12-01 00:00:00-05:00,38.86899948120117,38.86899948120117,38.86899948120117,38.86899948120117,100,0.0,0.0,0.0
2022-12-02 00:00:00-05:00,39.19300079345703,39.19300079345703,39.19300079345703,39.19300079345703,100,0.0,0.0,0.0
2022-12-05 00:00:00-05:00,38.61600112915039,38.61600112915039,38.61600112915039,38.61600112915039,100,0.0,0.0,0.0
2022-12-06 00:00:00-05:00,38.21799850463867,38.21799850463867,38.21799850463867,38.21799850463867,100,0.0,0.0,0.0
2022-12-07 00:00:00-05:00,38.36000061035156,38.36000061035156,38.34600067138672,38.34600067138672,200,0.0,0.0,0.0
2022-12-08 00:00:00-05:00,38.45600128173828,38.45600128173828,38.45600128173828,38.45600128173828,100,0.0,0.0,0.0
2022-12-09 00:00:00-05:00,38.439998626708984,38.439998626708984,38.202999114990234,38.202999114990234,400,0.0,0.0,0.0
2022-12-12 00:00:00-05:00,38.36000061035156,38.47700119018555,38.36000061035156,38.47700119018555,300,0.0,0.0,0.0
2022-12-13 00:00:00-05:00,38.76300048828125,38.76300048828125,38.76300048828125,38.76300048828125,100,0.0,0.0,0.0
2022-12-14 00:00:00-05:00,38.91600036621094,38.91600036621094,38.91600036621094,38.91600036621094,0,0.0,0.0,0.0
2022-12-15 00:00:00-05:00,38.959999084472656,38.959999084472656,38.26900100708008,38.290000915527344,600,0.0,0.0,0.0
2022-12-16 00:00:00-05:00,37.49399948120117,37.56700134277344,37.400001525878906,37.56700134277344,1200,0.0,0.0,0.0
2022-12-19 00:00:00-05:00,37.38600158691406,37.38600158691406,37.38600158691406,37.38600158691406,100,0.0,0.0,0.0
2022-12-20 00:00:00-05:00,37.387001037597656,37.387001037597656,37.387001037597656,37.387001037597656,100,0.0,0.0,0.0
2022-12-21 00:00:00-05:00,37.349998474121094,37.64899826049805,37.349998474121094,37.61899948120117,300,0.0,0.0,0.0
2022-12-22 00:00:00-05:00,37.29999923706055,37.29999923706055,36.61000061035156,36.82600021362305,600,0.0,0.0,0.0
2022-12-23 00:00:00-05:00,36.7599983215332,36.7599983215332,36.7599983215332,36.7599983215332,100,0.0,0.0,0.0
2022-12-27 00:00:00-05:00,36.95000076293945,36.970001220703125,36.82600021362305,36.82600021362305,4600,0.0,0.0,0.0
2022-12-28 00:00:00-05:00,36.59000015258789,36.599998474121094,36.314998626708984,36.314998626708984,4200,0.0,0.0,0.0
2022-12-29 00:00:00-05:00,36.959999084472656,36.959999084472656,36.959999084472656,36.959999084472656,100,0.0,0.0,0.0
2022-12-30 00:00:00-05:00,36.6870002746582,36.6870002746582,36.6870002746582,36.6870002746582,0,0.0,0.0,0.0
2023-01-03 00:00:00-05:00,36.650001525878906,36.67599868774414,36.599998474121094,36.67599868774414,1400,0.0,0.0,0.0
2023-01-04 00:00:00-05:00,37.040000915527344,37.040000915527344,37.02799987792969,37.02799987792969,200,0.0,0.0,0.0
2023-01-05 00:00:00-05:00,36.540000915527344,36.540000915527344,36.540000915527344,36.540000915527344,200,0.0,0.0,0.0
2023-01-06 00:00:00-05:00,37.08000183105469,37.83000183105469,37.08000183105469,37.67399978637695,500,0.0,0.0,0.0
2023-01-09 00:00:00-05:00,37.944000244140625,37.944000244140625,37.944000244140625,37.944000244140625,200,0.0,0.0,0.0
2023-01-10 00:00:00-05:00,38.33000183105469,38.33000183105469,38.33000183105469,38.33000183105469,100,0.0,0.0,0.0
2023-01-11 00:00:00-05:00,38.96099853515625,38.96099853515625,38.96099853515625,38.96099853515625,100,0.0,0.0,0.0
2023-01-12 00:00:00-05:00,39.619998931884766,39.7400016784668,39.619998931884766,39.64099884033203,300,0.0,0.0,0.0
2023-01-13 00:00:00-05:00,39.5,39.685001373291016,39.5,39.685001373291016,200,0.0,0.0,0.0
2023-01-17 00:00:00-05:00,39.79199981689453,39.79199981689453,39.79199981689453,39.79199981689453,100,0.0,0.0,0.0
2023-01-18 00:00:00-05:00,39.72999954223633,39.72999954223633,39.393001556396484,39.393001556396484,400,0.0,0.0,0.0
2023-01-19 00:00:00-05:00,38.779998779296875,38.779998779296875,38.632999420166016,38.632999420166016,100,0.0,0.0,0.0
2023-01-20 00:00:00-05:00,39.08000183105469,39.08000183105469,39.08000183105469,39.08000183105469,100,0.0,0.0,0.0
2023-01-23 00:00:00-05:00,39.5620002746582,39.5620002746582,39.5620002746582,39.5620002746582,200,0.0,0.0,0.0
2023-01-24 00:00:00-05:00,39.569000244140625,39.569000244140625,39.569000244140625,39.569000244140625,100,0.0,0.0,0.0
2023-01-25 00:00:00-05:00,39.33399963378906,39.33399963378906,39.33399963378906,39.33399963378906,100,0.0,0.0,0.0
2023-01-26 00:00:00-05:00,39.2400016784668,39.63999938964844,39.2400016784668,39.54499816894531,1200,0.0,0.0,0.0
2023-01-27 00:00:00-05:00,39.26900100708008,39.327999114990234,39.2599983215332,39.327999114990234,600,0.0,0.0,0.0
2023-01-30 00:00:00-05:00,38.819000244140625,38.819000244140625,38.819000244140625,38.819000244140625,100,0.0,0.0,0.0
2023-01-31 00:00:00-05:00,38.81999969482422,39.305999755859375,38.81999969482422,39.305999755859375,300,0.0,0.0,0.0
2023-02-01 00:00:00-05:00,39.915000915527344,39.915000915527344,39.915000915527344,39.915000915527344,100,0.0,0.0,0.0
2023-02-02 00:00:00-05:00,39.709999084472656,39.834999084472656,39.709999084472656,39.834999084472656,100,0.0,0.0,0.0
2023-02-03 00:00:00-05:00,38.89799880981445,38.89799880981445,38.89799880981445,38.89799880981445,100,0.0,0.0,0.0
2023-02-06 00:00:00-05:00,38.698001861572266,38.698001861572266,38.698001861572266,38.698001861572266,100,0.0,0.0,0.0
2023-02-07 00:00:00-05:00,38.65999984741211,38.95500183105469,38.65999984741211,38.95500183105469,400,0.0,0.0,0.0
2023-02-08 00:00:00-05:00,38.62300109863281,38.62300109863281,38.62300109863281,38.62300109863281,100,0.0,0.0,0.0
2023-02-09 00:00:00-05:00,39.060001373291016,39.060001373291016,38.50400161743164,38.50400161743164,100,0.0,0.0,0.0
2023-02-10 00:00:00-05:00,38.358001708984375,38.358001708984375,38.358001708984375,38.358001708984375,100,0.0,0.0,0.0
2023-02-13 00:00:00-05:00,38.849998474121094,38.849998474121094,38.74800109863281,38.74800109863281,100,0.0,0.0,0.0
2023-02-14 00:00:00-05:00,38.71099853515625,38.71099853515625,38.71099853515625,38.71099853515625,0,0.0,0.0,0.0
2023-02-15 00:00:00-05:00,38.90599822998047,38.90599822998047,38.90599822998047,38.90599822998047,100,0.0,0.0,0.0
2023-02-16 00:00:00-05:00,38.66999816894531,38.66999816894531,38.29800033569336,38.29800033569336,300,0.0,0.0,0.0
2023-02-17 00:00:00-05:00,38.071998596191406,38.071998596191406,38.071998596191406,38.071998596191406,0,0.0,0.0,0.0
2023-02-21 00:00:00-05:00,37.77899932861328,37.779998779296875,37.487998962402344,37.487998962402344,800,0.0,0.0,0.0
2023-02-22 00:00:00-05:00,37.29499816894531,37.29499816894531,37.29499816894531,37.29499816894531,100,0.0,0.0,0.0
2023-02-23 00:00:00-05:00,37.59000015258789,37.59000015258789,37.499000549316406,37.499000549316406,100,0.0,0.0,0.0
2023-02-24 00:00:00-05:00,36.93000030517578,37.0,36.82699966430664,36.82699966430664,1000,0.0,0.0,0.0
2023-02-27 00:00:00-05:00,37.26599884033203,37.26599884033203,37.26599884033203,37.26599884033203,100,0.0,0.0,0.0
2023-02-28 00:00:00-05:00,37.21900177001953,37.21900177001953,37.21900177001953,37.21900177001953,0,0.0,0.0,0.0
2023-03-01 00:00:00-05:00,37.72999954223633,37.72999954223633,37.41999816894531,37.54100036621094,800,0.0,0.0,0.0
2023-03-02 00:00:00-05:00,37.38999938964844,37.38999938964844,37.24100112915039,37.31999969482422,2800,0.0,0.0,0.0
2023-03-03 00:00:00-05:00,38.0,38.0,37.974998474121094,37.974998474121094,200,0.0,0.0,0.0
2023-03-06 00:00:00-05:00,38.1870002746582,38.1870002746582,38.1870002746582,38.1870002746582,100,0.0,0.0,0.0
2023-03-07 00:00:00-05:00,37.736000061035156,37.736000061035156,37.736000061035156,37.736000061035156,100,0.0,0.0,0.0
2023-03-08 00:00:00-05:00,37.619998931884766,37.83000183105469,37.619998931884766,37.83000183105469,300,0.0,0.0,0.0
2023-03-09 00:00:00-05:00,37.21799850463867,37.21799850463867,37.21799850463867,37.21799850463867,100,0.0,0.0,0.0
2023-03-10 00:00:00-05:00,37.31999969482422,37.619998931884766,36.90800094604492,36.90800094604492,1600,0.0,0.0,0.0
2023-03-13 00:00:00-04:00,37.09199905395508,37.09199905395508,37.09199905395508,37.09199905395508,0,0.0,0.0,0.0
2023-03-14 00:00:00-04:00,37.49599838256836,37.49599838256836,37.49599838256836,37.49599838256836,0,0.0,0.0,0.0
2023-03-15 00:00:00-04:00,36.849998474121094,36.849998474121094,36.80799865722656,36.80799865722656,300,0.0,0.0,0.0
2023-03-16 00:00:00-04:00,37.112998962402344,37.112998962402344,37.112998962402344,37.112998962402344,100,0.0,0.0,0.0
2023-03-17 00:00:00-04:00,36.270999908447266,36.270999908447266,36.270999908447266,36.270999908447266,100,0.0,0.0,0.0
2023-03-20 00:00:00-04:00,36.81700134277344,36.81700134277344,36.81700134277344,36.81700134277344,100,0.0,0.0,0.0
2023-03-21 00:00:00-04:00,37.428001403808594,37.428001403808594,37.428001403808594,37.428001403808594,100,0.0,0.0,0.0
2023-03-22 00:00:00-04:00,37.15299987792969,37.15299987792969,37.15299987792969,37.15299987792969,100,0.0,0.0,0.0
2023-03-23 00:00:00-04:00,37.040000915527344,37.26599884033203,37.0,37.26599884033203,1200,0.0,0.0,0.0
2023-03-24 00:00:00-04:00,37.08300018310547,37.08300018310547,37.08300018310547,37.08300018310547,0,0.0,0.0,0.0
2023-03-27 00:00:00-04:00,37.599998474121094,37.599998474121094,37.375,37.375,200,0.0,0.0,0.0
2023-03-28 00:00:00-04:00,37.2859992980957,37.2859992980957,37.2859992980957,37.2859992980957,100,0.0,0.0,0.0
2023-03-29 00:00:00-04:00,37.874000549316406,37.874000549316406,37.874000549316406,37.874000549316406,0,0.0,0.0,0.0
2023-03-30 00:00:00-04:00,38.43000030517578,38.43000030517578,38.43000030517578,38.43000030517578,100,0.0,0.0,0.0
2023-03-31 00:00:00-04:00,38.76599884033203,38.76599884033203,38.76599884033203,38.76599884033203,300,0.0,0.0,0.0
2023-04-03 00:00:00-04:00,38.582000732421875,38.582000732421875,38.582000732421875,38.582000732421875,100,0.0,0.0,0.0
2023-04-04 00:00:00-04:00,38.22200012207031,38.22200012207031,38.22200012207031,38.22200012207031,100,0.0,0.0,0.0
2023-04-05 00:00:00-04:00,38.117000579833984,38.117000579833984,38.117000579833984,38.117000579833984,0,0.0,0.0,0.0
2023-04-06 00:00:00-04:00,38.099998474121094,38.099998474121094,38.099998474121094,38.099998474121094,100,0.0,0.0,0.0
2023-04-10 00:00:00-04:00,38.5,38.5,38.5,38.5,400,0.0,0.0,0.0
2023-04-11 00:00:00-04:00,38.80699920654297,38.80699920654297,38.80699920654297,38.80699920654297,100,0.0,0.0,0.0
2023-04-12 00:00:00-04:00,38.5260009765625,38.5260009765625,38.5260009765625,38.5260009765625,100,0.0,0.0,0.0
2023-04-13 00:00:00-04:00,38.994998931884766,38.994998931884766,38.994998931884766,38.994998931884766,100,0.0,0.0,0.0
2023-04-14 00:00:00-04:00,38.67100143432617,38.67100143432617,38.67100143432617,38.67100143432617,100,0.0,0.0,0.0
2023-04-17 00:00:00-04:00,38.900001525878906,38.9900016784668,38.900001525878906,38.9900016784668,400,0.0,0.0,0.0
2023-04-18 00:00:00-04:00,39.2400016784668,39.2400016784668,39.10300064086914,39.10300064086914,200,0.0,0.0,0.0
2023-04-19 00:00:00-04:00,38.89099884033203,38.89099884033203,38.89099884033203,38.89099884033203,100,0.0,0.0,0.0
2023-04-20 00:00:00-04:00,38.4739990234375,38.4739990234375,38.4739990234375,38.4739990234375,100,0.0,0.0,0.0
2023-04-21 00:00:00-04:00,38.540000915527344,38.540000915527344,38.540000915527344,38.540000915527344,100,0.0,0.0,0.0
2023-04-24 00:00:00-04:00,38.48899841308594,38.48899841308594,38.48899841308594,38.48899841308594,200,0.0,0.0,0.0
2023-04-25 00:00:00-04:00,37.73500061035156,37.73500061035156,37.73500061035156,37.73500061035156,100,0.0,0.0,0.0
2023-04-26 00:00:00-04:00,37.33399963378906,37.33399963378906,37.33399963378906,37.33399963378906,100,0.0,0.0,0.0
2023-04-27 00:00:00-04:00,37.90299987792969,37.90299987792969,37.90299987792969,37.90299987792969,100,0.0,0.0,0.0
2023-04-28 00:00:00-04:00,37.83000183105469,37.83000183105469,37.83000183105469,37.83000183105469,100,0.0,0.0,0.0
2023-05-01 00:00:00-04:00,37.650001525878906,37.68299865722656,37.650001525878906,37.68299865722656,400,0.0,0.0,0.0
2023-05-02 00:00:00-04:00,37.30400085449219,37.30400085449219,37.30400085449219,37.30400085449219,100,0.0,0.0,0.0
2023-05-03 00:00:00-04:00,37.22700119018555,37.22700119018555,37.22700119018555,37.22700119018555,100,0.0,0.0,0.0
2023-05-04 00:00:00-04:00,37.29999923706055,37.29999923706055,37.29999923706055,37.29999923706055,100,0.0,0.0,0.0
2023-05-05 00:00:00-04:00,37.777000427246094,37.777000427246094,37.777000427246094,37.777000427246094,100,0.0,0.0,0.0
2023-05-08 00:00:00-04:00,37.68000030517578,37.68000030517578,37.68000030517578,37.68000030517578,100,0.0,0.0,0.0
2023-05-09 00:00:00-04:00,37.38399887084961,37.38399887084961,37.38399887084961,37.38399887084961,100,0.0,0.0,0.0
2023-05-10 00:00:00-04:00,37.59700012207031,37.59700012207031,37.59700012207031,37.59700012207031,100,0.0,0.0,0.0
2023-05-11 00:00:00-04:00,37.39099884033203,37.39099884033203,37.39099884033203,37.39099884033203,100,0.0,0.0,0.0
2023-05-12 00:00:00-04:00,37.55400085449219,37.55400085449219,37.55400085449219,37.55400085449219,100,0.0,0.0,0.0
2023-05-15 00:00:00-04:00,37.7599983215332,37.9119987487793,37.7599983215332,37.9119987487793,200,0.0,0.0,0.0
2023-05-16 00:00:00-04:00,37.42499923706055,37.42499923706055,37.42499923706055,37.42499923706055,100,0.0,0.0,0.0
2023-05-17 00:00:00-04:00,37.65599822998047,37.65599822998047,37.65599822998047,37.65599822998047,100,0.0,0.0,0.0
2023-05-18 00:00:00-04:00,37.24700164794922,37.24700164794922,37.24700164794922,37.24700164794922,100,0.0,0.0,0.0
2023-05-19 00:00:00-04:00,37.28799819946289,37.28799819946289,37.28799819946289,37.28799819946289,0,0.0,0.0,0.0
2023-05-22 00:00:00-04:00,37.59400177001953,37.59400177001953,37.59400177001953,37.59400177001953,100,0.0,0.0,0.0
2023-05-23 00:00:00-04:00,37.255001068115234,37.255001068115234,37.255001068115234,37.255001068115234,100,0.0,0.0,0.0
2023-05-24 00:00:00-04:00,36.96799850463867,36.96799850463867,36.96799850463867,36.96799850463867,0,0.0,0.0,0.0
2023-05-25 00:00:00-04:00,36.84400177001953,36.84400177001953,36.84400177001953,36.84400177001953,100,0.0,0.0,0.0
2023-05-26 00:00:00-04:00,37.025001525878906,37.025001525878906,37.005001068115234,37.005001068115234,200,0.0,0.0,0.0
2023-05-30 00:00:00-04:00,36.928001403808594,36.928001403808594,36.928001403808594,36.928001403808594,100,0.0,0.0,0.0
2023-05-31 00:00:00-04:00,36.5,36.76900100708008,36.5,36.76900100708008,1000,0.0,0.0,0.0
2023-06-01 00:00:00-04:00,37.191001892089844,37.191001892089844,37.191001892089844,37.191001892089844,100,0.0,0.0,0.0
2023-06-02 00:00:00-04:00,39.18000030517578,39.18000030517578,37.55500030517578,37.60100173950195,1100,0.0,0.0,0.0
2023-06-05 00:00:00-04:00,37.308998107910156,37.308998107910156,37.308998107910156,37.308998107910156,100,0.0,0.0,0.0
2023-06-06 00:00:00-04:00,37.49100112915039,37.49100112915039,37.49100112915039,37.49100112915039,100,0.0,0.0,0.0
2023-06-07 00:00:00-04:00,37.599998474121094,37.599998474121094,37.40599822998047,37.40599822998047,200,0.0,0.0,0.0
2023-06-08 00:00:00-04:00,37.66999816894531,37.66999816894531,37.66999816894531,37.66999816894531,100,0.0,0.0,0.0
2023-06-09 00:00:00-04:00,37.685001373291016,37.685001373291016,37.685001373291016,37.685001373291016,100,0.0,0.0,0.0
2023-06-12 00:00:00-04:00,38.040000915527344,38.040000915527344,37.95600128173828,37.95600128173828,100,0.0,0.0,0.0
2023-06-13 00:00:00-04:00,38.1510009765625,38.25400161743164,38.1510009765625,38.25400161743164,100,0.0,0.0,0.0
2023-06-14 00:00:00-04:00,38.00199890136719,38.00199890136719,38.00199890136719,38.00199890136719,100,0.0,0.0,0.0
2023-06-15 00:00:00-04:00,38.702999114990234,38.702999114990234,38.702999114990234,38.702999114990234,100,0.0,0.0,0.0
2023-06-16 00:00:00-04:00,39.060001373291016,39.060001373291016,38.797000885009766,38.797000885009766,100,0.0,0.0,0.0
2023-06-20 00:00:00-04:00,38.290000915527344,38.43000030517578,38.209999084472656,38.347999572753906,1100,0.0,0.0,0.0
2023-06-21 00:00:00-04:00,38.06700134277344,38.06700134277344,38.06700134277344,38.06700134277344,100,0.0,0.0,0.0
2023-06-22 00:00:00-04:00,37.76100158691406,37.76100158691406,37.76100158691406,37.76100158691406,100,0.0,0.0,0.0
2023-06-23 00:00:00-04:00,37.097999572753906,37.097999572753906,37.097999572753906,37.097999572753906,100,0.0,0.0,0.0
2023-06-26 00:00:00-04:00,36.834999084472656,36.834999084472656,36.834999084472656,36.834999084472656,100,0.0,0.0,0.0
2023-06-27 00:00:00-04:00,37.27000045776367,37.27000045776367,37.27000045776367,37.27000045776367,100,0.0,0.0,0.0
2023-06-28 00:00:00-04:00,37.19200134277344,37.19200134277344,37.19200134277344,37.19200134277344,100,0.0,0.0,0.0
2023-06-29 00:00:00-04:00,37.137001037597656,37.137001037597656,37.137001037597656,37.137001037597656,100,0.0,0.0,0.0
2023-06-30 00:00:00-04:00,37.66999816894531,37.88999938964844,37.66999816894531,37.8390007019043,900,0.0,0.0,0.0
2023-07-03 00:00:00-04:00,38.297000885009766,38.297000885009766,38.297000885009766,38.297000885009766,100,0.0,0.0,0.0
2023-07-05 00:00:00-04:00,37.979000091552734,37.979000091552734,37.979000091552734,37.979000091552734,100,0.0,0.0,0.0
2023-07-06 00:00:00-04:00,37.29600143432617,37.29600143432617,37.29600143432617,37.29600143432617,100,0.0,0.0,0.0
2023-07-07 00:00:00-04:00,37.512001037597656,37.512001037597656,37.512001037597656,37.512001037597656,100,0.0,0.0,0.0
2023-07-10 00:00:00-04:00,37.75199890136719,37.75199890136719,37.75199890136719,37.75199890136719,100,0.0,0.0,0.0
2023-07-11 00:00:00-04:00,38.00199890136719,38.00199890136719,38.00199890136719,38.00199890136719,100,0.0,0.0,0.0
2023-07-12 00:00:00-04:00,38.66999816894531,38.66999816894531,38.66999816894531,38.66999816894531,100,0.0,0.0,0.0
2023-07-13 00:00:00-04:00,39.1619987487793,39.1619987487793,39.1619987487793,39.1619987487793,100,0.0,0.0,0.0
2023-07-14 00:00:00-04:00,38.744998931884766,38.744998931884766,38.744998931884766,38.744998931884766,100,0.0,0.0,0.0
2023-07-17 00:00:00-04:00,39.06100082397461,39.06100082397461,39.06100082397461,39.06100082397461,100,0.0,0.0,0.0
2023-07-18 00:00:00-04:00,38.97999954223633,39.08000183105469,38.97999954223633,39.08000183105469,300,0.0,0.0,0.0
2023-07-19 00:00:00-04:00,39.06999969482422,39.06999969482422,38.99399948120117,38.99399948120117,300,0.0,0.0,0.0
2023-07-20 00:00:00-04:00,38.58000183105469,38.58000183105469,38.58000183105469,38.58000183105469,100,0.0,0.0,0.0
2023-07-21 00:00:00-04:00,38.54999923706055,38.63199996948242,38.54999923706055,38.63199996948242,100,0.0,0.0,0.0
2023-07-24 00:00:00-04:00,38.832000732421875,38.832000732421875,38.832000732421875,38.832000732421875,100,0.0,0.0,0.0
2023-07-25 00:00:00-04:00,39.132999420166016,39.132999420166016,39.132999420166016,39.132999420166016,100,0.0,0.0,0.0
2023-07-26 00:00:00-04:00,38.957000732421875,38.957000732421875,38.957000732421875,38.957000732421875,0,0.0,0.0,0.0
2023-07-27 00:00:00-04:00,38.41999816894531,39.310001373291016,37.935001373291016,37.935001373291016,1100,0.0,0.0,0.0
2023-07-28 00:00:00-04:00,38.38999938964844,38.38999938964844,38.38999938964844,38.38999938964844,100,0.0,0.0,0.0
