Date,Open,High,Low,Close,Volume,Dividends,Stock Splits
2021-01-08 00:00:00-05:00,0.8899999856948853,0.9200000166893005,0.8899999856948853,0.8899999856948853,34700,0.0,0.0
2021-01-11 00:00:00-05:00,0.9169999957084656,0.9350000023841858,0.8399999737739563,0.9350000023841858,46200,0.0,0.0
2021-01-12 00:00:00-05:00,0.9350000023841858,0.9350000023841858,0.800000011920929,0.9350000023841858,10500,0.0,0.0
2021-01-13 00:00:00-05:00,0.800000011920929,0.9300000071525574,0.800000011920929,0.8840000033378601,8300,0.0,0.0
2021-01-14 00:00:00-05:00,0.6349999904632568,0.9200000166893005,0.6349999904632568,0.8999999761581421,12600,0.0,0.0
2021-01-15 00:00:00-05:00,0.890999972820282,0.8999999761581421,0.8529999852180481,0.8999999761581421,4100,0.0,0.0
2021-01-19 00:00:00-05:00,0.8999999761581421,0.925000011920929,0.8600000143051147,0.8899999856948853,31200,0.0,0.0
2021-01-20 00:00:00-05:00,0.8899999856948853,0.8899999856948853,0.8799999952316284,0.8899999856948853,27000,0.0,0.0
2021-01-21 00:00:00-05:00,0.9330000281333923,0.9330000281333923,0.8450000286102295,0.9049999713897705,19600,0.0,0.0
2021-01-22 00:00:00-05:00,0.8849999904632568,0.8849999904632568,0.7950000166893005,0.8799999952316284,16400,0.0,0.0
2021-01-25 00:00:00-05:00,0.8799999952316284,0.8799999952316284,0.7649999856948853,0.8700000047683716,33800,0.0,0.0
2021-01-26 00:00:00-05:00,0.8799999952316284,0.8999999761581421,0.6000000238418579,0.8500000238418579,45400,0.0,0.0
2021-01-27 00:00:00-05:00,0.800000011920929,0.800000011920929,0.6150000095367432,0.7020000219345093,35100,0.0,0.0
2021-01-28 00:00:00-05:00,0.7900000214576721,0.7900000214576721,0.7129999995231628,0.7850000262260437,65400,0.0,0.0
2021-01-29 00:00:00-05:00,0.7900000214576721,0.7900000214576721,0.75,0.75,2800,0.0,0.0
2021-02-01 00:00:00-05:00,0.699999988079071,0.7850000262260437,0.6499999761581421,0.6499999761581421,2600,0.0,0.0
2021-02-02 00:00:00-05:00,0.6399999856948853,0.7129999995231628,0.6399999856948853,0.7129999995231628,2300,0.0,0.0
2021-02-03 00:00:00-05:00,0.699999988079071,0.699999988079071,0.6399999856948853,0.6399999856948853,6400,0.0,0.0
2021-02-04 00:00:00-05:00,0.6399999856948853,0.6399999856948853,0.6399999856948853,0.6399999856948853,2400,0.0,0.0
2021-02-05 00:00:00-05:00,0.6499999761581421,0.8349999785423279,0.6399999856948853,0.6499999761581421,13600,0.0,0.0
2021-02-08 00:00:00-05:00,0.6399999856948853,0.800000011920929,0.6399999856948853,0.800000011920929,6400,0.0,0.0
2021-02-09 00:00:00-05:00,0.6449999809265137,0.699999988079071,0.6399999856948853,0.6399999856948853,6000,0.0,0.0
2021-02-10 00:00:00-05:00,0.7950000166893005,0.7950000166893005,0.6449999809265137,0.6449999809265137,6100,0.0,0.0
2021-02-11 00:00:00-05:00,0.7799999713897705,0.7900000214576721,0.6449999809265137,0.6449999809265137,3300,0.0,0.0
2021-02-12 00:00:00-05:00,0.7200000286102295,0.7799999713897705,0.6399999856948853,0.7649999856948853,4000,0.0,0.0
2021-02-16 00:00:00-05:00,0.550000011920929,0.550000011920929,0.550000011920929,0.550000011920929,700,0.0,0.0
2021-02-17 00:00:00-05:00,0.6499999761581421,0.7900000214576721,0.6499999761581421,0.7900000214576721,2500,0.0,0.0
2021-02-18 00:00:00-05:00,0.7900000214576721,0.7900000214576721,0.7900000214576721,0.7900000214576721,0,0.0,0.0
2021-02-19 00:00:00-05:00,0.7699999809265137,0.7900000214576721,0.05000000074505806,0.699999988079071,5800,0.0,0.0
2021-02-22 00:00:00-05:00,0.6800000071525574,0.6949999928474426,0.40299999713897705,0.6949999928474426,6800,0.0,0.0
2021-02-23 00:00:00-05:00,0.41600000858306885,0.41600000858306885,0.3019999861717224,0.3019999861717224,2300,0.0,0.0
2021-02-24 00:00:00-05:00,0.40400001406669617,0.40400001406669617,0.30399999022483826,0.3499999940395355,13800,0.0,0.0
2021-02-25 00:00:00-05:00,0.3499999940395355,0.3499999940395355,0.3499999940395355,0.3499999940395355,300,0.0,0.0
2021-02-26 00:00:00-05:00,0.47999998927116394,0.49000000953674316,0.47999998927116394,0.49000000953674316,2000,0.0,0.0
2021-03-01 00:00:00-05:00,0.49000000953674316,0.49000000953674316,0.49000000953674316,0.49000000953674316,0,0.0,0.0
2021-03-02 00:00:00-05:00,0.49000000953674316,0.49000000953674316,0.49000000953674316,0.49000000953674316,0,0.0,0.0
2021-03-03 00:00:00-05:00,0.5109999775886536,0.5109999775886536,0.5109999775886536,0.5109999775886536,1500,0.0,0.0
2021-03-04 00:00:00-05:00,0.7900000214576721,0.7900000214576721,0.5199999809265137,0.6899999976158142,7800,0.0,0.0
2021-03-05 00:00:00-05:00,0.550000011920929,0.550000011920929,0.3499999940395355,0.47999998927116394,2000,0.0,0.0
2021-03-08 00:00:00-05:00,0.4699999988079071,0.47999998927116394,0.4699999988079071,0.47999998927116394,1000,0.0,0.0
2021-03-09 00:00:00-05:00,0.47999998927116394,0.47999998927116394,0.47999998927116394,0.47999998927116394,0,0.0,0.0
2021-03-10 00:00:00-05:00,0.6800000071525574,0.6800000071525574,0.4020000100135803,0.5699999928474426,9100,0.0,0.0
2021-03-11 00:00:00-05:00,0.5899999737739563,0.6800000071525574,0.5699999928474426,0.6800000071525574,8600,0.0,0.0
2021-03-12 00:00:00-05:00,0.6800000071525574,0.9100000262260437,0.6499999761581421,0.9100000262260437,54500,0.0,0.0
2021-03-15 00:00:00-04:00,0.9350000023841858,1.7999999523162842,0.8550000190734863,1.5,560600,0.0,0.0
2021-03-16 00:00:00-04:00,1.649999976158142,1.7000000476837158,1.2699999809265137,1.6399999856948853,120900,0.0,0.0
2021-03-17 00:00:00-04:00,1.6799999475479126,2.450000047683716,1.350000023841858,1.4900000095367432,467200,0.0,0.0
2021-03-18 00:00:00-04:00,1.4900000095367432,1.5,1.0,1.3899999856948853,183300,0.0,0.0
2021-03-19 00:00:00-04:00,1.2200000286102295,1.4700000286102295,1.0850000381469727,1.3600000143051147,82300,0.0,0.0
2021-03-22 00:00:00-04:00,1.399999976158142,1.4500000476837158,1.0,1.190000057220459,57200,0.0,0.0
2021-03-23 00:00:00-04:00,1.190000057220459,1.2200000286102295,0.9700000286102295,1.1699999570846558,115000,0.0,0.0
2021-03-24 00:00:00-04:00,1.190000057220459,1.3300000429153442,0.8930000066757202,1.0399999618530273,70100,0.0,0.0
2021-03-25 00:00:00-04:00,1.0499999523162842,1.0499999523162842,0.8999999761581421,1.0099999904632568,59100,0.0,0.0
2021-03-26 00:00:00-04:00,1.0099999904632568,1.0099999904632568,0.8999999761581421,0.9399999976158142,31500,0.0,0.0
2021-03-29 00:00:00-04:00,0.9399999976158142,0.949999988079071,0.8569999933242798,0.9150000214576721,45900,0.0,0.0
2021-03-30 00:00:00-04:00,0.9390000104904175,0.9390000104904175,0.6299999952316284,0.6830000281333923,90100,0.0,0.0
2021-03-31 00:00:00-04:00,0.6800000071525574,0.9300000071525574,0.6499999761581421,0.7139999866485596,77600,0.0,0.0
2021-04-01 00:00:00-04:00,0.675000011920929,0.6779999732971191,0.6499999761581421,0.6499999761581421,42500,0.0,0.0
2021-04-05 00:00:00-04:00,0.6499999761581421,0.7900000214576721,0.5299999713897705,0.7900000214576721,36100,0.0,0.0
2021-04-06 00:00:00-04:00,0.8989999890327454,0.8989999890327454,0.5350000262260437,0.6399999856948853,76800,0.0,0.0
2021-04-07 00:00:00-04:00,0.6000000238418579,0.6119999885559082,0.42100000381469727,0.5019999742507935,65400,0.0,0.0
2021-04-08 00:00:00-04:00,0.5199999809265137,0.6000000238418579,0.4300000071525574,0.47999998927116394,94400,0.0,0.0
2021-04-09 00:00:00-04:00,0.44999998807907104,0.6000000238418579,0.44999998807907104,0.47999998927116394,82400,0.0,0.0
2021-04-12 00:00:00-04:00,0.47999998927116394,0.5,0.2590000033378601,0.3799999952316284,191000,0.0,0.0
2021-04-13 00:00:00-04:00,0.3799999952316284,0.39899998903274536,0.2809999883174896,0.34299999475479126,190500,0.0,0.0
2021-04-14 00:00:00-04:00,0.4000000059604645,0.41999998688697815,0.2879999876022339,0.38999998569488525,130100,0.0,0.0
2021-04-15 00:00:00-04:00,0.3889999985694885,0.3889999985694885,0.2879999876022339,0.33000001311302185,132500,0.0,0.0
2021-04-16 00:00:00-04:00,0.3140000104904175,0.3140000104904175,0.2879999876022339,0.30000001192092896,31400,0.0,0.0
2021-04-19 00:00:00-04:00,0.29499998688697815,0.38999998569488525,0.2720000147819519,0.3499999940395355,75200,0.0,0.0
2021-04-20 00:00:00-04:00,0.3499999940395355,0.35499998927116394,0.28299999237060547,0.3199999928474426,18800,0.0,0.0
2021-04-21 00:00:00-04:00,0.30000001192092896,0.30000001192092896,0.2750000059604645,0.30000001192092896,40300,0.0,0.0
2021-04-22 00:00:00-04:00,0.3100000023841858,0.36000001430511475,0.2879999876022339,0.2879999876022339,17900,0.0,0.0
2021-04-23 00:00:00-04:00,0.2800000011920929,0.3499999940395355,0.25999999046325684,0.3499999940395355,46900,0.0,0.0
2021-04-26 00:00:00-04:00,0.3100000023841858,0.4000000059604645,0.3100000023841858,0.33000001311302185,47700,0.0,0.0
2021-04-27 00:00:00-04:00,0.3100000023841858,0.3100000023841858,0.28999999165534973,0.30000001192092896,33100,0.0,0.0
2021-04-28 00:00:00-04:00,0.28999999165534973,0.28999999165534973,0.2709999978542328,0.2709999978542328,12600,0.0,0.0
2021-04-29 00:00:00-04:00,0.28299999237060547,0.30000001192092896,0.27000001072883606,0.30000001192092896,19100,0.0,0.0
2021-04-30 00:00:00-04:00,0.30000001192092896,0.3499999940395355,0.30000001192092896,0.3499999940395355,16600,0.0,0.0
2021-05-03 00:00:00-04:00,0.30799999833106995,0.3449999988079071,0.30799999833106995,0.3449999988079071,1100,0.0,0.0
2021-05-04 00:00:00-04:00,0.3449999988079071,0.3449999988079071,0.2709999978542328,0.33500000834465027,2000,0.0,0.0
2021-05-05 00:00:00-04:00,0.3400000035762787,0.3400000035762787,0.2720000147819519,0.30000001192092896,9200,0.0,0.0
2021-05-06 00:00:00-04:00,0.3240000009536743,0.32499998807907104,0.2720000147819519,0.3149999976158142,10000,0.0,0.0
2021-05-07 00:00:00-04:00,0.3149999976158142,0.3199999928474426,0.27000001072883606,0.3140000104904175,59400,0.0,0.0
2021-05-10 00:00:00-04:00,0.3100000023841858,0.3269999921321869,0.28600001335144043,0.3199999928474426,35800,0.0,0.0
2021-05-11 00:00:00-04:00,0.33000001311302185,0.33000001311302185,0.2800000011920929,0.32899999618530273,12300,0.0,0.0
2021-05-12 00:00:00-04:00,0.32899999618530273,0.33000001311302185,0.2800000011920929,0.33000001311302185,18700,0.0,0.0
2021-05-13 00:00:00-04:00,0.33000001311302185,0.33000001311302185,0.27000001072883606,0.3199999928474426,4100,0.0,0.0
2021-05-14 00:00:00-04:00,0.3199999928474426,0.3199999928474426,0.23999999463558197,0.24199999868869781,83000,0.0,0.0
2021-05-17 00:00:00-04:00,0.24199999868869781,0.3149999976158142,0.24199999868869781,0.2980000078678131,22100,0.0,0.0
2021-05-18 00:00:00-04:00,0.30000001192092896,0.30000001192092896,0.28200000524520874,0.30000001192092896,9200,0.0,0.0
2021-05-19 00:00:00-04:00,0.2879999876022339,0.30000001192092896,0.28200000524520874,0.30000001192092896,7200,0.0,0.0
2021-05-20 00:00:00-04:00,0.30000001192092896,0.30000001192092896,0.2549999952316284,0.29499998688697815,163100,0.0,0.0
2021-05-21 00:00:00-04:00,0.29499998688697815,0.29499998688697815,0.2709999978542328,0.28999999165534973,3300,0.0,0.0
2021-05-24 00:00:00-04:00,0.24699999392032623,0.25999999046325684,0.16099999845027924,0.1979999989271164,137400,0.0,0.0
2021-05-25 00:00:00-04:00,0.20000000298023224,0.20000000298023224,0.1899999976158142,0.1899999976158142,42900,0.0,0.0
2021-05-26 00:00:00-04:00,0.18400000035762787,0.20100000500679016,0.1770000010728836,0.20000000298023224,11500,0.0,0.0
2021-05-27 00:00:00-04:00,0.20000000298023224,0.20000000298023224,0.17800000309944153,0.1899999976158142,14400,0.0,0.0
2021-05-28 00:00:00-04:00,0.20000000298023224,0.25,0.17599999904632568,0.19499999284744263,41800,0.0,0.0
2021-06-01 00:00:00-04:00,0.18000000715255737,0.24899999797344208,0.18000000715255737,0.1899999976158142,10100,0.0,0.0
2021-06-02 00:00:00-04:00,0.20000000298023224,0.20000000298023224,0.18000000715255737,0.20000000298023224,15700,0.0,0.0
2021-06-03 00:00:00-04:00,0.20000000298023224,0.20000000298023224,0.17100000381469727,0.1899999976158142,8300,0.0,0.0
2021-06-04 00:00:00-04:00,0.17100000381469727,0.1899999976158142,0.17100000381469727,0.1899999976158142,500,0.0,0.0
2021-06-07 00:00:00-04:00,0.1850000023841858,0.1899999976158142,0.15700000524520874,0.18000000715255737,39300,0.0,0.0
2021-06-08 00:00:00-04:00,0.1899999976158142,0.1899999976158142,0.1589999943971634,0.16500000655651093,7000,0.0,0.0
2021-06-09 00:00:00-04:00,0.1850000023841858,0.1850000023841858,0.16500000655651093,0.16500000655651093,12700,0.0,0.0
2021-06-10 00:00:00-04:00,0.18799999356269836,0.18799999356269836,0.16300000250339508,0.18000000715255737,51700,0.0,0.0
2021-06-11 00:00:00-04:00,0.17800000309944153,0.18799999356269836,0.17000000178813934,0.1850000023841858,88300,0.0,0.0
2021-06-14 00:00:00-04:00,0.17000000178813934,0.1889999955892563,0.17000000178813934,0.18000000715255737,36100,0.0,0.0
2021-06-15 00:00:00-04:00,0.17800000309944153,0.1850000023841858,0.17000000178813934,0.18000000715255737,10100,0.0,0.0
2021-06-16 00:00:00-04:00,0.18000000715255737,0.18000000715255737,0.17499999701976776,0.18000000715255737,8600,0.0,0.0
2021-06-17 00:00:00-04:00,0.17000000178813934,0.18000000715255737,0.17000000178813934,0.18000000715255737,18200,0.0,0.0
2021-06-18 00:00:00-04:00,0.18000000715255737,0.1979999989271164,0.18000000715255737,0.1979999989271164,106500,0.0,0.0
2021-06-21 00:00:00-04:00,0.21400000154972076,0.2199999988079071,0.15199999511241913,0.20999999344348907,89100,0.0,0.0
2021-06-22 00:00:00-04:00,0.2199999988079071,0.3109999895095825,0.20999999344348907,0.2750000059604645,208000,0.0,0.0
2021-06-23 00:00:00-04:00,0.2750000059604645,0.2800000011920929,0.23000000417232513,0.25999999046325684,58600,0.0,0.0
2021-06-24 00:00:00-04:00,0.22300000488758087,0.2549999952316284,0.17599999904632568,0.18700000643730164,88700,0.0,0.0
2021-06-25 00:00:00-04:00,0.20999999344348907,0.20999999344348907,0.16200000047683716,0.1979999989271164,38300,0.0,0.0
2021-06-28 00:00:00-04:00,0.20000000298023224,0.20000000298023224,0.17900000512599945,0.20000000298023224,17600,0.0,0.0
2021-06-29 00:00:00-04:00,0.1899999976158142,0.23499999940395355,0.17000000178813934,0.20000000298023224,29600,0.0,0.0
2021-06-30 00:00:00-04:00,0.19099999964237213,0.19099999964237213,0.18000000715255737,0.18000000715255737,25700,0.0,0.0
2021-07-01 00:00:00-04:00,0.1899999976158142,0.1899999976158142,0.16099999845027924,0.17900000512599945,39700,0.0,0.0
2021-07-02 00:00:00-04:00,0.17000000178813934,0.1889999955892563,0.16200000047683716,0.18000000715255737,9300,0.0,0.0
2021-07-06 00:00:00-04:00,0.16200000047683716,0.18700000643730164,0.16200000047683716,0.18700000643730164,3300,0.0,0.0
2021-07-07 00:00:00-04:00,0.164000004529953,0.1889999955892563,0.13099999725818634,0.1889999955892563,118200,0.0,0.0
2021-07-08 00:00:00-04:00,0.18799999356269836,0.22499999403953552,0.18000000715255737,0.20999999344348907,97300,0.0,0.0
2021-07-09 00:00:00-04:00,0.20999999344348907,0.20999999344348907,0.18000000715255737,0.1860000044107437,34100,0.0,0.0
2021-07-12 00:00:00-04:00,0.1899999976158142,0.19599999487400055,0.18799999356269836,0.1899999976158142,44300,0.0,0.0
2021-07-13 00:00:00-04:00,0.17299999296665192,0.20999999344348907,0.17299999296665192,0.17599999904632568,41700,0.0,0.0
2021-07-14 00:00:00-04:00,0.1899999976158142,0.1899999976158142,0.17499999701976776,0.17499999701976776,2800,0.0,0.0
2021-07-15 00:00:00-04:00,0.17599999904632568,0.20999999344348907,0.17599999904632568,0.20000000298023224,47200,0.0,0.0
2021-07-16 00:00:00-04:00,0.20999999344348907,0.25,0.20000000298023224,0.23100000619888306,118300,0.0,0.0
2021-07-19 00:00:00-04:00,0.23100000619888306,0.23999999463558197,0.22100000083446503,0.23000000417232513,35900,0.0,0.0
2021-07-20 00:00:00-04:00,0.22499999403953552,0.25600001215934753,0.22499999403953552,0.25099998712539673,95000,0.0,0.0
2021-07-21 00:00:00-04:00,0.25600001215934753,0.27000001072883606,0.22100000083446503,0.2639999985694885,167200,0.0,0.0
2021-07-22 00:00:00-04:00,0.27900001406669617,0.3100000023841858,0.2630000114440918,0.30000001192092896,122900,0.0,0.0
2021-07-23 00:00:00-04:00,0.3100000023841858,0.3199999928474426,0.2919999957084656,0.3199999928474426,47400,0.0,0.0
2021-07-26 00:00:00-04:00,0.3330000042915344,0.33899998664855957,0.26899999380111694,0.2809999883174896,65300,0.0,0.0
2021-07-27 00:00:00-04:00,0.29499998688697815,0.3499999940395355,0.23600000143051147,0.28999999165534973,208100,0.0,0.0
2021-07-28 00:00:00-04:00,0.2939999997615814,0.29499998688697815,0.2680000066757202,0.29499998688697815,94800,0.0,0.0
2021-07-29 00:00:00-04:00,0.2720000147819519,0.2750000059604645,0.24199999868869781,0.25,44000,0.0,0.0
2021-07-30 00:00:00-04:00,0.2409999966621399,0.2409999966621399,0.23999999463558197,0.23999999463558197,4400,0.0,0.0
2021-08-02 00:00:00-04:00,0.2409999966621399,0.2549999952316284,0.23100000619888306,0.2549999952316284,7600,0.0,0.0
2021-08-03 00:00:00-04:00,0.23000000417232513,0.24799999594688416,0.23000000417232513,0.23000000417232513,700,0.0,0.0
2021-08-04 00:00:00-04:00,0.2590000033378601,0.2639999985694885,0.23999999463558197,0.25200000405311584,29000,0.0,0.0
2021-08-05 00:00:00-04:00,0.2630000114440918,0.2800000011920929,0.2370000034570694,0.27000001072883606,82900,0.0,0.0
2021-08-06 00:00:00-04:00,0.257999986410141,0.2800000011920929,0.257999986410141,0.2800000011920929,68300,0.0,0.0
2021-08-09 00:00:00-04:00,0.3100000023841858,0.3100000023841858,0.26600000262260437,0.2800000011920929,29100,0.0,0.0
2021-08-10 00:00:00-04:00,0.2540000081062317,0.27000001072883606,0.23000000417232513,0.23999999463558197,56900,0.0,0.0
2021-08-11 00:00:00-04:00,0.22300000488758087,0.25999999046325684,0.22300000488758087,0.25999999046325684,20600,0.0,0.0
2021-08-12 00:00:00-04:00,0.25999999046325684,0.25999999046325684,0.20999999344348907,0.2199999988079071,49000,0.0,0.0
2021-08-13 00:00:00-04:00,0.21699999272823334,0.21699999272823334,0.21299999952316284,0.2150000035762787,35000,0.0,0.0
2021-08-16 00:00:00-04:00,0.2150000035762787,0.2150000035762787,0.1720000058412552,0.1720000058412552,29000,0.0,0.0
2021-08-17 00:00:00-04:00,0.17499999701976776,0.2150000035762787,0.164000004529953,0.2150000035762787,21600,0.0,0.0
2021-08-18 00:00:00-04:00,0.15600000321865082,0.27799999713897705,0.15600000321865082,0.25999999046325684,65300,0.0,0.0
2021-08-19 00:00:00-04:00,0.2669999897480011,0.27000001072883606,0.25200000405311584,0.26499998569488525,32900,0.0,0.0
2021-08-20 00:00:00-04:00,0.24199999868869781,0.2590000033378601,0.23999999463558197,0.23999999463558197,44300,0.0,0.0
2021-08-23 00:00:00-04:00,0.21199999749660492,0.21299999952316284,0.1899999976158142,0.20499999821186066,65100,0.0,0.0
2021-08-24 00:00:00-04:00,0.17100000381469727,0.24500000476837158,0.17100000381469727,0.24500000476837158,87900,0.0,0.0
2021-08-25 00:00:00-04:00,0.25,0.25,0.22499999403953552,0.22499999403953552,15800,0.0,0.0
2021-08-26 00:00:00-04:00,0.2290000021457672,0.23800000548362732,0.2290000021457672,0.23800000548362732,10300,0.0,0.0
2021-08-27 00:00:00-04:00,0.22100000083446503,0.23999999463558197,0.22100000083446503,0.23000000417232513,34700,0.0,0.0
2021-08-30 00:00:00-04:00,0.23999999463558197,0.23999999463558197,0.23999999463558197,0.23999999463558197,7800,0.0,0.0
2021-08-31 00:00:00-04:00,0.23399999737739563,0.23999999463558197,0.22599999606609344,0.22599999606609344,83000,0.0,0.0
2021-09-01 00:00:00-04:00,0.21899999678134918,0.21899999678134918,0.210999995470047,0.2160000056028366,17900,0.0,0.0
2021-09-02 00:00:00-04:00,0.23600000143051147,0.23600000143051147,0.2150000035762787,0.2150000035762787,3900,0.0,0.0
2021-09-03 00:00:00-04:00,0.2070000022649765,0.2199999988079071,0.17100000381469727,0.2199999988079071,46300,0.0,0.0
2021-09-07 00:00:00-04:00,0.2199999988079071,0.2199999988079071,0.20999999344348907,0.20999999344348907,31800,0.0,0.0
2021-09-08 00:00:00-04:00,0.2290000021457672,0.2329999953508377,0.17100000381469727,0.1850000023841858,81800,0.0,0.0
2021-09-09 00:00:00-04:00,0.19900000095367432,0.29499998688697815,0.16899999976158142,0.23999999463558197,903900,0.0,0.0
2021-09-10 00:00:00-04:00,0.2290000021457672,0.27399998903274536,0.2290000021457672,0.26600000262260437,34700,0.0,0.0
2021-09-13 00:00:00-04:00,0.26600000262260437,0.26600000262260437,0.21699999272823334,0.21699999272823334,61000,0.0,0.0
2021-09-14 00:00:00-04:00,0.22699999809265137,0.22699999809265137,0.2029999941587448,0.2029999941587448,42700,0.0,0.0
2021-09-15 00:00:00-04:00,0.20900000631809235,0.25,0.1899999976158142,0.1979999989271164,87000,0.0,0.0
2021-09-16 00:00:00-04:00,0.1809999942779541,0.19499999284744263,0.15700000524520874,0.17000000178813934,314900,0.0,0.0
2021-09-17 00:00:00-04:00,0.18000000715255737,0.18000000715255737,0.17000000178813934,0.17800000309944153,40000,0.0,0.0
2021-09-20 00:00:00-04:00,0.1720000058412552,0.1720000058412552,0.1720000058412552,0.1720000058412552,14000,0.0,0.0
2021-09-21 00:00:00-04:00,0.17800000309944153,0.18000000715255737,0.17800000309944153,0.17800000309944153,32900,0.0,0.0
2021-09-22 00:00:00-04:00,0.1860000044107437,0.1899999976158142,0.1770000010728836,0.1899999976158142,25000,0.0,0.0
2021-09-23 00:00:00-04:00,0.17499999701976776,0.18199999630451202,0.17000000178813934,0.18000000715255737,40900,0.0,0.0
2021-09-24 00:00:00-04:00,0.1850000023841858,0.1850000023841858,0.1599999964237213,0.1599999964237213,40900,0.0,0.0
2021-09-27 00:00:00-04:00,0.17499999701976776,0.18700000643730164,0.16500000655651093,0.18299999833106995,44400,0.0,0.0
2021-09-28 00:00:00-04:00,0.17299999296665192,0.18000000715255737,0.16500000655651093,0.18000000715255737,32400,0.0,0.0
2021-09-29 00:00:00-04:00,0.17000000178813934,0.18799999356269836,0.17000000178813934,0.17499999701976776,44300,0.0,0.0
2021-09-30 00:00:00-04:00,0.17100000381469727,0.1850000023841858,0.17100000381469727,0.17800000309944153,21800,0.0,0.0
2021-10-01 00:00:00-04:00,0.1720000058412552,0.1850000023841858,0.17100000381469727,0.18299999833106995,31500,0.0,0.0
2021-10-04 00:00:00-04:00,0.18299999833106995,0.1850000023841858,0.16500000655651093,0.17000000178813934,23500,0.0,0.0
2021-10-05 00:00:00-04:00,0.17000000178813934,0.17000000178813934,0.17000000178813934,0.17000000178813934,0,0.0,0.0
2021-10-06 00:00:00-04:00,0.17499999701976776,0.20399999618530273,0.15299999713897705,0.16500000655651093,177300,0.0,0.0
2021-10-07 00:00:00-04:00,0.16500000655651093,0.17000000178813934,0.16200000047683716,0.17000000178813934,21800,0.0,0.0
2021-10-08 00:00:00-04:00,0.16500000655651093,0.16500000655651093,0.1509999930858612,0.16500000655651093,20500,0.0,0.0
2021-10-11 00:00:00-04:00,0.16500000655651093,0.16500000655651093,0.164000004529953,0.16500000655651093,7800,0.0,0.0
2021-10-12 00:00:00-04:00,0.16099999845027924,0.16500000655651093,0.15800000727176666,0.15800000727176666,34500,0.0,0.0
2021-10-13 00:00:00-04:00,0.15800000727176666,0.16500000655651093,0.1550000011920929,0.16500000655651093,2400,0.0,0.0
2021-10-14 00:00:00-04:00,0.16500000655651093,0.16500000655651093,0.1589999943971634,0.1589999943971634,10200,0.0,0.0
2021-10-15 00:00:00-04:00,0.1599999964237213,0.1599999964237213,0.15700000524520874,0.15700000524520874,12100,0.0,0.0
2021-10-18 00:00:00-04:00,0.16300000250339508,0.18199999630451202,0.1599999964237213,0.18000000715255737,287700,0.0,0.0
2021-10-19 00:00:00-04:00,0.1899999976158142,0.1899999976158142,0.17000000178813934,0.18000000715255737,75500,0.0,0.0
2021-10-20 00:00:00-04:00,0.17800000309944153,0.18400000035762787,0.17100000381469727,0.17100000381469727,90000,0.0,0.0
2021-10-21 00:00:00-04:00,0.17000000178813934,0.1850000023841858,0.16200000047683716,0.18000000715255737,196700,0.0,0.0
2021-10-22 00:00:00-04:00,0.16300000250339508,0.17499999701976776,0.16300000250339508,0.17499999701976776,2200,0.0,0.0
2021-10-25 00:00:00-04:00,0.18199999630451202,0.1850000023841858,0.16899999976158142,0.17000000178813934,75800,0.0,0.0
2021-10-26 00:00:00-04:00,0.16699999570846558,0.16699999570846558,0.16099999845027924,0.16099999845027924,5500,0.0,0.0
2021-10-27 00:00:00-04:00,0.16200000047683716,0.17399999499320984,0.1550000011920929,0.17000000178813934,65800,0.0,0.0
2021-10-28 00:00:00-04:00,0.17000000178813934,0.17000000178813934,0.16200000047683716,0.16200000047683716,41800,0.0,0.0
2021-10-29 00:00:00-04:00,0.17000000178813934,0.17299999296665192,0.16099999845027924,0.16099999845027924,78100,0.0,0.0
2021-11-01 00:00:00-04:00,0.16099999845027924,0.16099999845027924,0.16099999845027924,0.16099999845027924,0,0.0,0.0
2021-11-02 00:00:00-04:00,0.15199999511241913,0.16500000655651093,0.1509999930858612,0.16500000655651093,14100,0.0,0.0
2021-11-03 00:00:00-04:00,0.16500000655651093,0.16500000655651093,0.14499999582767487,0.14499999582767487,63900,0.0,0.0
2021-11-04 00:00:00-04:00,0.14100000262260437,0.14800000190734863,0.1379999965429306,0.1379999965429306,68400,0.0,0.0
2021-11-05 00:00:00-04:00,0.1379999965429306,0.1379999965429306,0.13600000739097595,0.13600000739097595,9600,0.0,0.0
2021-11-08 00:00:00-05:00,0.13600000739097595,0.13600000739097595,0.13600000739097595,0.13600000739097595,0,0.0,0.0
2021-11-09 00:00:00-05:00,0.13600000739097595,0.15299999713897705,0.13500000536441803,0.13500000536441803,31300,0.0,0.0
2021-11-10 00:00:00-05:00,0.14499999582767487,0.14499999582767487,0.13500000536441803,0.13500000536441803,12500,0.0,0.0
2021-11-11 00:00:00-05:00,0.13500000536441803,0.13500000536441803,0.13500000536441803,0.13500000536441803,0,0.0,0.0
2021-11-12 00:00:00-05:00,0.16500000655651093,0.16500000655651093,0.1459999978542328,0.1459999978542328,5700,0.0,0.0
2021-11-15 00:00:00-05:00,0.1459999978542328,0.1459999978542328,0.12999999523162842,0.12999999523162842,700,0.0,0.0
2021-11-16 00:00:00-05:00,0.12999999523162842,0.12999999523162842,0.12999999523162842,0.12999999523162842,1000,0.0,0.0
2021-11-17 00:00:00-05:00,0.12999999523162842,0.12999999523162842,0.10700000077486038,0.1080000028014183,80400,0.0,0.0
2021-11-18 00:00:00-05:00,0.10199999809265137,0.10199999809265137,0.09300000220537186,0.09300000220537186,25900,0.0,0.0
2021-11-19 00:00:00-05:00,0.11999999731779099,0.11999999731779099,0.11999999731779099,0.11999999731779099,700,0.0,0.0
2021-11-22 00:00:00-05:00,0.10999999940395355,0.12999999523162842,0.09300000220537186,0.10199999809265137,79600,0.0,0.0
2021-11-23 00:00:00-05:00,0.10999999940395355,0.10999999940395355,0.10400000214576721,0.1080000028014183,19400,0.0,0.0
2021-11-24 00:00:00-05:00,0.1080000028014183,0.11800000071525574,0.10700000077486038,0.11800000071525574,107100,0.0,0.0
2021-11-26 00:00:00-05:00,0.12099999934434891,0.1459999978542328,0.12099999934434891,0.12099999934434891,216600,0.0,0.0
2021-11-29 00:00:00-05:00,0.10999999940395355,0.10999999940395355,0.10999999940395355,0.10999999940395355,22000,0.0,0.0
2021-11-30 00:00:00-05:00,0.10000000149011612,0.11299999803304672,0.0729999989271164,0.11299999803304672,20400,0.0,0.0
2021-12-01 00:00:00-05:00,0.11299999803304672,0.11999999731779099,0.11299999803304672,0.11999999731779099,24800,0.0,0.0
2021-12-02 00:00:00-05:00,0.09300000220537186,0.11900000274181366,0.09200000017881393,0.10899999737739563,48100,0.0,0.0
2021-12-03 00:00:00-05:00,0.07900000363588333,0.10999999940395355,0.07900000363588333,0.10999999940395355,61700,0.0,0.0
2021-12-06 00:00:00-05:00,0.11100000143051147,0.12099999934434891,0.08100000023841858,0.10100000351667404,14400,0.0,0.0
2021-12-07 00:00:00-05:00,0.10999999940395355,0.1120000034570694,0.10100000351667404,0.11100000143051147,50100,0.0,0.0
2021-12-08 00:00:00-05:00,0.11500000208616257,0.11500000208616257,0.10199999809265137,0.10199999809265137,54100,0.0,0.0
2021-12-09 00:00:00-05:00,0.0949999988079071,0.10999999940395355,0.0949999988079071,0.10999999940395355,7600,0.0,0.0
2021-12-10 00:00:00-05:00,0.10000000149011612,0.10000000149011612,0.09000000357627869,0.10000000149011612,12100,0.0,0.0
2021-12-13 00:00:00-05:00,0.10000000149011612,0.11100000143051147,0.09799999743700027,0.10999999940395355,139200,0.0,0.0
2021-12-14 00:00:00-05:00,0.10300000011920929,0.10300000011920929,0.0860000029206276,0.09000000357627869,296700,0.0,0.0
2021-12-15 00:00:00-05:00,0.11999999731779099,0.11999999731779099,0.08799999952316284,0.09000000357627869,280500,0.0,0.0
2021-12-16 00:00:00-05:00,0.09000000357627869,0.09600000083446503,0.09000000357627869,0.09600000083446503,205000,0.0,0.0
2021-12-17 00:00:00-05:00,0.0949999988079071,0.09600000083446503,0.09200000017881393,0.0949999988079071,266000,0.0,0.0
2021-12-20 00:00:00-05:00,0.0949999988079071,0.0949999988079071,0.0820000022649765,0.09000000357627869,165600,0.0,0.0
2021-12-21 00:00:00-05:00,0.08799999952316284,0.08799999952316284,0.08500000089406967,0.08500000089406967,37800,0.0,0.0
2021-12-22 00:00:00-05:00,0.08699999749660492,0.10300000011920929,0.08100000023841858,0.08900000154972076,244500,0.0,0.0
2021-12-23 00:00:00-05:00,0.10000000149011612,0.15000000596046448,0.10000000149011612,0.11299999803304672,1016600,0.0,0.0
2021-12-27 00:00:00-05:00,0.14000000059604645,0.14000000059604645,0.10599999874830246,0.10599999874830246,226300,0.0,0.0
2021-12-28 00:00:00-05:00,0.11100000143051147,0.11100000143051147,0.10100000351667404,0.10100000351667404,153400,0.0,0.0
2021-12-29 00:00:00-05:00,0.10100000351667404,0.10100000351667404,0.08900000154972076,0.10000000149011612,78900,0.0,0.0
2021-12-30 00:00:00-05:00,0.09300000220537186,0.09799999743700027,0.09000000357627869,0.09200000017881393,149500,0.0,0.0
2021-12-31 00:00:00-05:00,0.09300000220537186,0.09300000220537186,0.0860000029206276,0.0860000029206276,72900,0.0,0.0
2022-01-03 00:00:00-05:00,0.09399999678134918,0.10000000149011612,0.09000000357627869,0.09000000357627869,133100,0.0,0.0
2022-01-04 00:00:00-05:00,0.09099999815225601,0.09099999815225601,0.09099999815225601,0.09099999815225601,5000,0.0,0.0
2022-01-05 00:00:00-05:00,0.09000000357627869,0.09399999678134918,0.09000000357627869,0.09399999678134918,22800,0.0,0.0
2022-01-06 00:00:00-05:00,0.09200000017881393,0.09399999678134918,0.09200000017881393,0.09399999678134918,4300,0.0,0.0
2022-01-07 00:00:00-05:00,0.09399999678134918,0.09399999678134918,0.09000000357627869,0.09399999678134918,92700,0.0,0.0
2022-01-10 00:00:00-05:00,0.09399999678134918,0.09399999678134918,0.09399999678134918,0.09399999678134918,500,0.0,0.0
2022-01-11 00:00:00-05:00,0.09200000017881393,0.09200000017881393,0.08900000154972076,0.08900000154972076,23600,0.0,0.0
2022-01-12 00:00:00-05:00,0.09200000017881393,0.09200000017881393,0.09200000017881393,0.09200000017881393,10300,0.0,0.0
2022-01-13 00:00:00-05:00,0.09300000220537186,0.09300000220537186,0.09300000220537186,0.09300000220537186,4000,0.0,0.0
2022-01-14 00:00:00-05:00,0.09000000357627869,0.09000000357627869,0.08900000154972076,0.08900000154972076,64400,0.0,0.0
2022-01-18 00:00:00-05:00,0.08900000154972076,0.09000000357627869,0.08500000089406967,0.08500000089406967,51100,0.0,0.0
2022-01-19 00:00:00-05:00,0.08900000154972076,0.09000000357627869,0.07000000029802322,0.07000000029802322,246000,0.0,0.0
2022-01-20 00:00:00-05:00,0.07000000029802322,0.07999999821186066,0.07000000029802322,0.07000000029802322,237900,0.0,0.0
2022-01-21 00:00:00-05:00,0.0689999982714653,0.09000000357627869,0.0689999982714653,0.09000000357627869,182500,0.0,0.0
2022-01-24 00:00:00-05:00,0.08500000089406967,0.08500000089406967,0.03999999910593033,0.07100000232458115,140000,0.0,0.0
2022-01-25 00:00:00-05:00,0.06700000166893005,0.09000000357627869,0.06700000166893005,0.08900000154972076,36000,0.0,0.0
2022-01-26 00:00:00-05:00,0.09000000357627869,0.09000000357627869,0.0729999989271164,0.07599999755620956,58800,0.0,0.0
2022-01-27 00:00:00-05:00,0.08299999684095383,0.08399999886751175,0.07999999821186066,0.07999999821186066,172400,0.0,0.0
2022-01-28 00:00:00-05:00,0.07999999821186066,0.07999999821186066,0.07999999821186066,0.07999999821186066,800,0.0,0.0
2022-01-31 00:00:00-05:00,0.08799999952316284,0.08799999952316284,0.07000000029802322,0.07199999690055847,114300,0.0,0.0
2022-02-01 00:00:00-05:00,0.07699999958276749,0.07999999821186066,0.06499999761581421,0.07999999821186066,291700,0.0,0.0
2022-02-02 00:00:00-05:00,0.07999999821186066,0.07999999821186066,0.07400000095367432,0.07500000298023224,8100,0.0,0.0
2022-02-03 00:00:00-05:00,0.07500000298023224,0.07999999821186066,0.06800000369548798,0.07000000029802322,155900,0.0,0.0
2022-02-04 00:00:00-05:00,0.07100000232458115,0.07199999690055847,0.07000000029802322,0.07100000232458115,118200,0.0,0.0
2022-02-07 00:00:00-05:00,0.06800000369548798,0.07199999690055847,0.06800000369548798,0.07000000029802322,58600,0.0,0.0
2022-02-08 00:00:00-05:00,0.07100000232458115,0.07100000232458115,0.0689999982714653,0.0689999982714653,1800,0.0,0.0
2022-02-09 00:00:00-05:00,0.06800000369548798,0.0689999982714653,0.061000000685453415,0.0689999982714653,240800,0.0,0.0
2022-02-10 00:00:00-05:00,0.0689999982714653,0.0689999982714653,0.061000000685453415,0.06499999761581421,94800,0.0,0.0
2022-02-11 00:00:00-05:00,0.06400000303983688,0.06800000369548798,0.06400000303983688,0.06499999761581421,22900,0.0,0.0
2022-02-14 00:00:00-05:00,0.06199999898672104,0.06199999898672104,0.057999998331069946,0.057999998331069946,1100,0.0,0.0
2022-02-15 00:00:00-05:00,0.06499999761581421,0.06499999761581421,0.06199999898672104,0.06400000303983688,10900,0.0,0.0
2022-02-16 00:00:00-05:00,0.06199999898672104,0.06300000101327896,0.06199999898672104,0.06300000101327896,8600,0.0,0.0
2022-02-17 00:00:00-05:00,0.06199999898672104,0.06300000101327896,0.05900000035762787,0.05999999865889549,95200,0.0,0.0
2022-02-18 00:00:00-05:00,0.057999998331069946,0.057999998331069946,0.057999998331069946,0.057999998331069946,800,0.0,0.0
2022-02-22 00:00:00-05:00,0.06300000101327896,0.06300000101327896,0.05000000074505806,0.050999999046325684,154500,0.0,0.0
2022-02-23 00:00:00-05:00,0.052000001072883606,0.052000001072883606,0.04500000178813934,0.05000000074505806,21500,0.0,0.0
2022-02-24 00:00:00-05:00,0.04800000041723251,0.05000000074505806,0.04800000041723251,0.04899999871850014,90000,0.0,0.0
2022-02-25 00:00:00-05:00,0.050999999046325684,0.050999999046325684,0.04800000041723251,0.04800000041723251,2000,0.0,0.0
2022-02-28 00:00:00-05:00,0.04800000041723251,0.04899999871850014,0.04600000008940697,0.04899999871850014,254500,0.0,0.0
2022-03-01 00:00:00-05:00,0.05400000140070915,0.06800000369548798,0.05400000140070915,0.06499999761581421,299500,0.0,0.0
2022-03-02 00:00:00-05:00,0.07000000029802322,0.07000000029802322,0.06400000303983688,0.0689999982714653,75900,0.0,0.0
2022-03-03 00:00:00-05:00,0.06199999898672104,0.06199999898672104,0.06199999898672104,0.06199999898672104,5500,0.0,0.0
2022-03-04 00:00:00-05:00,0.06199999898672104,0.07000000029802322,0.05000000074505806,0.06499999761581421,123100,0.0,0.0
2022-03-07 00:00:00-05:00,0.06499999761581421,0.06499999761581421,0.05400000140070915,0.05400000140070915,95600,0.0,0.0
2022-03-08 00:00:00-05:00,0.06700000166893005,0.07000000029802322,0.05999999865889549,0.0689999982714653,455600,0.0,0.0
2022-03-09 00:00:00-05:00,0.07000000029802322,0.07000000029802322,0.05999999865889549,0.05999999865889549,27000,0.0,0.0
2022-03-10 00:00:00-05:00,0.06499999761581421,0.07000000029802322,0.06400000303983688,0.07000000029802322,112700,0.0,0.0
2022-03-11 00:00:00-05:00,0.06499999761581421,0.06499999761581421,0.04899999871850014,0.05000000074505806,187700,0.0,0.0
2022-03-14 00:00:00-04:00,0.050999999046325684,0.05900000035762787,0.050999999046325684,0.05900000035762787,41700,0.0,0.0
2022-03-15 00:00:00-04:00,0.050999999046325684,0.050999999046325684,0.050999999046325684,0.050999999046325684,15000,0.0,0.0
2022-03-16 00:00:00-04:00,0.05299999937415123,0.05299999937415123,0.050999999046325684,0.050999999046325684,56500,0.0,0.0
2022-03-17 00:00:00-04:00,0.05000000074505806,0.05299999937415123,0.04600000008940697,0.04600000008940697,76300,0.0,0.0
2022-03-18 00:00:00-04:00,0.04899999871850014,0.06800000369548798,0.04899999871850014,0.054999999701976776,108300,0.0,0.0
2022-03-21 00:00:00-04:00,0.0689999982714653,0.09200000017881393,0.0689999982714653,0.07400000095367432,226800,0.0,0.0
2022-03-22 00:00:00-04:00,0.07900000363588333,0.07999999821186066,0.07500000298023224,0.07900000363588333,73700,0.0,0.0
2022-03-23 00:00:00-04:00,0.07599999755620956,0.09000000357627869,0.050999999046325684,0.07000000029802322,143500,0.0,0.0
2022-03-24 00:00:00-04:00,0.07000000029802322,0.07000000029802322,0.07000000029802322,0.07000000029802322,6000,0.0,0.0
2022-03-25 00:00:00-04:00,0.06700000166893005,0.07000000029802322,0.06700000166893005,0.06800000369548798,32700,0.0,0.0
2022-03-28 00:00:00-04:00,0.07599999755620956,0.08500000089406967,0.06599999964237213,0.08500000089406967,18100,0.0,0.0
2022-03-29 00:00:00-04:00,0.08299999684095383,0.08299999684095383,0.06199999898672104,0.07000000029802322,201100,0.0,0.0
2022-03-30 00:00:00-04:00,0.07000000029802322,0.07000000029802322,0.06499999761581421,0.07000000029802322,32500,0.0,0.0
2022-03-31 00:00:00-04:00,0.06800000369548798,0.06800000369548798,0.05700000002980232,0.05700000002980232,116200,0.0,0.0
2022-04-01 00:00:00-04:00,0.05700000002980232,0.06199999898672104,0.05700000002980232,0.06199999898672104,10000,0.0,0.0
2022-04-04 00:00:00-04:00,0.06300000101327896,0.0689999982714653,0.06300000101327896,0.06300000101327896,54500,0.0,0.0
2022-04-05 00:00:00-04:00,0.06800000369548798,0.06800000369548798,0.06800000369548798,0.06800000369548798,7600,0.0,0.0
2022-04-06 00:00:00-04:00,0.06300000101327896,0.06700000166893005,0.06199999898672104,0.06199999898672104,85700,0.0,0.0
2022-04-07 00:00:00-04:00,0.06499999761581421,0.06499999761581421,0.06199999898672104,0.06499999761581421,18900,0.0,0.0
2022-04-08 00:00:00-04:00,0.05999999865889549,0.05999999865889549,0.05999999865889549,0.05999999865889549,22100,0.0,0.0
2022-04-11 00:00:00-04:00,0.05999999865889549,0.05999999865889549,0.052000001072883606,0.05700000002980232,36700,0.0,0.0
2022-04-12 00:00:00-04:00,0.05299999937415123,0.05299999937415123,0.05000000074505806,0.05299999937415123,32800,0.0,0.0
2022-04-13 00:00:00-04:00,0.05299999937415123,0.05299999937415123,0.05299999937415123,0.05299999937415123,23500,0.0,0.0
2022-04-14 00:00:00-04:00,0.04800000041723251,0.05299999937415123,0.04800000041723251,0.05299999937415123,8100,0.0,0.0
2022-04-18 00:00:00-04:00,0.05299999937415123,0.05299999937415123,0.050999999046325684,0.05299999937415123,9500,0.0,0.0
2022-04-19 00:00:00-04:00,0.05299999937415123,0.054999999701976776,0.050999999046325684,0.050999999046325684,45000,0.0,0.0
2022-04-20 00:00:00-04:00,0.054999999701976776,0.054999999701976776,0.04600000008940697,0.05299999937415123,140600,0.0,0.0
2022-04-21 00:00:00-04:00,0.05299999937415123,0.05299999937415123,0.04699999839067459,0.05299999937415123,43200,0.0,0.0
2022-04-22 00:00:00-04:00,0.057999998331069946,0.057999998331069946,0.05000000074505806,0.05000000074505806,94100,0.0,0.0
2022-04-25 00:00:00-04:00,0.054999999701976776,0.06499999761581421,0.054999999701976776,0.05999999865889549,219600,0.0,0.0
2022-04-26 00:00:00-04:00,0.06400000303983688,0.06499999761581421,0.052000001072883606,0.05999999865889549,110100,0.0,0.0
2022-04-27 00:00:00-04:00,0.06499999761581421,0.06499999761581421,0.05299999937415123,0.06199999898672104,82700,0.0,0.0
2022-04-28 00:00:00-04:00,0.06199999898672104,0.06300000101327896,0.0560000017285347,0.061000000685453415,171200,0.0,0.0
2022-04-29 00:00:00-04:00,0.05299999937415123,0.0560000017285347,0.03500000014901161,0.05000000074505806,218900,0.0,0.0
2022-05-02 00:00:00-04:00,0.05400000140070915,0.05400000140070915,0.05000000074505806,0.05299999937415123,12800,0.0,0.0
2022-05-03 00:00:00-04:00,0.04899999871850014,0.06199999898672104,0.04899999871850014,0.05900000035762787,33600,0.0,0.0
2022-05-04 00:00:00-04:00,0.05900000035762787,0.05900000035762787,0.054999999701976776,0.054999999701976776,7500,0.0,0.0
2022-05-05 00:00:00-04:00,0.05999999865889549,0.05999999865889549,0.04800000041723251,0.05000000074505806,168700,0.0,0.0
2022-05-06 00:00:00-04:00,0.05000000074505806,0.05000000074505806,0.05000000074505806,0.05000000074505806,5000,0.0,0.0
2022-05-09 00:00:00-04:00,0.04600000008940697,0.04600000008940697,0.04500000178813934,0.04500000178813934,78900,0.0,0.0
2022-05-10 00:00:00-04:00,0.05000000074505806,0.057999998331069946,0.05000000074505806,0.054999999701976776,139400,0.0,0.0
2022-05-11 00:00:00-04:00,0.05900000035762787,0.05900000035762787,0.054999999701976776,0.057999998331069946,102500,0.0,0.0
2022-05-12 00:00:00-04:00,0.057999998331069946,0.057999998331069946,0.05000000074505806,0.05000000074505806,63200,0.0,0.0
2022-05-13 00:00:00-04:00,0.054999999701976776,0.054999999701976776,0.050999999046325684,0.050999999046325684,60000,0.0,0.0
2022-05-16 00:00:00-04:00,0.05299999937415123,0.0560000017285347,0.05299999937415123,0.054999999701976776,63300,0.0,0.0
2022-05-17 00:00:00-04:00,0.054999999701976776,0.05700000002980232,0.04600000008940697,0.04899999871850014,144700,0.0,0.0
2022-05-18 00:00:00-04:00,0.04899999871850014,0.04899999871850014,0.04899999871850014,0.04899999871850014,0,0.0,0.0
2022-05-19 00:00:00-04:00,0.04699999839067459,0.04699999839067459,0.04500000178813934,0.04500000178813934,39100,0.0,0.0
2022-05-20 00:00:00-04:00,0.0430000014603138,0.0430000014603138,0.041999999433755875,0.041999999433755875,13400,0.0,0.0
2022-05-23 00:00:00-04:00,0.04100000113248825,0.04100000113248825,0.039000000804662704,0.039000000804662704,22700,0.0,0.0
2022-05-24 00:00:00-04:00,0.03799999877810478,0.04100000113248825,0.03799999877810478,0.04100000113248825,5300,0.0,0.0
2022-05-25 00:00:00-04:00,0.04100000113248825,0.04100000113248825,0.04100000113248825,0.04100000113248825,0,0.0,0.0
2022-05-26 00:00:00-04:00,0.04100000113248825,0.04100000113248825,0.04100000113248825,0.04100000113248825,7000,0.0,0.0
2022-05-27 00:00:00-04:00,0.04100000113248825,0.04100000113248825,0.039000000804662704,0.039000000804662704,24600,0.0,0.0
2022-05-31 00:00:00-04:00,0.03999999910593033,0.03999999910593033,0.039000000804662704,0.039000000804662704,2500,0.0,0.0
2022-06-01 00:00:00-04:00,0.039000000804662704,0.039000000804662704,0.039000000804662704,0.039000000804662704,30000,0.0,0.0
2022-06-02 00:00:00-04:00,0.039000000804662704,0.039000000804662704,0.039000000804662704,0.039000000804662704,3500,0.0,0.0
2022-06-03 00:00:00-04:00,0.039000000804662704,0.039000000804662704,0.03799999877810478,0.03799999877810478,8000,0.0,0.0
2022-06-06 00:00:00-04:00,0.039000000804662704,0.039000000804662704,0.03500000014901161,0.03500000014901161,241600,0.0,0.0
2022-06-07 00:00:00-04:00,0.03500000014901161,0.03500000014901161,0.03500000014901161,0.03500000014901161,2800,0.0,0.0
2022-06-08 00:00:00-04:00,0.03500000014901161,0.03500000014901161,0.03500000014901161,0.03500000014901161,0,0.0,0.0
2022-06-09 00:00:00-04:00,0.03500000014901161,0.03700000047683716,0.03500000014901161,0.03500000014901161,115000,0.0,0.0
2022-06-10 00:00:00-04:00,0.03500000014901161,0.03500000014901161,0.03500000014901161,0.03500000014901161,0,0.0,0.0
2022-06-13 00:00:00-04:00,0.03799999877810478,0.04500000178813934,0.03700000047683716,0.039000000804662704,323000,0.0,0.0
2022-06-14 00:00:00-04:00,0.04699999839067459,0.10000000149011612,0.04699999839067459,0.05900000035762787,901100,0.0,0.0
2022-06-15 00:00:00-04:00,0.05900000035762787,0.05999999865889549,0.054999999701976776,0.05999999865889549,23700,0.0,0.0
2022-06-16 00:00:00-04:00,0.06400000303983688,0.0729999989271164,0.06199999898672104,0.06499999761581421,1723100,0.0,0.0
2022-06-17 00:00:00-04:00,0.07000000029802322,0.07000000029802322,0.050999999046325684,0.054999999701976776,117300,0.0,0.0
2022-06-21 00:00:00-04:00,0.04699999839067459,0.057999998331069946,0.04699999839067459,0.057999998331069946,134700,0.0,0.0
2022-06-22 00:00:00-04:00,0.057999998331069946,0.07999999821186066,0.05000000074505806,0.06499999761581421,1510200,0.0,0.0
2022-06-23 00:00:00-04:00,0.06499999761581421,0.07500000298023224,0.054999999701976776,0.07000000029802322,472500,0.0,0.0
2022-06-24 00:00:00-04:00,0.07500000298023224,0.07699999958276749,0.05700000002980232,0.05999999865889549,942800,0.0,0.0
2022-06-27 00:00:00-04:00,0.05999999865889549,0.05999999865889549,0.05999999865889549,0.05999999865889549,0,0.0,0.0
2022-06-28 00:00:00-04:00,0.057999998331069946,0.057999998331069946,0.054999999701976776,0.054999999701976776,264100,0.0,0.0
2022-06-29 00:00:00-04:00,0.054999999701976776,0.054999999701976776,0.04500000178813934,0.05000000074505806,610900,0.0,0.0
2022-06-30 00:00:00-04:00,0.052000001072883606,0.052000001072883606,0.052000001072883606,0.052000001072883606,21400,0.0,0.0
2022-07-01 00:00:00-04:00,0.052000001072883606,0.06199999898672104,0.052000001072883606,0.06199999898672104,187000,0.0,0.0
2022-07-05 00:00:00-04:00,0.04800000041723251,0.05700000002980232,0.04800000041723251,0.05700000002980232,17100,0.0,0.0
2022-07-06 00:00:00-04:00,0.05700000002980232,0.05700000002980232,0.050999999046325684,0.050999999046325684,42000,0.0,0.0
2022-07-07 00:00:00-04:00,0.05299999937415123,0.054999999701976776,0.050999999046325684,0.05299999937415123,214800,0.0,0.0
2022-07-08 00:00:00-04:00,0.05299999937415123,0.05299999937415123,0.050999999046325684,0.050999999046325684,11000,0.0,0.0
2022-07-11 00:00:00-04:00,0.050999999046325684,0.052000001072883606,0.05000000074505806,0.050999999046325684,18400,0.0,0.0
2022-07-12 00:00:00-04:00,0.04899999871850014,0.04899999871850014,0.04899999871850014,0.04899999871850014,68900,0.0,0.0
2022-07-13 00:00:00-04:00,0.04899999871850014,0.052000001072883606,0.04899999871850014,0.050999999046325684,112700,0.0,0.0
2022-07-14 00:00:00-04:00,0.050999999046325684,0.052000001072883606,0.05000000074505806,0.05000000074505806,284900,0.0,0.0
2022-07-15 00:00:00-04:00,0.05000000074505806,0.05000000074505806,0.05000000074505806,0.05000000074505806,10000,0.0,0.0
2022-07-18 00:00:00-04:00,0.050999999046325684,0.050999999046325684,0.03999999910593033,0.03999999910593033,123500,0.0,0.0
2022-07-19 00:00:00-04:00,0.0430000014603138,0.04500000178813934,0.03999999910593033,0.04500000178813934,61000,0.0,0.0
2022-07-20 00:00:00-04:00,0.04699999839067459,0.08299999684095383,0.04600000008940697,0.07999999821186066,3877300,0.0,0.0
2022-07-21 00:00:00-04:00,0.08299999684095383,0.17800000309944153,0.08100000023841858,0.1720000058412552,11656700,0.0,0.0
2022-07-22 00:00:00-04:00,0.17900000512599945,0.1850000023841858,0.10499999672174454,0.12999999523162842,5952300,0.0,0.0
2022-07-25 00:00:00-04:00,0.15000000596046448,0.17000000178813934,0.10999999940395355,0.12099999934434891,6671900,0.0,0.0
2022-07-26 00:00:00-04:00,0.12099999934434891,0.12300000339746475,0.0949999988079071,0.1080000028014183,1518200,0.0,0.0
2022-07-27 00:00:00-04:00,0.10999999940395355,0.12700000405311584,0.1080000028014183,0.11699999868869781,457000,0.0,0.0
2022-07-28 00:00:00-04:00,0.10899999737739563,0.125,0.10000000149011612,0.10999999940395355,2975900,0.0,0.0
2022-07-29 00:00:00-04:00,0.10499999672174454,0.1120000034570694,0.08699999749660492,0.08699999749660492,1372300,0.0,0.0
2022-08-01 00:00:00-04:00,0.08699999749660492,0.0949999988079071,0.06499999761581421,0.07699999958276749,884100,0.0,0.0
2022-08-02 00:00:00-04:00,0.07900000363588333,0.07900000363588333,0.06199999898672104,0.07000000029802322,1853800,0.0,0.0
2022-08-03 00:00:00-04:00,0.06800000369548798,0.07699999958276749,0.05900000035762787,0.06300000101327896,619300,0.0,0.0
2022-08-04 00:00:00-04:00,0.06400000303983688,0.06700000166893005,0.054999999701976776,0.05999999865889549,1238800,0.0,0.0
2022-08-05 00:00:00-04:00,0.05999999865889549,0.07000000029802322,0.05000000074505806,0.05999999865889549,1083300,0.0,0.0
2022-08-08 00:00:00-04:00,0.052000001072883606,0.05900000035762787,0.05000000074505806,0.05400000140070915,585000,0.0,0.0
2022-08-09 00:00:00-04:00,0.050999999046325684,0.052000001072883606,0.03999999910593033,0.04699999839067459,1577400,0.0,0.0
2022-08-10 00:00:00-04:00,0.04500000178813934,0.04699999839067459,0.03999999910593033,0.04699999839067459,527000,0.0,0.0
2022-08-11 00:00:00-04:00,0.04699999839067459,0.04899999871850014,0.04100000113248825,0.04500000178813934,368100,0.0,0.0
2022-08-12 00:00:00-04:00,0.04500000178813934,0.057999998331069946,0.04500000178813934,0.050999999046325684,829200,0.0,0.0
2022-08-15 00:00:00-04:00,0.04800000041723251,0.054999999701976776,0.04800000041723251,0.05000000074505806,284300,0.0,0.0
2022-08-16 00:00:00-04:00,0.04899999871850014,0.04899999871850014,0.0430000014603138,0.04399999976158142,780300,0.0,0.0
2022-08-17 00:00:00-04:00,0.04500000178813934,0.04699999839067459,0.04100000113248825,0.04500000178813934,673400,0.0,0.0
2022-08-18 00:00:00-04:00,0.04399999976158142,0.04600000008940697,0.041999999433755875,0.0430000014603138,212500,0.0,0.0
2022-08-19 00:00:00-04:00,0.04899999871850014,0.04899999871850014,0.03999999910593033,0.04500000178813934,455900,0.0,0.0
2022-08-22 00:00:00-04:00,0.04100000113248825,0.04100000113248825,0.03700000047683716,0.03799999877810478,362000,0.0,0.0
2022-08-23 00:00:00-04:00,0.041999999433755875,0.041999999433755875,0.03500000014901161,0.03999999910593033,976200,0.0,0.0
2022-08-24 00:00:00-04:00,0.03999999910593033,0.04399999976158142,0.03500000014901161,0.03999999910593033,958900,0.0,0.0
2022-08-25 00:00:00-04:00,0.03999999910593033,0.0430000014603138,0.03799999877810478,0.0430000014603138,1466100,0.0,0.0
2022-08-26 00:00:00-04:00,0.04500000178813934,0.04500000178813934,0.03500000014901161,0.039000000804662704,1586700,0.0,0.0
2022-08-29 00:00:00-04:00,0.03500000014901161,0.03799999877810478,0.03500000014901161,0.035999998450279236,279700,0.0,0.0
2022-08-30 00:00:00-04:00,0.039000000804662704,0.039000000804662704,0.03500000014901161,0.03799999877810478,1104100,0.0,0.0
2022-08-31 00:00:00-04:00,0.035999998450279236,0.03700000047683716,0.028999999165534973,0.03200000151991844,1299700,0.0,0.0
2022-09-01 00:00:00-04:00,0.032999999821186066,0.032999999821186066,0.02800000086426735,0.03099999949336052,284100,0.0,0.0
2022-09-02 00:00:00-04:00,0.029999999329447746,0.03200000151991844,0.02800000086426735,0.03099999949336052,902400,0.0,0.0
2022-09-06 00:00:00-04:00,0.029999999329447746,0.03700000047683716,0.029999999329447746,0.03700000047683716,183300,0.0,0.0
2022-09-07 00:00:00-04:00,0.032999999821186066,0.039000000804662704,0.032999999821186066,0.035999998450279236,306200,0.0,0.0
2022-09-08 00:00:00-04:00,0.035999998450279236,0.035999998450279236,0.03400000184774399,0.035999998450279236,121900,0.0,0.0
2022-09-09 00:00:00-04:00,0.035999998450279236,0.035999998450279236,0.032999999821186066,0.032999999821186066,66000,0.0,0.0
2022-09-12 00:00:00-04:00,0.03400000184774399,0.035999998450279236,0.03400000184774399,0.035999998450279236,81700,0.0,0.0
2022-09-13 00:00:00-04:00,0.03400000184774399,0.057999998331069946,0.032999999821186066,0.04800000041723251,1621800,0.0,0.0
2022-09-14 00:00:00-04:00,0.04800000041723251,0.052000001072883606,0.04100000113248825,0.04500000178813934,765700,0.0,0.0
2022-09-15 00:00:00-04:00,0.03999999910593033,0.04500000178813934,0.027000000700354576,0.02800000086426735,1805500,0.0,0.0
2022-09-16 00:00:00-04:00,0.027000000700354576,0.03099999949336052,0.02500000037252903,0.029999999329447746,1179300,0.0,0.0
2022-09-19 00:00:00-04:00,0.029999999329447746,0.029999999329447746,0.027000000700354576,0.02800000086426735,192400,0.0,0.0
2022-09-20 00:00:00-04:00,0.02800000086426735,0.03099999949336052,0.026000000536441803,0.028999999165534973,449900,0.0,0.0
2022-09-21 00:00:00-04:00,0.028999999165534973,0.028999999165534973,0.028999999165534973,0.028999999165534973,18100,0.0,0.0
2022-09-22 00:00:00-04:00,0.028999999165534973,0.029999999329447746,0.02199999988079071,0.027000000700354576,1080200,0.0,0.0
2022-09-23 00:00:00-04:00,0.027000000700354576,0.02800000086426735,0.026000000536441803,0.02800000086426735,313300,0.0,0.0
2022-09-26 00:00:00-04:00,0.026000000536441803,0.026000000536441803,0.02199999988079071,0.026000000536441803,442900,0.0,0.0
2022-09-27 00:00:00-04:00,0.02199999988079071,0.023000000044703484,0.017000000923871994,0.023000000044703484,508100,0.0,0.0
2022-09-28 00:00:00-04:00,0.02500000037252903,0.02500000037252903,0.02199999988079071,0.02500000037252903,87000,0.0,0.0
2022-09-29 00:00:00-04:00,0.024000000208616257,0.024000000208616257,0.023000000044703484,0.024000000208616257,40600,0.0,0.0
2022-09-30 00:00:00-04:00,0.02199999988079071,0.023000000044703484,0.02199999988079071,0.02199999988079071,24100,0.0,0.0
2022-10-03 00:00:00-04:00,0.02500000037252903,0.02500000037252903,0.02199999988079071,0.02500000037252903,8500,0.0,0.0
2022-10-04 00:00:00-04:00,0.02500000037252903,0.02500000037252903,0.02500000037252903,0.02500000037252903,2800,0.0,0.0
2022-10-05 00:00:00-04:00,0.024000000208616257,0.03400000184774399,0.024000000208616257,0.024000000208616257,458600,0.0,0.0
2022-10-06 00:00:00-04:00,0.02500000037252903,0.02500000037252903,0.02199999988079071,0.024000000208616257,263900,0.0,0.0
2022-10-07 00:00:00-04:00,0.024000000208616257,0.02500000037252903,0.024000000208616257,0.02500000037252903,28400,0.0,0.0
2022-10-10 00:00:00-04:00,0.02800000086426735,0.02800000086426735,0.02500000037252903,0.02500000037252903,105600,0.0,0.0
2022-10-11 00:00:00-04:00,0.023000000044703484,0.02500000037252903,0.023000000044703484,0.02500000037252903,64300,0.0,0.0
2022-10-12 00:00:00-04:00,0.027000000700354576,0.02800000086426735,0.027000000700354576,0.02800000086426735,200,0.0,0.0
2022-10-13 00:00:00-04:00,0.024000000208616257,0.024000000208616257,0.020999999716877937,0.020999999716877937,29600,0.0,0.0
2022-10-14 00:00:00-04:00,0.024000000208616257,0.024000000208616257,0.024000000208616257,0.024000000208616257,18200,0.0,0.0
2022-10-17 00:00:00-04:00,0.026000000536441803,0.028999999165534973,0.023000000044703484,0.023000000044703484,115900,0.0,0.0
2022-10-18 00:00:00-04:00,0.029999999329447746,0.0430000014603138,0.029999999329447746,0.03099999949336052,595400,0.0,0.0
2022-10-19 00:00:00-04:00,0.028999999165534973,0.032999999821186066,0.028999999165534973,0.03099999949336052,115200,0.0,0.0
2022-10-20 00:00:00-04:00,0.03099999949336052,0.03799999877810478,0.03099999949336052,0.03200000151991844,325500,0.0,0.0
2022-10-21 00:00:00-04:00,0.02800000086426735,0.02800000086426735,0.02500000037252903,0.026000000536441803,137000,0.0,0.0
2022-10-24 00:00:00-04:00,0.02199999988079071,0.024000000208616257,0.020999999716877937,0.02199999988079071,147100,0.0,0.0
2022-10-25 00:00:00-04:00,0.02199999988079071,0.023000000044703484,0.02199999988079071,0.02199999988079071,17000,0.0,0.0
2022-10-26 00:00:00-04:00,0.02199999988079071,0.039000000804662704,0.02199999988079071,0.02500000037252903,278100,0.0,0.0
2022-10-27 00:00:00-04:00,0.024000000208616257,0.024000000208616257,0.02199999988079071,0.023000000044703484,88500,0.0,0.0
2022-10-28 00:00:00-04:00,0.023000000044703484,0.03200000151991844,0.023000000044703484,0.03200000151991844,63300,0.0,0.0
2022-10-31 00:00:00-04:00,0.024000000208616257,0.02800000086426735,0.023000000044703484,0.02800000086426735,181700,0.0,0.0
2022-11-01 00:00:00-04:00,0.029999999329447746,0.032999999821186066,0.026000000536441803,0.026000000536441803,144100,0.0,0.0
2022-11-02 00:00:00-04:00,0.026000000536441803,0.032999999821186066,0.026000000536441803,0.028999999165534973,164500,0.0,0.0
2022-11-03 00:00:00-04:00,0.023000000044703484,0.028999999165534973,0.023000000044703484,0.028999999165534973,194400,0.0,0.0
2022-11-04 00:00:00-04:00,0.028999999165534973,0.03799999877810478,0.028999999165534973,0.03500000014901161,267600,0.0,0.0
2022-11-07 00:00:00-05:00,0.03500000014901161,0.03500000014901161,0.026000000536441803,0.02800000086426735,186500,0.0,0.0
2022-11-08 00:00:00-05:00,0.029999999329447746,0.03500000014901161,0.02800000086426735,0.02800000086426735,123000,0.0,0.0
2022-11-09 00:00:00-05:00,0.03099999949336052,0.032999999821186066,0.028999999165534973,0.032999999821186066,43600,0.0,0.0
2022-11-10 00:00:00-05:00,0.03200000151991844,0.03200000151991844,0.02500000037252903,0.02800000086426735,246300,0.0,0.0
2022-11-11 00:00:00-05:00,0.027000000700354576,0.027000000700354576,0.024000000208616257,0.024000000208616257,231300,0.0,0.0
2022-11-14 00:00:00-05:00,0.024000000208616257,0.026000000536441803,0.02199999988079071,0.026000000536441803,264100,0.0,0.0
2022-11-15 00:00:00-05:00,0.023000000044703484,0.024000000208616257,0.019999999552965164,0.020999999716877937,664500,0.0,0.0
2022-11-16 00:00:00-05:00,0.020999999716877937,0.024000000208616257,0.020999999716877937,0.024000000208616257,31400,0.0,0.0
2022-11-17 00:00:00-05:00,0.027000000700354576,0.02800000086426735,0.02500000037252903,0.02500000037252903,390600,0.0,0.0
2022-11-18 00:00:00-05:00,0.023000000044703484,0.02500000037252903,0.023000000044703484,0.023000000044703484,25800,0.0,0.0
2022-11-21 00:00:00-05:00,0.023000000044703484,0.023000000044703484,0.02199999988079071,0.02199999988079071,193200,0.0,0.0
2022-11-22 00:00:00-05:00,0.02199999988079071,0.02199999988079071,0.02199999988079071,0.02199999988079071,409600,0.0,0.0
2022-11-23 00:00:00-05:00,0.02199999988079071,0.02199999988079071,0.02199999988079071,0.02199999988079071,229200,0.0,0.0
2022-11-25 00:00:00-05:00,0.02199999988079071,0.02199999988079071,0.02199999988079071,0.02199999988079071,0,0.0,0.0
2022-11-28 00:00:00-05:00,0.023000000044703484,0.023000000044703484,0.02199999988079071,0.02199999988079071,6600,0.0,0.0
2022-11-29 00:00:00-05:00,0.02199999988079071,0.02199999988079071,0.02199999988079071,0.02199999988079071,19800,0.0,0.0
2022-11-30 00:00:00-05:00,0.023000000044703484,0.02800000086426735,0.019999999552965164,0.023000000044703484,383900,0.0,0.0
2022-12-01 00:00:00-05:00,0.02199999988079071,0.023000000044703484,0.02199999988079071,0.023000000044703484,10000,0.0,0.0
2022-12-02 00:00:00-05:00,0.02199999988079071,0.023000000044703484,0.02199999988079071,0.023000000044703484,506200,0.0,0.0
2022-12-05 00:00:00-05:00,0.02199999988079071,0.023000000044703484,0.02199999988079071,0.023000000044703484,2200,0.0,0.0
2022-12-06 00:00:00-05:00,0.02199999988079071,0.02199999988079071,0.019999999552965164,0.019999999552965164,112700,0.0,0.0
2022-12-07 00:00:00-05:00,0.02199999988079071,0.02199999988079071,0.019999999552965164,0.019999999552965164,270900,0.0,0.0
2022-12-08 00:00:00-05:00,0.019999999552965164,0.019999999552965164,0.017999999225139618,0.019999999552965164,926000,0.0,0.0
2022-12-09 00:00:00-05:00,0.01899999938905239,0.019999999552965164,0.017999999225139618,0.017999999225139618,241400,0.0,0.0
2022-12-12 00:00:00-05:00,0.017999999225139618,0.01899999938905239,0.017999999225139618,0.01899999938905239,96500,0.0,0.0
2022-12-13 00:00:00-05:00,0.01899999938905239,0.023000000044703484,0.017999999225139618,0.017999999225139618,1140200,0.0,0.0
2022-12-14 00:00:00-05:00,0.01899999938905239,0.023000000044703484,0.01600000075995922,0.017999999225139618,1042100,0.0,0.0
2022-12-15 00:00:00-05:00,0.017000000923871994,0.017999999225139618,0.017000000923871994,0.017000000923871994,271800,0.0,0.0
2022-12-16 00:00:00-05:00,0.017999999225139618,0.017999999225139618,0.014999999664723873,0.014999999664723873,211100,0.0,0.0
2022-12-19 00:00:00-05:00,0.01600000075995922,0.017000000923871994,0.01600000075995922,0.01600000075995922,174600,0.0,0.0
2022-12-20 00:00:00-05:00,0.01600000075995922,0.017000000923871994,0.014999999664723873,0.017000000923871994,102100,0.0,0.0
2022-12-21 00:00:00-05:00,0.017000000923871994,0.017000000923871994,0.01600000075995922,0.01600000075995922,37400,0.0,0.0
2022-12-22 00:00:00-05:00,0.01600000075995922,0.017000000923871994,0.01600000075995922,0.017000000923871994,62000,0.0,0.0
2022-12-23 00:00:00-05:00,0.014999999664723873,0.017000000923871994,0.014999999664723873,0.017000000923871994,179800,0.0,0.0
2022-12-27 00:00:00-05:00,0.017000000923871994,0.020999999716877937,0.017000000923871994,0.020999999716877937,727200,0.0,0.0
2022-12-28 00:00:00-05:00,0.023000000044703484,0.023000000044703484,0.014999999664723873,0.01600000075995922,1204900,0.0,0.0
2022-12-29 00:00:00-05:00,0.017000000923871994,0.017000000923871994,0.017000000923871994,0.017000000923871994,18200,0.0,0.0
2022-12-30 00:00:00-05:00,0.01600000075995922,0.020999999716877937,0.01600000075995922,0.020999999716877937,509900,0.0,0.0
2023-01-03 00:00:00-05:00,0.020999999716877937,0.023000000044703484,0.017999999225139618,0.02199999988079071,572700,0.0,0.0
2023-01-04 00:00:00-05:00,0.02199999988079071,0.023000000044703484,0.017000000923871994,0.017000000923871994,1575300,0.0,0.0
2023-01-05 00:00:00-05:00,0.017000000923871994,0.017999999225139618,0.017000000923871994,0.017000000923871994,461800,0.0,0.0
2023-01-06 00:00:00-05:00,0.017000000923871994,0.019999999552965164,0.01600000075995922,0.019999999552965164,181600,0.0,0.0
2023-01-09 00:00:00-05:00,0.01899999938905239,0.01899999938905239,0.01899999938905239,0.01899999938905239,103900,0.0,0.0
2023-01-10 00:00:00-05:00,0.01899999938905239,0.01899999938905239,0.017000000923871994,0.01899999938905239,87500,0.0,0.0
2023-01-11 00:00:00-05:00,0.01899999938905239,0.01899999938905239,0.017000000923871994,0.017999999225139618,30000,0.0,0.0
2023-01-12 00:00:00-05:00,0.01600000075995922,0.01899999938905239,0.01600000075995922,0.017000000923871994,485200,0.0,0.0
2023-01-13 00:00:00-05:00,0.017000000923871994,0.019999999552965164,0.017000000923871994,0.017000000923871994,551900,0.0,0.0
2023-01-17 00:00:00-05:00,0.017999999225139618,0.01899999938905239,0.017000000923871994,0.01899999938905239,1214600,0.0,0.0
2023-01-18 00:00:00-05:00,0.01899999938905239,0.02199999988079071,0.01899999938905239,0.01899999938905239,703600,0.0,0.0
2023-01-19 00:00:00-05:00,0.01899999938905239,0.01899999938905239,0.017999999225139618,0.017999999225139618,142000,0.0,0.0
2023-01-20 00:00:00-05:00,0.01899999938905239,0.019999999552965164,0.017999999225139618,0.017999999225139618,257800,0.0,0.0
2023-01-23 00:00:00-05:00,0.01899999938905239,0.01899999938905239,0.01600000075995922,0.017999999225139618,1190100,0.0,0.0
2023-01-24 00:00:00-05:00,0.017000000923871994,0.017999999225139618,0.01600000075995922,0.017000000923871994,561600,0.0,0.0
2023-01-25 00:00:00-05:00,0.017999999225139618,0.017999999225139618,0.017000000923871994,0.017000000923871994,290500,0.0,0.0
2023-01-26 00:00:00-05:00,0.017000000923871994,0.017999999225139618,0.01600000075995922,0.017999999225139618,497400,0.0,0.0
2023-01-27 00:00:00-05:00,0.017999999225139618,0.017999999225139618,0.01600000075995922,0.01600000075995922,116000,0.0,0.0
2023-01-30 00:00:00-05:00,0.01600000075995922,0.017000000923871994,0.01600000075995922,0.017000000923871994,66900,0.0,0.0
2023-01-31 00:00:00-05:00,0.017999999225139618,0.017999999225139618,0.014000000432133675,0.014999999664723873,4824000,0.0,0.0
2023-02-01 00:00:00-05:00,0.014999999664723873,0.014999999664723873,0.014999999664723873,0.014999999664723873,210900,0.0,0.0
2023-02-02 00:00:00-05:00,0.014999999664723873,0.017999999225139618,0.014000000432133675,0.017000000923871994,2398800,0.0,0.0
2023-02-03 00:00:00-05:00,0.017000000923871994,0.017999999225139618,0.01600000075995922,0.017000000923871994,1386200,0.0,0.0
2023-02-06 00:00:00-05:00,0.017000000923871994,0.020999999716877937,0.017000000923871994,0.017000000923871994,683000,0.0,0.0
2023-02-07 00:00:00-05:00,0.017999999225139618,0.01899999938905239,0.017000000923871994,0.017999999225139618,83200,0.0,0.0
2023-02-08 00:00:00-05:00,0.017000000923871994,0.017999999225139618,0.01600000075995922,0.01600000075995922,291600,0.0,0.0
2023-02-09 00:00:00-05:00,0.01600000075995922,0.019999999552965164,0.014999999664723873,0.01600000075995922,450100,0.0,0.0
2023-02-10 00:00:00-05:00,0.01600000075995922,0.017999999225139618,0.01600000075995922,0.017999999225139618,280500,0.0,0.0
2023-02-13 00:00:00-05:00,0.017999999225139618,0.017999999225139618,0.017999999225139618,0.017999999225139618,158500,0.0,0.0
2023-02-14 00:00:00-05:00,0.017000000923871994,0.017000000923871994,0.014000000432133675,0.014000000432133675,346900,0.0,0.0
2023-02-15 00:00:00-05:00,0.014999999664723873,0.014999999664723873,0.014000000432133675,0.014999999664723873,950100,0.0,0.0
2023-02-16 00:00:00-05:00,0.01600000075995922,0.01600000075995922,0.014000000432133675,0.014000000432133675,90700,0.0,0.0
2023-02-17 00:00:00-05:00,0.014999999664723873,0.017000000923871994,0.014000000432133675,0.014000000432133675,318000,0.0,0.0
2023-02-21 00:00:00-05:00,0.014000000432133675,0.014999999664723873,0.014000000432133675,0.014999999664723873,133900,0.0,0.0
2023-02-22 00:00:00-05:00,0.014999999664723873,0.014999999664723873,0.012000000104308128,0.013000000268220901,1178700,0.0,0.0
2023-02-23 00:00:00-05:00,0.014000000432133675,0.017000000923871994,0.014000000432133675,0.01600000075995922,1046900,0.0,0.0
2023-02-24 00:00:00-05:00,0.01600000075995922,0.017000000923871994,0.013000000268220901,0.01600000075995922,213100,0.0,0.0
2023-02-27 00:00:00-05:00,0.014999999664723873,0.014999999664723873,0.014000000432133675,0.014999999664723873,235600,0.0,0.0
2023-02-28 00:00:00-05:00,0.014999999664723873,0.017999999225139618,0.014999999664723873,0.017000000923871994,1000600,0.0,0.0
2023-03-01 00:00:00-05:00,0.017000000923871994,0.017999999225139618,0.01600000075995922,0.017999999225139618,76000,0.0,0.0
2023-03-02 00:00:00-05:00,0.017999999225139618,0.017999999225139618,0.017999999225139618,0.017999999225139618,1000,0.0,0.0
2023-03-03 00:00:00-05:00,0.01600000075995922,0.017999999225139618,0.01600000075995922,0.017999999225139618,216000,0.0,0.0
2023-03-06 00:00:00-05:00,0.017999999225139618,0.017999999225139618,0.017000000923871994,0.017999999225139618,236400,0.0,0.0
2023-03-07 00:00:00-05:00,0.014999999664723873,0.017999999225139618,0.014999999664723873,0.01600000075995922,78300,0.0,0.0
2023-03-08 00:00:00-05:00,0.013000000268220901,0.017999999225139618,0.013000000268220901,0.017999999225139618,141800,0.0,0.0
2023-03-09 00:00:00-05:00,0.017999999225139618,0.017999999225139618,0.017000000923871994,0.017000000923871994,136600,0.0,0.0
2023-03-10 00:00:00-05:00,0.017999999225139618,0.017999999225139618,0.017000000923871994,0.017999999225139618,230100,0.0,0.0
2023-03-13 00:00:00-04:00,0.017999999225139618,0.017999999225139618,0.017000000923871994,0.017000000923871994,35700,0.0,0.0
2023-03-14 00:00:00-04:00,0.017000000923871994,0.017000000923871994,0.017000000923871994,0.017000000923871994,0,0.0,0.0
2023-03-15 00:00:00-04:00,0.017999999225139618,0.017999999225139618,0.017999999225139618,0.017999999225139618,10000,0.0,0.0
2023-03-16 00:00:00-04:00,0.014000000432133675,0.01600000075995922,0.013000000268220901,0.01600000075995922,60800,0.0,0.0
2023-03-17 00:00:00-04:00,0.017000000923871994,0.017999999225139618,0.017000000923871994,0.017999999225139618,15000,0.0,0.0
2023-03-20 00:00:00-04:00,0.017000000923871994,0.017999999225139618,0.01600000075995922,0.017000000923871994,237000,0.0,0.0
2023-03-21 00:00:00-04:00,0.017999999225139618,0.017999999225139618,0.01600000075995922,0.01600000075995922,160600,0.0,0.0
2023-03-22 00:00:00-04:00,0.017999999225139618,0.017999999225139618,0.01600000075995922,0.01600000075995922,10800,0.0,0.0
2023-03-23 00:00:00-04:00,0.014999999664723873,0.017999999225139618,0.014999999664723873,0.017000000923871994,411400,0.0,0.0
2023-03-24 00:00:00-04:00,0.017000000923871994,0.017000000923871994,0.017000000923871994,0.017000000923871994,33000,0.0,0.0
2023-03-27 00:00:00-04:00,0.017000000923871994,0.019999999552965164,0.014999999664723873,0.014999999664723873,1270500,0.0,0.0
2023-03-28 00:00:00-04:00,0.014999999664723873,0.014999999664723873,0.014999999664723873,0.014999999664723873,25600,0.0,0.0
2023-03-29 00:00:00-04:00,0.017999999225139618,0.017999999225139618,0.014999999664723873,0.014999999664723873,191300,0.0,0.0
2023-03-30 00:00:00-04:00,0.014999999664723873,0.014999999664723873,0.014999999664723873,0.014999999664723873,0,0.0,0.0
2023-03-31 00:00:00-04:00,0.01600000075995922,0.01600000075995922,0.01600000075995922,0.01600000075995922,165600,0.0,0.0
2023-04-03 00:00:00-04:00,0.017000000923871994,0.017999999225139618,0.01600000075995922,0.017000000923871994,26000,0.0,0.0
2023-04-04 00:00:00-04:00,0.017999999225139618,0.017999999225139618,0.01600000075995922,0.01600000075995922,86300,0.0,0.0
2023-04-05 00:00:00-04:00,0.017999999225139618,0.017999999225139618,0.01600000075995922,0.01600000075995922,107000,0.0,0.0
2023-04-06 00:00:00-04:00,0.017999999225139618,0.017999999225139618,0.017999999225139618,0.017999999225139618,10700,0.0,0.0
2023-04-10 00:00:00-04:00,0.017999999225139618,0.017999999225139618,0.01600000075995922,0.01600000075995922,56800,0.0,0.0
2023-04-11 00:00:00-04:00,0.017000000923871994,0.017000000923871994,0.01600000075995922,0.01600000075995922,200,0.0,0.0
2023-04-12 00:00:00-04:00,0.017000000923871994,0.017000000923871994,0.014000000432133675,0.014999999664723873,247000,0.0,0.0
2023-04-13 00:00:00-04:00,0.01600000075995922,0.017000000923871994,0.014000000432133675,0.014000000432133675,176000,0.0,0.0
2023-04-14 00:00:00-04:00,0.014000000432133675,0.017000000923871994,0.014000000432133675,0.017000000923871994,63000,0.0,0.0
2023-04-17 00:00:00-04:00,0.01600000075995922,0.01600000075995922,0.014000000432133675,0.014000000432133675,103700,0.0,0.0
2023-04-18 00:00:00-04:00,0.01600000075995922,0.017000000923871994,0.014000000432133675,0.014000000432133675,230600,0.0,0.0
2023-04-19 00:00:00-04:00,0.014999999664723873,0.014999999664723873,0.014000000432133675,0.014000000432133675,130700,0.0,0.0
2023-04-20 00:00:00-04:00,0.017000000923871994,0.017000000923871994,0.014000000432133675,0.014999999664723873,66300,0.0,0.0
2023-04-21 00:00:00-04:00,0.014000000432133675,0.01600000075995922,0.014000000432133675,0.01600000075995922,29200,0.0,0.0
2023-04-24 00:00:00-04:00,0.014000000432133675,0.01600000075995922,0.014000000432133675,0.01600000075995922,21000,0.0,0.0
2023-04-25 00:00:00-04:00,0.01600000075995922,0.01600000075995922,0.014000000432133675,0.014999999664723873,80900,0.0,0.0
2023-04-26 00:00:00-04:00,0.014999999664723873,0.017000000923871994,0.014999999664723873,0.014999999664723873,90000,0.0,0.0
2023-04-27 00:00:00-04:00,0.01600000075995922,0.01600000075995922,0.014000000432133675,0.014000000432133675,1062000,0.0,0.0
2023-04-28 00:00:00-04:00,0.014000000432133675,0.01600000075995922,0.014000000432133675,0.014000000432133675,50200,0.0,0.0
2023-05-01 00:00:00-04:00,0.01600000075995922,0.01600000075995922,0.01600000075995922,0.01600000075995922,26600,0.0,0.0
2023-05-02 00:00:00-04:00,0.01600000075995922,0.01600000075995922,0.01600000075995922,0.01600000075995922,47200,0.0,0.0
2023-05-03 00:00:00-04:00,0.01600000075995922,0.01600000075995922,0.014000000432133675,0.014000000432133675,108900,0.0,0.0
2023-05-04 00:00:00-04:00,0.014000000432133675,0.014999999664723873,0.014000000432133675,0.014000000432133675,105000,0.0,0.0
2023-05-05 00:00:00-04:00,0.014999999664723873,0.01600000075995922,0.014999999664723873,0.01600000075995922,84100,0.0,0.0
2023-05-08 00:00:00-04:00,0.014000000432133675,0.014999999664723873,0.014000000432133675,0.014999999664723873,38800,0.0,0.0
2023-05-09 00:00:00-04:00,0.014999999664723873,0.01600000075995922,0.014999999664723873,0.01600000075995922,88100,0.0,0.0
2023-05-10 00:00:00-04:00,0.01600000075995922,0.01600000075995922,0.01600000075995922,0.01600000075995922,95300,0.0,0.0
2023-05-11 00:00:00-04:00,0.014000000432133675,0.014999999664723873,0.014000000432133675,0.014999999664723873,875500,0.0,0.0
2023-05-12 00:00:00-04:00,0.014000000432133675,0.014000000432133675,0.012000000104308128,0.012000000104308128,762000,0.0,0.0
2023-05-15 00:00:00-04:00,0.010999999940395355,0.010999999940395355,0.00800000037997961,0.009999999776482582,3578500,0.0,0.0
2023-05-16 00:00:00-04:00,0.00800000037997961,0.008999999612569809,0.00800000037997961,0.008999999612569809,76100,0.0,0.0
2023-05-17 00:00:00-04:00,0.008999999612569809,0.012000000104308128,0.00800000037997961,0.012000000104308128,1036700,0.0,0.0
2023-05-18 00:00:00-04:00,0.012000000104308128,0.014000000432133675,0.012000000104308128,0.014000000432133675,1230400,0.0,0.0
2023-05-19 00:00:00-04:00,0.014000000432133675,0.027000000700354576,0.014000000432133675,0.017000000923871994,6112700,0.0,0.0
2023-05-22 00:00:00-04:00,0.017999999225139618,0.02199999988079071,0.017000000923871994,0.017000000923871994,859300,0.0,0.0
2023-05-23 00:00:00-04:00,0.01600000075995922,0.01600000075995922,0.010999999940395355,0.014000000432133675,863800,0.0,0.0
2023-05-24 00:00:00-04:00,0.014000000432133675,0.017000000923871994,0.014000000432133675,0.01600000075995922,641000,0.0,0.0
2023-05-25 00:00:00-04:00,0.014999999664723873,0.01600000075995922,0.014000000432133675,0.014999999664723873,234900,0.0,0.0
2023-05-26 00:00:00-04:00,0.014999999664723873,0.01899999938905239,0.014000000432133675,0.017999999225139618,777900,0.0,0.0
2023-05-30 00:00:00-04:00,0.017000000923871994,0.017000000923871994,0.014999999664723873,0.014999999664723873,135700,0.0,0.0
2023-05-31 00:00:00-04:00,0.01600000075995922,0.017000000923871994,0.014000000432133675,0.01600000075995922,229600,0.0,0.0
2023-06-01 00:00:00-04:00,0.014999999664723873,0.02500000037252903,0.014999999664723873,0.019999999552965164,271800,0.0,0.0
2023-06-02 00:00:00-04:00,0.019999999552965164,0.019999999552965164,0.017000000923871994,0.017000000923871994,421600,0.0,0.0
2023-06-05 00:00:00-04:00,0.01600000075995922,0.017000000923871994,0.014999999664723873,0.017000000923871994,145900,0.0,0.0
2023-06-06 00:00:00-04:00,0.017000000923871994,0.019999999552965164,0.014000000432133675,0.01600000075995922,602900,0.0,0.0
2023-06-07 00:00:00-04:00,0.01600000075995922,0.01600000075995922,0.014000000432133675,0.014000000432133675,225300,0.0,0.0
2023-06-08 00:00:00-04:00,0.014000000432133675,0.014000000432133675,0.013000000268220901,0.013000000268220901,420900,0.0,0.0
2023-06-09 00:00:00-04:00,0.013000000268220901,0.014000000432133675,0.012000000104308128,0.013000000268220901,266400,0.0,0.0
2023-06-12 00:00:00-04:00,0.012000000104308128,0.012000000104308128,0.009999999776482582,0.010999999940395355,1926700,0.0,0.0
2023-06-13 00:00:00-04:00,0.010999999940395355,0.013000000268220901,0.010999999940395355,0.013000000268220901,362100,0.0,0.0
2023-06-14 00:00:00-04:00,0.012000000104308128,0.012000000104308128,0.010999999940395355,0.012000000104308128,38400,0.0,0.0
2023-06-15 00:00:00-04:00,0.012000000104308128,0.014000000432133675,0.010999999940395355,0.012000000104308128,1148000,0.0,0.0
2023-06-16 00:00:00-04:00,0.012000000104308128,0.013000000268220901,0.009999999776482582,0.009999999776482582,1142600,0.0,0.0
2023-06-20 00:00:00-04:00,0.010999999940395355,0.013000000268220901,0.009999999776482582,0.013000000268220901,1534000,0.0,0.0
2023-06-21 00:00:00-04:00,0.013000000268220901,0.013000000268220901,0.012000000104308128,0.013000000268220901,591900,0.0,0.0
2023-06-22 00:00:00-04:00,0.017000000923871994,0.017000000923871994,0.010999999940395355,0.010999999940395355,440000,0.0,0.0
2023-06-23 00:00:00-04:00,0.014999999664723873,0.014999999664723873,0.008999999612569809,0.010999999940395355,1830000,0.0,0.0
2023-06-26 00:00:00-04:00,0.012000000104308128,0.012000000104308128,0.012000000104308128,0.012000000104308128,103900,0.0,0.0
2023-06-27 00:00:00-04:00,0.012000000104308128,0.012000000104308128,0.012000000104308128,0.012000000104308128,200,0.0,0.0
2023-06-28 00:00:00-04:00,0.012000000104308128,0.012000000104308128,0.010999999940395355,0.012000000104308128,167500,0.0,0.0
2023-06-29 00:00:00-04:00,0.012000000104308128,0.012000000104308128,0.012000000104308128,0.012000000104308128,125200,0.0,0.0
2023-06-30 00:00:00-04:00,0.012000000104308128,0.012000000104308128,0.010999999940395355,0.012000000104308128,53300,0.0,0.0
2023-07-03 00:00:00-04:00,0.012000000104308128,0.012000000104308128,0.012000000104308128,0.012000000104308128,30000,0.0,0.0
2023-07-05 00:00:00-04:00,0.014000000432133675,0.014000000432133675,0.013000000268220901,0.013000000268220901,6600,0.0,0.0
2023-07-06 00:00:00-04:00,0.012000000104308128,0.013000000268220901,0.010999999940395355,0.010999999940395355,206200,0.0,0.0
2023-07-07 00:00:00-04:00,0.013000000268220901,0.013000000268220901,0.013000000268220901,0.013000000268220901,1900,0.0,0.0
2023-07-10 00:00:00-04:00,0.013000000268220901,0.013000000268220901,0.013000000268220901,0.013000000268220901,90100,0.0,0.0
2023-07-11 00:00:00-04:00,0.013000000268220901,0.013000000268220901,0.013000000268220901,0.013000000268220901,0,0.0,0.0
2023-07-12 00:00:00-04:00,0.012000000104308128,0.012000000104308128,0.012000000104308128,0.012000000104308128,21100,0.0,0.0
2023-07-13 00:00:00-04:00,0.012000000104308128,0.012000000104308128,0.009999999776482582,0.009999999776482582,9900,0.0,0.0
2023-07-14 00:00:00-04:00,0.012000000104308128,0.012000000104308128,0.012000000104308128,0.012000000104308128,10000,0.0,0.0
2023-07-17 00:00:00-04:00,0.013000000268220901,0.013000000268220901,0.013000000268220901,0.013000000268220901,100,0.0,0.0
2023-07-18 00:00:00-04:00,0.009999999776482582,0.013000000268220901,0.009999999776482582,0.010999999940395355,6000,0.0,0.0
2023-07-19 00:00:00-04:00,0.010999999940395355,0.010999999940395355,0.010999999940395355,0.010999999940395355,130000,0.0,0.0
2023-07-20 00:00:00-04:00,0.012000000104308128,0.013000000268220901,0.008999999612569809,0.012000000104308128,874000,0.0,0.0
2023-07-21 00:00:00-04:00,0.012000000104308128,0.013000000268220901,0.009999999776482582,0.010999999940395355,280400,0.0,0.0
2023-07-24 00:00:00-04:00,0.009999999776482582,0.009999999776482582,0.00800000037997961,0.008999999612569809,644300,0.0,0.0
2023-07-25 00:00:00-04:00,0.008999999612569809,0.009999999776482582,0.008999999612569809,0.009999999776482582,74000,0.0,0.0
2023-07-26 00:00:00-04:00,0.008999999612569809,0.009999999776482582,0.00800000037997961,0.009999999776482582,266600,0.0,0.0
2023-07-27 00:00:00-04:00,0.009999999776482582,0.009999999776482582,0.009999999776482582,0.009999999776482582,0,0.0,0.0
2023-07-28 00:00:00-04:00,0.009999999776482582,0.009999999776482582,0.009999999776482582,0.009999999776482582,10000,0.0,0.0
