Date,Open,High,Low,Close,Volume,Dividends,Stock Splits
2021-02-10 00:00:00-05:00,10.449999809265137,10.5,10.3100004196167,10.390000343322754,1603389,0.0,0.0
2021-02-11 00:00:00-05:00,10.4399995803833,10.4399995803833,10.359999656677246,10.420000076293945,1333942,0.0,0.0
2021-02-12 00:00:00-05:00,10.4399995803833,10.447799682617188,10.350000381469727,10.390000343322754,458027,0.0,0.0
2021-02-16 00:00:00-05:00,10.449999809265137,10.489999771118164,10.369999885559082,10.399999618530273,301845,0.0,0.0
2021-02-17 00:00:00-05:00,10.399999618530273,10.430000305175781,10.34000015258789,10.369999885559082,250195,0.0,0.0
2021-02-18 00:00:00-05:00,10.359999656677246,10.390000343322754,10.3100004196167,10.354999542236328,177776,0.0,0.0
2021-02-19 00:00:00-05:00,10.329999923706055,10.390000343322754,10.329999923706055,10.380000114440918,80686,0.0,0.0
2021-02-22 00:00:00-05:00,10.399999618530273,10.5,10.350000381469727,10.5,731783,0.0,0.0
2021-02-23 00:00:00-05:00,10.380000114440918,10.5,10.199999809265137,10.430000305175781,1711134,0.0,0.0
2021-02-24 00:00:00-05:00,10.399999618530273,10.4399995803833,10.270099639892578,10.300000190734863,214722,0.0,0.0
2021-02-25 00:00:00-05:00,10.350000381469727,10.350000381469727,10.109999656677246,10.180000305175781,324813,0.0,0.0
2021-02-26 00:00:00-05:00,10.180000305175781,10.25,10.109999656677246,10.25,158434,0.0,0.0
2021-03-01 00:00:00-05:00,10.25,10.25,10.119999885559082,10.149999618530273,335984,0.0,0.0
2021-03-02 00:00:00-05:00,10.140000343322754,10.185500144958496,10.010000228881836,10.109999656677246,443772,0.0,0.0
2021-03-03 00:00:00-05:00,10.130000114440918,10.130000114440918,10.0,10.039999961853027,484029,0.0,0.0
2021-03-04 00:00:00-05:00,10.0,10.018899917602539,9.949999809265137,9.970000267028809,936832,0.0,0.0
2021-03-05 00:00:00-05:00,9.979999542236328,10.100000381469727,9.960000038146973,10.0600004196167,455017,0.0,0.0
2021-03-08 00:00:00-05:00,10.079999923706055,10.114999771118164,9.989999771118164,10.039999961853027,308103,0.0,0.0
2021-03-09 00:00:00-05:00,10.029999732971191,10.050000190734863,10.010000228881836,10.029999732971191,38958,0.0,0.0
2021-03-10 00:00:00-05:00,10.024999618530273,10.104999542236328,10.024999618530273,10.0600004196167,754326,0.0,0.0
2021-03-11 00:00:00-05:00,10.055000305175781,10.0600004196167,10.029999732971191,10.0600004196167,188210,0.0,0.0
2021-03-12 00:00:00-05:00,10.020000457763672,10.029999732971191,9.989999771118164,10.020000457763672,94855,0.0,0.0
2021-03-15 00:00:00-04:00,10.0,10.015000343322754,9.994999885559082,10.010000228881836,247004,0.0,0.0
2021-03-16 00:00:00-04:00,10.029999732971191,10.029999732971191,9.979999542236328,9.989999771118164,299576,0.0,0.0
2021-03-17 00:00:00-04:00,9.999899864196777,9.999899864196777,9.949999809265137,9.970000267028809,58954,0.0,0.0
2021-03-18 00:00:00-04:00,10.0,10.0,9.949999809265137,9.960000038146973,28157,0.0,0.0
2021-03-19 00:00:00-04:00,9.970100402832031,9.986000061035156,9.920000076293945,9.920000076293945,74667,0.0,0.0
2021-03-22 00:00:00-04:00,9.979999542236328,10.039999961853027,9.944999694824219,9.970000267028809,48667,0.0,0.0
2021-03-23 00:00:00-04:00,9.949999809265137,9.970000267028809,9.90999984741211,9.930000305175781,273532,0.0,0.0
2021-03-24 00:00:00-04:00,9.930000305175781,9.930000305175781,9.819999694824219,9.880000114440918,115869,0.0,0.0
2021-03-25 00:00:00-04:00,9.800000190734863,9.90999984741211,9.800000190734863,9.819999694824219,81079,0.0,0.0
2021-03-26 00:00:00-04:00,9.875399589538574,9.970000267028809,9.84000015258789,9.949999809265137,95108,0.0,0.0
2021-03-29 00:00:00-04:00,9.979999542236328,9.979999542236328,9.850000381469727,9.899999618530273,20260,0.0,0.0
2021-03-30 00:00:00-04:00,9.829999923706055,9.9399995803833,9.8100004196167,9.850000381469727,214337,0.0,0.0
2021-03-31 00:00:00-04:00,9.930000305175781,9.930000305175781,9.850000381469727,9.869999885559082,170405,0.0,0.0
2021-04-01 00:00:00-04:00,10.0,10.0,9.869999885559082,9.90999984741211,97301,0.0,0.0
2021-04-05 00:00:00-04:00,9.931400299072266,9.949999809265137,9.899999618530273,9.930000305175781,7904,0.0,0.0
2021-04-06 00:00:00-04:00,9.9399995803833,9.949999809265137,9.90149974822998,9.9399995803833,25808,0.0,0.0
2021-04-07 00:00:00-04:00,9.90999984741211,9.949999809265137,9.90999984741211,9.9399995803833,40032,0.0,0.0
2021-04-08 00:00:00-04:00,9.941100120544434,9.989999771118164,9.9399995803833,9.979999542236328,11086,0.0,0.0
2021-04-09 00:00:00-04:00,9.989999771118164,10.022700309753418,9.986000061035156,10.0,107870,0.0,0.0
2021-04-12 00:00:00-04:00,9.9822998046875,9.9822998046875,9.920000076293945,9.979999542236328,54794,0.0,0.0
2021-04-13 00:00:00-04:00,10.0,10.010000228881836,9.960000038146973,10.0,67492,0.0,0.0
2021-04-14 00:00:00-04:00,10.0,10.05090045928955,9.979999542236328,9.979999542236328,673440,0.0,0.0
2021-04-15 00:00:00-04:00,10.010000228881836,10.039999961853027,9.979999542236328,9.989999771118164,893669,0.0,0.0
2021-04-16 00:00:00-04:00,9.970000267028809,9.989999771118164,9.970000267028809,9.989999771118164,13564,0.0,0.0
2021-04-19 00:00:00-04:00,9.989999771118164,10.0,9.9399995803833,10.0,462762,0.0,0.0
2021-04-20 00:00:00-04:00,10.0,10.0600004196167,9.970000267028809,10.0,301581,0.0,0.0
2021-04-21 00:00:00-04:00,10.0,10.0,9.949999809265137,10.0,159209,0.0,0.0
2021-04-22 00:00:00-04:00,10.0,10.050000190734863,9.989999771118164,10.0,226135,0.0,0.0
2021-04-23 00:00:00-04:00,10.020000457763672,10.0201997756958,9.970000267028809,10.0,100451,0.0,0.0
2021-04-26 00:00:00-04:00,10.020000457763672,10.020000457763672,9.961000442504883,10.0,5168,0.0,0.0
2021-04-27 00:00:00-04:00,10.020000457763672,10.020000457763672,10.0,10.0,1771,0.0,0.0
2021-04-28 00:00:00-04:00,10.020000457763672,10.020000457763672,9.979999542236328,10.0,102094,0.0,0.0
2021-04-29 00:00:00-04:00,10.0,10.0,9.95009994506836,10.0,184214,0.0,0.0
2021-04-30 00:00:00-04:00,10.020000457763672,10.020000457763672,9.970000267028809,9.989999771118164,19956,0.0,0.0
2021-05-03 00:00:00-04:00,10.020000457763672,10.038100242614746,10.0,10.0,35433,0.0,0.0
2021-05-04 00:00:00-04:00,10.020000457763672,10.020000457763672,9.949999809265137,10.0,14439,0.0,0.0
2021-05-05 00:00:00-04:00,9.970000267028809,10.010000228881836,9.949999809265137,9.979999542236328,20369,0.0,0.0
2021-05-06 00:00:00-04:00,10.0,10.0,9.970000267028809,9.979999542236328,6576,0.0,0.0
2021-05-07 00:00:00-04:00,9.979999542236328,10.0,9.949999809265137,9.960000038146973,56924,0.0,0.0
2021-05-10 00:00:00-04:00,10.0,10.0,9.9399995803833,9.949999809265137,20295,0.0,0.0
2021-05-11 00:00:00-04:00,9.899999618530273,10.0,9.899999618530273,9.949999809265137,48698,0.0,0.0
2021-05-12 00:00:00-04:00,9.960000038146973,10.0,9.949999809265137,9.960000038146973,227870,0.0,0.0
2021-05-13 00:00:00-04:00,10.0,10.0,9.949999809265137,9.949999809265137,92265,0.0,0.0
2021-05-14 00:00:00-04:00,9.979999542236328,9.989999771118164,9.9399995803833,9.979999542236328,154911,0.0,0.0
2021-05-17 00:00:00-04:00,9.989999771118164,9.989999771118164,9.9399995803833,9.979999542236328,27274,0.0,0.0
2021-05-18 00:00:00-04:00,9.989999771118164,9.989999771118164,9.9399995803833,9.949999809265137,95883,0.0,0.0
2021-05-19 00:00:00-04:00,9.949999809265137,9.949999809265137,9.925000190734863,9.930000305175781,28473,0.0,0.0
2021-05-20 00:00:00-04:00,9.949999809265137,9.949999809265137,9.920000076293945,9.920000076293945,30046,0.0,0.0
2021-05-21 00:00:00-04:00,9.949999809265137,9.960000038146973,9.920999526977539,9.930000305175781,17229,0.0,0.0
2021-05-24 00:00:00-04:00,9.960000038146973,9.960000038146973,9.925000190734863,9.949999809265137,24212,0.0,0.0
2021-05-25 00:00:00-04:00,9.970000267028809,10.020000457763672,9.960000038146973,9.989999771118164,348210,0.0,0.0
2021-05-26 00:00:00-04:00,10.0,10.0,9.979999542236328,9.989999771118164,28201,0.0,0.0
2021-05-27 00:00:00-04:00,9.989999771118164,10.0,9.98840045928955,10.0,15033,0.0,0.0
2021-05-28 00:00:00-04:00,9.970000267028809,10.0,9.930000305175781,10.0,117078,0.0,0.0
2021-06-01 00:00:00-04:00,9.989999771118164,9.989999771118164,9.9399995803833,9.979999542236328,63300,0.0,0.0
2021-06-02 00:00:00-04:00,9.942500114440918,9.989999771118164,9.930000305175781,9.989999771118164,15249,0.0,0.0
2021-06-03 00:00:00-04:00,9.979999542236328,10.010000228881836,9.975199699401855,10.0,43547,0.0,0.0
2021-06-04 00:00:00-04:00,10.010000228881836,10.199999809265137,10.008000373840332,10.109999656677246,1721419,0.0,0.0
2021-06-07 00:00:00-04:00,10.130000114440918,10.199999809265137,10.100000381469727,10.170000076293945,1605172,0.0,0.0
2021-06-08 00:00:00-04:00,10.0600004196167,10.210000038146973,10.0600004196167,10.180000305175781,619080,0.0,0.0
2021-06-09 00:00:00-04:00,10.220000267028809,10.25,10.210000038146973,10.25,193739,0.0,0.0
2021-06-10 00:00:00-04:00,10.199999809265137,10.270000457763672,10.199999809265137,10.239999771118164,237083,0.0,0.0
2021-06-11 00:00:00-04:00,10.25,10.300000190734863,10.239999771118164,10.25,167167,0.0,0.0
2021-06-14 00:00:00-04:00,10.270000457763672,10.270000457763672,10.199999809265137,10.220000267028809,110202,0.0,0.0
2021-06-15 00:00:00-04:00,10.220000267028809,10.229999542236328,10.1899995803833,10.210000038146973,170366,0.0,0.0
2021-06-16 00:00:00-04:00,10.220000267028809,10.220000267028809,10.1899995803833,10.199999809265137,57842,0.0,0.0
2021-06-17 00:00:00-04:00,10.1899995803833,10.239999771118164,10.1899995803833,10.229999542236328,82928,0.0,0.0
2021-06-18 00:00:00-04:00,10.210000038146973,10.25,10.1899995803833,10.229999542236328,152105,0.0,0.0
2021-06-21 00:00:00-04:00,10.199999809265137,10.210000038146973,10.1899995803833,10.1899995803833,88454,0.0,0.0
2021-06-22 00:00:00-04:00,10.15999984741211,10.210000038146973,10.15999984741211,10.210000038146973,1261,0.0,0.0
2021-06-23 00:00:00-04:00,10.220000267028809,10.229999542236328,10.220000267028809,10.220000267028809,16790,0.0,0.0
2021-06-24 00:00:00-04:00,10.229999542236328,10.25,10.210000038146973,10.210000038146973,67716,0.0,0.0
2021-06-25 00:00:00-04:00,10.239999771118164,10.239999771118164,10.210000038146973,10.210000038146973,33844,0.0,0.0
2021-06-28 00:00:00-04:00,10.220000267028809,10.229999542236328,10.175000190734863,10.210000038146973,208768,0.0,0.0
2021-06-29 00:00:00-04:00,10.210000038146973,10.242500305175781,10.199999809265137,10.229999542236328,19816,0.0,0.0
2021-06-30 00:00:00-04:00,10.228899955749512,10.239999771118164,10.220000267028809,10.220000267028809,40057,0.0,0.0
2021-07-01 00:00:00-04:00,10.25,10.25,10.180000305175781,10.1899995803833,126624,0.0,0.0
2021-07-02 00:00:00-04:00,10.21500015258789,10.239999771118164,10.180000305175781,10.1899995803833,28902,0.0,0.0
2021-07-06 00:00:00-04:00,10.180000305175781,10.220000267028809,10.180000305175781,10.220000267028809,34698,0.0,0.0
2021-07-07 00:00:00-04:00,10.1850004196167,10.199999809265137,10.180000305175781,10.180000305175781,9801,0.0,0.0
2021-07-08 00:00:00-04:00,10.15999984741211,10.1899995803833,10.149999618530273,10.149999618530273,94089,0.0,0.0
2021-07-09 00:00:00-04:00,10.130000114440918,10.170000076293945,10.130000114440918,10.170000076293945,1262,0.0,0.0
2021-07-12 00:00:00-04:00,10.1850004196167,10.1850004196167,10.15999984741211,10.175000190734863,404,0.0,0.0
2021-07-13 00:00:00-04:00,10.180000305175781,10.180000305175781,10.180000305175781,10.180000305175781,244,0.0,0.0
2021-07-14 00:00:00-04:00,10.180000305175781,10.180000305175781,10.160099983215332,10.170000076293945,575,0.0,0.0
2021-07-15 00:00:00-04:00,10.149999618530273,10.180000305175781,10.100000381469727,10.180000305175781,11838,0.0,0.0
2021-07-16 00:00:00-04:00,10.155500411987305,10.199999809265137,10.155500411987305,10.170000076293945,3162,0.0,0.0
2021-07-19 00:00:00-04:00,10.170000076293945,10.170000076293945,10.149999618530273,10.149999618530273,16927,0.0,0.0
2021-07-20 00:00:00-04:00,10.18019962310791,10.199999809265137,10.149999618530273,10.199999809265137,56026,0.0,0.0
2021-07-21 00:00:00-04:00,10.1899995803833,10.1899995803833,10.15999984741211,10.170000076293945,3901,0.0,0.0
2021-07-22 00:00:00-04:00,10.180000305175781,10.180000305175781,10.090999603271484,10.180000305175781,1610,0.0,0.0
2021-07-23 00:00:00-04:00,10.140000343322754,10.149999618530273,10.140000343322754,10.140000343322754,1794,0.0,0.0
2021-07-26 00:00:00-04:00,10.090100288391113,10.149999618530273,10.090100288391113,10.149999618530273,6371,0.0,0.0
2021-07-27 00:00:00-04:00,10.149999618530273,10.149999618530273,10.109999656677246,10.119999885559082,32780,0.0,0.0
2021-07-28 00:00:00-04:00,10.121999740600586,10.140000343322754,10.119999885559082,10.119999885559082,1805,0.0,0.0
2021-07-29 00:00:00-04:00,10.100000381469727,10.100700378417969,10.079999923706055,10.079999923706055,5810,0.0,0.0
2021-07-30 00:00:00-04:00,10.09000015258789,10.130000114440918,10.079999923706055,10.130000114440918,18492,0.0,0.0
2021-08-02 00:00:00-04:00,10.09000015258789,10.104999542236328,10.079999923706055,10.079999923706055,3708,0.0,0.0
2021-08-03 00:00:00-04:00,10.0649995803833,10.119999885559082,10.050000190734863,10.050000190734863,2067,0.0,0.0
2021-08-04 00:00:00-04:00,10.0600004196167,10.0600004196167,10.020000457763672,10.020000457763672,926,0.0,0.0
2021-08-05 00:00:00-04:00,10.029999732971191,10.029999732971191,10.010000228881836,10.029999732971191,3700,0.0,0.0
2021-08-06 00:00:00-04:00,10.029999732971191,10.029999732971191,10.020000457763672,10.020000457763672,3505,0.0,0.0
2021-08-09 00:00:00-04:00,10.055000305175781,10.055000305175781,10.055000305175781,10.055000305175781,110,0.0,0.0
2021-08-10 00:00:00-04:00,10.100000381469727,10.119999885559082,10.0649995803833,10.109999656677246,31021,0.0,0.0
2021-08-11 00:00:00-04:00,10.079999923706055,10.149999618530273,10.010000228881836,10.149999618530273,1572,0.0,0.0
2021-08-12 00:00:00-04:00,10.079999923706055,10.1899995803833,10.079999923706055,10.1899995803833,1718,0.0,0.0
2021-08-13 00:00:00-04:00,10.130000114440918,10.130000114440918,10.100000381469727,10.100000381469727,56224,0.0,0.0
2021-08-16 00:00:00-04:00,10.100000381469727,10.100000381469727,10.09000015258789,10.100000381469727,12712,0.0,0.0
2021-08-17 00:00:00-04:00,10.055000305175781,10.100000381469727,10.055000305175781,10.100000381469727,2418,0.0,0.0
2021-08-18 00:00:00-04:00,10.050000190734863,10.079999923706055,10.050000190734863,10.079999923706055,713,0.0,0.0
2021-08-19 00:00:00-04:00,10.079999923706055,10.079999923706055,10.079999923706055,10.079999923706055,0,0.0,0.0
2021-08-20 00:00:00-04:00,10.000100135803223,10.079999923706055,10.000100135803223,10.079999923706055,9230,0.0,0.0
2021-08-23 00:00:00-04:00,10.053000450134277,10.0600004196167,9.9399995803833,10.0600004196167,3821,0.0,0.0
2021-08-24 00:00:00-04:00,10.0600004196167,10.0600004196167,10.0600004196167,10.0600004196167,0,0.0,0.0
2021-08-25 00:00:00-04:00,10.029999732971191,10.050000190734863,10.029999732971191,10.050000190734863,1786,0.0,0.0
2021-08-26 00:00:00-04:00,10.050000190734863,10.050000190734863,10.010000228881836,10.010000228881836,5298,0.0,0.0
2021-08-27 00:00:00-04:00,10.010000228881836,10.069999694824219,10.010000228881836,10.069999694824219,8473,0.0,0.0
2021-08-30 00:00:00-04:00,10.069999694824219,10.069999694824219,9.989999771118164,9.990099906921387,7170,0.0,0.0
2021-08-31 00:00:00-04:00,10.0600004196167,10.069999694824219,10.0600004196167,10.0600004196167,4762,0.0,0.0
2021-09-01 00:00:00-04:00,10.029999732971191,10.069999694824219,10.029999732971191,10.069999694824219,925,0.0,0.0
2021-09-02 00:00:00-04:00,10.039999961853027,10.0600004196167,10.039999961853027,10.0600004196167,1453,0.0,0.0
2021-09-03 00:00:00-04:00,10.029999732971191,10.069999694824219,10.029999732971191,10.050000190734863,26690,0.0,0.0
2021-09-07 00:00:00-04:00,10.050000190734863,10.069999694824219,10.050000190734863,10.0600004196167,22050,0.0,0.0
2021-09-08 00:00:00-04:00,10.0600004196167,10.100000381469727,10.0600004196167,10.100000381469727,13854,0.0,0.0
2021-09-09 00:00:00-04:00,10.079999923706055,10.100000381469727,10.079999923706055,10.100000381469727,516,0.0,0.0
2021-09-10 00:00:00-04:00,10.100000381469727,10.100000381469727,10.079999923706055,10.079999923706055,4365,0.0,0.0
2021-09-13 00:00:00-04:00,10.079999923706055,10.079999923706055,10.079999923706055,10.079999923706055,993,0.0,0.0
2021-09-14 00:00:00-04:00,10.085000038146973,10.100000381469727,10.0600004196167,10.087499618530273,17153,0.0,0.0
2021-09-15 00:00:00-04:00,10.069999694824219,10.079999923706055,10.069999694824219,10.079999923706055,1077,0.0,0.0
2021-09-16 00:00:00-04:00,10.079999923706055,10.149999618530273,10.079999923706055,10.149999618530273,23602,0.0,0.0
2021-09-17 00:00:00-04:00,10.130000114440918,10.130000114440918,10.130000114440918,10.130000114440918,378,0.0,0.0
2021-09-20 00:00:00-04:00,10.109999656677246,10.109999656677246,10.100000381469727,10.100000381469727,1075,0.0,0.0
2021-09-21 00:00:00-04:00,10.131400108337402,10.180000305175781,10.130000114440918,10.180000305175781,1706,0.0,0.0
2021-09-22 00:00:00-04:00,10.199999809265137,10.199999809265137,10.140000343322754,10.140000343322754,1487,0.0,0.0
2021-09-23 00:00:00-04:00,10.140000343322754,10.140000343322754,10.140000343322754,10.140000343322754,0,0.0,0.0
2021-09-24 00:00:00-04:00,10.140000343322754,10.140000343322754,10.140000343322754,10.140000343322754,0,0.0,0.0
2021-09-27 00:00:00-04:00,10.149999618530273,10.199999809265137,10.149999618530273,10.199999809265137,1676,0.0,0.0
2021-09-28 00:00:00-04:00,10.170000076293945,10.170000076293945,10.170000076293945,10.170000076293945,602,0.0,0.0
2021-09-29 00:00:00-04:00,10.199999809265137,10.220000267028809,10.180000305175781,10.204999923706055,5883,0.0,0.0
2021-09-30 00:00:00-04:00,10.199999809265137,10.199999809265137,10.149999618530273,10.199999809265137,37505,0.0,0.0
2021-10-01 00:00:00-04:00,10.199999809265137,10.229999542236328,10.199999809265137,10.199999809265137,2540,0.0,0.0
2021-10-04 00:00:00-04:00,10.130000114440918,10.229999542236328,10.109999656677246,10.199999809265137,31259,0.0,0.0
2021-10-05 00:00:00-04:00,10.149999618530273,10.149999618530273,10.130000114440918,10.130000114440918,959,0.0,0.0
2021-10-06 00:00:00-04:00,10.143699645996094,10.149999618530273,10.143699645996094,10.149999618530273,902,0.0,0.0
2021-10-07 00:00:00-04:00,10.149999618530273,10.149999618530273,10.149999618530273,10.149999618530273,0,0.0,0.0
2021-10-08 00:00:00-04:00,10.119999885559082,10.119999885559082,10.119999885559082,10.119999885559082,150,0.0,0.0
2021-10-11 00:00:00-04:00,10.140000343322754,10.140000343322754,10.140000343322754,10.140000343322754,476,0.0,0.0
2021-10-12 00:00:00-04:00,10.140000343322754,10.1899995803833,10.119999885559082,10.1899995803833,3548,0.0,0.0
2021-10-13 00:00:00-04:00,10.15999984741211,10.15999984741211,10.15999984741211,10.15999984741211,693,0.0,0.0
2021-10-14 00:00:00-04:00,10.140000343322754,10.149999618530273,10.140000343322754,10.149999618530273,1836,0.0,0.0
2021-10-15 00:00:00-04:00,10.170000076293945,10.210000038146973,10.15999984741211,10.1899995803833,2669,0.0,0.0
2021-10-18 00:00:00-04:00,10.1899995803833,10.199999809265137,10.170000076293945,10.170000076293945,8599,0.0,0.0
2021-10-19 00:00:00-04:00,10.170000076293945,10.210000038146973,10.170000076293945,10.197999954223633,3914,0.0,0.0
2021-10-20 00:00:00-04:00,10.15999984741211,10.15999984741211,10.15999984741211,10.15999984741211,414,0.0,0.0
2021-10-21 00:00:00-04:00,10.15999984741211,10.210000038146973,10.15999984741211,10.210000038146973,1103,0.0,0.0
2021-10-22 00:00:00-04:00,10.15999984741211,10.199999809265137,10.149999618530273,10.199999809265137,12139,0.0,0.0
2021-10-25 00:00:00-04:00,10.199999809265137,10.199999809265137,10.199999809265137,10.199999809265137,0,0.0,0.0
2021-10-26 00:00:00-04:00,10.1899995803833,10.260000228881836,10.1899995803833,10.210000038146973,1765,0.0,0.0
2021-10-27 00:00:00-04:00,10.220999717712402,10.229999542236328,10.220999717712402,10.229999542236328,1363,0.0,0.0
2021-10-28 00:00:00-04:00,10.229999542236328,10.260000228881836,10.229999542236328,10.260000228881836,2691,0.0,0.0
2021-10-29 00:00:00-04:00,10.260000228881836,10.260000228881836,10.260000228881836,10.260000228881836,0,0.0,0.0
2021-11-01 00:00:00-04:00,10.300000190734863,10.430000305175781,10.270000457763672,10.40999984741211,36836,0.0,0.0
2021-11-02 00:00:00-04:00,10.399999618530273,10.40999984741211,10.399999618530273,10.40999984741211,304,0.0,0.0
2021-11-03 00:00:00-04:00,10.40999984741211,10.40999984741211,10.40999984741211,10.40999984741211,0,0.0,0.0
2021-11-04 00:00:00-04:00,10.40999984741211,10.40999984741211,10.40999984741211,10.40999984741211,0,0.0,0.0
2021-11-05 00:00:00-04:00,10.40999984741211,10.40999984741211,10.40999984741211,10.40999984741211,0,0.0,0.0
2021-11-08 00:00:00-05:00,10.350000381469727,10.399999618530273,10.350000381469727,10.359999656677246,6531,0.0,0.0
2021-11-09 00:00:00-05:00,10.329999923706055,10.329999923706055,10.329999923706055,10.329999923706055,172,0.0,0.0
2021-11-10 00:00:00-05:00,9.899999618530273,10.380000114440918,9.899999618530273,10.3100004196167,4368,0.0,0.0
2021-11-11 00:00:00-05:00,10.319999694824219,10.359999656677246,10.319999694824219,10.34000015258789,109299,0.0,0.0
2021-11-12 00:00:00-05:00,10.34000015258789,10.380000114440918,10.3100004196167,10.350000381469727,110416,0.0,0.0
2021-11-15 00:00:00-05:00,10.380000114440918,10.479999542236328,10.380000114440918,10.479999542236328,5902,0.0,0.0
2021-11-16 00:00:00-05:00,10.5,10.5,10.470000267028809,10.479999542236328,2752,0.0,0.0
2021-11-17 00:00:00-05:00,10.5,10.502799987792969,10.477999687194824,10.477999687194824,1191,0.0,0.0
2021-11-18 00:00:00-05:00,10.420000076293945,10.460000038146973,10.420000076293945,10.420000076293945,56039,0.0,0.0
2021-11-19 00:00:00-05:00,10.420000076293945,10.470000267028809,10.420000076293945,10.470000267028809,1225,0.0,0.0
2021-11-22 00:00:00-05:00,10.470000267028809,10.470000267028809,10.454000473022461,10.454000473022461,1966,0.0,0.0
2021-11-23 00:00:00-05:00,10.399999618530273,10.5,10.399999618530273,10.4399995803833,111657,0.0,0.0
2021-11-24 00:00:00-05:00,10.420000076293945,10.460000038146973,10.222999572753906,10.4399995803833,43388,0.0,0.0
2021-11-26 00:00:00-05:00,10.420000076293945,10.420000076293945,10.369999885559082,10.399999618530273,22551,0.0,0.0
2021-11-29 00:00:00-05:00,10.020000457763672,10.376199722290039,10.020000457763672,10.376199722290039,613,0.0,0.0
2021-11-30 00:00:00-05:00,10.449999809265137,10.470000267028809,10.404999732971191,10.430000305175781,13301,0.0,0.0
2021-12-01 00:00:00-05:00,10.300000190734863,10.420000076293945,10.0,10.420000076293945,4727,0.0,0.0
2021-12-02 00:00:00-05:00,10.010000228881836,10.010000228881836,9.920000076293945,9.930000305175781,2605,0.0,0.0
2021-12-03 00:00:00-05:00,10.0649995803833,10.079999923706055,10.0600004196167,10.069999694824219,9457,0.0,0.0
2021-12-06 00:00:00-05:00,10.0,10.300000190734863,10.0,10.300000190734863,1854,0.0,0.0
