Date,Open,High,Low,Close,Volume,Dividends,Stock Splits
2022-05-19 00:00:00-04:00,8.0,8.0,7.900000095367432,7.900000095367432,1476,0.0,0.0
2022-05-27 00:00:00-04:00,8.010000228881836,8.010000228881836,8.010000228881836,8.010000228881836,125,0.0,0.0
2022-05-31 00:00:00-04:00,12.149999618530273,12.149999618530273,12.149999618530273,12.149999618530273,167,0.0,0.0
2022-06-01 00:00:00-04:00,12.3100004196167,12.800000190734863,12.3100004196167,12.800000190734863,628,0.0,0.0
2022-06-02 00:00:00-04:00,12.600000381469727,13.0,12.600000381469727,12.949999809265137,1480,0.0,0.0
2022-06-03 00:00:00-04:00,13.199999809265137,15.0,13.199999809265137,15.0,1899,0.0,0.0
2022-06-06 00:00:00-04:00,13.600000381469727,13.600000381469727,5.949999809265137,6.929999828338623,20447,0.0,0.0
2022-06-07 00:00:00-04:00,7.110000133514404,11.0,6.5,10.949999809265137,10229,0.0,0.0
2022-06-08 00:00:00-04:00,10.899999618530273,13.0,9.5,12.970000267028809,7604,0.0,0.0
2022-06-09 00:00:00-04:00,14.0,14.0,13.699999809265137,13.699999809265137,624,0.0,0.0
2022-06-10 00:00:00-04:00,13.699999809265137,13.699999809265137,11.5,11.505000114440918,962,0.0,0.0
2022-06-13 00:00:00-04:00,10.3100004196167,11.5,8.539999961853027,9.0,2487,0.0,0.0
2022-06-14 00:00:00-04:00,10.0,11.100000381469727,9.0,10.100000381469727,4071,0.0,0.0
2022-06-15 00:00:00-04:00,10.9399995803833,11.619999885559082,10.0,11.619999885559082,3590,0.0,0.0
2022-06-16 00:00:00-04:00,11.619999885559082,11.949999809265137,10.449999809265137,11.949999809265137,1937,0.0,0.0
2022-06-21 00:00:00-04:00,11.119999885559082,11.119999885559082,10.25,10.25,651,0.0,0.0
2022-06-23 00:00:00-04:00,10.550000190734863,12.0,7.0,7.050000190734863,20284,0.0,0.0
2022-06-24 00:00:00-04:00,8.25,9.739999771118164,7.5,8.0,2351,0.0,0.0
2022-06-27 00:00:00-04:00,8.0,8.0,8.0,8.0,532,0.0,0.0
2022-06-28 00:00:00-04:00,8.0,8.0,7.949999809265137,8.0,1447,0.0,0.0
2022-06-29 00:00:00-04:00,8.0,8.0,8.0,8.0,287,0.0,0.0
2022-06-30 00:00:00-04:00,7.300000190734863,7.800000190734863,6.900000095367432,7.800000190734863,2265,0.0,0.0
2022-07-01 00:00:00-04:00,7.150000095367432,7.150000095367432,7.150000095367432,7.150000095367432,126,0.0,0.0
2022-07-05 00:00:00-04:00,7.5,10.550000190734863,7.5,10.289999961853027,1654,0.0,0.0
2022-07-06 00:00:00-04:00,8.0,8.0,8.0,8.0,1517,0.0,0.0
2022-07-07 00:00:00-04:00,8.0,8.0,8.0,8.0,20,0.0,0.0
2022-07-11 00:00:00-04:00,8.5,8.5,8.25,8.25,252,0.0,0.0
2022-07-12 00:00:00-04:00,8.5,9.970000267028809,8.5,8.5600004196167,987,0.0,0.0
2022-07-13 00:00:00-04:00,8.5,8.5,8.489999771118164,8.5,1561,0.0,0.0
2022-07-14 00:00:00-04:00,10.220000267028809,14.949999809265137,10.220000267028809,14.949999809265137,901,0.0,0.0
2022-07-15 00:00:00-04:00,13.489999771118164,13.5,12.0,13.5,314,0.0,0.0
2022-07-18 00:00:00-04:00,11.010000228881836,11.010000228881836,11.010000228881836,11.010000228881836,159,0.0,0.0
2022-07-20 00:00:00-04:00,11.5,11.5,11.5,11.5,329,0.0,0.0
2022-07-28 00:00:00-04:00,12.050000190734863,12.050000190734863,12.050000190734863,12.050000190734863,100,0.0,0.0
2022-07-29 00:00:00-04:00,12.109999656677246,12.109999656677246,12.109999656677246,12.109999656677246,111,0.0,0.0
2022-08-02 00:00:00-04:00,15.0,17.0,15.0,15.0,1113,0.0,0.0
2022-08-04 00:00:00-04:00,15.5,16.0,14.0,16.0,1501,0.0,0.0
2022-08-05 00:00:00-04:00,16.0,16.0,15.0,15.989999771118164,1410,0.0,0.0
2022-08-08 00:00:00-04:00,17.0,17.5,17.0,17.5,1180,0.0,0.0
2022-08-10 00:00:00-04:00,24.0,24.0,21.0,21.0,471,0.0,0.0
2022-08-11 00:00:00-04:00,14.050000190734863,17.440000534057617,14.050000190734863,17.43000030517578,1077,0.0,0.0
2022-08-12 00:00:00-04:00,17.440000534057617,17.889999389648438,17.440000534057617,17.889999389648438,400,0.0,0.0
2022-08-15 00:00:00-04:00,17.889999389648438,17.889999389648438,15.5,15.5,585,0.0,0.0
2022-08-16 00:00:00-04:00,14.510000228881836,15.5,14.510000228881836,15.5,874,0.0,0.0
2022-08-17 00:00:00-04:00,14.510000228881836,15.489999771118164,14.5,15.489999771118164,953,0.0,0.0
2022-08-18 00:00:00-04:00,15.479999542236328,15.479999542236328,15.479999542236328,15.479999542236328,500,0.0,0.0
2022-08-19 00:00:00-04:00,14.039999961853027,14.800000190734863,14.039999961853027,14.800000190734863,1385,0.0,0.0
2022-08-22 00:00:00-04:00,14.5,15.470000267028809,14.5,15.470000267028809,518,0.0,0.0
2022-08-23 00:00:00-04:00,14.5,15.470000267028809,14.5,14.989999771118164,945,0.0,0.0
2022-08-24 00:00:00-04:00,15.0,15.5,14.760000228881836,15.5,877,0.0,0.0
2022-08-26 00:00:00-04:00,17.0,17.200000762939453,14.039999961853027,14.039999961853027,1232,0.0,0.0
2022-08-29 00:00:00-04:00,14.5,14.5,13.5,13.5,1100,0.0,0.0
2022-08-30 00:00:00-04:00,13.550000190734863,13.550000190734863,12.0,13.0,1290,0.0,0.0
2022-09-01 00:00:00-04:00,12.020000457763672,14.0,12.020000457763672,14.0,283,0.0,0.0
2022-09-02 00:00:00-04:00,12.5,14.0,12.5,14.0,949,0.0,0.0
2022-09-06 00:00:00-04:00,13.199999809265137,13.199999809265137,12.039999961853027,12.039999961853027,423,0.0,0.0
2022-09-08 00:00:00-04:00,13.5,13.5,13.5,13.5,370,0.0,0.0
2022-09-09 00:00:00-04:00,13.449999809265137,14.869999885559082,13.449999809265137,14.869999885559082,4287,0.0,0.0
2022-09-13 00:00:00-04:00,14.640000343322754,14.720000267028809,14.640000343322754,14.720000267028809,660,0.0,0.0
2022-09-15 00:00:00-04:00,14.100000381469727,14.100000381469727,14.100000381469727,14.100000381469727,325,0.0,0.0
2022-09-16 00:00:00-04:00,14.600000381469727,14.600000381469727,14.0,14.0,1383,0.0,0.0
2022-09-19 00:00:00-04:00,14.0,14.0,11.949999809265137,12.449999809265137,3151,0.0,0.0
2022-09-20 00:00:00-04:00,13.600000381469727,13.619999885559082,13.600000381469727,13.600000381469727,1766,0.0,0.0
2022-09-26 00:00:00-04:00,14.5,14.5,12.25,12.25,304,0.0,0.0
2022-09-27 00:00:00-04:00,12.0,12.0,11.100000381469727,11.100000381469727,753,0.0,0.0
2022-09-28 00:00:00-04:00,11.100000381469727,11.100000381469727,10.550000190734863,10.550000190734863,977,0.0,0.0
2022-09-29 00:00:00-04:00,10.550000190734863,10.550000190734863,9.25,9.25,1230,0.0,0.0
2022-09-30 00:00:00-04:00,9.25,9.25,9.199999809265137,9.25,920,0.0,0.0
2022-10-03 00:00:00-04:00,9.329999923706055,9.329999923706055,9.329999923706055,9.329999923706055,2589,0.0,0.0
2022-10-04 00:00:00-04:00,11.0,11.0,10.25,10.25,823,0.0,0.0
2022-10-05 00:00:00-04:00,10.5,14.800000190734863,10.100000381469727,10.100000381469727,4101,0.0,0.0
2022-10-06 00:00:00-04:00,12.25,12.25,12.239999771118164,12.239999771118164,380,0.0,0.0
2022-10-07 00:00:00-04:00,11.75,11.75,11.75,11.75,845,0.0,0.0
2022-10-10 00:00:00-04:00,11.5,11.5,11.5,11.5,190,0.0,0.0
2022-10-13 00:00:00-04:00,11.5,11.5,10.100000381469727,10.104999542236328,1145,0.0,0.0
2022-10-14 00:00:00-04:00,11.479999542236328,11.479999542236328,11.460000038146973,11.460000038146973,431,0.0,0.0
2022-10-17 00:00:00-04:00,11.380000114440918,11.380000114440918,11.329999923706055,11.329999923706055,557,0.0,0.0
2022-10-18 00:00:00-04:00,10.75,10.75,10.699999809265137,10.75,929,0.0,0.0
2022-10-19 00:00:00-04:00,10.75,10.75,10.75,10.75,603,0.0,0.0
2022-10-21 00:00:00-04:00,10.75,10.75,10.75,10.75,230,0.0,0.0
2022-10-24 00:00:00-04:00,10.75,10.75,10.75,10.75,783,0.0,0.0
2022-10-25 00:00:00-04:00,12.0,12.0,12.0,12.0,639,0.0,0.0
2022-10-26 00:00:00-04:00,10.390000343322754,10.390000343322754,10.149999618530273,10.149999618530273,1123,0.0,0.0
2022-10-28 00:00:00-04:00,11.399999618530273,11.399999618530273,10.949999809265137,10.949999809265137,678,0.0,0.0
2022-10-31 00:00:00-04:00,11.100000381469727,11.600000381469727,10.104999542236328,10.104999542236328,2257,0.0,0.0
2022-11-01 00:00:00-04:00,11.28499984741211,11.850000381469727,11.28499984741211,11.850000381469727,1656,0.0,0.0
2022-11-02 00:00:00-04:00,11.8100004196167,11.850000381469727,11.8100004196167,11.850000381469727,2089,0.0,0.0
2022-11-03 00:00:00-04:00,11.850000381469727,11.850000381469727,11.850000381469727,11.850000381469727,378,0.0,0.0
2022-11-04 00:00:00-04:00,11.75,11.75,11.699999809265137,11.699999809265137,1379,0.0,0.0
2022-11-07 00:00:00-05:00,12.300000190734863,12.300000190734863,12.300000190734863,12.300000190734863,133,0.0,0.0
2022-11-08 00:00:00-05:00,12.0,12.149999618530273,12.0,12.149999618530273,670,0.0,0.0
2022-11-09 00:00:00-05:00,11.0,12.329999923706055,11.0,11.149999618530273,1508,0.0,0.0
2022-11-10 00:00:00-05:00,11.149999618530273,11.149999618530273,10.550000190734863,10.550000190734863,2694,0.0,0.0
2022-11-11 00:00:00-05:00,10.550000190734863,10.550000190734863,10.0,10.0,1529,0.0,0.0
2022-11-14 00:00:00-05:00,10.0600004196167,10.069999694824219,10.0,10.0,966,0.0,0.0
2022-11-15 00:00:00-05:00,10.050000190734863,10.050000190734863,9.005000114440918,9.005000114440918,2354,0.0,0.0
2022-11-16 00:00:00-05:00,9.100000381469727,9.100000381469727,8.25,8.449999809265137,4503,0.0,0.0
2022-11-17 00:00:00-05:00,8.15999984741211,8.75,8.15999984741211,8.75,838,0.0,0.0
2022-11-18 00:00:00-05:00,8.25,8.25,8.010000228881836,8.010000228881836,225,0.0,0.0
2022-11-21 00:00:00-05:00,8.0600004196167,8.25,7.0,7.0,8154,0.0,0.0
2022-11-22 00:00:00-05:00,7.46999979019165,7.5,7.25,7.260000228881836,1170,0.0,0.0
2022-11-23 00:00:00-05:00,7.5,7.5,7.5,7.5,223,0.0,0.0
2022-11-28 00:00:00-05:00,7.0,7.5,7.0,7.099999904632568,2482,0.0,0.0
2022-11-30 00:00:00-05:00,8.0,8.0,8.0,8.0,433,0.0,0.0
2022-12-01 00:00:00-05:00,8.0,8.0,8.0,8.0,239,0.0,0.0
2022-12-02 00:00:00-05:00,8.0,8.0,7.775000095367432,7.775000095367432,255,0.0,0.0
2022-12-05 00:00:00-05:00,8.0,8.0,8.0,8.0,201,0.0,0.0
2022-12-06 00:00:00-05:00,8.300000190734863,8.300000190734863,8.300000190734863,8.300000190734863,288,0.0,0.0
2022-12-09 00:00:00-05:00,8.319999694824219,8.319999694824219,7.900000095367432,7.900000095367432,7027,0.0,0.0
2022-12-12 00:00:00-05:00,7.900000095367432,7.900000095367432,7.900000095367432,7.900000095367432,162,0.0,0.0
2022-12-13 00:00:00-05:00,7.900000095367432,7.900000095367432,7.900000095367432,7.900000095367432,162,0.0,0.0
2022-12-14 00:00:00-05:00,8.5,8.5,8.0,8.0,536,0.0,0.0
2022-12-19 00:00:00-05:00,8.0,8.0,8.0,8.0,200,0.0,0.0
2022-12-20 00:00:00-05:00,7.75,7.75,6.755000114440918,6.755000114440918,600,0.0,0.0
2022-12-23 00:00:00-05:00,6.800000190734863,6.800000190734863,6.800000190734863,6.800000190734863,224,0.0,0.0
2022-12-27 00:00:00-05:00,6.5,6.5,6.25,6.420000076293945,783,0.0,0.0
2022-12-28 00:00:00-05:00,6.199999809265137,6.199999809265137,5.050000190734863,5.050000190734863,3862,0.0,0.0
2022-12-29 00:00:00-05:00,5.25,5.840000152587891,5.25,5.840000152587891,710,0.0,0.0
2022-12-30 00:00:00-05:00,5.309999942779541,6.489999771118164,5.309999942779541,6.489999771118164,2146,0.0,0.0
2023-01-03 00:00:00-05:00,6.110000133514404,6.110000133514404,5.860000133514404,5.860000133514404,305,0.0,0.0
2023-01-05 00:00:00-05:00,6.230000019073486,6.230000019073486,6.230000019073486,6.230000019073486,200,0.0,0.0
2023-01-09 00:00:00-05:00,6.21999979019165,6.289999961853027,6.21999979019165,6.28000020980835,2749,0.0,0.0
2023-01-10 00:00:00-05:00,6.25,6.25,6.25,6.25,500,0.0,0.0
2023-01-11 00:00:00-05:00,6.25,6.25,6.25,6.25,101,0.0,0.0
2023-01-12 00:00:00-05:00,6.21999979019165,6.25,6.21999979019165,6.25,2270,0.0,0.0
2023-01-13 00:00:00-05:00,6.25,7.0,6.25,7.0,2950,0.0,0.0
2023-01-17 00:00:00-05:00,7.5,7.5,7.5,7.5,300,0.0,0.0
2023-01-18 00:00:00-05:00,6.449999809265137,6.449999809265137,6.0,6.0,315,0.0,0.0
2023-01-19 00:00:00-05:00,6.619999885559082,6.739999771118164,6.619999885559082,6.739999771118164,1166,0.0,0.0
2023-01-20 00:00:00-05:00,6.739999771118164,6.75,6.739999771118164,6.75,1568,0.0,0.0
2023-01-23 00:00:00-05:00,6.949999809265137,6.949999809265137,6.949999809265137,6.949999809265137,304,0.0,0.0
2023-01-24 00:00:00-05:00,7.5,7.5,7.5,7.5,620,0.0,0.0
2023-01-25 00:00:00-05:00,6.949999809265137,6.949999809265137,6.900000095367432,6.949999809265137,500,0.0,0.0
2023-01-26 00:00:00-05:00,7.150000095367432,7.150000095367432,7.150000095367432,7.150000095367432,361,0.0,0.0
2023-01-27 00:00:00-05:00,9.0,9.0,7.5,7.5,644,0.0,0.0
2023-01-30 00:00:00-05:00,7.53000020980835,7.53000020980835,7.480000019073486,7.480000019073486,1651,0.0,0.0
2023-01-31 00:00:00-05:00,7.440000057220459,7.440000057220459,7.440000057220459,7.440000057220459,100,0.0,0.0
2023-02-01 00:00:00-05:00,7.150000095367432,9.0,7.150000095367432,7.150000095367432,1107,0.0,0.0
2023-02-02 00:00:00-05:00,7.849999904632568,8.079999923706055,7.849999904632568,8.079999923706055,1351,0.0,0.0
2023-02-06 00:00:00-05:00,9.0,9.0,8.399999618530273,8.649999618530273,940,0.0,0.0
2023-02-07 00:00:00-05:00,8.0,8.0,8.0,8.0,321,0.0,0.0
2023-02-08 00:00:00-05:00,7.989999771118164,8.920000076293945,7.650000095367432,8.920000076293945,1548,0.0,0.0
2023-02-09 00:00:00-05:00,8.949999809265137,8.949999809265137,7.739999771118164,7.739999771118164,2363,0.0,0.0
2023-02-10 00:00:00-05:00,7.730000019073486,7.730000019073486,7.730000019073486,7.730000019073486,621,0.0,0.0
2023-03-02 00:00:00-05:00,8.5,8.5,8.5,8.5,319,0.0,0.0
2023-03-03 00:00:00-05:00,8.5,8.75,8.5,8.75,323,0.0,0.0
2023-03-08 00:00:00-05:00,8.5,8.5,6.320000171661377,8.5,1094,0.0,0.0
2023-03-09 00:00:00-05:00,8.5,8.5,8.5,8.5,105,0.0,0.0
2023-03-10 00:00:00-05:00,8.170000076293945,8.170000076293945,8.170000076293945,8.170000076293945,100,0.0,0.0
2023-03-13 00:00:00-04:00,7.5,8.220000267028809,7.5,8.220000267028809,1724,0.0,0.0
2023-03-15 00:00:00-04:00,8.25,8.25,8.220000267028809,8.220000267028809,252,0.0,0.0
2023-03-16 00:00:00-04:00,7.5,8.199999809265137,7.5,8.199999809265137,1998,0.0,0.0
2023-03-20 00:00:00-04:00,8.300000190734863,8.300000190734863,8.100000381469727,8.300000190734863,1539,0.0,0.0
2023-03-21 00:00:00-04:00,8.899999618530273,8.899999618530273,8.899999618530273,8.899999618530273,305,0.0,0.0
2023-03-24 00:00:00-04:00,10.0,10.0,9.9375,10.0,561,0.0,0.0
2023-03-27 00:00:00-04:00,9.25,20.0,9.25,9.25,1834,0.0,0.0
2023-03-29 00:00:00-04:00,10.199999809265137,10.199999809265137,10.199999809265137,10.199999809265137,345,0.0,0.0
2023-04-03 00:00:00-04:00,10.199999809265137,10.199999809265137,10.199999809265137,10.199999809265137,288,0.0,0.0
2023-04-04 00:00:00-04:00,10.199999809265137,12.0,10.100000381469727,12.0,710,0.0,0.0
2023-04-05 00:00:00-04:00,13.5,16.0,13.0,13.0,1102,0.0,0.0
2023-04-10 00:00:00-04:00,13.0,13.0,13.0,13.0,486,0.0,0.0
2023-04-11 00:00:00-04:00,13.5,13.5,13.5,13.5,222,0.0,0.0
2023-04-12 00:00:00-04:00,16.0,16.0,16.0,16.0,405,0.0,0.0
2023-04-13 00:00:00-04:00,16.0,19.0,16.0,16.649999618530273,903,0.0,0.0
2023-04-14 00:00:00-04:00,16.799999237060547,17.100000381469727,15.5,15.5,2746,0.0,0.0
2023-04-17 00:00:00-04:00,14.0,14.0,14.0,14.0,725,0.0,0.0
2023-04-18 00:00:00-04:00,14.0,14.699999809265137,14.0,14.553000450134277,877,0.0,0.0
2023-04-20 00:00:00-04:00,14.75,14.75,14.75,14.75,250,0.0,0.0
2023-04-21 00:00:00-04:00,15.5,15.5,14.75,14.75,577,0.0,0.0
2023-04-25 00:00:00-04:00,15.130000114440918,15.130000114440918,15.130000114440918,15.130000114440918,164,0.0,0.0
2023-04-26 00:00:00-04:00,15.5,15.5,11.770000457763672,15.5,200,0.0,0.0
2023-04-27 00:00:00-04:00,15.0,15.5,15.0,15.5,235,0.0,0.0
2023-04-28 00:00:00-04:00,15.5,15.5,15.5,15.5,637,0.0,0.0
2023-05-01 00:00:00-04:00,15.5,15.5,11.0,15.5,900,0.0,0.0
2023-05-02 00:00:00-04:00,11.779999732971191,11.779999732971191,11.779999732971191,11.779999732971191,131,0.0,0.0
2023-05-03 00:00:00-04:00,14.0,14.0,13.0,13.0,297,0.0,0.0
2023-05-08 00:00:00-04:00,12.050000190734863,12.050000190734863,12.050000190734863,12.050000190734863,132,0.0,0.0
2023-05-09 00:00:00-04:00,12.0,12.0,11.770000457763672,11.770000457763672,485,0.0,0.0
2023-05-10 00:00:00-04:00,11.0,11.0,10.770000457763672,10.770000457763672,247,0.0,0.0
2023-05-16 00:00:00-04:00,11.699999809265137,11.699999809265137,11.649999618530273,11.649999618530273,444,0.0,0.0
2023-05-17 00:00:00-04:00,11.670000076293945,11.670000076293945,11.619999885559082,11.619999885559082,962,0.0,0.0
2023-05-19 00:00:00-04:00,12.5,12.5,12.5,12.5,111,0.0,0.0
2023-05-22 00:00:00-04:00,11.0,11.0,10.5,10.5,250,0.0,0.0
2023-05-25 00:00:00-04:00,10.0,10.989999771118164,10.0,10.928799629211426,630,0.0,0.0
2023-05-26 00:00:00-04:00,10.989999771118164,10.989999771118164,10.5,10.5,300,0.0,0.0
2023-05-30 00:00:00-04:00,10.489999771118164,10.489999771118164,6.757500171661377,9.5,6871,0.0,0.0
2023-05-31 00:00:00-04:00,9.5,9.5,9.5,9.5,177,0.0,0.0
2023-06-01 00:00:00-04:00,9.600000381469727,9.600000381469727,9.5,9.5,238,0.0,0.0
2023-06-02 00:00:00-04:00,10.399999618530273,10.770000457763672,10.0,10.300000190734863,5650,0.0,0.0
2023-06-05 00:00:00-04:00,11.449999809265137,11.449999809265137,11.449999809265137,11.449999809265137,111,0.0,0.0
2023-06-07 00:00:00-04:00,14.899999618530273,14.899999618530273,14.899999618530273,14.899999618530273,225,0.0,0.0
2023-06-08 00:00:00-04:00,14.899999618530273,14.899999618530273,14.800000190734863,14.899999618530273,911,0.0,0.0
2023-06-09 00:00:00-04:00,12.800000190734863,12.800000190734863,11.550100326538086,11.550100326538086,1587,0.0,0.0
2023-06-12 00:00:00-04:00,12.020000457763672,12.020000457763672,10.300000190734863,10.300000190734863,2433,0.0,0.0
2023-06-13 00:00:00-04:00,10.300000190734863,11.760000228881836,9.939200401306152,9.989999771118164,3260,0.0,0.0
2023-06-14 00:00:00-04:00,9.989999771118164,10.0,9.989999771118164,10.0,464,0.0,0.0
2023-06-15 00:00:00-04:00,9.845000267028809,9.949999809265137,9.845000267028809,9.949999809265137,2460,0.0,0.0
2023-06-16 00:00:00-04:00,9.899999618530273,9.899999618530273,9.899999618530273,9.899999618530273,552,0.0,0.0
2023-06-20 00:00:00-04:00,9.869999885559082,9.869999885559082,9.869999885559082,9.869999885559082,1000,0.0,0.0
2023-06-21 00:00:00-04:00,9.869999885559082,9.869999885559082,9.850799560546875,9.869999885559082,497,0.0,0.0
2023-06-22 00:00:00-04:00,9.8100004196167,9.8100004196167,9.760000228881836,9.760000228881836,410,0.0,0.0
2023-06-23 00:00:00-04:00,9.819999694824219,9.819999694824219,9.75,9.75,996,0.0,0.0
2023-06-26 00:00:00-04:00,9.899999618530273,10.0,9.899999618530273,10.0,792,0.0,0.0
2023-06-27 00:00:00-04:00,10.75,13.0,10.75,13.0,1497,0.0,0.0
2023-06-28 00:00:00-04:00,13.5,17.0,13.5,13.5,600,0.0,0.0
2023-06-29 00:00:00-04:00,17.950199127197266,19.100000381469727,17.850099563598633,19.0,843,0.0,0.0
2023-06-30 00:00:00-04:00,17.36750030517578,19.8700008392334,16.84000015258789,19.8700008392334,2890,0.0,0.0
2023-07-03 00:00:00-04:00,21.0,22.100000381469727,18.0,22.100000381469727,1141,0.0,0.0
2023-07-05 00:00:00-04:00,16.0,16.0,16.0,16.0,444,0.0,0.0
2023-07-06 00:00:00-04:00,16.0,16.0,16.0,16.0,268,0.0,0.0
2023-07-07 00:00:00-04:00,15.5,15.5,15.274999618530273,15.274999618530273,814,0.0,0.0
2023-07-10 00:00:00-04:00,15.270000457763672,15.270000457763672,15.220000267028809,15.270000457763672,661,0.0,0.0
2023-07-11 00:00:00-04:00,15.300000190734863,15.300000190734863,14.0,14.0,1848,0.0,0.0
2023-07-12 00:00:00-04:00,15.149999618530273,15.149999618530273,15.149999618530273,15.149999618530273,340,0.0,0.0
2023-07-13 00:00:00-04:00,13.989999771118164,15.399999618530273,13.989999771118164,15.399999618530273,1832,0.0,0.0
2023-07-14 00:00:00-04:00,15.6899995803833,15.6899995803833,14.949999809265137,14.949999809265137,3112,0.0,0.0
2023-07-17 00:00:00-04:00,14.949999809265137,15.0600004196167,14.949999809265137,15.0600004196167,592,0.0,0.0
2023-07-18 00:00:00-04:00,14.0,15.0,13.210000038146973,13.520299911499023,1243,0.0,0.0
2023-07-19 00:00:00-04:00,13.75,14.970000267028809,13.75,14.970000267028809,895,0.0,0.0
2023-07-20 00:00:00-04:00,18.850000381469727,18.850000381469727,14.5,14.5,3944,0.0,0.0
2023-07-21 00:00:00-04:00,15.539999961853027,15.539999961853027,15.079999923706055,15.399999618530273,1029,0.0,0.0
2023-07-24 00:00:00-04:00,15.5,15.5,13.156599998474121,13.156599998474121,4236,0.0,0.0
2023-07-25 00:00:00-04:00,13.130000114440918,13.75,13.114999771118164,13.210000038146973,730,0.0,0.0
2023-07-26 00:00:00-04:00,13.75,14.199999809265137,13.050000190734863,14.199999809265137,2114,0.0,0.0
2023-07-27 00:00:00-04:00,14.199999809265137,14.199999809265137,14.05620002746582,14.100000381469727,1000,0.0,0.0
