Date,Open,High,Low,Close,Volume,Dividends,Stock Splits
2016-10-19 00:00:00-04:00,0.2549999952316284,0.2549999952316284,0.24199999868869781,0.24500000476837158,1115150,0.0,0.0
2016-10-20 00:00:00-04:00,0.25,0.27000001072883606,0.25,0.27000001072883606,339331,0.0,0.0
2016-10-21 00:00:00-04:00,0.26499998569488525,0.26499998569488525,0.25,0.25999999046325684,438500,0.0,0.0
2016-10-24 00:00:00-04:00,0.25,0.25,0.23499999940395355,0.23499999940395355,355131,0.0,0.0
2017-05-24 00:00:00-04:00,0.17000000178813934,0.17000000178813934,0.17000000178813934,0.17000000178813934,0,0.0,0.0
2017-05-25 00:00:00-04:00,0.17000000178813934,0.17000000178813934,0.17000000178813934,0.17000000178813934,0,0.0,0.0
2017-05-26 00:00:00-04:00,0.17000000178813934,0.17000000178813934,0.17000000178813934,0.17000000178813934,0,0.0,0.0
2017-06-16 00:00:00-04:00,0.18000000715255737,0.18000000715255737,0.18000000715255737,0.18000000715255737,0,0.0,0.0
2017-06-19 00:00:00-04:00,0.17499999701976776,0.17499999701976776,0.17499999701976776,0.17499999701976776,3000,0.0,0.0
2017-12-13 00:00:00-05:00,0.10000000149011612,0.10000000149011612,0.10000000149011612,0.10000000149011612,0,0.0,0.0
