Date,Open,High,Low,Close,Volume,Dividends,Stock Splits
2021-02-10 00:00:00-05:00,273.0,297.0,225.0,225.60000610351562,113137,0.0,0.0
2021-02-11 00:00:00-05:00,231.3000030517578,236.6999969482422,204.60000610351562,228.0,12507,0.0,0.0
2021-02-12 00:00:00-05:00,229.5,237.0,214.5,234.89999389648438,6943,0.0,0.0
2021-02-16 00:00:00-05:00,238.5,238.8000030517578,220.5,234.89999389648438,4960,0.0,0.0
2021-02-17 00:00:00-05:00,232.5,235.5,220.5,223.8000030517578,4077,0.0,0.0
2021-02-18 00:00:00-05:00,228.60000610351562,228.60000610351562,203.6999969482422,220.5,4270,0.0,0.0
2021-02-19 00:00:00-05:00,216.3000030517578,219.5399932861328,208.1999969482422,211.1999969482422,2653,0.0,0.0
2021-02-22 00:00:00-05:00,211.1999969482422,211.1999969482422,194.6999969482422,195.0,5640,0.0,0.0
2021-02-23 00:00:00-05:00,194.6999969482422,195.0,174.3300018310547,187.8000030517578,2710,0.0,0.0
2021-02-24 00:00:00-05:00,181.1999969482422,209.10000610351562,181.1999969482422,206.6999969482422,2007,0.0,0.0
2021-02-25 00:00:00-05:00,206.39999389648438,206.39999389648438,183.60000610351562,183.60000610351562,1333,0.0,0.0
2021-02-26 00:00:00-05:00,190.1999969482422,194.6999969482422,183.3000030517578,183.3000030517578,647,0.0,0.0
2021-03-01 00:00:00-05:00,187.5,195.0,186.0,186.0,647,0.0,0.0
2021-03-02 00:00:00-05:00,183.0,189.0,177.0,179.39999389648438,1220,0.0,0.0
2021-03-03 00:00:00-05:00,179.6999969482422,180.89999389648438,172.5,174.0,2363,0.0,0.0
2021-03-04 00:00:00-05:00,174.3000030517578,174.3000030517578,156.3000030517578,159.0,1663,0.0,0.0
2021-03-05 00:00:00-05:00,162.0,163.1999969482422,147.02999877929688,150.02999877929688,2427,0.0,0.0
2021-03-08 00:00:00-05:00,156.0,164.10000610351562,156.0,157.5,810,0.0,0.0
2021-03-09 00:00:00-05:00,160.5,162.89999389648438,155.39999389648438,155.39999389648438,1310,0.0,0.0
2021-03-10 00:00:00-05:00,155.39999389648438,165.0,155.39999389648438,157.1999969482422,1350,0.0,0.0
2021-03-11 00:00:00-05:00,159.0,179.39999389648438,157.25999450683594,177.0,1653,0.0,0.0
2021-03-12 00:00:00-05:00,176.10000610351562,176.10000610351562,165.3000030517578,166.8000030517578,1057,0.0,0.0
2021-03-15 00:00:00-04:00,175.5,178.5,166.8000030517578,174.60000610351562,2110,0.0,0.0
2021-03-16 00:00:00-04:00,173.0399932861328,177.0,163.0500030517578,163.5,1413,0.0,0.0
2021-03-17 00:00:00-04:00,169.5,174.0,153.60000610351562,162.89999389648438,1757,0.0,0.0
2021-03-18 00:00:00-04:00,162.0,164.6999969482422,159.08999633789062,159.3000030517578,843,0.0,0.0
2021-03-19 00:00:00-04:00,162.0,168.89999389648438,150.60000610351562,150.60000610351562,1947,0.0,0.0
2021-03-22 00:00:00-04:00,153.3000030517578,168.89999389648438,153.3000030517578,154.5,557,0.0,0.0
2021-03-23 00:00:00-04:00,159.0,162.0,147.3000030517578,149.39999389648438,1660,0.0,0.0
2021-03-24 00:00:00-04:00,153.0,153.0,129.60000610351562,129.60000610351562,2147,0.0,0.0
2021-03-25 00:00:00-04:00,138.60000610351562,138.60000610351562,129.0,131.39999389648438,1743,0.0,0.0
2021-03-26 00:00:00-04:00,141.0,141.0,129.0,132.3000030517578,733,0.0,0.0
2021-03-29 00:00:00-04:00,129.0,143.6999969482422,129.0,141.60000610351562,1417,0.0,0.0
2021-03-30 00:00:00-04:00,139.5,139.5,132.0,135.0,770,0.0,0.0
2021-03-31 00:00:00-04:00,138.0,148.1999969482422,133.02000427246094,139.1999969482422,1550,0.0,0.0
2021-04-01 00:00:00-04:00,141.0,147.4499969482422,138.60000610351562,146.39999389648438,1483,0.0,0.0
2021-04-05 00:00:00-04:00,147.60000610351562,149.3699951171875,140.10000610351562,140.10000610351562,690,0.0,0.0
2021-04-06 00:00:00-04:00,137.6999969482422,138.89999389648438,133.55999755859375,135.3000030517578,3410,0.0,0.0
2021-04-07 00:00:00-04:00,147.0,147.89999389648438,137.10000610351562,146.39999389648438,2480,0.0,0.0
2021-04-08 00:00:00-04:00,147.36000061035156,147.36000061035156,135.3000030517578,138.0,1277,0.0,0.0
2021-04-09 00:00:00-04:00,138.60000610351562,141.60000610351562,135.89999389648438,139.8000030517578,293,0.0,0.0
2021-04-12 00:00:00-04:00,137.39999389648438,137.39999389648438,132.0,133.1999969482422,15673,0.0,0.0
2021-04-13 00:00:00-04:00,143.39999389648438,154.5,138.0,153.60000610351562,8393,0.0,0.0
2021-04-14 00:00:00-04:00,152.10000610351562,154.5,141.60000610351562,146.10000610351562,1493,0.0,0.0
2021-04-15 00:00:00-04:00,143.6999969482422,143.6999969482422,131.39999389648438,139.1999969482422,1417,0.0,0.0
2021-04-16 00:00:00-04:00,137.10000610351562,140.10000610351562,135.02999877929688,136.5,243,0.0,0.0
2021-04-19 00:00:00-04:00,134.10000610351562,138.4499969482422,131.42999267578125,131.6999969482422,703,0.0,0.0
2021-04-20 00:00:00-04:00,131.10000610351562,131.10000610351562,129.3000030517578,129.60000610351562,427,0.0,0.0
2021-04-21 00:00:00-04:00,129.60000610351562,137.39999389648438,129.60000610351562,132.3000030517578,3813,0.0,0.0
2021-04-22 00:00:00-04:00,131.39999389648438,137.6999969482422,131.10000610351562,137.10000610351562,920,0.0,0.0
2021-04-23 00:00:00-04:00,138.0,139.5,132.6300048828125,134.6999969482422,2913,0.0,0.0
2021-04-26 00:00:00-04:00,134.6999969482422,140.39999389648438,133.5,139.8000030517578,887,0.0,0.0
2021-04-27 00:00:00-04:00,136.8000030517578,138.0,135.0,136.0500030517578,667,0.0,0.0
2021-04-28 00:00:00-04:00,135.0,135.0,129.60000610351562,133.1999969482422,977,0.0,0.0
2021-04-29 00:00:00-04:00,134.61000061035156,136.8000030517578,130.8000030517578,131.6999969482422,717,0.0,0.0
2021-04-30 00:00:00-04:00,131.10000610351562,132.89999389648438,126.0,128.39999389648438,883,0.0,0.0
2021-05-03 00:00:00-04:00,127.19999694824219,129.0,123.5999984741211,123.5999984741211,450,0.0,0.0
2021-05-04 00:00:00-04:00,116.4000015258789,123.0,114.30000305175781,116.0999984741211,3333,0.0,0.0
2021-05-05 00:00:00-04:00,118.19999694824219,130.5,117.5999984741211,121.5,2833,0.0,0.0
2021-05-06 00:00:00-04:00,119.4000015258789,120.0,114.9000015258789,116.4000015258789,977,0.0,0.0
2021-05-07 00:00:00-04:00,119.4000015258789,122.58000183105469,115.80000305175781,122.4000015258789,493,0.0,0.0
2021-05-10 00:00:00-04:00,122.4000015258789,126.0,118.5,122.0999984741211,800,0.0,0.0
2021-05-11 00:00:00-04:00,119.69999694824219,121.19999694824219,115.19999694824219,118.5,477,0.0,0.0
2021-05-12 00:00:00-04:00,116.69999694824219,119.4000015258789,112.5,112.5,787,0.0,0.0
2021-05-13 00:00:00-04:00,111.0,113.69999694824219,108.30000305175781,111.30000305175781,667,0.0,0.0
2021-05-14 00:00:00-04:00,111.0,114.0,108.5999984741211,109.80000305175781,913,0.0,0.0
2021-05-17 00:00:00-04:00,109.80000305175781,114.9000015258789,109.80000305175781,110.69999694824219,1093,0.0,0.0
2021-05-18 00:00:00-04:00,111.80999755859375,114.0,110.66999816894531,112.19999694824219,407,0.0,0.0
2021-05-19 00:00:00-04:00,110.69999694824219,114.9000015258789,110.25,114.0,260,0.0,0.0
2021-05-20 00:00:00-04:00,115.19999694824219,115.19999694824219,109.80000305175781,113.4000015258789,1103,0.0,0.0
2021-05-21 00:00:00-04:00,114.4800033569336,118.5,112.80000305175781,114.9000015258789,603,0.0,0.0
2021-05-24 00:00:00-04:00,114.5999984741211,116.4000015258789,111.56999969482422,113.55000305175781,610,0.0,0.0
2021-05-25 00:00:00-04:00,115.5,124.6500015258789,112.80000305175781,124.19999694824219,1437,0.0,0.0
2021-05-26 00:00:00-04:00,123.0,148.1999969482422,117.1500015258789,130.8000030517578,5800,0.0,0.0
2021-05-27 00:00:00-04:00,129.3000030517578,139.1999969482422,124.80000305175781,135.3000030517578,1213,0.0,0.0
2021-05-28 00:00:00-04:00,139.5,139.5,117.0,120.0,3243,0.0,0.0
2021-06-01 00:00:00-04:00,122.4000015258789,130.9499969482422,120.9000015258789,123.0,793,0.0,0.0
2021-06-02 00:00:00-04:00,121.5,125.0999984741211,120.0,120.0,577,0.0,0.0
2021-06-03 00:00:00-04:00,120.80999755859375,124.19999694824219,120.0,122.4000015258789,517,0.0,0.0
2021-06-04 00:00:00-04:00,123.9000015258789,124.88999938964844,120.0,120.9000015258789,2510,0.0,0.0
2021-06-07 00:00:00-04:00,125.4000015258789,131.6999969482422,123.9000015258789,129.89999389648438,1937,0.0,0.0
2021-06-08 00:00:00-04:00,130.1999969482422,130.5,125.91000366210938,126.0,653,0.0,0.0
2021-06-09 00:00:00-04:00,126.0,131.6999969482422,126.0,129.89999389648438,1010,0.0,0.0
2021-06-10 00:00:00-04:00,131.39999389648438,194.6999969482422,131.39999389648438,147.0,60420,0.0,0.0
2021-06-11 00:00:00-04:00,144.1199951171875,162.0,141.0,149.39999389648438,9833,0.0,0.0
2021-06-14 00:00:00-04:00,150.0,153.60000610351562,142.6199951171875,151.0500030517578,2023,0.0,0.0
2021-06-15 00:00:00-04:00,151.1999969482422,151.1999969482422,143.39999389648438,147.0,2053,0.0,0.0
2021-06-16 00:00:00-04:00,145.5,145.5,135.0,138.60000610351562,3257,0.0,0.0
2021-06-17 00:00:00-04:00,137.6999969482422,147.60000610351562,137.6999969482422,143.6999969482422,1683,0.0,0.0
2021-06-18 00:00:00-04:00,142.8000030517578,163.77000427246094,141.3000030517578,160.1999969482422,13510,0.0,0.0
2021-06-21 00:00:00-04:00,165.0,165.0,153.89999389648438,153.89999389648438,1863,0.0,0.0
2021-06-22 00:00:00-04:00,153.3000030517578,156.3000030517578,148.8000030517578,153.0,1863,0.0,0.0
2021-06-23 00:00:00-04:00,152.39999389648438,161.10000610351562,147.60000610351562,159.0,1127,0.0,0.0
2021-06-24 00:00:00-04:00,157.8000030517578,173.10000610351562,157.1999969482422,160.1999969482422,3277,0.0,0.0
2021-06-25 00:00:00-04:00,162.60000610351562,173.6999969482422,159.89999389648438,162.3000030517578,3447,0.0,0.0
2021-06-28 00:00:00-04:00,160.8000030517578,176.39999389648438,160.8000030517578,174.89999389648438,2870,0.0,0.0
2021-06-29 00:00:00-04:00,176.39999389648438,176.39999389648438,162.89999389648438,171.3000030517578,1337,0.0,0.0
2021-06-30 00:00:00-04:00,168.3000030517578,168.60000610351562,162.89999389648438,163.1999969482422,487,0.0,0.0
2021-07-01 00:00:00-04:00,162.3000030517578,166.1999969482422,156.0,161.6999969482422,727,0.0,0.0
2021-07-02 00:00:00-04:00,162.0,162.89999389648438,155.6999969482422,162.89999389648438,627,0.0,0.0
2021-07-06 00:00:00-04:00,160.5,164.39999389648438,156.60000610351562,158.39999389648438,1197,0.0,0.0
2021-07-07 00:00:00-04:00,157.1999969482422,159.3000030517578,151.0800018310547,156.89999389648438,677,0.0,0.0
2021-07-08 00:00:00-04:00,152.10000610351562,159.3000030517578,152.10000610351562,157.8000030517578,400,0.0,0.0
2021-07-09 00:00:00-04:00,152.39999389648438,163.1999969482422,152.39999389648438,157.8000030517578,527,0.0,0.0
2021-07-12 00:00:00-04:00,159.3000030517578,163.8000030517578,156.72000122070312,163.5,443,0.0,0.0
2021-07-13 00:00:00-04:00,160.8000030517578,185.6999969482422,153.60000610351562,161.10000610351562,5260,0.0,0.0
2021-07-14 00:00:00-04:00,161.10000610351562,171.0,158.07000732421875,161.5500030517578,2253,0.0,0.0
2021-07-15 00:00:00-04:00,160.5,160.5,156.0,156.3000030517578,377,0.0,0.0
2021-07-16 00:00:00-04:00,157.8000030517578,157.8000030517578,153.0,153.3000030517578,537,0.0,0.0
2021-07-19 00:00:00-04:00,153.60000610351562,154.1999969482422,146.10000610351562,147.0,1313,0.0,0.0
2021-07-20 00:00:00-04:00,147.60000610351562,147.60000610351562,141.89999389648438,144.3000030517578,943,0.0,0.0
2021-07-21 00:00:00-04:00,154.5,154.5,144.0,144.89999389648438,897,0.0,0.0
2021-07-22 00:00:00-04:00,151.6199951171875,151.6199951171875,145.1999969482422,145.1999969482422,503,0.0,0.0
2021-07-23 00:00:00-04:00,147.60000610351562,153.60000610351562,142.8000030517578,142.8000030517578,4287,0.0,0.0
2021-07-26 00:00:00-04:00,142.47000122070312,145.5,138.3000030517578,139.5,553,0.0,0.0
2021-07-27 00:00:00-04:00,139.5,139.5,125.4000015258789,125.69999694824219,1943,0.0,0.0
2021-07-28 00:00:00-04:00,126.5999984741211,128.39999389648438,117.83999633789062,120.5999984741211,1550,0.0,0.0
2021-07-29 00:00:00-04:00,120.5999984741211,148.5,120.5999984741211,137.6999969482422,2460,0.0,0.0
2021-07-30 00:00:00-04:00,139.0500030517578,141.3000030517578,135.3000030517578,137.6999969482422,877,0.0,0.0
2021-08-02 00:00:00-04:00,131.39999389648438,140.6999969482422,130.8000030517578,135.89999389648438,270,0.0,0.0
2021-08-03 00:00:00-04:00,133.8000030517578,149.6999969482422,130.8000030517578,135.0,3223,0.0,0.0
2021-08-04 00:00:00-04:00,128.39999389648438,146.6999969482422,123.9000015258789,131.39999389648438,1787,0.0,0.0
2021-08-05 00:00:00-04:00,129.3000030517578,142.8000030517578,126.0,134.6999969482422,2913,0.0,0.0
2021-08-06 00:00:00-04:00,126.9000015258789,141.89999389648438,126.9000015258789,134.10000610351562,1473,0.0,0.0
2021-08-09 00:00:00-04:00,135.0,138.0,129.60000610351562,132.3000030517578,1813,0.0,0.0
2021-08-10 00:00:00-04:00,135.0,139.77000427246094,125.76000213623047,130.5,1190,0.0,0.0
2021-08-11 00:00:00-04:00,130.5,137.6999969482422,129.0,134.39999389648438,2767,0.0,0.0
2021-08-12 00:00:00-04:00,134.16000366210938,135.0,122.45999908447266,125.4000015258789,5750,0.0,0.0
2021-08-13 00:00:00-04:00,124.68000030517578,127.88999938964844,122.79000091552734,123.30000305175781,920,0.0,0.0
2021-08-16 00:00:00-04:00,123.30000305175781,128.63999938964844,115.5,115.5,2437,0.0,0.0
2021-08-17 00:00:00-04:00,116.0999984741211,127.19999694824219,114.9000015258789,121.19999694824219,2160,0.0,0.0
2021-08-18 00:00:00-04:00,123.9000015258789,131.61000061035156,115.5,124.5,6963,0.0,0.0
2021-08-19 00:00:00-04:00,122.69999694824219,127.2300033569336,116.0999984741211,117.0,3373,0.0,0.0
2021-08-20 00:00:00-04:00,116.4000015258789,126.0,115.88999938964844,120.30000305175781,4017,0.0,0.0
2021-08-23 00:00:00-04:00,124.5,132.0,122.69999694824219,126.0,2387,0.0,0.0
2021-08-24 00:00:00-04:00,126.5999984741211,142.1999969482422,126.30000305175781,134.10000610351562,7617,0.0,0.0
2021-08-25 00:00:00-04:00,135.0,137.72999572753906,132.60000610351562,136.5,1280,0.0,0.0
2021-08-26 00:00:00-04:00,138.89999389648438,147.60000610351562,134.91000366210938,142.1999969482422,3080,0.0,0.0
2021-08-27 00:00:00-04:00,142.5,168.89999389648438,140.4600067138672,165.3000030517578,7270,0.0,0.0
2021-08-30 00:00:00-04:00,165.89999389648438,170.10000610351562,157.5,170.10000610351562,3493,0.0,0.0
2021-08-31 00:00:00-04:00,171.3000030517578,246.0,171.3000030517578,210.89999389648438,173543,0.0,0.0
2021-09-01 00:00:00-04:00,201.60000610351562,228.0,183.0,224.39999389648438,20993,0.0,0.0
2021-09-02 00:00:00-04:00,215.39999389648438,245.6999969482422,214.8000030517578,239.10000610351562,11833,0.0,0.0
2021-09-03 00:00:00-04:00,238.5,253.8000030517578,231.0,249.89999389648438,8827,0.0,0.0
2021-09-07 00:00:00-04:00,250.1999969482422,269.70001220703125,246.60000610351562,265.20001220703125,8533,0.0,0.0
2021-09-08 00:00:00-04:00,259.79998779296875,283.79998779296875,252.8699951171875,264.6000061035156,6943,0.0,0.0
2021-09-09 00:00:00-04:00,270.0,293.70001220703125,270.0,290.3999938964844,8437,0.0,0.0
2021-09-10 00:00:00-04:00,288.0,310.79998779296875,217.5,227.39999389648438,15650,0.0,0.0
2021-09-13 00:00:00-04:00,227.6999969482422,250.5,223.1999969482422,247.5,5770,0.0,0.0
2021-09-14 00:00:00-04:00,243.89999389648438,250.5,204.1199951171875,213.0,7843,0.0,0.0
2021-09-15 00:00:00-04:00,208.8000030517578,220.8000030517578,207.3000030517578,216.89999389648438,2470,0.0,0.0
2021-09-16 00:00:00-04:00,214.8000030517578,220.1999969482422,188.6999969482422,197.39999389648438,4237,0.0,0.0
2021-09-17 00:00:00-04:00,195.3000030517578,229.8000030517578,195.3000030517578,209.39999389648438,4950,0.0,0.0
2021-09-20 00:00:00-04:00,201.89999389648438,207.0,195.0,197.39999389648438,3383,0.0,0.0
2021-09-21 00:00:00-04:00,200.6999969482422,206.39999389648438,198.0,198.3000030517578,773,0.0,0.0
2021-09-22 00:00:00-04:00,200.6999969482422,213.0,195.3000030517578,211.8000030517578,1040,0.0,0.0
2021-09-23 00:00:00-04:00,212.10000610351562,219.89999389648438,210.60000610351562,210.60000610351562,810,0.0,0.0
2021-09-24 00:00:00-04:00,207.89999389648438,233.6999969482422,207.0,226.1999969482422,4043,0.0,0.0
2021-09-27 00:00:00-04:00,226.8000030517578,235.8000030517578,203.25,210.0,4243,0.0,0.0
2021-09-28 00:00:00-04:00,206.10000610351562,215.39999389648438,196.88999938964844,207.3000030517578,2353,0.0,0.0
2021-09-29 00:00:00-04:00,204.89999389648438,209.39999389648438,196.1999969482422,196.1999969482422,1590,0.0,0.0
2021-09-30 00:00:00-04:00,195.0,233.6999969482422,195.0,218.10000610351562,4057,0.0,0.0
2021-10-01 00:00:00-04:00,219.3000030517578,219.3000030517578,207.0,212.10000610351562,1770,0.0,0.0
2021-10-04 00:00:00-04:00,214.1999969482422,216.0,199.1999969482422,210.3000030517578,1540,0.0,0.0
2021-10-05 00:00:00-04:00,210.3000030517578,219.08999633789062,201.0,207.89999389648438,857,0.0,0.0
2021-10-06 00:00:00-04:00,205.1999969482422,214.1999969482422,202.97999572753906,210.0,1217,0.0,0.0
2021-10-07 00:00:00-04:00,210.3000030517578,217.8000030517578,208.1999969482422,209.39999389648438,1130,0.0,0.0
2021-10-08 00:00:00-04:00,210.3000030517578,215.7899932861328,204.89999389648438,205.5,923,0.0,0.0
2021-10-11 00:00:00-04:00,206.10000610351562,211.1999969482422,205.55999755859375,208.8000030517578,630,0.0,0.0
2021-10-12 00:00:00-04:00,207.60000610351562,208.8000030517578,199.64999389648438,205.1999969482422,1363,0.0,0.0
2021-10-13 00:00:00-04:00,204.60000610351562,228.0,201.0,212.10000610351562,7677,0.0,0.0
2021-10-14 00:00:00-04:00,214.1999969482422,220.1999969482422,189.92999267578125,193.5,3037,0.0,0.0
2021-10-15 00:00:00-04:00,194.10000610351562,208.8000030517578,192.66000366210938,201.89999389648438,2027,0.0,0.0
2021-10-18 00:00:00-04:00,198.89999389648438,199.8000030517578,180.0,184.8000030517578,2923,0.0,0.0
2021-10-19 00:00:00-04:00,184.8000030517578,187.8000030517578,170.1300048828125,172.1999969482422,7687,0.0,0.0
2021-10-20 00:00:00-04:00,173.39999389648438,173.5500030517578,157.9199981689453,162.89999389648438,4757,0.0,0.0
2021-10-21 00:00:00-04:00,163.1999969482422,177.89999389648438,157.8000030517578,161.39999389648438,4843,0.0,0.0
2021-10-22 00:00:00-04:00,161.10000610351562,163.1999969482422,145.1999969482422,153.0,2930,0.0,0.0
2021-10-25 00:00:00-04:00,153.89999389648438,158.39999389648438,147.3000030517578,148.5,1207,0.0,0.0
2021-10-26 00:00:00-04:00,148.5,153.0,142.5,144.60000610351562,1170,0.0,0.0
2021-10-27 00:00:00-04:00,146.6999969482422,159.0,136.5,146.6999969482422,1540,0.0,0.0
2021-10-28 00:00:00-04:00,148.1999969482422,163.8000030517578,135.3000030517578,146.39999389648438,1693,0.0,0.0
2021-10-29 00:00:00-04:00,145.1999969482422,152.6999969482422,137.10000610351562,142.8000030517578,1747,0.0,0.0
2021-11-01 00:00:00-04:00,141.0,157.8000030517578,141.0,147.89999389648438,2093,0.0,0.0
2021-11-02 00:00:00-04:00,147.0,160.8000030517578,144.89999389648438,155.39999389648438,2290,0.0,0.0
2021-11-03 00:00:00-04:00,154.5,165.3000030517578,148.8000030517578,165.0,2030,0.0,0.0
2021-11-04 00:00:00-04:00,162.89999389648438,201.0,161.94000244140625,184.5,18213,0.0,0.0
2021-11-05 00:00:00-04:00,182.10000610351562,183.47999572753906,156.0,162.60000610351562,3973,0.0,0.0
2021-11-08 00:00:00-05:00,162.0,166.13999938964844,154.5,158.10000610351562,2080,0.0,0.0
2021-11-09 00:00:00-05:00,156.60000610351562,167.6999969482422,147.89999389648438,159.0,5360,0.0,0.0
2021-11-10 00:00:00-05:00,157.5,159.0,139.1999969482422,143.6999969482422,2960,0.0,0.0
2021-11-11 00:00:00-05:00,144.89999389648438,164.6999969482422,141.0,152.6999969482422,8427,0.0,0.0
2021-11-12 00:00:00-05:00,154.5,157.8000030517578,144.3000030517578,149.39999389648438,3250,0.0,0.0
2021-11-15 00:00:00-05:00,147.60000610351562,156.75,139.8000030517578,143.10000610351562,2670,0.0,0.0
2021-11-16 00:00:00-05:00,140.6999969482422,146.19000244140625,137.10000610351562,144.0,3717,0.0,0.0
2021-11-17 00:00:00-05:00,140.6999969482422,143.39999389648438,130.5,132.0,3040,0.0,0.0
2021-11-18 00:00:00-05:00,130.5,142.5,125.43000030517578,130.8000030517578,6227,0.0,0.0
2021-11-19 00:00:00-05:00,130.8000030517578,143.39999389648438,125.4000015258789,133.1999969482422,3633,0.0,0.0
2021-11-22 00:00:00-05:00,141.0,154.5,120.5999984741211,120.5999984741211,10427,0.0,0.0
2021-11-23 00:00:00-05:00,122.4000015258789,256.20001220703125,122.4000015258789,219.0,916610,0.0,0.0
2021-11-24 00:00:00-05:00,150.0,163.5,135.0,161.6999969482422,111060,0.0,0.0
2021-11-26 00:00:00-05:00,141.0,161.6999969482422,139.5,159.3000030517578,19737,0.0,0.0
2021-11-29 00:00:00-05:00,152.39999389648438,184.1999969482422,151.5,181.5,36897,0.0,0.0
2021-11-30 00:00:00-05:00,174.60000610351562,182.94000244140625,147.3000030517578,164.10000610351562,15883,0.0,0.0
2021-12-01 00:00:00-05:00,164.10000610351562,170.39999389648438,148.5,161.10000610351562,11557,0.0,0.0
2021-12-02 00:00:00-05:00,152.39999389648438,167.6999969482422,148.1999969482422,148.1999969482422,9113,0.0,0.0
2021-12-03 00:00:00-05:00,150.3000030517578,156.60000610351562,138.3000030517578,144.0,7327,0.0,0.0
2021-12-06 00:00:00-05:00,144.0,160.32000732421875,137.39999389648438,149.39999389648438,4800,0.0,0.0
2021-12-07 00:00:00-05:00,154.5,178.1999969482422,149.39999389648438,166.8000030517578,7010,0.0,0.0
2021-12-08 00:00:00-05:00,163.8000030517578,185.16000366210938,157.55999755859375,177.0,5360,0.0,0.0
2021-12-09 00:00:00-05:00,174.60000610351562,194.97000122070312,170.39999389648438,187.1999969482422,7043,0.0,0.0
2021-12-10 00:00:00-05:00,187.8000030517578,192.89999389648438,140.10000610351562,150.89999389648438,18493,0.0,0.0
2021-12-13 00:00:00-05:00,150.89999389648438,165.0,145.22999572753906,151.1999969482422,6890,0.0,0.0
2021-12-14 00:00:00-05:00,151.8000030517578,202.5,145.1999969482422,184.5,140557,0.0,0.0
2021-12-15 00:00:00-05:00,178.22999572753906,188.6999969482422,165.89999389648438,186.0,26260,0.0,0.0
2021-12-16 00:00:00-05:00,184.5,184.5,171.0,184.1999969482422,4830,0.0,0.0
2021-12-17 00:00:00-05:00,180.60000610351562,181.1999969482422,165.83999633789062,180.3000030517578,7057,0.0,0.0
2021-12-20 00:00:00-05:00,173.10000610351562,174.8699951171875,150.0,163.8000030517578,10760,0.0,0.0
2021-12-21 00:00:00-05:00,169.1999969482422,194.6999969482422,158.6999969482422,190.8000030517578,31267,0.0,0.0
2021-12-22 00:00:00-05:00,186.3000030517578,208.5,180.0,185.39999389648438,31520,0.0,0.0
2021-12-23 00:00:00-05:00,197.6999969482422,197.94000244140625,169.5,186.3000030517578,30777,0.0,0.0
2021-12-27 00:00:00-05:00,180.0,181.8000030517578,174.0,178.8000030517578,4880,0.0,0.0
2021-12-28 00:00:00-05:00,175.8000030517578,180.89999389648438,168.0,180.60000610351562,4167,0.0,0.0
2021-12-29 00:00:00-05:00,178.5,181.8000030517578,171.0,181.8000030517578,2123,0.0,0.0
2021-12-30 00:00:00-05:00,179.39999389648438,185.6999969482422,175.8000030517578,183.3000030517578,2730,0.0,0.0
2021-12-31 00:00:00-05:00,183.3000030517578,185.39999389648438,175.8000030517578,179.39999389648438,2000,0.0,0.0
2022-01-03 00:00:00-05:00,180.0,215.6999969482422,180.0,212.39999389648438,13153,0.0,0.0
2022-01-04 00:00:00-05:00,215.6999969482422,249.0,215.39999389648438,240.0,18143,0.0,0.0
2022-01-05 00:00:00-05:00,236.6999969482422,236.72999572753906,219.0,232.8000030517578,6013,0.0,0.0
2022-01-06 00:00:00-05:00,228.0,252.0,214.8000030517578,232.8000030517578,9563,0.0,0.0
2022-01-07 00:00:00-05:00,231.0,237.89999389648438,220.1999969482422,225.3000030517578,2757,0.0,0.0
2022-01-10 00:00:00-05:00,223.1999969482422,227.61000061035156,195.3000030517578,202.5,6463,0.0,0.0
2022-01-11 00:00:00-05:00,207.0,217.67999267578125,196.88999938964844,213.60000610351562,2117,0.0,0.0
2022-01-12 00:00:00-05:00,209.39999389648438,217.9499969482422,203.39999389648438,214.5,2060,0.0,0.0
2022-01-13 00:00:00-05:00,214.5,223.32000732421875,203.39999389648438,208.8000030517578,1617,0.0,0.0
2022-01-14 00:00:00-05:00,203.39999389648438,216.89999389648438,171.3000030517578,190.5,11980,0.0,0.0
2022-01-18 00:00:00-05:00,184.5,190.74000549316406,168.3000030517578,172.5,6690,0.0,0.0
2022-01-19 00:00:00-05:00,176.6999969482422,180.0,161.6999969482422,163.5,2603,0.0,0.0
2022-01-20 00:00:00-05:00,163.8000030517578,167.39999389648438,149.10000610351562,149.10000610351562,3310,0.0,0.0
2022-01-21 00:00:00-05:00,150.0,154.5,135.60000610351562,143.10000610351562,2527,0.0,0.0
2022-01-24 00:00:00-05:00,138.0,155.6999969482422,122.0999984741211,150.89999389648438,4603,0.0,0.0
2022-01-25 00:00:00-05:00,147.0,161.49000549316406,138.0,145.8000030517578,4090,0.0,0.0
2022-01-26 00:00:00-05:00,149.10000610351562,155.5800018310547,135.0,136.5,3080,0.0,0.0
2022-01-27 00:00:00-05:00,140.39999389648438,143.3699951171875,128.39999389648438,129.89999389648438,2527,0.0,0.0
2022-01-28 00:00:00-05:00,129.60000610351562,142.25999450683594,128.6999969482422,133.5,1370,0.0,0.0
2022-01-31 00:00:00-05:00,133.8000030517578,152.25,133.5,146.39999389648438,1727,0.0,0.0
2022-02-01 00:00:00-05:00,144.0,170.6999969482422,144.0,148.5,12177,0.0,0.0
2022-02-02 00:00:00-05:00,150.0,157.5,135.0,139.5,5737,0.0,0.0
2022-02-03 00:00:00-05:00,137.39999389648438,142.1999969482422,136.1999969482422,141.0,363,0.0,0.0
2022-02-04 00:00:00-05:00,141.60000610351562,156.3000030517578,138.60000610351562,154.1999969482422,2040,0.0,0.0
2022-02-07 00:00:00-05:00,159.0,171.5399932861328,156.3000030517578,168.0,1890,0.0,0.0
2022-02-08 00:00:00-05:00,168.0,170.6999969482422,157.5,163.1999969482422,990,0.0,0.0
2022-02-09 00:00:00-05:00,164.39999389648438,175.5,158.6999969482422,163.1999969482422,1907,0.0,0.0
2022-02-10 00:00:00-05:00,160.5,170.6999969482422,156.36000061035156,159.0,1937,0.0,0.0
2022-02-11 00:00:00-05:00,161.39999389648438,165.75,153.3000030517578,154.8000030517578,707,0.0,0.0
2022-02-14 00:00:00-05:00,153.89999389648438,158.6999969482422,153.3000030517578,153.60000610351562,557,0.0,0.0
2022-02-15 00:00:00-05:00,156.0,172.5,156.0,168.89999389648438,1237,0.0,0.0
2022-02-16 00:00:00-05:00,162.60000610351562,174.0,162.60000610351562,167.6999969482422,1703,0.0,0.0
2022-02-17 00:00:00-05:00,166.8000030517578,179.6999969482422,162.60000610351562,170.6999969482422,4647,0.0,0.0
2022-02-18 00:00:00-05:00,174.0,210.60000610351562,172.8000030517578,196.5,16613,0.0,0.0
2022-02-22 00:00:00-05:00,186.0,236.10000610351562,186.0,229.1999969482422,18143,0.0,0.0
2022-02-23 00:00:00-05:00,235.8000030517578,250.5,210.60000610351562,230.10000610351562,9243,0.0,0.0
2022-02-24 00:00:00-05:00,211.8000030517578,245.6999969482422,211.8000030517578,240.0,4520,0.0,0.0
2022-02-25 00:00:00-05:00,240.0,246.0,231.0,235.8000030517578,6793,0.0,0.0
2022-02-28 00:00:00-05:00,232.5,238.8000030517578,214.5,221.6999969482422,5620,0.0,0.0
2022-03-01 00:00:00-05:00,214.8000030517578,215.6999969482422,165.36000061035156,182.6999969482422,10277,0.0,0.0
2022-03-02 00:00:00-05:00,183.3000030517578,200.63999938964844,183.3000030517578,199.8000030517578,1950,0.0,0.0
2022-03-03 00:00:00-05:00,201.0,204.0,178.5,182.39999389648438,6303,0.0,0.0
2022-03-04 00:00:00-05:00,179.6999969482422,194.6999969482422,162.3000030517578,180.60000610351562,4670,0.0,0.0
2022-03-07 00:00:00-05:00,180.0,194.6999969482422,171.14999389648438,179.39999389648438,3033,0.0,0.0
2022-03-08 00:00:00-05:00,178.8000030517578,193.5,171.89999389648438,188.6999969482422,3013,0.0,0.0
2022-03-09 00:00:00-05:00,195.3000030517578,203.6999969482422,183.60000610351562,199.1999969482422,3503,0.0,0.0
2022-03-10 00:00:00-05:00,197.39999389648438,200.07000732421875,180.24000549316406,184.35000610351562,6563,0.0,0.0
2022-03-11 00:00:00-05:00,188.39999389648438,220.8000030517578,180.0,212.39999389648438,27713,0.0,0.0
2022-03-14 00:00:00-04:00,211.8000030517578,219.89999389648438,193.8000030517578,208.5,9020,0.0,0.0
2022-03-15 00:00:00-04:00,209.16000366210938,240.89999389648438,199.5,229.8000030517578,18180,0.0,0.0
2022-03-16 00:00:00-04:00,230.39999389648438,233.10000610351562,212.6999969482422,216.3000030517578,8793,0.0,0.0
2022-03-17 00:00:00-04:00,215.10000610351562,233.10000610351562,205.8000030517578,210.3000030517578,12443,0.0,0.0
2022-03-18 00:00:00-04:00,211.1999969482422,231.0,206.10000610351562,223.1999969482422,11673,0.0,0.0
2022-03-21 00:00:00-04:00,64.80000305175781,74.4000015258789,63.0,69.30000305175781,316530,0.0,0.0
2022-03-22 00:00:00-04:00,69.30000305175781,69.9000015258789,64.5,65.69999694824219,53187,0.0,0.0
2022-03-23 00:00:00-04:00,64.80000305175781,68.69999694824219,62.400001525878906,63.599998474121094,43877,0.0,0.0
2022-03-24 00:00:00-04:00,65.0999984741211,66.0,62.70000076293945,64.80000305175781,24063,0.0,0.0
2022-03-25 00:00:00-04:00,65.0999984741211,65.0999984741211,58.79999923706055,61.20000076293945,28517,0.0,0.0
2022-03-28 00:00:00-04:00,60.0,61.79999923706055,54.900001525878906,56.400001525878906,20177,0.0,0.0
2022-03-29 00:00:00-04:00,56.400001525878906,56.400001525878906,52.20000076293945,53.70000076293945,21363,0.0,0.0
2022-03-30 00:00:00-04:00,53.70000076293945,57.0,52.20000076293945,56.400001525878906,12423,0.0,0.0
2022-03-31 00:00:00-04:00,55.79999923706055,58.20000076293945,53.400001525878906,56.400001525878906,14053,0.0,0.0
2022-04-01 00:00:00-04:00,57.0,57.0,52.83000183105469,54.29999923706055,6813,0.0,0.0
2022-04-04 00:00:00-04:00,54.0,56.099998474121094,52.20000076293945,52.79999923706055,8667,0.0,0.0
2022-04-05 00:00:00-04:00,52.5,53.459999084472656,48.599998474121094,49.5,11657,0.0,0.0
2022-04-06 00:00:00-04:00,48.900001525878906,50.099998474121094,46.20000076293945,47.099998474121094,8430,0.0,0.0
2022-04-07 00:00:00-04:00,48.599998474121094,49.20000076293945,45.900001525878906,46.79999923706055,4100,0.0,0.0
2022-04-08 00:00:00-04:00,46.79999923706055,48.0,42.0,42.0,12990,0.0,0.0
2022-04-11 00:00:00-04:00,42.900001525878906,42.900001525878906,39.75,40.5,4623,0.0,0.0
2022-04-12 00:00:00-04:00,39.599998474121094,42.0,39.29999923706055,40.79999923706055,5283,0.0,0.0
2022-04-13 00:00:00-04:00,42.0,42.29999923706055,40.5,42.0,6500,0.0,0.0
2022-04-14 00:00:00-04:00,42.599998474121094,43.5,39.29999923706055,40.20000076293945,6673,0.0,0.0
2022-04-18 00:00:00-04:00,40.5,40.79999923706055,36.0,36.900001525878906,8183,0.0,0.0
2022-04-19 00:00:00-04:00,36.900001525878906,37.79999923706055,36.29999923706055,36.599998474121094,2863,0.0,0.0
2022-04-20 00:00:00-04:00,37.20000076293945,37.470001220703125,35.099998474121094,35.099998474121094,5950,0.0,0.0
2022-04-21 00:00:00-04:00,35.400001525878906,35.70000076293945,33.900001525878906,33.900001525878906,4803,0.0,0.0
2022-04-22 00:00:00-04:00,72.5999984741211,80.4000015258789,55.79999923706055,68.0999984741211,5755167,0.0,0.0
2022-04-25 00:00:00-04:00,58.79999923706055,65.0999984741211,55.20000076293945,58.20000076293945,358697,0.0,0.0
2022-04-26 00:00:00-04:00,51.599998474121094,53.70000076293945,43.79999923706055,46.5,132240,0.0,0.0
2022-04-27 00:00:00-04:00,43.20000076293945,57.900001525878906,42.150001525878906,43.79999923706055,200243,0.0,0.0
2022-04-28 00:00:00-04:00,41.099998474121094,43.20000076293945,37.349998474121094,39.29999923706055,33027,0.0,0.0
2022-04-29 00:00:00-04:00,38.099998474121094,43.20000076293945,37.20000076293945,37.20000076293945,27990,0.0,0.0
2022-05-02 00:00:00-04:00,36.599998474121094,38.70000076293945,34.79999923706055,37.5,12677,0.0,0.0
2022-05-03 00:00:00-04:00,37.79999923706055,40.5,36.900001525878906,39.29999923706055,26243,0.0,0.0
2022-05-04 00:00:00-04:00,40.79999923706055,41.70000076293945,38.099998474121094,40.20000076293945,15510,0.0,0.0
2022-05-05 00:00:00-04:00,39.29999923706055,43.95000076293945,38.099998474121094,38.70000076293945,10977,0.0,0.0
2022-05-06 00:00:00-04:00,38.70000076293945,40.79999923706055,37.79999923706055,39.29999923706055,14247,0.0,0.0
2022-05-09 00:00:00-04:00,37.5,38.70000076293945,33.599998474121094,36.599998474121094,8920,0.0,0.0
2022-05-10 00:00:00-04:00,35.849998474121094,37.20000076293945,31.5,32.400001525878906,5400,0.0,0.0
2022-05-11 00:00:00-04:00,33.0,35.099998474121094,30.0,30.600000381469727,7200,0.0,0.0
2022-05-12 00:00:00-04:00,27.56999969482422,30.0,27.299999237060547,28.139999389648438,7507,0.0,0.0
2022-05-13 00:00:00-04:00,27.299999237060547,28.139999389648438,20.700000762939453,21.0,43087,0.0,0.0
2022-05-16 00:00:00-04:00,23.100000381469727,23.549999237060547,14.699999809265137,16.649999618530273,33227,0.0,0.0
2022-05-17 00:00:00-04:00,16.530000686645508,18.270000457763672,15.899999618530273,17.700000762939453,19437,0.0,0.0
2022-05-18 00:00:00-04:00,18.209999084472656,19.200000762939453,16.68000030517578,17.06999969482422,11543,0.0,0.0
2022-05-19 00:00:00-04:00,17.34000015258789,18.0,16.5,17.399999618530273,5770,0.0,0.0
2022-05-20 00:00:00-04:00,18.0,18.0,16.5,16.709999084472656,9187,0.0,0.0
2022-05-23 00:00:00-04:00,17.639999389648438,18.56999969482422,16.5,16.559999465942383,10217,0.0,0.0
2022-05-24 00:00:00-04:00,16.950000762939453,18.0,10.199999809265137,15.479999542236328,13317,0.0,0.0
2022-05-25 00:00:00-04:00,15.479999542236328,16.139999389648438,15.029999732971191,15.899999618530273,7543,0.0,0.0
2022-05-26 00:00:00-04:00,15.899999618530273,17.100000381469727,15.329999923706055,16.649999618530273,5697,0.0,0.0
2022-05-27 00:00:00-04:00,16.200000762939453,17.940000534057617,15.630000114440918,16.860000610351562,2570,0.0,0.0
2022-05-31 00:00:00-04:00,18.0,18.0,16.860000610351562,17.100000381469727,6883,0.0,0.0
2022-06-01 00:00:00-04:00,18.0,18.0,15.899999618530273,15.930000305175781,6327,0.0,0.0
2022-06-02 00:00:00-04:00,16.469999313354492,16.979999542236328,15.149999618530273,15.8100004196167,4530,0.0,0.0
2022-06-03 00:00:00-04:00,16.200000762939453,16.950000762939453,15.390000343322754,16.350000381469727,6273,0.0,0.0
2022-06-06 00:00:00-04:00,16.59000015258789,17.399999618530273,12.0,14.1899995803833,30450,0.0,0.0
2022-06-07 00:00:00-04:00,15.0,16.200000762939453,14.399999618530273,15.6899995803833,10647,0.0,0.0
2022-06-08 00:00:00-04:00,15.300000190734863,16.5,15.149999618530273,15.539999961853027,5323,0.0,0.0
2022-06-09 00:00:00-04:00,15.930000305175781,15.930000305175781,14.460000038146973,15.300000190734863,3860,0.0,0.0
2022-06-10 00:00:00-04:00,15.600000381469727,15.84000015258789,14.399999618530273,15.630000114440918,4503,0.0,0.0
2022-06-13 00:00:00-04:00,14.520000457763672,15.119999885559082,12.779999732971191,13.680000305175781,4743,0.0,0.0
2022-06-14 00:00:00-04:00,14.130000114440918,14.15999984741211,11.520000457763672,12.449999809265137,19933,0.0,0.0
2022-06-15 00:00:00-04:00,12.300000190734863,13.770000457763672,12.300000190734863,13.5,6207,0.0,0.0
2022-06-16 00:00:00-04:00,13.199999809265137,14.699999809265137,13.199999809265137,14.489999771118164,5907,0.0,0.0
2022-06-17 00:00:00-04:00,14.069999694824219,15.0,13.59000015258789,14.609999656677246,2740,0.0,0.0
2022-06-21 00:00:00-04:00,14.25,15.029999732971191,13.649999618530273,14.489999771118164,4410,0.0,0.0
2022-06-22 00:00:00-04:00,14.069999694824219,15.75,13.680000305175781,13.890000343322754,14030,0.0,0.0
2022-06-23 00:00:00-04:00,13.800000190734863,14.489999771118164,13.5,14.399999618530273,4247,0.0,0.0
2022-06-24 00:00:00-04:00,14.399999618530273,15.899999618530273,14.399999618530273,15.300000190734863,4327,0.0,0.0
2022-06-27 00:00:00-04:00,15.329999923706055,16.5,14.399999618530273,15.869999885559082,5853,0.0,0.0
2022-06-28 00:00:00-04:00,15.6899995803833,21.899999618530273,15.479999542236328,18.899999618530273,53270,0.0,0.0
2022-06-29 00:00:00-04:00,18.899999618530273,20.940000534057617,16.5,18.450000762939453,33420,0.0,0.0
2022-06-30 00:00:00-04:00,19.200000762939453,21.510000228881836,17.489999771118164,19.200000762939453,55933,0.0,0.0
2022-07-01 00:00:00-04:00,20.25,20.34000015258789,18.0,18.600000381469727,7003,0.0,0.0
2022-07-05 00:00:00-04:00,18.239999771118164,19.68000030517578,16.770000457763672,19.049999237060547,10113,0.0,0.0
2022-07-06 00:00:00-04:00,19.049999237060547,20.100000381469727,18.0,19.350000381469727,7810,0.0,0.0
2022-07-07 00:00:00-04:00,19.530000686645508,21.0,18.18000030517578,19.799999237060547,15317,0.0,0.0
2022-07-08 00:00:00-04:00,19.770000457763672,21.299999237060547,18.899999618530273,20.25,9007,0.0,0.0
2022-07-11 00:00:00-04:00,20.25,20.399999618530273,18.899999618530273,20.100000381469727,5280,0.0,0.0
2022-07-12 00:00:00-04:00,19.31999969482422,20.25,18.149999618530273,19.709999084472656,11680,0.0,0.0
2022-07-13 00:00:00-04:00,20.670000076293945,20.670000076293945,19.200000762939453,19.5,34530,0.0,0.0
2022-07-14 00:00:00-04:00,18.84000015258789,18.8700008392334,16.5,16.799999237060547,19160,0.0,0.0
2022-07-15 00:00:00-04:00,16.200000762939453,16.350000381469727,13.800000190734863,15.359999656677246,12613,0.0,0.0
2022-07-18 00:00:00-04:00,15.8100004196167,15.899999618530273,14.9399995803833,15.180000305175781,3007,0.0,0.0
2022-07-19 00:00:00-04:00,15.149999618530273,16.200000762939453,15.0600004196167,15.300000190734863,5850,0.0,0.0
2022-07-20 00:00:00-04:00,15.0600004196167,15.960000038146973,15.0600004196167,15.359999656677246,2457,0.0,0.0
2022-07-21 00:00:00-04:00,15.84000015258789,15.899999618530273,15.149999618530273,15.180000305175781,3147,0.0,0.0
2022-07-22 00:00:00-04:00,15.600000381469727,16.649999618530273,13.800000190734863,14.699999809265137,7813,0.0,0.0
2022-07-25 00:00:00-04:00,15.239999771118164,15.300000190734863,14.100000381469727,14.579999923706055,2843,0.0,0.0
2022-07-26 00:00:00-04:00,14.550000190734863,14.9399995803833,13.800000190734863,14.100000381469727,1897,0.0,0.0
2022-07-27 00:00:00-04:00,14.430000305175781,14.819999694824219,12.359999656677246,12.989999771118164,7113,0.0,0.0
2022-07-28 00:00:00-04:00,13.170000076293945,13.5,11.699999809265137,12.09000015258789,9757,0.0,0.0
2022-07-29 00:00:00-04:00,12.420000076293945,12.600000381469727,10.260000228881836,12.0,8480,0.0,0.0
2022-08-01 00:00:00-04:00,11.699999809265137,11.819999694824219,10.979999542236328,11.520000457763672,4910,0.0,0.0
2022-08-02 00:00:00-04:00,11.760000228881836,12.300000190734863,11.25,11.640000343322754,9693,0.0,0.0
2022-08-03 00:00:00-04:00,12.869999885559082,22.5,12.390000343322754,13.140000343322754,232437,0.0,0.0
2022-08-04 00:00:00-04:00,13.949999809265137,14.100000381469727,12.420000076293945,12.479999542236328,26887,0.0,0.0
2022-08-05 00:00:00-04:00,12.239999771118164,12.270000457763672,11.699999809265137,11.970000267028809,15640,0.0,0.0
2022-08-08 00:00:00-04:00,12.0,12.600000381469727,11.430000305175781,12.569999694824219,11917,0.0,0.0
2022-08-09 00:00:00-04:00,12.539999961853027,12.600000381469727,10.979999542236328,11.039999961853027,18100,0.0,0.0
2022-08-10 00:00:00-04:00,11.3100004196167,12.0,11.3100004196167,11.850000381469727,9940,0.0,0.0
2022-08-11 00:00:00-04:00,11.819999694824219,12.0,11.399999618530273,12.0,8133,0.0,0.0
2022-08-12 00:00:00-04:00,11.699999809265137,13.079999923706055,11.699999809265137,12.720000267028809,21887,0.0,0.0
2022-08-15 00:00:00-04:00,13.079999923706055,13.5600004196167,12.0600004196167,13.470000267028809,18070,0.0,0.0
2022-08-16 00:00:00-04:00,13.5,13.5,12.779999732971191,12.869999885559082,7243,0.0,0.0
2022-08-17 00:00:00-04:00,12.869999885559082,13.5,12.449999809265137,13.199999809265137,13933,0.0,0.0
2022-08-18 00:00:00-04:00,13.5,13.5,12.600000381469727,13.170000076293945,13953,0.0,0.0
2022-08-19 00:00:00-04:00,13.199999809265137,13.199999809265137,12.0600004196167,12.600000381469727,13317,0.0,0.0
2022-08-22 00:00:00-04:00,12.329999923706055,12.869999885559082,11.729999542236328,12.600000381469727,9357,0.0,0.0
2022-08-23 00:00:00-04:00,12.600000381469727,13.680000305175781,11.789999961853027,13.050000190734863,14287,0.0,0.0
2022-08-24 00:00:00-04:00,13.199999809265137,14.25,11.699999809265137,13.59000015258789,29790,0.0,0.0
2022-08-25 00:00:00-04:00,13.770000457763672,14.369999885559082,13.199999809265137,13.800000190734863,17123,0.0,0.0
2022-08-26 00:00:00-04:00,13.380000114440918,13.800000190734863,12.449999809265137,12.720000267028809,12977,0.0,0.0
2022-08-29 00:00:00-04:00,12.630000114440918,13.170000076293945,11.699999809265137,12.300000190734863,11567,0.0,0.0
2022-08-30 00:00:00-04:00,12.0,12.720000267028809,12.0,12.359999656677246,7003,0.0,0.0
2022-08-31 00:00:00-04:00,12.449999809265137,12.569999694824219,12.0,12.300000190734863,9460,0.0,0.0
2022-09-01 00:00:00-04:00,12.239999771118164,12.600000381469727,10.859999656677246,11.550000190734863,13903,0.0,0.0
2022-09-02 00:00:00-04:00,11.699999809265137,12.09000015258789,11.15999984741211,11.699999809265137,2487,0.0,0.0
2022-09-06 00:00:00-04:00,11.25,12.0,11.039999961853027,11.34000015258789,4733,0.0,0.0
2022-09-07 00:00:00-04:00,11.039999961853027,11.699999809265137,10.800000190734863,11.699999809265137,3907,0.0,0.0
2022-09-08 00:00:00-04:00,11.819999694824219,12.239999771118164,11.100000381469727,12.119999885559082,10213,0.0,0.0
2022-09-09 00:00:00-04:00,12.119999885559082,12.510000228881836,11.399999618530273,11.760000228881836,7600,0.0,0.0
2022-09-12 00:00:00-04:00,11.399999618530273,12.6899995803833,11.1899995803833,12.210000038146973,17990,0.0,0.0
2022-09-13 00:00:00-04:00,12.300000190734863,12.300000190734863,11.520000457763672,12.300000190734863,8620,0.0,0.0
2022-09-14 00:00:00-04:00,12.390000343322754,12.390000343322754,11.729999542236328,11.819999694824219,9553,0.0,0.0
2022-09-15 00:00:00-04:00,12.0,12.029999732971191,11.520000457763672,11.789999961853027,8740,0.0,0.0
2022-09-16 00:00:00-04:00,11.699999809265137,12.0,11.460000038146973,11.550000190734863,7907,0.0,0.0
2022-09-19 00:00:00-04:00,11.460000038146973,11.819999694824219,10.260000228881836,10.829999923706055,8643,0.0,0.0
2022-09-20 00:00:00-04:00,10.859999656677246,10.920000076293945,10.229999542236328,10.260000228881836,2963,0.0,0.0
2022-09-21 00:00:00-04:00,10.5,11.069999694824219,10.020000457763672,10.020000457763672,10227,0.0,0.0
2022-09-22 00:00:00-04:00,9.989999771118164,11.850000381469727,8.550000190734863,10.829999923706055,38400,0.0,0.0
2022-09-23 00:00:00-04:00,10.140000343322754,10.140000343322754,7.5,9.149999618530273,15203,0.0,0.0
2022-09-26 00:00:00-04:00,9.300000190734863,9.600000381469727,9.0,9.0,4443,0.0,0.0
2022-09-27 00:00:00-04:00,9.0,9.539999961853027,8.399999618530273,8.9399995803833,10810,0.0,0.0
2022-09-28 00:00:00-04:00,8.970000267028809,9.0,8.430000305175781,8.520000457763672,4427,0.0,0.0
2022-09-29 00:00:00-04:00,8.489999771118164,9.390000343322754,8.460000038146973,8.550000190734863,2543,0.0,0.0
2022-09-30 00:00:00-04:00,9.300000190734863,10.050000190734863,8.550000190734863,8.550000190734863,10310,0.0,0.0
2022-10-03 00:00:00-04:00,9.210000038146973,9.210000038146973,8.399999618530273,8.699999809265137,4507,0.0,0.0
2022-10-04 00:00:00-04:00,8.699999809265137,10.199999809265137,7.800000190734863,9.029999732971191,34017,0.0,0.0
2022-10-05 00:00:00-04:00,9.270000457763672,11.100000381469727,9.029999732971191,10.4399995803833,48980,0.0,0.0
2022-10-06 00:00:00-04:00,10.770000457763672,10.800000190734863,9.449999809265137,9.6899995803833,19413,0.0,0.0
2022-10-07 00:00:00-04:00,9.65999984741211,9.899999618530273,9.0,9.09000015258789,10813,0.0,0.0
2022-10-10 00:00:00-04:00,9.479999542236328,9.479999542236328,8.729999542236328,9.329999923706055,11427,0.0,0.0
2022-10-11 00:00:00-04:00,9.0600004196167,9.449999809265137,8.699999809265137,9.359999656677246,10297,0.0,0.0
2022-10-12 00:00:00-04:00,9.300000190734863,9.600000381469727,8.850000381469727,9.449999809265137,3730,0.0,0.0
2022-10-13 00:00:00-04:00,9.300000190734863,9.449999809265137,8.850000381469727,9.149999618530273,3897,0.0,0.0
2022-10-14 00:00:00-04:00,9.390000343322754,9.569999694824219,8.729999542236328,9.149999618530273,6360,0.0,0.0
2022-10-17 00:00:00-04:00,9.300000190734863,9.569999694824219,8.970000267028809,9.329999923706055,4317,0.0,0.0
2022-10-18 00:00:00-04:00,9.329999923706055,10.050000190734863,9.329999923706055,9.899999618530273,7613,0.0,0.0
2022-10-19 00:00:00-04:00,9.989999771118164,10.800000190734863,9.359999656677246,9.359999656677246,13880,0.0,0.0
2022-10-20 00:00:00-04:00,9.75,10.199999809265137,9.0,9.539999961853027,8043,0.0,0.0
2022-10-21 00:00:00-04:00,9.449999809265137,9.899999618530273,9.029999732971191,9.65999984741211,2467,0.0,0.0
2022-10-24 00:00:00-04:00,9.869999885559082,13.800000190734863,8.699999809265137,9.75,94723,0.0,0.0
2022-10-25 00:00:00-04:00,9.239999771118164,9.899999618530273,9.239999771118164,9.899999618530273,10640,0.0,0.0
2022-10-26 00:00:00-04:00,9.569999694824219,10.170000076293945,9.239999771118164,9.899999618530273,7130,0.0,0.0
2022-10-27 00:00:00-04:00,9.779999732971191,9.899999618530273,9.0,9.0,5447,0.0,0.0
2022-10-28 00:00:00-04:00,9.0,9.6899995803833,6.150000095367432,8.25,30207,0.0,0.0
2022-10-31 00:00:00-04:00,8.369999885559082,8.550000190734863,7.5,7.590000152587891,8590,0.0,0.0
2022-11-01 00:00:00-04:00,7.800000190734863,8.880000114440918,7.199999809265137,7.650000095367432,11053,0.0,0.0
2022-11-02 00:00:00-04:00,8.15999984741211,8.15999984741211,7.199999809265137,7.739999771118164,2503,0.0,0.0
2022-11-03 00:00:00-04:00,7.559999942779541,8.399999618530273,7.199999809265137,7.590000152587891,7350,0.0,0.0
2022-11-04 00:00:00-04:00,7.5,8.220000267028809,7.199999809265137,7.5,2480,0.0,0.0
2022-11-07 00:00:00-05:00,7.650000095367432,8.430000305175781,7.199999809265137,7.679999828338623,3937,0.0,0.0
2022-11-08 00:00:00-05:00,8.100000381469727,8.430000305175781,6.599999904632568,7.199999809265137,8077,0.0,0.0
2022-11-09 00:00:00-05:00,7.5,7.800000190734863,7.050000190734863,7.769999980926514,5250,0.0,0.0
2022-11-10 00:00:00-05:00,7.769999980926514,8.399999618530273,7.349999904632568,7.650000095367432,2320,0.0,0.0
2022-11-11 00:00:00-05:00,7.769999980926514,8.25,7.380000114440918,8.100000381469727,4457,0.0,0.0
2022-11-14 00:00:00-05:00,7.710000038146973,8.100000381469727,7.710000038146973,7.889999866485596,780,0.0,0.0
2022-11-15 00:00:00-05:00,8.25,8.369999885559082,7.409999847412109,8.069999694824219,2207,0.0,0.0
2022-11-16 00:00:00-05:00,8.399999618530273,8.9399995803833,7.889999866485596,8.399999618530273,10450,0.0,0.0
2022-11-17 00:00:00-05:00,8.670000076293945,8.670000076293945,7.739999771118164,8.130000114440918,3877,0.0,0.0
2022-11-18 00:00:00-05:00,8.369999885559082,8.369999885559082,7.590000152587891,8.25,1550,0.0,0.0
2022-11-21 00:00:00-05:00,8.399999618530273,8.399999618530273,6.75,7.5,10093,0.0,0.0
2022-11-22 00:00:00-05:00,7.5,7.800000190734863,6.989999771118164,7.170000076293945,3893,0.0,0.0
2022-11-23 00:00:00-05:00,6.900000095367432,8.550000190734863,6.900000095367432,7.619999885559082,7387,0.0,0.0
2022-11-25 00:00:00-05:00,7.380000114440918,7.949999809265137,7.380000114440918,7.5,780,0.0,0.0
2022-11-28 00:00:00-05:00,7.5,8.100000381469727,6.480000019073486,6.960000038146973,5920,0.0,0.0
2022-11-29 00:00:00-05:00,7.050000190734863,7.409999847412109,6.78000020980835,7.199999809265137,3303,0.0,0.0
2022-11-30 00:00:00-05:00,7.230000019073486,7.860000133514404,7.079999923706055,7.409999847412109,13733,0.0,0.0
2022-12-01 00:00:00-05:00,7.199999809265137,7.710000038146973,6.929999828338623,7.53000020980835,3493,0.0,0.0
2022-12-02 00:00:00-05:00,7.440000057220459,7.5,7.050000190734863,7.199999809265137,1803,0.0,0.0
2022-12-05 00:00:00-05:00,7.619999885559082,7.650000095367432,6.869999885559082,7.050000190734863,2947,0.0,0.0
2022-12-06 00:00:00-05:00,7.050000190734863,7.349999904632568,6.900000095367432,6.989999771118164,1570,0.0,0.0
2022-12-07 00:00:00-05:00,7.349999904632568,7.349999904632568,6.449999809265137,6.599999904632568,7837,0.0,0.0
2022-12-08 00:00:00-05:00,6.929999828338623,6.929999828338623,6.360000133514404,6.449999809265137,5253,0.0,0.0
2022-12-09 00:00:00-05:00,6.360000133514404,7.199999809265137,6.360000133514404,6.840000152587891,8150,0.0,0.0
2022-12-12 00:00:00-05:00,6.960000038146973,9.899999618530273,6.929999828338623,7.619999885559082,97520,0.0,0.0
2022-12-13 00:00:00-05:00,7.920000076293945,8.399999618530273,7.199999809265137,7.559999942779541,390707,0.0,0.0
2022-12-14 00:00:00-05:00,22.799999237060547,23.549999237060547,13.199999809265137,15.449999809265137,3305210,0.0,0.0
2022-12-15 00:00:00-05:00,11.34000015258789,12.600000381469727,10.859999656677246,11.069999694824219,264367,0.0,0.0
2022-12-16 00:00:00-05:00,10.800000190734863,10.800000190734863,8.670000076293945,8.90999984741211,133680,0.0,0.0
2022-12-19 00:00:00-05:00,8.399999618530273,10.619999885559082,7.829999923706055,9.390000343322754,159427,0.0,0.0
2022-12-20 00:00:00-05:00,10.739999771118164,13.199999809265137,9.899999618530273,10.5,185843,0.0,0.0
2022-12-21 00:00:00-05:00,10.649999618530273,10.739999771118164,9.029999732971191,10.020000457763672,37760,0.0,0.0
2022-12-22 00:00:00-05:00,9.720000267028809,10.800000190734863,9.0,9.779999732971191,35197,0.0,0.0
2022-12-23 00:00:00-05:00,10.40999984741211,10.40999984741211,8.34000015258789,8.460000038146973,25717,0.0,0.0
2022-12-27 00:00:00-05:00,8.850000381469727,9.270000457763672,8.25,8.34000015258789,12770,0.0,0.0
2022-12-28 00:00:00-05:00,8.100000381469727,8.550000190734863,7.800000190734863,7.800000190734863,17543,0.0,0.0
2022-12-29 00:00:00-05:00,8.100000381469727,8.699999809265137,7.800000190734863,8.489999771118164,30743,0.0,0.0
2022-12-30 00:00:00-05:00,7.800000190734863,8.699999809265137,7.5,8.699999809265137,22717,0.0,0.0
2023-01-03 00:00:00-05:00,8.430000305175781,8.550000190734863,7.860000133514404,8.34000015258789,14133,0.0,0.0
2023-01-04 00:00:00-05:00,8.100000381469727,9.600000381469727,7.860000133514404,8.489999771118164,53260,0.0,0.0
2023-01-05 00:00:00-05:00,8.850000381469727,9.0,8.100000381469727,8.399999618530273,26197,0.0,0.0
2023-01-06 00:00:00-05:00,8.15999984741211,8.699999809265137,7.800000190734863,8.25,19673,0.0,0.0
2023-01-09 00:00:00-05:00,8.25,9.539999961853027,8.25,9.0,31377,0.0,0.0
2023-01-10 00:00:00-05:00,9.449999809265137,9.600000381469727,9.0,9.420000076293945,8597,0.0,0.0
2023-01-11 00:00:00-05:00,9.600000381469727,10.109999656677246,8.729999542236328,8.880000114440918,9590,0.0,0.0
2023-01-12 00:00:00-05:00,9.239999771118164,9.300000190734863,8.130000114440918,8.699999809265137,4810,0.0,0.0
2023-01-13 00:00:00-05:00,9.0,9.600000381469727,8.130000114440918,8.130000114440918,20823,0.0,0.0
2023-01-17 00:00:00-05:00,8.699999809265137,10.170000076293945,8.699999809265137,9.720000267028809,17150,0.0,0.0
2023-01-18 00:00:00-05:00,9.270000457763672,9.899999618530273,9.149999618530273,9.390000343322754,8463,0.0,0.0
2023-01-19 00:00:00-05:00,9.720000267028809,9.720000267028809,8.399999618530273,9.270000457763672,6307,0.0,0.0
2023-01-20 00:00:00-05:00,9.0,9.600000381469727,8.550000190734863,8.789999961853027,13923,0.0,0.0
2023-01-23 00:00:00-05:00,8.699999809265137,9.300000190734863,8.640000343322754,8.640000343322754,9350,0.0,0.0
2023-01-24 00:00:00-05:00,9.539999961853027,9.600000381469727,7.949999809265137,8.579999923706055,24530,0.0,0.0
2023-01-25 00:00:00-05:00,8.3100004196167,8.819999694824219,8.100000381469727,8.3100004196167,5443,0.0,0.0
2023-01-26 00:00:00-05:00,9.0,9.300000190734863,7.679999828338623,8.34000015258789,19047,0.0,0.0
2023-01-27 00:00:00-05:00,8.34000015258789,8.399999618530273,8.100000381469727,8.1899995803833,7393,0.0,0.0
2023-01-30 00:00:00-05:00,8.100000381469727,8.220000267028809,7.800000190734863,8.010000228881836,7737,0.0,0.0
2023-01-31 00:00:00-05:00,8.369999885559082,8.369999885559082,7.920000076293945,8.039999961853027,6237,0.0,0.0
2023-02-01 00:00:00-05:00,7.800000190734863,8.699999809265137,7.800000190734863,8.399999618530273,7137,0.0,0.0
2023-02-02 00:00:00-05:00,8.550000190734863,9.149999618530273,8.489999771118164,8.729999542236328,22730,0.0,0.0
2023-02-03 00:00:00-05:00,8.9399995803833,9.149999618530273,8.399999618530273,8.520000457763672,8393,0.0,0.0
2023-02-06 00:00:00-05:00,8.850000381469727,8.850000381469727,8.25,8.489999771118164,4540,0.0,0.0
2023-02-07 00:00:00-05:00,8.550000190734863,8.699999809265137,8.430000305175781,8.520000457763672,3497,0.0,0.0
2023-02-08 00:00:00-05:00,8.670000076293945,8.670000076293945,7.980000019073486,8.25,3950,0.0,0.0
2023-02-09 00:00:00-05:00,8.039999961853027,8.460000038146973,7.829999923706055,8.039999961853027,2233,0.0,0.0
2023-02-10 00:00:00-05:00,9.0,24.299999237060547,9.0,13.890000343322754,4421173,0.0,0.0
2023-02-13 00:00:00-05:00,27.959999084472656,36.900001525878906,24.93000030517578,26.399999618530273,5906457,0.0,0.0
2023-02-14 00:00:00-05:00,26.399999618530273,28.020000457763672,19.079999923706055,19.5,616417,0.0,0.0
2023-02-15 00:00:00-05:00,24.299999237060547,30.899999618530273,21.600000381469727,24.0,1482280,0.0,0.0
2023-02-16 00:00:00-05:00,23.3700008392334,24.0,20.100000381469727,21.510000228881836,146243,0.0,0.0
2023-02-17 00:00:00-05:00,19.68000030517578,25.979999542236328,19.110000610351562,23.790000915527344,288577,0.0,0.0
2023-02-21 00:00:00-05:00,22.770000457763672,24.149999618530273,21.299999237060547,21.899999618530273,56200,0.0,0.0
2023-02-22 00:00:00-05:00,20.670000076293945,21.420000076293945,17.100000381469727,18.270000457763672,116160,0.0,0.0
2023-02-23 00:00:00-05:00,18.0,20.940000534057617,17.790000915527344,18.6299991607666,72107,0.0,0.0
2023-02-24 00:00:00-05:00,18.0,18.600000381469727,16.860000610351562,18.270000457763672,46207,0.0,0.0
2023-02-27 00:00:00-05:00,16.829999923706055,17.850000381469727,15.65999984741211,16.020000457763672,37763,0.0,0.0
2023-02-28 00:00:00-05:00,15.600000381469727,15.899999618530273,12.930000305175781,13.5,58577,0.0,0.0
2023-03-01 00:00:00-05:00,13.5,13.739999771118164,12.359999656677246,12.720000267028809,23553,0.0,0.0
2023-03-02 00:00:00-05:00,12.8100004196167,13.199999809265137,11.550000190734863,12.239999771118164,22960,0.0,0.0
2023-03-03 00:00:00-05:00,12.239999771118164,12.239999771118164,9.600000381469727,11.640000343322754,30940,0.0,0.0
2023-03-06 00:00:00-05:00,11.069999694824219,19.139999389648438,11.069999694824219,18.0,228843,0.0,0.0
2023-03-07 00:00:00-05:00,17.43000030517578,17.43000030517578,13.890000343322754,14.699999809265137,44677,0.0,0.0
2023-03-08 00:00:00-05:00,15.0,15.0,12.600000381469727,13.350000381469727,19257,0.0,0.0
2023-03-09 00:00:00-05:00,12.600000381469727,14.069999694824219,12.600000381469727,13.020000457763672,10443,0.0,0.0
2023-03-10 00:00:00-05:00,13.350000381469727,13.5,12.300000190734863,12.75,10307,0.0,0.0
2023-03-13 00:00:00-04:00,12.0,12.0,11.130000114440918,11.579999923706055,15803,0.0,0.0
2023-03-14 00:00:00-04:00,11.699999809265137,14.699999809265137,11.699999809265137,12.6899995803833,16413,0.0,0.0
2023-03-15 00:00:00-04:00,12.300000190734863,12.300000190734863,11.460000038146973,11.850000381469727,6580,0.0,0.0
2023-03-16 00:00:00-04:00,11.699999809265137,15.600000381469727,11.699999809265137,14.399999618530273,64973,0.0,0.0
2023-03-17 00:00:00-04:00,14.069999694824219,14.399999618530273,12.300000190734863,12.84000015258789,12440,0.0,0.0
2023-03-20 00:00:00-04:00,12.449999809265137,13.5,12.0,12.600000381469727,8883,0.0,0.0
2023-03-21 00:00:00-04:00,12.449999809265137,12.899999618530273,12.029999732971191,12.329999923706055,8453,0.0,0.0
2023-03-22 00:00:00-04:00,12.899999618530273,13.260000228881836,12.149999618530273,12.300000190734863,9180,0.0,0.0
2023-03-23 00:00:00-04:00,12.300000190734863,12.899999618530273,11.699999809265137,12.300000190734863,9790,0.0,0.0
2023-03-24 00:00:00-04:00,11.9399995803833,12.300000190734863,11.850000381469727,12.0600004196167,4877,0.0,0.0
2023-03-27 00:00:00-04:00,11.850000381469727,12.600000381469727,11.699999809265137,11.90999984741211,5407,0.0,0.0
2023-03-28 00:00:00-04:00,11.699999809265137,12.119999885559082,11.130000114440918,11.25,7953,0.0,0.0
2023-03-29 00:00:00-04:00,11.100000381469727,11.699999809265137,11.100000381469727,11.279999732971191,7643,0.0,0.0
2023-03-30 00:00:00-04:00,11.279999732971191,11.699999809265137,11.15999984741211,11.15999984741211,5467,0.0,0.0
2023-03-31 00:00:00-04:00,11.399999618530273,11.699999809265137,10.5,10.859999656677246,8503,0.0,0.0
2023-04-03 00:00:00-04:00,10.800000190734863,11.220000267028809,10.5,10.5,5850,0.0,0.0
2023-04-04 00:00:00-04:00,10.800000190734863,11.069999694824219,9.960000038146973,10.5,7490,0.0,0.0
2023-04-05 00:00:00-04:00,10.800000190734863,16.200000762939453,9.600000381469727,13.199999809265137,92837,0.0,0.0
2023-04-06 00:00:00-04:00,10.979999542236328,12.300000190734863,10.859999656677246,11.789999961853027,28777,0.0,0.0
2023-04-10 00:00:00-04:00,11.430000305175781,12.600000381469727,11.430000305175781,11.90999984741211,9350,0.0,0.0
2023-04-11 00:00:00-04:00,12.600000381469727,12.899999618530273,11.850000381469727,12.359999656677246,8307,0.0,0.0
2023-04-12 00:00:00-04:00,12.300000190734863,12.899999618530273,11.1899995803833,12.0,18173,0.0,0.0
2023-04-13 00:00:00-04:00,11.399999618530273,11.399999618530273,10.649999618530273,11.100000381469727,12773,0.0,0.0
2023-04-14 00:00:00-04:00,10.829999923706055,11.34000015258789,10.739999771118164,10.859999656677246,7860,0.0,0.0
2023-04-17 00:00:00-04:00,10.859999656677246,15.300000190734863,10.859999656677246,13.619999885559082,56600,0.0,0.0
2023-04-18 00:00:00-04:00,12.600000381469727,13.170000076293945,11.760000228881836,12.75,30093,0.0,0.0
2023-04-19 00:00:00-04:00,12.869999885559082,16.5,12.600000381469727,16.170000076293945,93363,0.0,0.0
2023-04-20 00:00:00-04:00,16.170000076293945,16.5,12.989999771118164,13.800000190734863,40943,0.0,0.0
2023-04-21 00:00:00-04:00,12.600000381469727,12.930000305175781,11.399999618530273,12.0,37117,0.0,0.0
2023-04-24 00:00:00-04:00,13.199999809265137,13.329999923706055,7.610000133514404,8.585000038146973,228300,0.0,0.03333333333333333
2023-04-25 00:00:00-04:00,7.619999885559082,10.239999771118164,7.619999885559082,8.109999656677246,141300,0.0,0.0
2023-04-26 00:00:00-04:00,7.519999980926514,7.988999843597412,5.489999771118164,5.949999809265137,101400,0.0,0.0
2023-04-27 00:00:00-04:00,6.010000228881836,8.260000228881836,6.0,7.019999980926514,162800,0.0,0.0
2023-04-28 00:00:00-04:00,6.96999979019165,7.28000020980835,6.53000020980835,6.949999809265137,49500,0.0,0.0
2023-05-01 00:00:00-04:00,6.949999809265137,7.489999771118164,6.769999980926514,7.309999942779541,19700,0.0,0.0
2023-05-02 00:00:00-04:00,8.199999809265137,8.199999809265137,7.039999961853027,7.360000133514404,61500,0.0,0.0
2023-05-03 00:00:00-04:00,7.5279998779296875,8.890000343322754,7.5279998779296875,7.710000038146973,98800,0.0,0.0
2023-05-04 00:00:00-04:00,7.210000038146973,7.478000164031982,7.03000020980835,7.03000020980835,11800,0.0,0.0
2023-05-05 00:00:00-04:00,7.019999980926514,7.380000114440918,6.690000057220459,7.0,18800,0.0,0.0
2023-05-08 00:00:00-04:00,7.050000190734863,7.699999809265137,6.730000019073486,6.730000019073486,45700,0.0,0.0
2023-05-09 00:00:00-04:00,6.900000095367432,7.590000152587891,6.840000152587891,7.019999980926514,13600,0.0,0.0
2023-05-10 00:00:00-04:00,7.041999816894531,7.159999847412109,6.65500020980835,6.699999809265137,13400,0.0,0.0
2023-05-11 00:00:00-04:00,6.760000228881836,7.0,6.760000228881836,6.789999961853027,7800,0.0,0.0
2023-05-12 00:00:00-04:00,6.71999979019165,6.90500020980835,6.28000020980835,6.300000190734863,23100,0.0,0.0
2023-05-15 00:00:00-04:00,6.380000114440918,6.619999885559082,6.340000152587891,6.340000152587891,5400,0.0,0.0
2023-05-16 00:00:00-04:00,6.150000095367432,6.579999923706055,6.059999942779541,6.059999942779541,9000,0.0,0.0
2023-05-17 00:00:00-04:00,5.909999847412109,6.083000183105469,5.517000198364258,5.730000019073486,14300,0.0,0.0
2023-05-18 00:00:00-04:00,6.050000190734863,6.449999809265137,5.949999809265137,6.019999980926514,12300,0.0,0.0
2023-05-19 00:00:00-04:00,6.170000076293945,6.380000114440918,5.988999843597412,6.230000019073486,18000,0.0,0.0
2023-05-22 00:00:00-04:00,6.199999809265137,6.25,6.0,6.135000228881836,3500,0.0,0.0
2023-05-23 00:00:00-04:00,6.010000228881836,7.039999961853027,6.010000228881836,6.820000171661377,17100,0.0,0.0
2023-05-24 00:00:00-04:00,6.599999904632568,6.599999904632568,6.0,6.28000020980835,6800,0.0,0.0
2023-05-25 00:00:00-04:00,6.302999973297119,6.302999973297119,6.0,6.050000190734863,7900,0.0,0.0
2023-05-26 00:00:00-04:00,6.017000198364258,6.989999771118164,5.789999961853027,5.789999961853027,57700,0.0,0.0
2023-05-30 00:00:00-04:00,6.0,6.099999904632568,5.590000152587891,5.590000152587891,6400,0.0,0.0
2023-05-31 00:00:00-04:00,6.239999771118164,6.6519999504089355,5.699999809265137,5.974999904632568,11200,0.0,0.0
2023-06-01 00:00:00-04:00,5.800000190734863,6.244999885559082,5.699999809265137,5.800000190734863,25800,0.0,0.0
2023-06-02 00:00:00-04:00,6.550000190734863,6.550000190734863,5.860000133514404,6.0,16400,0.0,0.0
2023-06-05 00:00:00-04:00,6.0,6.214000225067139,5.800000190734863,5.840000152587891,26800,0.0,0.0
2023-06-06 00:00:00-04:00,5.800000190734863,6.199999809265137,5.800000190734863,5.960000038146973,17900,0.0,0.0
2023-06-07 00:00:00-04:00,5.943999767303467,6.159999847412109,5.943999767303467,6.139999866485596,5000,0.0,0.0
2023-06-08 00:00:00-04:00,6.019999980926514,6.269999980926514,5.800000190734863,6.090000152587891,6300,0.0,0.0
2023-06-09 00:00:00-04:00,6.039999961853027,6.090000152587891,5.909999847412109,5.909999847412109,4000,0.0,0.0
2023-06-12 00:00:00-04:00,6.059999942779541,6.309999942779541,5.989999771118164,6.289999961853027,7100,0.0,0.0
2023-06-13 00:00:00-04:00,6.650000095367432,6.699999809265137,6.139999866485596,6.369999885559082,19000,0.0,0.0
2023-06-14 00:00:00-04:00,6.349999904632568,6.690000057220459,6.150000095367432,6.610000133514404,10900,0.0,0.0
2023-06-15 00:00:00-04:00,6.289999961853027,6.849999904632568,6.014999866485596,6.119999885559082,39800,0.0,0.0
2023-06-16 00:00:00-04:00,6.150000095367432,6.349999904632568,5.860000133514404,5.940000057220459,31300,0.0,0.0
2023-06-20 00:00:00-04:00,5.960000038146973,6.099999904632568,5.869999885559082,6.019999980926514,5300,0.0,0.0
2023-06-21 00:00:00-04:00,5.849999904632568,6.104000091552734,5.670000076293945,5.829999923706055,22200,0.0,0.0
2023-06-22 00:00:00-04:00,5.949999809265137,6.170000076293945,5.809999942779541,5.809999942779541,3600,0.0,0.0
2023-06-23 00:00:00-04:00,5.809999942779541,5.875,5.369999885559082,5.389999866485596,10100,0.0,0.0
2023-06-26 00:00:00-04:00,5.489999771118164,5.710000038146973,4.605000019073486,4.820000171661377,20800,0.0,0.0
2023-06-27 00:00:00-04:00,5.059999942779541,5.349999904632568,4.699999809265137,4.900000095367432,17500,0.0,0.0
2023-06-28 00:00:00-04:00,4.929999828338623,5.190000057220459,4.909999847412109,4.909999847412109,4300,0.0,0.0
2023-06-29 00:00:00-04:00,4.860000133514404,4.900000095367432,4.119999885559082,4.340000152587891,51200,0.0,0.0
2023-06-30 00:00:00-04:00,4.329999923706055,4.489999771118164,4.09499979019165,4.25,12700,0.0,0.0
2023-07-03 00:00:00-04:00,4.599999904632568,4.619999885559082,4.150000095367432,4.440000057220459,17100,0.0,0.0
2023-07-05 00:00:00-04:00,4.679999828338623,4.679999828338623,4.159999847412109,4.559999942779541,14700,0.0,0.0
2023-07-06 00:00:00-04:00,4.570000171661377,4.599999904632568,4.340000152587891,4.340000152587891,5100,0.0,0.0
2023-07-07 00:00:00-04:00,4.340000152587891,4.614999771118164,4.320000171661377,4.320000171661377,7800,0.0,0.0
2023-07-10 00:00:00-04:00,4.25,4.650000095367432,4.25,4.559999942779541,21600,0.0,0.0
2023-07-11 00:00:00-04:00,4.854000091552734,4.854000091552734,4.276000022888184,4.329999923706055,15300,0.0,0.0
2023-07-12 00:00:00-04:00,4.380000114440918,4.489999771118164,3.9800000190734863,4.150000095367432,16100,0.0,0.0
2023-07-13 00:00:00-04:00,4.0,4.139999866485596,4.0,4.139999866485596,6000,0.0,0.0
2023-07-14 00:00:00-04:00,4.119999885559082,4.300000190734863,3.9600000381469727,4.034999847412109,13400,0.0,0.0
2023-07-17 00:00:00-04:00,3.9600000381469727,4.050000190734863,3.700000047683716,3.7899999618530273,6800,0.0,0.0
2023-07-18 00:00:00-04:00,3.7880001068115234,4.039999961853027,3.6700000762939453,3.7899999618530273,12700,0.0,0.0
2023-07-19 00:00:00-04:00,3.630000114440918,4.070000171661377,3.621999979019165,3.869999885559082,6400,0.0,0.0
2023-07-20 00:00:00-04:00,4.015999794006348,4.015999794006348,3.609999895095825,3.609999895095825,3100,0.0,0.0
2023-07-21 00:00:00-04:00,3.9800000190734863,3.9800000190734863,3.609999895095825,3.609999895095825,4400,0.0,0.0
2023-07-24 00:00:00-04:00,3.5299999713897705,3.8399999141693115,3.5199999809265137,3.559999942779541,3500,0.0,0.0
2023-07-25 00:00:00-04:00,3.8369998931884766,3.8369998931884766,3.630000114440918,3.630000114440918,2700,0.0,0.0
2023-07-26 00:00:00-04:00,3.549999952316284,3.8450000286102295,3.549999952316284,3.700000047683716,3300,0.0,0.0
2023-07-27 00:00:00-04:00,3.680000066757202,3.700000047683716,3.450000047683716,3.5999999046325684,3600,0.0,0.0
