Date,Open,High,Low,Close,Volume,Dividends,Stock Splits
2021-05-13 00:00:00-04:00,49.25,49.25,49.25,49.25,60,0.0,0.0
2021-05-14 00:00:00-04:00,49.25,50.0,49.25,50.0,440,0.0,0.0
2021-05-17 00:00:00-04:00,50.0,50.0,49.244998931884766,49.244998931884766,580,0.0,0.0
2021-05-18 00:00:00-04:00,49.244998931884766,49.244998931884766,49.244998931884766,49.244998931884766,0,0.0,0.0
2021-05-19 00:00:00-04:00,49.244998931884766,49.244998931884766,49.244998931884766,49.244998931884766,0,0.0,0.0
2021-05-20 00:00:00-04:00,49.244998931884766,49.244998931884766,49.244998931884766,49.244998931884766,0,0.0,0.0
2021-05-21 00:00:00-04:00,50.0,50.75,49.25,49.25,1080,0.0,0.0
2021-05-24 00:00:00-04:00,50.150001525878906,50.150001525878906,49.20000076293945,49.20000076293945,240,0.0,0.0
2021-05-25 00:00:00-04:00,49.0,49.099998474121094,49.0,49.099998474121094,100,0.0,0.0
2021-05-26 00:00:00-04:00,51.5,51.5,48.904998779296875,49.0,2420,0.0,0.0
2021-05-27 00:00:00-04:00,49.17499923706055,49.17499923706055,49.17499923706055,49.17499923706055,60,0.0,0.0
2021-05-28 00:00:00-04:00,49.17499923706055,49.17499923706055,49.17499923706055,49.17499923706055,0,0.0,0.0
2021-06-01 00:00:00-04:00,49.17499923706055,49.17499923706055,49.17499923706055,49.17499923706055,0,0.0,0.0
2021-06-02 00:00:00-04:00,49.75,49.75,49.20000076293945,49.20000076293945,400,0.0,0.0
2021-06-03 00:00:00-04:00,49.04999923706055,49.04999923706055,49.0,49.0,520,0.0,0.0
2021-06-04 00:00:00-04:00,49.0,49.0,49.0,49.0,140,0.0,0.0
2021-06-07 00:00:00-04:00,49.0,49.0,49.0,49.0,40,0.0,0.0
2021-06-08 00:00:00-04:00,52.75,52.75,48.79999923706055,48.900001525878906,170800,0.0,0.0
2021-06-09 00:00:00-04:00,49.400001525878906,49.400001525878906,48.900001525878906,48.95000076293945,1660,0.0,0.0
2021-06-10 00:00:00-04:00,49.54999923706055,49.54999923706055,48.849998474121094,49.5,1340,0.0,0.0
2021-06-11 00:00:00-04:00,49.75,49.75,48.75,49.25,122780,0.0,0.0
2021-06-14 00:00:00-04:00,49.0,49.25,48.849998474121094,49.0,5420,0.0,0.0
2021-06-15 00:00:00-04:00,49.0,49.0,48.95000076293945,49.0,4380,0.0,0.0
2021-06-16 00:00:00-04:00,48.849998474121094,49.0,48.849998474121094,48.900001525878906,4560,0.0,0.0
2021-06-17 00:00:00-04:00,48.95000076293945,49.20000076293945,48.849998474121094,48.849998474121094,1040,0.0,0.0
2021-06-18 00:00:00-04:00,49.0,49.0,48.849998474121094,48.849998474121094,2300,0.0,0.0
2021-06-21 00:00:00-04:00,49.20000076293945,49.20000076293945,49.0,49.0,860,0.0,0.0
2021-06-22 00:00:00-04:00,49.150001525878906,49.150001525878906,48.900001525878906,48.900001525878906,280,0.0,0.0
2021-06-23 00:00:00-04:00,49.75,49.75,48.849998474121094,48.900001525878906,1160,0.0,0.0
2021-06-24 00:00:00-04:00,49.29999923706055,49.29999923706055,48.900001525878906,48.900001525878906,5520,0.0,0.0
2021-06-25 00:00:00-04:00,49.29999923706055,49.29999923706055,48.79999923706055,49.04999923706055,13200,0.0,0.0
2021-06-28 00:00:00-04:00,48.900001525878906,49.04999923706055,48.849998474121094,48.900001525878906,34740,0.0,0.0
2021-06-29 00:00:00-04:00,49.0,49.0,48.75,48.849998474121094,4240,0.0,0.0
2021-06-30 00:00:00-04:00,49.29999923706055,49.29999923706055,48.849998474121094,48.95000076293945,1960,0.0,0.0
2021-07-01 00:00:00-04:00,49.150001525878906,49.150001525878906,48.79999923706055,49.0,900,0.0,0.0
2021-07-02 00:00:00-04:00,49.0,49.0,48.849998474121094,48.849998474121094,4360,0.0,0.0
2021-07-06 00:00:00-04:00,48.900001525878906,48.900001525878906,48.599998474121094,48.599998474121094,27220,0.0,0.0
2021-07-07 00:00:00-04:00,48.79999923706055,48.900001525878906,48.79999923706055,48.849998474121094,1360,0.0,0.0
2021-07-08 00:00:00-04:00,48.75,48.849998474121094,48.75,48.75,300,0.0,0.0
2021-07-09 00:00:00-04:00,48.654998779296875,48.900001525878906,48.650001525878906,48.75,1500,0.0,0.0
2021-07-12 00:00:00-04:00,49.29999923706055,49.29999923706055,48.75,48.79999923706055,1560,0.0,0.0
2021-07-13 00:00:00-04:00,49.25,49.25,48.95000076293945,48.95000076293945,240,0.0,0.0
2021-07-14 00:00:00-04:00,48.900001525878906,48.900001525878906,48.599998474121094,48.900001525878906,1480,0.0,0.0
2021-07-15 00:00:00-04:00,48.78499984741211,48.834999084472656,48.78499984741211,48.79999923706055,220,0.0,0.0
2021-07-16 00:00:00-04:00,49.0,49.0,48.75,48.75,280,0.0,0.0
2021-07-19 00:00:00-04:00,48.70000076293945,48.70000076293945,48.70000076293945,48.70000076293945,220,0.0,0.0
2021-07-20 00:00:00-04:00,48.849998474121094,48.849998474121094,48.849998474121094,48.849998474121094,140,0.0,0.0
2021-07-21 00:00:00-04:00,48.849998474121094,48.849998474121094,48.77000045776367,48.77000045776367,200,0.0,0.0
2021-07-22 00:00:00-04:00,48.900001525878906,48.900001525878906,48.599998474121094,48.70000076293945,480,0.0,0.0
2021-07-23 00:00:00-04:00,48.599998474121094,48.95000076293945,48.599998474121094,48.599998474121094,460,0.0,0.0
2021-07-26 00:00:00-04:00,48.75,48.75,48.75,48.75,360,0.0,0.0
2021-07-27 00:00:00-04:00,48.54999923706055,48.900001525878906,48.54999923706055,48.849998474121094,260,0.0,0.0
2021-07-28 00:00:00-04:00,49.25,49.25,48.900001525878906,48.900001525878906,180,0.0,0.0
2021-07-29 00:00:00-04:00,48.72999954223633,48.72999954223633,48.72999954223633,48.72999954223633,60,0.0,0.0
2021-07-30 00:00:00-04:00,49.04999923706055,49.04999923706055,48.61000061035156,48.75,2760,0.0,0.0
2021-08-02 00:00:00-04:00,48.70000076293945,48.70000076293945,48.70000076293945,48.70000076293945,120,0.0,0.0
2021-08-03 00:00:00-04:00,48.599998474121094,48.724998474121094,48.599998474121094,48.599998474121094,120,0.0,0.0
2021-08-04 00:00:00-04:00,48.599998474121094,48.599998474121094,48.599998474121094,48.599998474121094,380,0.0,0.0
2021-08-05 00:00:00-04:00,49.04999923706055,49.04999923706055,49.04999923706055,49.04999923706055,60,0.0,0.0
2021-08-06 00:00:00-04:00,48.95000076293945,48.95000076293945,48.849998474121094,48.900001525878906,1020,0.0,0.0
2021-08-09 00:00:00-04:00,48.900001525878906,48.939998626708984,48.900001525878906,48.900001525878906,740,0.0,0.0
2021-08-10 00:00:00-04:00,49.11000061035156,49.11000061035156,48.400001525878906,48.54999923706055,92360,0.0,0.0
2021-08-11 00:00:00-04:00,48.54999923706055,48.75,48.54999923706055,48.650001525878906,580,0.0,0.0
2021-08-12 00:00:00-04:00,48.54999923706055,48.599998474121094,48.54999923706055,48.599998474121094,340,0.0,0.0
2021-08-13 00:00:00-04:00,48.54999923706055,48.650001525878906,48.45000076293945,48.45000076293945,4860,0.0,0.0
2021-08-16 00:00:00-04:00,48.54999923706055,48.54999923706055,48.349998474121094,48.349998474121094,280,0.0,0.0
2021-08-17 00:00:00-04:00,48.849998474121094,48.849998474121094,48.400001525878906,48.400001525878906,260,0.0,0.0
2021-08-18 00:00:00-04:00,48.29999923706055,48.400001525878906,48.29999923706055,48.400001525878906,540,0.0,0.0
2021-08-19 00:00:00-04:00,48.5,48.5,48.349998474121094,48.349998474121094,1860,0.0,0.0
2021-08-20 00:00:00-04:00,48.349998474121094,48.349998474121094,48.349998474121094,48.349998474121094,40,0.0,0.0
2021-08-23 00:00:00-04:00,48.5,48.5,48.470001220703125,48.5,180,0.0,0.0
2021-08-24 00:00:00-04:00,48.5,48.5,48.29999923706055,48.29999923706055,120,0.0,0.0
2021-08-25 00:00:00-04:00,48.25,48.45000076293945,48.25,48.25,920,0.0,0.0
2021-08-26 00:00:00-04:00,48.25,48.25,48.25,48.25,0,0.0,0.0
2021-08-27 00:00:00-04:00,48.599998474121094,48.599998474121094,48.349998474121094,48.349998474121094,720,0.0,0.0
2021-08-30 00:00:00-04:00,48.599998474121094,48.599998474121094,48.349998474121094,48.349998474121094,220,0.0,0.0
2021-08-31 00:00:00-04:00,48.29999923706055,48.5,48.29999923706055,48.5,440,0.0,0.0
2021-09-01 00:00:00-04:00,48.54999923706055,48.54999923706055,48.349998474121094,48.349998474121094,120,0.0,0.0
2021-09-02 00:00:00-04:00,48.5,48.54999923706055,48.349998474121094,48.349998474121094,1440,0.0,0.0
2021-09-03 00:00:00-04:00,48.400001525878906,48.900001525878906,48.349998474121094,48.900001525878906,326820,0.0,0.0
2021-09-07 00:00:00-04:00,48.650001525878906,48.650001525878906,48.5,48.5,2460,0.0,0.0
2021-09-08 00:00:00-04:00,48.900001525878906,48.900001525878906,48.599998474121094,48.650001525878906,340,0.0,0.0
2021-09-09 00:00:00-04:00,48.71500015258789,48.75,48.349998474121094,48.75,99400,0.0,0.0
2021-09-10 00:00:00-04:00,48.849998474121094,48.849998474121094,48.599998474121094,48.849998474121094,120,0.0,0.0
2021-09-13 00:00:00-04:00,48.900001525878906,48.900001525878906,48.650001525878906,48.70000076293945,320,0.0,0.0
2021-09-14 00:00:00-04:00,48.75,48.75,48.625,48.75,1300,0.0,0.0
2021-09-15 00:00:00-04:00,48.75,48.75,48.5,48.625,1540,0.0,0.0
2021-09-16 00:00:00-04:00,48.20000076293945,48.79999923706055,48.20000076293945,48.474998474121094,2260,0.0,0.0
2021-09-17 00:00:00-04:00,48.75,48.75,48.5,48.5,580,0.0,0.0
2021-09-20 00:00:00-04:00,48.25,48.70000076293945,48.25,48.54999923706055,520,0.0,0.0
2021-09-21 00:00:00-04:00,48.849998474121094,48.849998474121094,48.599998474121094,48.849998474121094,200,0.0,0.0
2021-09-22 00:00:00-04:00,48.95000076293945,48.95000076293945,48.70000076293945,48.70000076293945,120,0.0,0.0
2021-09-23 00:00:00-04:00,48.349998474121094,48.75,48.349998474121094,48.75,500,0.0,0.0
2021-09-24 00:00:00-04:00,48.599998474121094,48.75,48.5,48.595001220703125,1460,0.0,0.0
2021-09-27 00:00:00-04:00,48.75,48.75,48.54999923706055,48.625,1400,0.0,0.0
2021-09-28 00:00:00-04:00,48.54999923706055,48.67499923706055,48.54999923706055,48.67499923706055,80,0.0,0.0
2021-09-29 00:00:00-04:00,48.75,48.75,48.75,48.75,100,0.0,0.0
2021-09-30 00:00:00-04:00,48.75,48.75,48.54999923706055,48.54999923706055,180,0.0,0.0
2021-10-01 00:00:00-04:00,48.599998474121094,48.70000076293945,48.54999923706055,48.599998474121094,600,0.0,0.0
2021-10-04 00:00:00-04:00,48.75,48.75,48.599998474121094,48.599998474121094,680,0.0,0.0
2021-10-05 00:00:00-04:00,48.70000076293945,48.75,48.70000076293945,48.75,240,0.0,0.0
2021-10-06 00:00:00-04:00,48.54999923706055,48.75,48.5,48.75,106520,0.0,0.0
2021-10-07 00:00:00-04:00,48.75,48.75,48.54999923706055,48.75,400,0.0,0.0
2021-10-08 00:00:00-04:00,48.54999923706055,48.75,48.54999923706055,48.75,220,0.0,0.0
2021-10-11 00:00:00-04:00,48.75,48.75,48.75,48.75,40,0.0,0.0
2021-10-12 00:00:00-04:00,48.75,48.75,48.75,48.75,0,0.0,0.0
2021-10-13 00:00:00-04:00,48.70000076293945,48.70000076293945,48.70000076293945,48.70000076293945,160,0.0,0.0
2021-10-14 00:00:00-04:00,48.70000076293945,48.70000076293945,48.70000076293945,48.70000076293945,220,0.0,0.0
2021-10-15 00:00:00-04:00,48.75,48.75,48.650001525878906,48.650001525878906,5480,0.0,0.0
2021-10-18 00:00:00-04:00,48.650001525878906,48.75,48.650001525878906,48.75,4580,0.0,0.0
2021-10-19 00:00:00-04:00,48.650001525878906,48.665000915527344,48.650001525878906,48.665000915527344,60,0.0,0.0
2021-10-20 00:00:00-04:00,48.75,48.75,48.75,48.75,560,0.0,0.0
2021-10-21 00:00:00-04:00,48.599998474121094,48.599998474121094,48.599998474121094,48.599998474121094,60,0.0,0.0
2021-10-22 00:00:00-04:00,48.75,48.75,48.7400016784668,48.75,4720,0.0,0.0
2021-10-25 00:00:00-04:00,48.599998474121094,49.0,48.599998474121094,49.0,110080,0.0,0.0
2021-10-26 00:00:00-04:00,48.79999923706055,49.05500030517578,48.79999923706055,49.05500030517578,47780,0.0,0.0
2021-10-27 00:00:00-04:00,48.79999923706055,49.04999923706055,48.79999923706055,48.974998474121094,3320,0.0,0.0
2021-10-28 00:00:00-04:00,49.04999923706055,49.099998474121094,49.0,49.099998474121094,140,0.0,0.0
2021-10-29 00:00:00-04:00,48.79999923706055,49.25,48.79999923706055,49.20000076293945,102700,0.0,0.0
2021-11-01 00:00:00-04:00,49.25,49.25,49.099998474121094,49.099998474121094,5700,0.0,0.0
2021-11-02 00:00:00-04:00,49.25,49.349998474121094,49.150001525878906,49.20000076293945,140940,0.0,0.0
2021-11-03 00:00:00-04:00,49.349998474121094,49.349998474121094,49.150001525878906,49.29999923706055,95320,0.0,0.0
2021-11-04 00:00:00-04:00,49.25,49.400001525878906,49.25,49.400001525878906,75280,0.0,0.0
2021-11-05 00:00:00-04:00,49.349998474121094,49.349998474121094,49.04999923706055,49.25,17100,0.0,0.0
2021-11-08 00:00:00-05:00,49.25,49.349998474121094,49.150001525878906,49.29999923706055,1700,0.0,0.0
2021-11-09 00:00:00-05:00,49.29999923706055,49.32500076293945,49.29999923706055,49.29999923706055,220,0.0,0.0
2021-11-10 00:00:00-05:00,49.099998474121094,49.400001525878906,49.04999923706055,49.150001525878906,67620,0.0,0.0
2021-11-11 00:00:00-05:00,49.13999938964844,49.150001525878906,49.099998474121094,49.150001525878906,2680,0.0,0.0
2021-11-12 00:00:00-05:00,49.04999923706055,49.25,49.0,49.04999923706055,222820,0.0,0.0
2021-11-15 00:00:00-05:00,49.150001525878906,49.20000076293945,49.04999923706055,49.04999923706055,4140,0.0,0.0
2021-11-16 00:00:00-05:00,49.0,49.20000076293945,49.0,49.04999923706055,1920,0.0,0.0
2021-11-17 00:00:00-05:00,49.20000076293945,49.20000076293945,49.04999923706055,49.04999923706055,80,0.0,0.0
2021-11-18 00:00:00-05:00,49.04999923706055,49.099998474121094,49.04999923706055,49.099998474121094,440,0.0,0.0
2021-11-19 00:00:00-05:00,49.099998474121094,49.25,49.04999923706055,49.25,1040,0.0,0.0
2021-11-22 00:00:00-05:00,49.25,49.25,49.099998474121094,49.20000076293945,1260,0.0,0.0
2021-11-23 00:00:00-05:00,49.29999923706055,49.29999923706055,49.0,49.0,7460,0.0,0.0
2021-11-24 00:00:00-05:00,48.79999923706055,49.150001525878906,48.79999923706055,49.150001525878906,900,0.0,0.0
2021-11-26 00:00:00-05:00,49.099998474121094,49.20000076293945,49.04999923706055,49.04999923706055,180,0.0,0.0
2021-11-29 00:00:00-05:00,48.900001525878906,49.150001525878906,48.599998474121094,48.79999923706055,128400,0.0,0.0
2021-11-30 00:00:00-05:00,48.900001525878906,49.099998474121094,48.79999923706055,48.849998474121094,8920,0.0,0.0
2021-12-01 00:00:00-05:00,48.95000076293945,49.20000076293945,48.900001525878906,49.099998474121094,96680,0.0,0.0
2021-12-02 00:00:00-05:00,49.095001220703125,49.099998474121094,49.095001220703125,49.099998474121094,60,0.0,0.0
2021-12-03 00:00:00-05:00,49.099998474121094,49.20000076293945,48.849998474121094,49.20000076293945,40600,0.0,0.0
2021-12-06 00:00:00-05:00,49.20000076293945,49.23500061035156,48.95000076293945,48.95000076293945,100,0.0,0.0
2021-12-07 00:00:00-05:00,48.900001525878906,49.150001525878906,48.900001525878906,49.099998474121094,6040,0.0,0.0
2021-12-08 00:00:00-05:00,49.25,49.400001525878906,49.150001525878906,49.29999923706055,1836140,0.0,0.0
2021-12-09 00:00:00-05:00,49.29999923706055,49.375,49.150001525878906,49.29999923706055,303020,0.0,0.0
2021-12-10 00:00:00-05:00,49.400001525878906,49.400001525878906,49.25,49.25,92080,0.0,0.0
2021-12-13 00:00:00-05:00,49.349998474121094,49.400001525878906,49.150001525878906,49.349998474121094,26660,0.0,0.0
2021-12-14 00:00:00-05:00,49.29999923706055,49.29999923706055,49.150001525878906,49.29999923706055,15780,0.0,0.0
2021-12-15 00:00:00-05:00,49.150001525878906,49.25,49.150001525878906,49.25,8480,0.0,0.0
2021-12-16 00:00:00-05:00,49.25,49.345001220703125,49.20000076293945,49.25,82640,0.0,0.0
2021-12-17 00:00:00-05:00,49.25,49.29999923706055,49.150001525878906,49.20000076293945,61060,0.0,0.0
2021-12-20 00:00:00-05:00,49.349998474121094,49.349998474121094,49.04999923706055,49.25,10140,0.0,0.0
2021-12-21 00:00:00-05:00,49.20000076293945,49.400001525878906,49.20000076293945,49.25,82760,0.0,0.0
2021-12-22 00:00:00-05:00,49.25,49.25,49.04999923706055,49.150001525878906,11720,0.0,0.0
2021-12-23 00:00:00-05:00,49.20000076293945,49.494998931884766,49.20000076293945,49.349998474121094,1380,0.0,0.0
2021-12-27 00:00:00-05:00,49.45000076293945,49.45000076293945,49.25,49.45000076293945,1860,0.0,0.0
2021-12-28 00:00:00-05:00,49.45000076293945,49.45000076293945,49.099998474121094,49.20000076293945,20900,0.0,0.0
2021-12-29 00:00:00-05:00,49.29999923706055,49.29999923706055,49.150001525878906,49.150001525878906,5660,0.0,0.0
2021-12-30 00:00:00-05:00,49.04999923706055,49.25,49.04999923706055,49.20000076293945,4260,0.0,0.0
2021-12-31 00:00:00-05:00,49.25,49.349998474121094,49.05500030517578,49.349998474121094,11700,0.0,0.0
2022-01-03 00:00:00-05:00,49.29999923706055,49.5,49.20000076293945,49.5,27840,0.0,0.0
2022-01-04 00:00:00-05:00,49.20000076293945,49.45000076293945,49.20000076293945,49.45000076293945,1300,0.0,0.0
2022-01-05 00:00:00-05:00,49.400001525878906,49.70000076293945,49.29999923706055,49.70000076293945,16880,0.0,0.0
2022-01-06 00:00:00-05:00,49.599998474121094,49.665000915527344,49.375,49.599998474121094,102900,0.0,0.0
2022-01-07 00:00:00-05:00,49.70000076293945,49.70000076293945,49.599998474121094,49.70000076293945,5380,0.0,0.0
2022-01-10 00:00:00-05:00,49.70000076293945,49.70000076293945,49.45000076293945,49.54999923706055,740,0.0,0.0
2022-01-11 00:00:00-05:00,49.70000076293945,49.70000076293945,49.349998474121094,49.375,720,0.0,0.0
2022-01-12 00:00:00-05:00,49.5,49.5,49.29999923706055,49.5,240,0.0,0.0
2022-01-13 00:00:00-05:00,49.599998474121094,49.599998474121094,49.349998474121094,49.349998474121094,300,0.0,0.0
2022-01-14 00:00:00-05:00,49.29999923706055,49.400001525878906,49.150001525878906,49.154998779296875,5880,0.0,0.0
2022-01-18 00:00:00-05:00,49.150001525878906,49.5,49.150001525878906,49.5,180,0.0,0.0
2022-01-19 00:00:00-05:00,49.599998474121094,49.599998474121094,49.150001525878906,49.150001525878906,920,0.0,0.0
2022-01-20 00:00:00-05:00,49.25,49.25,49.20000076293945,49.25,2720,0.0,0.0
2022-01-21 00:00:00-05:00,49.19499969482422,49.349998474121094,49.150001525878906,49.29999923706055,1580,0.0,0.0
2022-01-24 00:00:00-05:00,49.099998474121094,49.349998474121094,49.099998474121094,49.25,44660,0.0,0.0
2022-01-25 00:00:00-05:00,49.275001525878906,49.42499923706055,49.20000076293945,49.349998474121094,1420,0.0,0.0
2022-01-26 00:00:00-05:00,49.45000076293945,49.45000076293945,49.310001373291016,49.345001220703125,460,0.0,0.0
2022-01-27 00:00:00-05:00,49.45000076293945,49.650001525878906,49.25,49.29999923706055,980,0.0,0.0
2022-01-28 00:00:00-05:00,49.400001525878906,49.45000076293945,49.349998474121094,49.400001525878906,39620,0.0,0.0
2022-01-31 00:00:00-05:00,49.54999923706055,49.54999923706055,49.29999923706055,49.45000076293945,22780,0.0,0.0
2022-02-01 00:00:00-05:00,49.54999923706055,49.54999923706055,49.349998474121094,49.45000076293945,7980,0.0,0.0
2022-02-02 00:00:00-05:00,49.5,49.5,49.349998474121094,49.45000076293945,420,0.0,0.0
2022-02-03 00:00:00-05:00,49.349998474121094,49.54999923706055,49.349998474121094,49.400001525878906,22260,0.0,0.0
2022-02-04 00:00:00-05:00,49.349998474121094,49.349998474121094,49.25,49.29999923706055,75760,0.0,0.0
2022-02-07 00:00:00-05:00,49.29999923706055,49.349998474121094,49.29999923706055,49.349998474121094,1540,0.0,0.0
2022-02-08 00:00:00-05:00,49.29999923706055,49.349998474121094,49.29999923706055,49.349998474121094,10260,0.0,0.0
2022-02-09 00:00:00-05:00,49.29999923706055,49.349998474121094,49.29999923706055,49.349998474121094,280,0.0,0.0
2022-02-10 00:00:00-05:00,49.29999923706055,49.400001525878906,49.29999923706055,49.400001525878906,160,0.0,0.0
2022-02-11 00:00:00-05:00,49.29999923706055,49.349998474121094,49.29999923706055,49.349998474121094,240,0.0,0.0
2022-02-14 00:00:00-05:00,49.29999923706055,49.349998474121094,49.25,49.349998474121094,5500,0.0,0.0
2022-02-15 00:00:00-05:00,49.349998474121094,49.400001525878906,49.29999923706055,49.400001525878906,3280,0.0,0.0
2022-02-16 00:00:00-05:00,49.400001525878906,49.400001525878906,49.25,49.25,15400,0.0,0.0
2022-02-17 00:00:00-05:00,49.25,49.25,49.25,49.25,0,0.0,0.0
2022-02-18 00:00:00-05:00,49.29999923706055,49.349998474121094,49.29999923706055,49.349998474121094,140,0.0,0.0
2022-02-22 00:00:00-05:00,49.45000076293945,49.5,49.349998474121094,49.5,6720,0.0,0.0
2022-02-23 00:00:00-05:00,49.400001525878906,49.5,49.29999923706055,49.400001525878906,204620,0.0,0.0
2022-02-24 00:00:00-05:00,49.349998474121094,49.400001525878906,49.29999923706055,49.29999923706055,9920,0.0,0.0
2022-02-25 00:00:00-05:00,49.334999084472656,49.349998474121094,49.29999923706055,49.29999923706055,2420,0.0,0.0
2022-02-28 00:00:00-05:00,49.29999923706055,49.349998474121094,49.224998474121094,49.25,108520,0.0,0.0
2022-03-01 00:00:00-05:00,49.25,49.275001525878906,49.25,49.25,2200,0.0,0.0
2022-03-02 00:00:00-05:00,49.25,49.29999923706055,49.25,49.25,22980,0.0,0.0
2022-03-03 00:00:00-05:00,49.20000076293945,49.29999923706055,49.20000076293945,49.29999923706055,1780,0.0,0.0
2022-03-04 00:00:00-05:00,49.25,49.29999923706055,49.25,49.29999923706055,320,0.0,0.0
2022-03-07 00:00:00-05:00,49.25,49.25,49.150001525878906,49.150001525878906,66180,0.0,0.0
2022-03-08 00:00:00-05:00,49.224998474121094,49.224998474121094,49.185001373291016,49.185001373291016,5320,0.0,0.0
2022-03-09 00:00:00-05:00,49.20000076293945,49.20000076293945,49.150001525878906,49.150001525878906,8880,0.0,0.0
2022-03-10 00:00:00-05:00,49.20000076293945,49.224998474121094,49.150001525878906,49.20000076293945,2100,0.0,0.0
2022-03-11 00:00:00-05:00,49.150001525878906,49.45000076293945,49.099998474121094,49.45000076293945,105260,0.0,0.0
2022-03-14 00:00:00-04:00,49.29999923706055,49.400001525878906,49.20000076293945,49.20000076293945,7020,0.0,0.0
2022-03-15 00:00:00-04:00,49.349998474121094,49.349998474121094,49.150001525878906,49.20000076293945,32400,0.0,0.0
2022-03-16 00:00:00-04:00,49.349998474121094,49.349998474121094,49.150001525878906,49.20000076293945,26600,0.0,0.0
2022-03-17 00:00:00-04:00,49.349998474121094,49.349998474121094,49.0,49.349998474121094,82960,0.0,0.0
2022-03-18 00:00:00-04:00,49.400001525878906,49.400001525878906,49.20000076293945,49.20000076293945,1040,0.0,0.0
2022-03-21 00:00:00-04:00,49.20000076293945,49.29999923706055,49.20000076293945,49.25,6040,0.0,0.0
2022-03-22 00:00:00-04:00,49.099998474121094,49.29999923706055,49.099998474121094,49.25,8060,0.0,0.0
2022-03-23 00:00:00-04:00,49.20500183105469,49.20500183105469,49.20500183105469,49.20500183105469,40,0.0,0.0
2022-03-24 00:00:00-04:00,49.25,49.25,49.25,49.25,6340,0.0,0.0
2022-03-25 00:00:00-04:00,49.29999923706055,49.29999923706055,49.25,49.25,940,0.0,0.0
2022-03-28 00:00:00-04:00,49.25,49.29999923706055,49.25,49.25,1380,0.0,0.0
2022-03-29 00:00:00-04:00,49.275001525878906,49.275001525878906,49.275001525878906,49.275001525878906,40,0.0,0.0
2022-03-30 00:00:00-04:00,49.25,49.29999923706055,49.25,49.25,120,0.0,0.0
2022-03-31 00:00:00-04:00,49.29999923706055,49.29999923706055,49.25,49.29999923706055,6880,0.0,0.0
2022-04-01 00:00:00-04:00,49.25,49.29999923706055,49.25,49.29999923706055,7560,0.0,0.0
2022-04-04 00:00:00-04:00,49.54999923706055,49.599998474121094,49.54999923706055,49.54999923706055,18940,0.0,0.0
2022-04-05 00:00:00-04:00,49.45000076293945,49.599998474121094,49.45000076293945,49.54999923706055,142000,0.0,0.0
2022-04-06 00:00:00-04:00,49.599998474121094,49.599998474121094,49.45000076293945,49.57500076293945,138100,0.0,0.0
2022-04-07 00:00:00-04:00,49.599998474121094,49.599998474121094,49.56999969482422,49.56999969482422,60,0.0,0.0
2022-04-08 00:00:00-04:00,49.650001525878906,49.650001525878906,49.525001525878906,49.54999923706055,6660,0.0,0.0
2022-04-11 00:00:00-04:00,49.57500076293945,49.599998474121094,49.57500076293945,49.599998474121094,100,0.0,0.0
2022-04-12 00:00:00-04:00,49.595001220703125,49.650001525878906,49.54999923706055,49.599998474121094,1440,0.0,0.0
2022-04-13 00:00:00-04:00,49.459999084472656,49.650001525878906,49.459999084472656,49.599998474121094,1160,0.0,0.0
2022-04-14 00:00:00-04:00,49.599998474121094,49.650001525878906,49.54999923706055,49.650001525878906,12660,0.0,0.0
2022-04-18 00:00:00-04:00,49.54999923706055,49.599998474121094,49.54999923706055,49.54999923706055,42300,0.0,0.0
2022-04-19 00:00:00-04:00,49.45000076293945,49.599998474121094,49.45000076293945,49.599998474121094,5980,0.0,0.0
2022-04-20 00:00:00-04:00,49.54999923706055,49.599998474121094,49.54999923706055,49.599998474121094,56320,0.0,0.0
2022-04-21 00:00:00-04:00,49.599998474121094,49.625,49.599998474121094,49.625,80,0.0,0.0
2022-04-22 00:00:00-04:00,49.599998474121094,49.599998474121094,49.54999923706055,49.599998474121094,16540,0.0,0.0
2022-04-25 00:00:00-04:00,49.60499954223633,49.60499954223633,49.599998474121094,49.599998474121094,220,0.0,0.0
2022-04-26 00:00:00-04:00,49.560001373291016,49.599998474121094,49.54999923706055,49.599998474121094,720,0.0,0.0
2022-04-27 00:00:00-04:00,49.60499954223633,49.60499954223633,49.599998474121094,49.599998474121094,80,0.0,0.0
2022-04-28 00:00:00-04:00,49.650001525878906,49.650001525878906,49.54999923706055,49.650001525878906,17560,0.0,0.0
2022-04-29 00:00:00-04:00,49.599998474121094,49.625,49.599998474121094,49.599998474121094,5120,0.0,0.0
2022-05-02 00:00:00-04:00,49.54999923706055,49.599998474121094,49.54999923706055,49.599998474121094,300,0.0,0.0
2022-05-03 00:00:00-04:00,49.599998474121094,49.599998474121094,49.599998474121094,49.599998474121094,40,0.0,0.0
2022-05-04 00:00:00-04:00,49.95000076293945,49.95000076293945,49.45000076293945,49.45000076293945,100960,0.0,0.0
2022-05-05 00:00:00-04:00,49.5,49.5,49.45000076293945,49.45000076293945,180,0.0,0.0
2022-05-06 00:00:00-04:00,49.45000076293945,49.45000076293945,49.400001525878906,49.400001525878906,12500,0.0,0.0
2022-05-09 00:00:00-04:00,49.400001525878906,49.45000076293945,49.375,49.375,11020,0.0,0.0
2022-05-10 00:00:00-04:00,49.57500076293945,49.57500076293945,49.400001525878906,49.45000076293945,20700,0.0,0.0
2022-05-11 00:00:00-04:00,49.45000076293945,49.45000076293945,49.400001525878906,49.45000076293945,28860,0.0,0.0
2022-05-12 00:00:00-04:00,49.400001525878906,49.525001525878906,49.400001525878906,49.400001525878906,8400,0.0,0.0
2022-05-13 00:00:00-04:00,49.5,49.650001525878906,49.5,49.5,100440,0.0,0.0
2022-05-16 00:00:00-04:00,49.54999923706055,49.54999923706055,49.400001525878906,49.474998474121094,14740,0.0,0.0
2022-05-17 00:00:00-04:00,49.599998474121094,49.650001525878906,49.54999923706055,49.650001525878906,94760,0.0,0.0
2022-05-18 00:00:00-04:00,49.599998474121094,49.70000076293945,49.599998474121094,49.650001525878906,30100,0.0,0.0
2022-05-19 00:00:00-04:00,49.599998474121094,49.67499923706055,49.599998474121094,49.650001525878906,13660,0.0,0.0
2022-05-20 00:00:00-04:00,49.63999938964844,49.70000076293945,49.599998474121094,49.650001525878906,1340,0.0,0.0
2022-05-23 00:00:00-04:00,49.70000076293945,49.70000076293945,49.650001525878906,49.650001525878906,1100,0.0,0.0
2022-05-24 00:00:00-04:00,49.69499969482422,49.70000076293945,49.650001525878906,49.650001525878906,5800,0.0,0.0
2022-05-25 00:00:00-04:00,49.650001525878906,49.70000076293945,49.650001525878906,49.70000076293945,23200,0.0,0.0
2022-05-26 00:00:00-04:00,49.70000076293945,49.75,49.650001525878906,49.70000076293945,15540,0.0,0.0
2022-05-27 00:00:00-04:00,49.650001525878906,49.720001220703125,49.650001525878906,49.720001220703125,15520,0.0,0.0
2022-05-31 00:00:00-04:00,49.650001525878906,49.755001068115234,49.650001525878906,49.75,8560,0.0,0.0
2022-06-01 00:00:00-04:00,49.79999923706055,49.79999923706055,49.70000076293945,49.724998474121094,9580,0.0,0.0
2022-06-02 00:00:00-04:00,49.70000076293945,49.75,49.625,49.70000076293945,692000,0.0,0.0
2022-06-03 00:00:00-04:00,49.70000076293945,49.79999923706055,49.70000076293945,49.75,53340,0.0,0.0
2022-06-06 00:00:00-04:00,49.79999923706055,49.849998474121094,49.70000076293945,49.79999923706055,66500,0.0,0.0
2022-06-07 00:00:00-04:00,49.79999923706055,49.849998474121094,49.7599983215332,49.79999923706055,37040,0.0,0.0
2022-06-08 00:00:00-04:00,49.75,49.82500076293945,49.75,49.79999923706055,42380,0.0,0.0
2022-06-09 00:00:00-04:00,48.25,48.25,46.150001525878906,47.32500076293945,17040,0.0,0.0
2022-06-10 00:00:00-04:00,46.900001525878906,49.45000076293945,45.04999923706055,45.29999923706055,44640,0.0,0.0
2022-06-13 00:00:00-04:00,44.70000076293945,44.70000076293945,28.5,29.75,76000,0.0,0.0
2022-06-14 00:00:00-04:00,30.5,32.95000076293945,29.149999618530273,29.799999237060547,25500,0.0,0.0
2022-06-15 00:00:00-04:00,30.0,31.3700008392334,29.825000762939453,30.899999618530273,14500,0.0,0.0
2022-06-16 00:00:00-04:00,30.899999618530273,32.0,29.100000381469727,29.799999237060547,10920,0.0,0.0
2022-06-17 00:00:00-04:00,29.75,50.0,26.700000762939453,50.0,107400,0.0,0.0
2022-06-21 00:00:00-04:00,57.54999923706055,62.51499938964844,33.849998474121094,34.25,210080,0.0,0.0
2022-06-22 00:00:00-04:00,35.54999923706055,41.150001525878906,28.25,38.349998474121094,173660,0.0,0.0
2022-06-23 00:00:00-04:00,38.04999923706055,38.04999923706055,30.5,33.349998474121094,121540,0.0,0.0
2022-06-24 00:00:00-04:00,34.79999923706055,36.54999923706055,31.350000381469727,33.25,53000,0.0,0.0
2022-06-27 00:00:00-04:00,32.75,33.20000076293945,29.0,30.399999618530273,45580,0.0,0.0
2022-06-28 00:00:00-04:00,29.700000762939453,29.950000762939453,23.0,23.600000381469727,72360,0.0,0.0
2022-06-29 00:00:00-04:00,22.600000381469727,31.649999618530273,18.75,30.549999237060547,335620,0.0,0.0
2022-06-30 00:00:00-04:00,30.25,30.780000686645508,21.5,23.149999618530273,296320,0.0,0.0
2022-07-01 00:00:00-04:00,22.350000381469727,23.899999618530273,20.5,21.5,51440,0.0,0.0
2022-07-05 00:00:00-04:00,20.950000762939453,21.549999237060547,19.350000381469727,21.149999618530273,21840,0.0,0.0
2022-07-06 00:00:00-04:00,20.5,21.290000915527344,19.399999618530273,20.0,22360,0.0,0.0
2022-07-07 00:00:00-04:00,21.799999237060547,39.599998474121094,21.0,36.849998474121094,7666960,0.0,0.0
2022-07-08 00:00:00-04:00,32.400001525878906,40.25,30.100000381469727,34.45000076293945,1550140,0.0,0.0
2022-07-11 00:00:00-04:00,33.400001525878906,36.400001525878906,29.5,29.75,157300,0.0,0.0
2022-07-12 00:00:00-04:00,28.450000762939453,29.200000762939453,24.350000381469727,26.100000381469727,98300,0.0,0.0
2022-07-13 00:00:00-04:00,25.149999618530273,27.549999237060547,25.149999618530273,26.950000762939453,53860,0.0,0.0
2022-07-14 00:00:00-04:00,26.200000762939453,28.344999313354492,24.549999237060547,25.69499969482422,45080,0.0,0.0
2022-07-15 00:00:00-04:00,25.5,27.299999237060547,24.600000381469727,24.600000381469727,43020,0.0,0.0
2022-07-18 00:00:00-04:00,24.350000381469727,25.899999618530273,21.950000762939453,22.5,36120,0.0,0.0
2022-07-19 00:00:00-04:00,22.399999618530273,23.764999389648438,22.165000915527344,22.899999618530273,51700,0.0,0.0
2022-07-20 00:00:00-04:00,22.700000762939453,23.899999618530273,21.950000762939453,22.399999618530273,104640,0.0,0.0
2022-07-21 00:00:00-04:00,22.600000381469727,23.0,21.614999771118164,22.450000762939453,42160,0.0,0.0
2022-07-22 00:00:00-04:00,22.350000381469727,27.200000762939453,21.700000762939453,22.700000762939453,322480,0.0,0.0
2022-07-25 00:00:00-04:00,22.450000762939453,23.549999237060547,20.399999618530273,23.049999237060547,67040,0.0,0.0
2022-07-26 00:00:00-04:00,22.549999237060547,23.549999237060547,21.354999542236328,22.100000381469727,60120,0.0,0.0
2022-07-27 00:00:00-04:00,22.399999618530273,23.299999237060547,21.549999237060547,21.600000381469727,67560,0.0,0.0
2022-07-28 00:00:00-04:00,22.649999618530273,22.649999618530273,21.104999542236328,21.200000762939453,19260,0.0,0.0
2022-07-29 00:00:00-04:00,21.5,22.950000762939453,21.094999313354492,21.200000762939453,29420,0.0,0.0
2022-08-01 00:00:00-04:00,21.600000381469727,24.549999237060547,21.450000762939453,23.5,74020,0.0,0.0
2022-08-02 00:00:00-04:00,23.049999237060547,23.950000762939453,21.594999313354492,22.149999618530273,28960,0.0,0.0
2022-08-03 00:00:00-04:00,22.149999618530273,23.440000534057617,20.850000381469727,21.100000381469727,17940,0.0,0.0
2022-08-04 00:00:00-04:00,21.299999237060547,22.850000381469727,20.799999237060547,22.549999237060547,33980,0.0,0.0
2022-08-05 00:00:00-04:00,21.950000762939453,22.0,21.100000381469727,21.799999237060547,13700,0.0,0.0
2022-08-08 00:00:00-04:00,21.450000762939453,21.75,20.5,20.649999618530273,11360,0.0,0.0
2022-08-09 00:00:00-04:00,20.399999618530273,22.649999618530273,20.375,21.350000381469727,31540,0.0,0.0
2022-08-10 00:00:00-04:00,21.049999237060547,33.0,20.549999237060547,26.0,1170840,0.0,0.0
2022-08-11 00:00:00-04:00,26.200000762939453,31.200000762939453,24.25,28.149999618530273,167580,0.0,0.0
2022-08-12 00:00:00-04:00,27.149999618530273,28.75,24.75,25.799999237060547,45260,0.0,0.0
2022-08-15 00:00:00-04:00,25.5,27.399999618530273,24.75,26.950000762939453,29540,0.0,0.0
2022-08-16 00:00:00-04:00,26.5,30.950000762939453,26.350000381469727,29.149999618530273,80860,0.0,0.0
2022-08-17 00:00:00-04:00,29.25,29.25,25.649999618530273,28.399999618530273,51700,0.0,0.0
2022-08-18 00:00:00-04:00,28.700000762939453,34.900001525878906,26.600000381469727,34.900001525878906,105960,0.0,0.0
2022-08-19 00:00:00-04:00,35.224998474121094,35.70000076293945,26.799999237060547,27.600000381469727,183440,0.0,0.0
2022-08-22 00:00:00-04:00,27.299999237060547,27.850000381469727,25.75,26.450000762939453,25200,0.0,0.0
2022-08-23 00:00:00-04:00,26.049999237060547,27.100000381469727,25.0,26.0,50980,0.0,0.0
2022-08-24 00:00:00-04:00,25.950000762939453,26.899999618530273,25.0,25.75,15000,0.0,0.0
2022-08-25 00:00:00-04:00,26.100000381469727,26.5,24.649999618530273,24.899999618530273,11660,0.0,0.0
2022-08-26 00:00:00-04:00,25.200000762939453,25.200000762939453,23.399999618530273,23.950000762939453,19120,0.0,0.0
2022-08-29 00:00:00-04:00,23.899999618530273,24.649999618530273,23.25,24.299999237060547,4620,0.0,0.0
2022-08-30 00:00:00-04:00,24.25,24.649999618530273,21.75,23.5,31400,0.0,0.0
2022-08-31 00:00:00-04:00,23.5,25.450000762939453,22.950000762939453,24.600000381469727,12000,0.0,0.0
2022-09-01 00:00:00-04:00,24.549999237060547,24.75,23.5,24.100000381469727,4980,0.0,0.0
2022-09-02 00:00:00-04:00,24.450000762939453,25.0,22.75,24.5,11860,0.0,0.0
2022-09-06 00:00:00-04:00,25.649999618530273,32.20000076293945,24.700000762939453,29.0,80540,0.0,0.0
2022-09-07 00:00:00-04:00,29.0,30.700000762939453,27.100000381469727,30.149999618530273,25620,0.0,0.0
2022-09-08 00:00:00-04:00,29.75,30.75,26.299999237060547,29.100000381469727,29220,0.0,0.0
2022-09-09 00:00:00-04:00,27.649999618530273,30.5,26.899999618530273,29.299999237060547,26680,0.0,0.0
2022-09-12 00:00:00-04:00,29.399999618530273,30.625,28.25,29.549999237060547,17420,0.0,0.0
2022-09-13 00:00:00-04:00,27.450000762939453,35.20000076293945,27.450000762939453,31.799999237060547,35220,0.0,0.0
2022-09-14 00:00:00-04:00,29.399999618530273,32.5,28.899999618530273,32.04999923706055,22760,0.0,0.0
2022-09-15 00:00:00-04:00,31.75,34.5,30.475000381469727,33.599998474121094,29600,0.0,0.0
2022-09-16 00:00:00-04:00,33.150001525878906,35.25,31.600000381469727,34.75,252160,0.0,0.0
2022-09-19 00:00:00-04:00,32.45000076293945,32.45000076293945,25.399999618530273,25.399999618530273,42520,0.0,0.0
2022-09-20 00:00:00-04:00,25.799999237060547,27.700000762939453,21.200000762939453,21.200000762939453,70500,0.0,0.0
2022-09-21 00:00:00-04:00,22.049999237060547,22.5,17.049999237060547,17.950000762939453,85780,0.0,0.0
2022-09-22 00:00:00-04:00,17.950000762939453,18.5,13.300000190734863,15.149999618530273,106080,0.0,0.0
2022-09-23 00:00:00-04:00,13.649999618530273,15.399999618530273,13.350000381469727,14.850000381469727,37020,0.0,0.0
2022-09-26 00:00:00-04:00,14.699999809265137,15.399999618530273,14.005000114440918,14.800000190734863,30740,0.0,0.0
2022-09-27 00:00:00-04:00,16.299999237060547,22.399999618530273,15.5,20.049999237060547,1367820,0.0,0.0
2022-09-28 00:00:00-04:00,19.399999618530273,20.149999618530273,14.600000381469727,15.149999618530273,321120,0.0,0.0
2022-09-29 00:00:00-04:00,15.0,15.550000190734863,13.199999809265137,13.550000190734863,141460,0.0,0.0
2022-09-30 00:00:00-04:00,13.300000190734863,13.75,9.600000381469727,11.199999809265137,215100,0.0,0.0
2022-10-03 00:00:00-04:00,11.100000381469727,11.649999618530273,10.375,11.100000381469727,62440,0.0,0.0
2022-10-04 00:00:00-04:00,11.050000190734863,11.949999809265137,10.699999809265137,11.5,36960,0.0,0.0
2022-10-05 00:00:00-04:00,11.149999618530273,11.949999809265137,10.5,11.649999618530273,62880,0.0,0.0
2022-10-06 00:00:00-04:00,11.25,11.979999542236328,10.399999618530273,10.600000381469727,51260,0.0,0.0
2022-10-07 00:00:00-04:00,10.5,10.850000381469727,9.25,9.800000190734863,59860,0.0,0.0
2022-10-10 00:00:00-04:00,9.5,10.050000190734863,8.15999984741211,8.5,59120,0.0,0.0
2022-10-11 00:00:00-04:00,8.649999618530273,8.649999618530273,7.599999904632568,8.0,59560,0.0,0.0
2022-10-12 00:00:00-04:00,8.0,8.0,7.019999980926514,7.150000095367432,46760,0.0,0.0
2022-10-13 00:00:00-04:00,7.0,8.100000381469727,6.699999809265137,7.699999809265137,71220,0.0,0.0
2022-10-14 00:00:00-04:00,7.550000190734863,7.949999809265137,7.199999809265137,7.849999904632568,46040,0.0,0.0
2022-10-17 00:00:00-04:00,8.050000190734863,8.649999618530273,7.25,7.599999904632568,80860,0.0,0.0
2022-10-18 00:00:00-04:00,8.100000381469727,8.25,7.400000095367432,7.599999904632568,65240,0.0,0.0
2022-10-19 00:00:00-04:00,7.75,8.600000381469727,7.75,8.0,135560,0.0,0.0
2022-10-20 00:00:00-04:00,7.949999809265137,7.949999809265137,7.25,7.699999809265137,33100,0.0,0.0
2022-10-21 00:00:00-04:00,7.5,7.900000095367432,7.25,7.849999904632568,29840,0.0,0.0
2022-10-24 00:00:00-04:00,7.900000095367432,7.900000095367432,7.099999904632568,7.349999904632568,32500,0.0,0.0
2022-10-25 00:00:00-04:00,7.150000095367432,7.800000190734863,6.949999809265137,7.5,63680,0.0,0.0
2022-10-26 00:00:00-04:00,7.400000095367432,7.849999904632568,7.050000190734863,7.199999809265137,46180,0.0,0.0
2022-10-27 00:00:00-04:00,7.050000190734863,7.75,6.800000190734863,7.449999809265137,32900,0.0,0.0
2022-10-28 00:00:00-04:00,7.300000190734863,7.449999809265137,6.349999904632568,7.099999904632568,43240,0.0,0.0
2022-10-31 00:00:00-04:00,7.199999809265137,7.199999809265137,6.550000190734863,6.650000095367432,33180,0.0,0.0
2022-11-01 00:00:00-04:00,6.699999809265137,6.940000057220459,5.75,5.75,50040,0.0,0.0
2022-11-02 00:00:00-04:00,5.849999904632568,5.900000095367432,5.5,5.550000190734863,26760,0.0,0.0
2022-11-03 00:00:00-04:00,5.699999809265137,5.800000190734863,5.25,5.349999904632568,17580,0.0,0.0
2022-11-04 00:00:00-04:00,5.699999809265137,5.75,5.349999904632568,5.75,14660,0.0,0.0
2022-11-07 00:00:00-05:00,5.849999904632568,6.099999904632568,5.550000190734863,6.0,32600,0.0,0.0
2022-11-08 00:00:00-05:00,5.949999809265137,6.050000190734863,5.650000095367432,5.900000095367432,12580,0.0,0.0
2022-11-09 00:00:00-05:00,6.0,6.949999809265137,5.699999809265137,6.300000190734863,23200,0.0,0.0
2022-11-10 00:00:00-05:00,6.900000095367432,7.0,6.0,6.0,41680,0.0,0.0
2022-11-11 00:00:00-05:00,6.949999809265137,7.400000095367432,5.599999904632568,6.150000095367432,174500,0.0,0.0
2022-11-14 00:00:00-05:00,6.300000190734863,6.349999904632568,5.949999809265137,6.0,43900,0.0,0.0
2022-11-15 00:00:00-05:00,6.199999809265137,6.295000076293945,5.880000114440918,6.199999809265137,45880,0.0,0.0
2022-11-16 00:00:00-05:00,5.75,6.099999904632568,5.050000190734863,5.650000095367432,85880,0.0,0.0
2022-11-17 00:00:00-05:00,5.949999809265137,5.949999809265137,4.699999809265137,4.965000152587891,117340,0.0,0.0
2022-11-18 00:00:00-05:00,5.050000190734863,5.050000190734863,4.335000038146973,4.349999904632568,144480,0.0,0.0
2022-11-21 00:00:00-05:00,4.550000190734863,4.550000190734863,4.050000190734863,4.25,68300,0.0,0.0
2022-11-22 00:00:00-05:00,4.25,4.324999809265137,3.5,4.065000057220459,120600,0.0,0.0
2022-11-23 00:00:00-05:00,3.940000057220459,4.150000095367432,3.75,3.8399999141693115,51220,0.0,0.0
2022-11-25 00:00:00-05:00,3.9600000381469727,4.099999904632568,3.549999952316284,3.549999952316284,39880,0.0,0.0
2022-11-28 00:00:00-05:00,3.6549999713897705,3.7249999046325684,3.4149999618530273,3.450000047683716,97920,0.0,0.0
2022-11-29 00:00:00-05:00,3.549999952316284,3.6500000953674316,3.299999952316284,3.305000066757202,33820,0.0,0.0
2022-11-30 00:00:00-05:00,3.4000000953674316,3.4600000381469727,3.0250000953674316,3.0799999237060547,109280,0.0,0.0
2022-12-01 00:00:00-05:00,3.299999952316284,3.430000066757202,3.049999952316284,3.115000009536743,75440,0.0,0.0
2022-12-02 00:00:00-05:00,3.1500000953674316,3.5399999618530273,2.9049999713897705,2.950000047683716,202040,0.0,0.0
2022-12-05 00:00:00-05:00,3.0250000953674316,3.0250000953674316,2.75,2.799999952316284,123920,0.0,0.0
2022-12-06 00:00:00-05:00,2.75,2.8499999046325684,2.569999933242798,2.625,103540,0.0,0.0
2022-12-07 00:00:00-05:00,2.799999952316284,2.799999952316284,2.380000114440918,2.430000066757202,125840,0.0,0.0
2022-12-08 00:00:00-05:00,2.299999952316284,2.5,2.2300000190734863,2.4000000953674316,241680,0.0,0.0
2022-12-09 00:00:00-05:00,2.450000047683716,2.484999895095825,2.244999885559082,2.244999885559082,144100,0.0,0.0
2022-12-12 00:00:00-05:00,2.25,2.3499999046325684,2.174999952316284,2.200000047683716,340040,0.0,0.0
2022-12-13 00:00:00-05:00,2.299999952316284,2.325000047683716,2.0850000381469727,2.0999999046325684,271160,0.0,0.0
2022-12-14 00:00:00-05:00,2.049999952316284,2.174999952316284,2.0399999618530273,2.0450000762939453,170320,0.0,0.0
2022-12-15 00:00:00-05:00,2.0,2.049999952316284,1.75,1.815000057220459,442340,0.0,0.0
2022-12-16 00:00:00-05:00,1.8350000381469727,2.0,1.6549999713897705,1.6549999713897705,290500,0.0,0.0
2022-12-19 00:00:00-05:00,1.7000000476837158,1.7100000381469727,1.5049999952316284,1.524999976158142,379520,0.0,0.0
2022-12-20 00:00:00-05:00,1.6200000047683716,1.6299999952316284,0.9100000262260437,1.024999976158142,828300,0.0,0.0
2022-12-21 00:00:00-05:00,1.2350000143051147,1.2999999523162842,1.0549999475479126,1.100000023841858,2801960,0.0,0.0
2022-12-22 00:00:00-05:00,1.0850000381469727,1.2000000476837158,1.0700000524520874,1.149999976158142,546020,0.0,0.0
2022-12-23 00:00:00-05:00,1.2000000476837158,1.399999976158142,1.149999976158142,1.2000000476837158,638940,0.0,0.0
2022-12-27 00:00:00-05:00,1.2899999618530273,2.509999990463257,1.25,1.3849999904632568,3847860,0.0,0.0
2022-12-28 00:00:00-05:00,1.5950000286102295,1.5950000286102295,1.350000023841858,1.3849999904632568,695120,0.0,0.0
2022-12-29 00:00:00-05:00,1.4049999713897705,1.590000033378601,1.3049999475479126,1.4900000095367432,483980,0.0,0.0
2022-12-30 00:00:00-05:00,1.4600000381469727,1.9950000047683716,1.4600000381469727,1.9950000047683716,1106100,0.0,0.0
2023-01-03 00:00:00-05:00,2.4000000953674316,2.5899999141693115,2.0,2.1500000953674316,740060,0.0,0.0
2023-01-04 00:00:00-05:00,2.194999933242798,2.3450000286102295,2.0,2.3450000286102295,259700,0.0,0.0
2023-01-05 00:00:00-05:00,2.3350000381469727,2.3499999046325684,2.065000057220459,2.2300000190734863,122600,0.0,0.0
2023-01-06 00:00:00-05:00,2.2249999046325684,2.549999952316284,2.1700000762939453,2.4000000953674316,359740,0.0,0.0
2023-01-09 00:00:00-05:00,2.424999952316284,3.25,2.424999952316284,2.799999952316284,564700,0.0,0.0
2023-01-10 00:00:00-05:00,2.950000047683716,2.950000047683716,2.6500000953674316,2.799999952316284,196840,0.0,0.0
2023-01-11 00:00:00-05:00,2.9100000858306885,3.0450000762939453,2.799999952316284,3.0,141940,0.0,0.0
2023-01-12 00:00:00-05:00,3.0,3.049999952316284,2.9149999618530273,3.0,101300,0.0,0.0
2023-01-13 00:00:00-05:00,3.0799999237060547,3.0799999237060547,2.700000047683716,2.799999952316284,161220,0.0,0.0
2023-01-17 00:00:00-05:00,2.740000009536743,3.049999952316284,2.6500000953674316,3.049999952316284,140440,0.0,0.0
2023-01-18 00:00:00-05:00,3.0999999046325684,3.3949999809265137,2.799999952316284,2.950000047683716,183120,0.0,0.0
2023-01-19 00:00:00-05:00,2.950000047683716,2.990000009536743,2.6500000953674316,2.7799999713897705,69080,0.0,0.0
2023-01-20 00:00:00-05:00,2.7699999809265137,2.869999885559082,2.6500000953674316,2.6700000762939453,66300,0.0,0.0
2023-01-23 00:00:00-05:00,2.7249999046325684,2.75,2.559999942779541,2.6649999618530273,88700,0.0,0.0
2023-01-24 00:00:00-05:00,2.634999990463257,2.799999952316284,2.575000047683716,2.75,65980,0.0,0.0
2023-01-25 00:00:00-05:00,2.734999895095825,2.744999885559082,2.440000057220459,2.5399999618530273,112220,0.0,0.0
2023-01-26 00:00:00-05:00,2.549999952316284,2.575000047683716,2.130000114440918,2.244999885559082,181560,0.0,0.0
2023-01-27 00:00:00-05:00,2.25,2.515000104904175,2.25,2.390000104904175,146920,0.0,0.0
2023-01-30 00:00:00-05:00,2.25,2.3399999141693115,2.1500000953674316,2.1500000953674316,102860,0.0,0.0
2023-01-31 00:00:00-05:00,2.2200000286102295,2.299999952316284,2.0999999046325684,2.2699999809265137,126140,0.0,0.0
2023-02-01 00:00:00-05:00,2.3350000381469727,2.375,2.174999952316284,2.299999952316284,55880,0.0,0.0
2023-02-02 00:00:00-05:00,2.424999952316284,2.450000047683716,2.299999952316284,2.3499999046325684,96080,0.0,0.0
2023-02-03 00:00:00-05:00,2.424999952316284,2.424999952316284,2.25,2.2799999713897705,102000,0.0,0.0
2023-02-06 00:00:00-05:00,2.3499999046325684,2.674999952316284,2.25,2.619999885559082,121460,0.0,0.0
2023-02-07 00:00:00-05:00,2.634999990463257,4.400000095367432,2.305000066757202,2.484999895095825,3388720,0.0,0.0
2023-02-08 00:00:00-05:00,2.450000047683716,2.7899999618530273,2.4049999713897705,2.5199999809265137,503360,0.0,0.0
2023-02-09 00:00:00-05:00,2.5899999141693115,2.5999999046325684,2.25,2.299999952316284,226720,0.0,0.0
2023-02-10 00:00:00-05:00,2.25,2.3499999046325684,2.0999999046325684,2.234999895095825,155380,0.0,0.0
2023-02-13 00:00:00-05:00,2.200000047683716,2.2300000190734863,2.0,2.0899999141693115,137180,0.0,0.0
2023-02-14 00:00:00-05:00,2.1500000953674316,2.25,1.9500000476837158,2.0399999618530273,839820,0.0,0.0
2023-02-15 00:00:00-05:00,2.075000047683716,2.184999942779541,1.9500000476837158,2.184999942779541,183120,0.0,0.0
2023-02-16 00:00:00-05:00,2.0999999046325684,2.200000047683716,2.0450000762939453,2.125,155680,0.0,0.0
2023-02-17 00:00:00-05:00,2.140000104904175,2.1500000953674316,2.015000104904175,2.1449999809265137,75440,0.0,0.0
2023-02-21 00:00:00-05:00,2.1500000953674316,2.200000047683716,2.0250000953674316,2.075000047683716,75500,0.0,0.0
2023-02-22 00:00:00-05:00,2.049999952316284,2.0850000381469727,1.9550000429153442,2.005000114440918,72360,0.0,0.0
2023-02-23 00:00:00-05:00,2.049999952316284,2.5850000381469727,1.9550000429153442,2.444999933242798,846000,0.0,0.0
2023-02-24 00:00:00-05:00,2.4000000953674316,2.75,2.1500000953674316,2.200000047683716,195260,0.0,0.0
2023-02-27 00:00:00-05:00,2.174999952316284,2.299999952316284,2.0999999046325684,2.180000066757202,68080,0.0,0.0
2023-02-28 00:00:00-05:00,2.180000066757202,2.319999933242798,2.130000114440918,2.180000066757202,51340,0.0,0.0
2023-03-01 00:00:00-05:00,2.125,2.265000104904175,2.0999999046325684,2.1549999713897705,94840,0.0,0.0
2023-03-02 00:00:00-05:00,2.115000009536743,2.384999990463257,2.109999895095825,2.240000009536743,117720,0.0,0.0
2023-03-03 00:00:00-05:00,2.325000047683716,2.549999952316284,2.2100000381469727,2.390000104904175,209000,0.0,0.0
2023-03-06 00:00:00-05:00,2.3499999046325684,2.5,2.265000104904175,2.450000047683716,86600,0.0,0.0
2023-03-07 00:00:00-05:00,2.6449999809265137,2.8499999046325684,2.450000047683716,2.799999952316284,358740,0.0,0.0
2023-03-08 00:00:00-05:00,2.950000047683716,2.950000047683716,2.200000047683716,2.5199999809265137,206040,0.0,0.0
2023-03-09 00:00:00-05:00,2.7100000381469727,2.7100000381469727,2.299999952316284,2.305000066757202,89360,0.0,0.0
2023-03-10 00:00:00-05:00,2.25,2.3350000381469727,2.109999895095825,2.109999895095825,126460,0.0,0.0
2023-03-13 00:00:00-04:00,2.125,2.1500000953674316,1.75,2.065000057220459,148300,0.0,0.0
2023-03-14 00:00:00-04:00,2.075000047683716,2.384999990463257,2.0450000762939453,2.234999895095825,224740,0.0,0.0
2023-03-15 00:00:00-04:00,2.055000066757202,2.194999933242798,1.5800000429153442,2.0,352140,0.0,0.0
2023-03-16 00:00:00-04:00,2.049999952316284,2.140000104904175,1.7100000381469727,1.725000023841858,206300,0.0,0.0
2023-03-17 00:00:00-04:00,1.649999976158142,1.809999942779541,1.649999976158142,1.6749999523162842,171060,0.0,0.0
2023-03-20 00:00:00-04:00,1.8450000286102295,2.0350000858306885,1.649999976158142,1.649999976158142,289340,0.0,0.0
2023-03-21 00:00:00-04:00,1.7999999523162842,2.0899999141693115,1.75,1.7699999809265137,364660,0.0,0.0
2023-03-22 00:00:00-04:00,1.7999999523162842,2.049999952316284,1.7000000476837158,2.0,189600,0.0,0.0
2023-03-23 00:00:00-04:00,2.0999999046325684,2.184999942779541,1.899999976158142,2.0,129360,0.0,0.0
2023-03-24 00:00:00-04:00,2.049999952316284,2.200000047683716,1.9900000095367432,2.0999999046325684,84740,0.0,0.0
2023-03-27 00:00:00-04:00,2.1649999618530273,2.1649999618530273,2.009999990463257,2.0799999237060547,64260,0.0,0.0
2023-03-28 00:00:00-04:00,2.065000057220459,2.140000104904175,1.9900000095367432,2.0450000762939453,64260,0.0,0.0
2023-03-29 00:00:00-04:00,2.0350000858306885,2.1500000953674316,1.9500000476837158,2.015000104904175,25700,0.0,0.0
2023-03-30 00:00:00-04:00,1.9299999475479126,2.2249999046325684,1.9299999475479126,2.1050000190734863,61660,0.0,0.0
2023-03-31 00:00:00-04:00,1.965000033378601,2.325000047683716,1.9500000476837158,2.190000057220459,84720,0.0,0.0
2023-04-03 00:00:00-04:00,2.1649999618530273,2.240000009536743,1.9500000476837158,2.005000114440918,74440,0.0,0.0
2023-04-04 00:00:00-04:00,2.049999952316284,2.799999952316284,2.0,2.515000104904175,1014640,0.0,0.0
2023-04-05 00:00:00-04:00,2.4600000381469727,2.5,2.1050000190734863,2.2799999713897705,179620,0.0,0.0
2023-04-06 00:00:00-04:00,2.2100000381469727,2.299999952316284,2.1700000762939453,2.2799999713897705,36380,0.0,0.0
2023-04-10 00:00:00-04:00,2.5,2.5,2.0999999046325684,2.2300000190734863,127740,0.0,0.0
2023-04-11 00:00:00-04:00,2.2950000762939453,2.3299999237060547,2.1649999618530273,2.2200000286102295,77660,0.0,0.0
2023-04-12 00:00:00-04:00,2.3399999141693115,2.3399999141693115,2.1500000953674316,2.25,18900,0.0,0.0
2023-04-13 00:00:00-04:00,2.25,2.299999952316284,2.1050000190734863,2.25,50020,0.0,0.0
2023-04-14 00:00:00-04:00,2.2899999618530273,2.299999952316284,2.1500000953674316,2.2950000762939453,36900,0.0,0.0
2023-04-17 00:00:00-04:00,2.4000000953674316,2.5,2.200000047683716,2.450000047683716,105880,0.0,0.0
2023-04-18 00:00:00-04:00,2.5,2.6500000953674316,2.325000047683716,2.509999990463257,110500,0.0,0.0
2023-04-19 00:00:00-04:00,2.5,2.5999999046325684,2.3550000190734863,2.5,263840,0.0,0.0
2023-04-20 00:00:00-04:00,2.6449999809265137,2.6449999809265137,2.3550000190734863,2.4149999618530273,30940,0.0,0.0
2023-04-21 00:00:00-04:00,2.4000000953674316,2.494999885559082,2.3550000190734863,2.4749999046325684,23280,0.0,0.0
2023-04-24 00:00:00-04:00,2.4749999046325684,2.4749999046325684,2.265000104904175,2.369999885559082,42640,0.0,0.0
2023-04-25 00:00:00-04:00,2.5450000762939453,2.5450000762939453,2.25,2.4000000953674316,22380,0.0,0.0
2023-04-26 00:00:00-04:00,2.450000047683716,2.450000047683716,2.2100000381469727,2.25,39920,0.0,0.0
2023-04-27 00:00:00-04:00,2.25,2.3499999046325684,2.194999933242798,2.3399999141693115,36900,0.0,0.0
2023-04-28 00:00:00-04:00,2.450000047683716,2.450000047683716,2.2249999046325684,2.450000047683716,36040,0.0,0.0
2023-05-01 00:00:00-04:00,2.390000104904175,2.494999885559082,2.255000114440918,2.3499999046325684,51300,0.0,0.0
2023-05-02 00:00:00-04:00,2.390000104904175,2.4000000953674316,2.25,2.3550000190734863,46960,0.0,0.0
2023-05-03 00:00:00-04:00,2.4000000953674316,2.450000047683716,2.299999952316284,2.299999952316284,21320,0.0,0.0
2023-05-04 00:00:00-04:00,2.299999952316284,2.4000000953674316,2.2100000381469727,2.2750000953674316,25640,0.0,0.0
2023-05-05 00:00:00-04:00,2.2049999237060547,2.450000047683716,2.2049999237060547,2.450000047683716,55120,0.0,0.0
2023-05-08 00:00:00-04:00,2.299999952316284,2.4100000858306885,2.255000114440918,2.4049999713897705,22980,0.0,0.0
2023-05-09 00:00:00-04:00,2.3350000381469727,2.4000000953674316,2.265000104904175,2.3450000286102295,19640,0.0,0.0
2023-05-10 00:00:00-04:00,2.4749999046325684,2.4749999046325684,2.2750000953674316,2.299999952316284,23840,0.0,0.0
2023-05-11 00:00:00-04:00,2.299999952316284,2.5999999046325684,2.299999952316284,2.5250000953674316,84860,0.0,0.0
2023-05-12 00:00:00-04:00,2.450000047683716,2.5,2.359999895095825,2.4649999141693115,39260,0.0,0.0
2023-05-15 00:00:00-04:00,2.424999952316284,2.424999952316284,2.305000066757202,2.365000009536743,39040,0.0,0.0
2023-05-16 00:00:00-04:00,2.25,2.424999952316284,2.1449999809265137,2.240000009536743,39900,0.0,0.0
2023-05-17 00:00:00-04:00,2.4000000953674316,2.424999952316284,2.0999999046325684,2.299999952316284,269340,0.0,0.0
2023-05-18 00:00:00-04:00,2.3499999046325684,2.4000000953674316,2.25,2.2750000953674316,37260,0.0,0.0
2023-05-19 00:00:00-04:00,2.2899999618530273,2.3499999046325684,2.200000047683716,2.255000114440918,35120,0.0,0.0
2023-05-22 00:00:00-04:00,2.255000114440918,2.2899999618530273,2.200000047683716,2.25,23900,0.0,0.0
2023-05-23 00:00:00-04:00,2.25,2.700000047683716,2.25,2.6500000953674316,238220,0.0,0.0
2023-05-24 00:00:00-04:00,2.75,2.75,2.3550000190734863,2.6500000953674316,71480,0.0,0.0
2023-05-25 00:00:00-04:00,2.674999952316284,2.8350000381469727,2.4100000858306885,2.700000047683716,115700,0.0,0.0
2023-05-26 00:00:00-04:00,2.4200000762939453,2.549999952316284,2.3499999046325684,2.4100000858306885,125040,0.0,0.0
2023-05-30 00:00:00-04:00,2.450000047683716,2.450000047683716,2.1500000953674316,2.1649999618530273,104660,0.0,0.0
2023-05-31 00:00:00-04:00,2.259999990463257,2.259999990463257,2.0999999046325684,2.0999999046325684,51660,0.0,0.0
2023-06-01 00:00:00-04:00,2.0999999046325684,2.2100000381469727,1.850000023841858,2.0350000858306885,120300,0.0,0.0
2023-06-02 00:00:00-04:00,2.049999952316284,2.5,2.0,2.1649999618530273,421120,0.0,0.0
2023-06-05 00:00:00-04:00,2.2699999809265137,2.3499999046325684,2.009999990463257,2.0999999046325684,108160,0.0,0.0
2023-06-06 00:00:00-04:00,2.4800000190734863,2.5,1.8899999856948853,2.1500000953674316,2232900,0.0,0.0
2023-06-07 00:00:00-04:00,1.9600000381469727,1.9609999656677246,1.850000023841858,1.9299999475479126,360100,0.0,0.0
2023-06-08 00:00:00-04:00,1.8799999952316284,1.9199999570846558,1.7699999809265137,1.7999999523162842,237100,0.0,0.0
2023-06-09 00:00:00-04:00,1.840000033378601,1.8600000143051147,1.6399999856948853,1.7899999618530273,274700,0.0,0.0
2023-06-12 00:00:00-04:00,1.75,2.0199999809265137,1.7350000143051147,1.8899999856948853,317400,0.0,0.0
2023-06-13 00:00:00-04:00,1.940000057220459,2.130000114440918,1.8600000143051147,2.119999885559082,334800,0.0,0.0
2023-06-14 00:00:00-04:00,2.0999999046325684,2.1500000953674316,1.9900000095367432,2.109999895095825,278500,0.0,0.0
2023-06-15 00:00:00-04:00,2.0999999046325684,2.109999895095825,2.0199999809265137,2.0199999809265137,111500,0.0,0.0
2023-06-16 00:00:00-04:00,2.009999990463257,2.052000045776367,1.9199999570846558,2.0299999713897705,144900,0.0,0.0
2023-06-20 00:00:00-04:00,2.0199999809265137,2.069999933242798,1.9199999570846558,1.9199999570846558,177000,0.0,0.0
2023-06-21 00:00:00-04:00,1.8899999856948853,1.909999966621399,1.6979999542236328,1.850000023841858,321200,0.0,0.0
2023-06-22 00:00:00-04:00,1.850000023841858,1.8700000047683716,1.7400000095367432,1.7899999618530273,136100,0.0,0.0
2023-06-23 00:00:00-04:00,1.7899999618530273,1.7999999523162842,1.690000057220459,1.7000000476837158,123600,0.0,0.0
2023-06-26 00:00:00-04:00,1.7000000476837158,1.7309999465942383,1.649999976158142,1.690000057220459,143400,0.0,0.0
2023-06-27 00:00:00-04:00,1.659999966621399,1.75,1.6130000352859497,1.6399999856948853,149700,0.0,0.0
2023-06-28 00:00:00-04:00,1.690000057220459,1.7000000476837158,1.5,1.649999976158142,318600,0.0,0.0
2023-06-29 00:00:00-04:00,1.659999966621399,1.7400000095367432,1.5800000429153442,1.659999966621399,191400,0.0,0.0
2023-06-30 00:00:00-04:00,1.6399999856948853,1.7899999618530273,1.6200000047683716,1.7699999809265137,263600,0.0,0.0
2023-07-03 00:00:00-04:00,1.75,1.840000033378601,1.6799999475479126,1.7799999713897705,253600,0.0,0.0
2023-07-05 00:00:00-04:00,1.75,1.8300000429153442,1.649999976158142,1.809999942779541,115500,0.0,0.0
2023-07-06 00:00:00-04:00,1.7999999523162842,1.8969999551773071,1.7300000190734863,1.840000033378601,205600,0.0,0.0
2023-07-07 00:00:00-04:00,1.7999999523162842,1.8700000047683716,1.7899999618530273,1.8200000524520874,155600,0.0,0.0
2023-07-10 00:00:00-04:00,1.899999976158142,1.909999966621399,1.7999999523162842,1.8600000143051147,140100,0.0,0.0
2023-07-11 00:00:00-04:00,1.9299999475479126,2.0399999618530273,1.840000033378601,1.9900000095367432,212200,0.0,0.0
2023-07-12 00:00:00-04:00,2.0199999809265137,2.2799999713897705,1.9700000286102295,2.190000057220459,125100,0.0,0.0
2023-07-13 00:00:00-04:00,2.1700000762939453,2.2200000286102295,2.140000104904175,2.180000066757202,133900,0.0,0.0
2023-07-14 00:00:00-04:00,2.1500000953674316,2.1500000953674316,1.9299999475479126,1.940000057220459,72000,0.0,0.0
2023-07-17 00:00:00-04:00,1.940000057220459,1.9919999837875366,1.850000023841858,1.9500000476837158,277600,0.0,0.0
2023-07-18 00:00:00-04:00,1.899999976158142,2.140000104904175,1.899999976158142,2.109999895095825,279600,0.0,0.0
2023-07-19 00:00:00-04:00,2.119999885559082,2.1500000953674316,2.049999952316284,2.0999999046325684,70300,0.0,0.0
2023-07-20 00:00:00-04:00,2.069999933242798,2.1500000953674316,2.059999942779541,2.140000104904175,250700,0.0,0.0
2023-07-21 00:00:00-04:00,2.130000114440918,2.1500000953674316,2.0399999618530273,2.130000114440918,267800,0.0,0.0
2023-07-24 00:00:00-04:00,2.1500000953674316,2.200000047683716,2.0199999809265137,2.0199999809265137,45400,0.0,0.0
2023-07-25 00:00:00-04:00,2.0199999809265137,2.0999999046325684,2.0199999809265137,2.0999999046325684,131100,0.0,0.0
2023-07-26 00:00:00-04:00,2.0899999141693115,2.0899999141693115,1.9600000381469727,2.0,52400,0.0,0.0
2023-07-27 00:00:00-04:00,2.009999990463257,2.0399999618530273,1.9199999570846558,1.9199999570846558,25100,0.0,0.0
2023-07-28 00:00:00-04:00,1.909999966621399,1.9800000190734863,1.8799999952316284,1.9299999475479126,238700,0.0,0.0
