Date,Open,High,Low,Close,Volume,Dividends,Stock Splits
2023-05-22 00:00:00-04:00,18.489999771118164,18.739999771118164,16.959999084472656,16.959999084472656,665,0.0,0.0
2023-05-23 00:00:00-04:00,18.0,18.0,18.0,18.0,426,0.0,0.0
2023-05-24 00:00:00-04:00,16.360000610351562,16.360000610351562,16.360000610351562,16.360000610351562,101,0.0,0.0
2023-05-25 00:00:00-04:00,16.030000686645508,17.0,16.030000686645508,17.0,552,0.0,0.0
2023-05-26 00:00:00-04:00,18.0,18.5,17.950000762939453,18.399999618530273,1971,0.0,0.0
2023-05-30 00:00:00-04:00,18.989999771118164,20.75,18.5,18.5,1537,0.0,0.0
2023-05-31 00:00:00-04:00,23.0,24.0,23.0,24.0,425,0.0,0.0
2023-06-01 00:00:00-04:00,18.510000228881836,22.5,18.510000228881836,18.510000228881836,511,0.0,0.0
2023-06-02 00:00:00-04:00,19.030000686645508,19.030000686645508,19.020000457763672,19.030000686645508,1100,0.0,0.0
2023-06-06 00:00:00-04:00,19.079999923706055,19.09000015258789,19.079999923706055,19.079999923706055,805,0.0,0.0
2023-06-07 00:00:00-04:00,19.25,19.25,18.0,18.0,1467,0.0,0.0
2023-06-08 00:00:00-04:00,18.0,18.010000228881836,18.0,18.010000228881836,881,0.0,0.0
2023-06-09 00:00:00-04:00,17.010000228881836,18.0,16.5,18.0,1607,0.0,0.0
2023-06-12 00:00:00-04:00,16.610000610351562,16.649999618530273,16.610000610351562,16.649999618530273,357,0.0,0.0
2023-06-13 00:00:00-04:00,17.239999771118164,17.239999771118164,17.239999771118164,17.239999771118164,310,0.0,0.0
2023-06-15 00:00:00-04:00,17.549999237060547,17.549999237060547,17.549999237060547,17.549999237060547,229,0.0,0.0
2023-06-16 00:00:00-04:00,17.649999618530273,17.649999618530273,17.5,17.5,418,0.0,0.0
2023-06-21 00:00:00-04:00,19.0,19.0,19.0,19.0,150,0.0,0.0
2023-06-23 00:00:00-04:00,18.649999618530273,18.649999618530273,18.049999237060547,18.049999237060547,422,0.0,0.0
2023-06-27 00:00:00-04:00,17.899999618530273,19.274999618530273,17.899999618530273,19.0,1700,0.0,0.0
2023-06-28 00:00:00-04:00,18.0,18.399999618530273,18.0,18.399999618530273,1876,0.0,0.0
2023-06-29 00:00:00-04:00,22.0,24.149999618530273,22.0,24.049999237060547,2971,0.0,0.0
2023-07-05 00:00:00-04:00,22.0,22.0,22.0,22.0,399,0.0,0.0
2023-07-10 00:00:00-04:00,23.0,23.0,23.0,23.0,284,0.0,0.0
2023-07-11 00:00:00-04:00,26.0,32.95000076293945,26.0,32.95000076293945,1782,0.0,0.0
2023-07-12 00:00:00-04:00,32.900001525878906,34.0,32.900001525878906,33.0,1208,0.0,0.0
2023-07-13 00:00:00-04:00,25.100000381469727,39.900001525878906,25.100000381469727,39.79999923706055,3949,0.0,0.0
2023-07-14 00:00:00-04:00,40.0,40.0,39.0,39.0,886,0.0,0.0
2023-07-17 00:00:00-04:00,41.900001525878906,51.20000076293945,41.900001525878906,45.0,2685,0.0,0.0
2023-07-18 00:00:00-04:00,47.400001525878906,47.400001525878906,40.70000076293945,42.0,1728,0.0,0.0
2023-07-19 00:00:00-04:00,35.5,45.0,35.5,45.0,1125,0.0,0.0
2023-07-20 00:00:00-04:00,45.400001525878906,45.400001525878906,37.0,37.0,1865,0.0,0.0
2023-07-21 00:00:00-04:00,40.0,40.0,39.849998474121094,39.849998474121094,1073,0.0,0.0
2023-07-24 00:00:00-04:00,39.849998474121094,39.849998474121094,34.7599983215332,36.0,2005,0.0,0.0
2023-07-25 00:00:00-04:00,40.0,40.0,38.0,38.0,1044,0.0,0.0
2023-07-26 00:00:00-04:00,39.0,39.5,34.7599983215332,35.25,4304,0.0,0.0
2023-07-27 00:00:00-04:00,37.0,37.0,29.010000228881836,29.010000228881836,525,0.0,0.0
2023-07-28 00:00:00-04:00,40.0,40.0,36.04999923706055,37.900001525878906,2042,0.0,0.0
