Date,Open,High,Low,Close,Volume,Dividends,Stock Splits
2014-07-14 00:00:00-04:00,76.5,76.5,76.5,76.5,0,0.0,0.0
2014-07-15 00:00:00-04:00,76.5,76.5,76.5,76.5,0,0.0,0.0
2014-07-16 00:00:00-04:00,76.5,76.5,76.5,76.5,0,0.0,0.0
2014-07-17 00:00:00-04:00,76.5,76.5,76.5,76.5,0,0.0,0.0
2014-07-18 00:00:00-04:00,76.5,76.5,76.5,76.5,0,0.0,0.0
2014-07-21 00:00:00-04:00,76.5,76.5,76.5,76.5,0,0.0,0.0
2014-07-22 00:00:00-04:00,76.5,76.5,76.5,76.5,0,0.0,0.0
2014-07-23 00:00:00-04:00,73.0,73.0,73.0,76.5,34,0.0,0.0
2014-07-24 00:00:00-04:00,76.5,76.5,76.5,76.5,0,0.0,0.0
2014-07-25 00:00:00-04:00,73.0,73.0,73.0,75.0,2500,0.0,0.0
2014-07-28 00:00:00-04:00,73.0,73.0,73.0,75.0,2000,0.0,0.0
2014-07-29 00:00:00-04:00,75.0,75.0,75.0,75.0,0,0.0,0.0
2014-07-30 00:00:00-04:00,75.0,75.0,73.0,75.0,3172,0.0,0.0
2014-07-31 00:00:00-04:00,75.0,75.0,75.0,75.0,0,0.0,0.0
2014-08-01 00:00:00-04:00,75.0,75.0,75.0,75.0,0,0.0,0.0
2014-08-04 00:00:00-04:00,75.0,75.0,75.0,75.0,0,0.0,0.0
2014-08-05 00:00:00-04:00,75.0,75.0,75.0,75.0,0,0.0,0.0
2014-08-06 00:00:00-04:00,75.0,75.0,75.0,75.0,0,0.0,0.0
2014-08-07 00:00:00-04:00,75.0,75.0,75.0,75.0,0,0.0,0.0
2014-08-08 00:00:00-04:00,73.0,73.0,73.0,75.0,1500,0.0,0.0
2014-08-11 00:00:00-04:00,75.0,75.0,75.0,75.0,0,0.0,0.0
2014-08-12 00:00:00-04:00,75.0,75.0,75.0,75.0,0,0.0,0.0
2014-08-13 00:00:00-04:00,75.0,75.0,73.0,73.5,2303,0.0,0.0
2014-08-14 00:00:00-04:00,73.5,73.5,73.5,73.5,0,0.0,0.0
2014-08-15 00:00:00-04:00,73.5,73.5,73.5,73.5,0,0.0,0.0
2014-08-18 00:00:00-04:00,73.5,73.5,73.5,73.5,0,0.0,0.0
2014-08-19 00:00:00-04:00,73.5,73.5,73.5,73.5,0,0.0,0.0
2014-08-20 00:00:00-04:00,73.5,73.5,73.5,73.5,0,0.0,0.0
2014-08-21 00:00:00-04:00,73.5,73.5,73.5,73.5,0,0.0,0.0
2014-08-22 00:00:00-04:00,73.5,73.5,73.5,73.5,0,0.0,0.0
2014-08-25 00:00:00-04:00,73.5,73.5,73.5,73.5,0,0.0,0.0
2014-08-26 00:00:00-04:00,73.5,73.5,73.5,73.5,0,0.0,0.0
2014-08-27 00:00:00-04:00,73.5,73.5,73.5,73.5,0,0.0,0.0
2014-08-28 00:00:00-04:00,73.5,73.5,73.5,73.5,0,0.0,0.0
2014-08-29 00:00:00-04:00,73.5,73.5,73.5,73.5,0,0.0,0.0
2014-11-25 00:00:00-05:00,68.0,68.0,68.0,69.0,476,0.0,0.0
2014-11-26 00:00:00-05:00,69.80000305175781,69.80000305175781,69.80000305175781,69.0,797,0.0,0.0
2014-11-28 00:00:00-05:00,69.80000305175781,69.80000305175781,69.80000305175781,69.0,1414,0.0,0.0
2014-12-01 00:00:00-05:00,69.0,69.0,69.0,69.0,0,0.0,0.0
2014-12-02 00:00:00-05:00,69.0,69.0,69.0,69.0,0,0.0,0.0
2014-12-03 00:00:00-05:00,69.0,69.0,69.0,69.0,0,0.0,0.0
2014-12-04 00:00:00-05:00,68.0,68.0,60.0,67.0,6191,0.0,0.0
2014-12-05 00:00:00-05:00,67.5,67.5,67.5,67.5,14000,0.0,0.0
2014-12-08 00:00:00-05:00,67.5,67.5,67.5,67.5,0,0.0,0.0
2014-12-09 00:00:00-05:00,67.5,67.5,67.5,67.5,0,0.0,0.0
2014-12-10 00:00:00-05:00,69.5,69.5,69.5,67.5,2863,0.0,0.0
2014-12-11 00:00:00-05:00,67.5,67.5,67.5,67.5,0,0.0,0.0
2014-12-12 00:00:00-05:00,67.5,67.5,67.5,67.5,0,0.0,0.0
2014-12-15 00:00:00-05:00,67.5,67.5,67.5,67.5,0,0.0,0.0
2014-12-16 00:00:00-05:00,66.5,66.5,66.5,66.5,0,0.0,0.0
2014-12-17 00:00:00-05:00,66.5,66.5,66.5,66.5,0,0.0,0.0
2014-12-18 00:00:00-05:00,66.5,66.5,66.5,66.5,0,0.0,0.0
2014-12-19 00:00:00-05:00,66.5,66.5,66.5,66.5,0,0.0,0.0
2014-12-22 00:00:00-05:00,67.5,67.5,67.5,66.5,1944,0.0,0.0
2014-12-23 00:00:00-05:00,65.0,65.0,65.0,66.5,2380,0.0,0.0
2014-12-24 00:00:00-05:00,66.5,66.5,66.5,66.5,0,0.0,0.0
2014-12-26 00:00:00-05:00,66.5,66.5,66.5,66.5,0,0.0,0.0
2014-12-29 00:00:00-05:00,66.5,66.5,66.5,66.5,0,0.0,0.0
2014-12-30 00:00:00-05:00,66.5,66.5,66.5,66.5,0,0.0,0.0
2014-12-31 00:00:00-05:00,66.5,66.5,66.5,66.5,0,0.0,0.0
2015-01-02 00:00:00-05:00,66.5,66.5,66.5,66.5,0,0.0,0.0
2015-01-05 00:00:00-05:00,66.5,66.5,66.5,66.5,0,0.0,0.0
2015-01-06 00:00:00-05:00,66.0,66.0,66.0,66.0,0,0.0,0.0
2015-01-07 00:00:00-05:00,66.80000305175781,66.80000305175781,66.80000305175781,66.0,25,0.0,0.0
2015-01-08 00:00:00-05:00,66.80000305175781,66.80000305175781,66.80000305175781,66.0,748,0.0,0.0
2015-01-09 00:00:00-05:00,65.0,65.0,65.0,66.0,3500,0.0,0.0
2015-01-12 00:00:00-05:00,66.0,66.0,66.0,66.0,0,0.0,0.0
2015-01-13 00:00:00-05:00,66.0,66.0,66.0,66.0,0,0.0,0.0
2015-01-14 00:00:00-05:00,66.0,66.0,66.0,66.0,0,0.0,0.0
2015-01-15 00:00:00-05:00,66.80000305175781,66.80000305175781,66.80000305175781,66.0,100,0.0,0.0
2015-01-16 00:00:00-05:00,66.80000305175781,66.80000305175781,66.80000305175781,66.0,4315,0.0,0.0
2015-01-20 00:00:00-05:00,65.0,65.0,65.0,66.0,1522,0.0,0.0
2015-01-21 00:00:00-05:00,66.0,66.0,66.0,66.0,0,0.0,0.0
2015-01-22 00:00:00-05:00,66.0,66.0,66.0,66.0,0,0.0,0.0
2015-01-23 00:00:00-05:00,65.0,66.69999694824219,65.0,66.0,136,0.0,0.0
2015-01-26 00:00:00-05:00,65.0,65.0,65.0,66.0,1500,0.0,0.0
2015-01-27 00:00:00-05:00,65.0,65.0,65.0,66.0,3100,0.0,0.0
2015-01-28 00:00:00-05:00,65.0,65.0,65.0,66.0,1000,0.0,0.0
2015-01-29 00:00:00-05:00,65.0,65.0,63.0,65.0,2000,0.0,0.0
2015-01-30 00:00:00-05:00,65.0,65.0,65.0,65.0,0,0.0,0.0
2015-02-02 00:00:00-05:00,65.0,65.0,65.0,65.0,0,0.0,0.0
2015-02-03 00:00:00-05:00,65.0,65.0,65.0,65.0,0,0.0,0.0
2015-02-04 00:00:00-05:00,65.0,65.0,65.0,65.0,0,0.0,0.0
2015-02-05 00:00:00-05:00,65.0,65.0,65.0,65.0,0,0.0,0.0
2015-02-06 00:00:00-05:00,63.0,65.0,63.0,65.0,572,0.0,0.0
2015-02-09 00:00:00-05:00,65.0,65.0,65.0,65.0,0,0.0,0.0
2015-02-10 00:00:00-05:00,65.0,65.0,65.0,65.0,0,0.0,0.0
2015-02-11 00:00:00-05:00,65.0,65.0,65.0,65.0,0,0.0,0.0
2015-02-12 00:00:00-05:00,65.0,65.0,65.0,65.0,0,0.0,0.0
2015-02-13 00:00:00-05:00,65.0,65.0,65.0,65.0,0,0.0,0.0
2015-02-17 00:00:00-05:00,65.0,65.0,65.0,65.0,0,0.0,0.0
2015-02-18 00:00:00-05:00,65.0,65.0,65.0,65.0,0,0.0,0.0
2015-02-19 00:00:00-05:00,63.0,63.0,60.0,63.5,6183,0.0,0.0
2015-02-20 00:00:00-05:00,64.0,64.0,60.0,63.5,3754,0.0,0.0
2015-02-23 00:00:00-05:00,63.5,63.5,63.5,63.5,0,0.0,0.0
2015-02-24 00:00:00-05:00,63.5,63.5,63.5,63.5,0,0.0,0.0
2015-02-25 00:00:00-05:00,63.5,63.5,63.5,63.5,0,0.0,0.0
2015-02-26 00:00:00-05:00,63.5,63.5,63.5,63.5,0,0.0,0.0
2015-02-27 00:00:00-05:00,63.5,63.5,63.5,63.5,0,0.0,0.0
2015-03-02 00:00:00-05:00,63.5,63.5,63.5,63.5,0,0.0,0.0
2015-03-03 00:00:00-05:00,64.0,64.0,64.0,63.5,231,0.0,0.0
2015-03-04 00:00:00-05:00,63.5,63.5,63.5,63.5,0,0.0,0.0
2015-03-05 00:00:00-05:00,63.5,63.5,63.5,63.5,37187,0.0,0.0
2015-03-06 00:00:00-05:00,63.5,63.5,63.5,63.5,0,0.0,0.0
2015-03-09 00:00:00-04:00,63.5,63.5,63.5,63.5,0,0.0,0.0
2015-03-10 00:00:00-04:00,63.5,63.5,63.5,63.5,0,0.0,0.0
2015-03-11 00:00:00-04:00,60.0,60.0,60.0,62.5,5000,0.0,0.0
2015-03-12 00:00:00-04:00,62.5,62.5,62.5,62.5,0,0.0,0.0
2015-03-13 00:00:00-04:00,62.5,62.5,62.5,62.5,0,0.0,0.0
2015-03-16 00:00:00-04:00,62.5,62.5,62.5,62.5,0,0.0,0.0
2015-03-17 00:00:00-04:00,60.0,60.0,60.0,62.5,816,0.0,0.0
2015-03-18 00:00:00-04:00,62.5,62.5,62.5,62.5,0,0.0,0.0
2015-03-19 00:00:00-04:00,62.5,62.5,62.5,62.5,0,0.0,0.0
2015-03-20 00:00:00-04:00,64.0,64.0,64.0,62.5,106,0.0,0.0
2015-03-23 00:00:00-04:00,65.0,65.0,65.0,63.5,25000,0.0,0.0
2015-03-24 00:00:00-04:00,65.0,65.0,65.0,64.5,5000,0.0,0.0
2016-01-27 00:00:00-05:00,0.6489999890327454,0.6489999890327454,0.6489999890327454,0.6489999890327454,0,0.0,0.0
2016-09-13 00:00:00-04:00,45.0,45.0,45.0,45.0,0,0.0,0.0
2016-09-14 00:00:00-04:00,45.0,45.0,45.0,45.0,0,0.0,0.0
2016-09-15 00:00:00-04:00,45.0,45.0,45.0,45.0,0,0.0,0.0
2016-09-16 00:00:00-04:00,44.0,45.5,44.0,45.0,44000,0.0,0.0
2016-09-28 00:00:00-04:00,0.5580000281333923,0.5580000281333923,0.5580000281333923,0.5580000281333923,0,0.0,0.0
2017-06-30 00:00:00-04:00,51.5,51.5,51.5,51.5,2204,0.0,0.0
2017-07-03 00:00:00-04:00,50.0,50.0,50.0,50.5,2000,0.0,0.0
