Date,Open,High,Low,Close,Volume,Dividends,Stock Splits
2020-03-17 00:00:00-04:00,10500.0,11500.0,9600.0,11200.0,1626550,0.0,0.0
2020-03-18 00:00:00-04:00,11500.0,11500.0,10450.0,10500.0,1432550,0.0,0.0
2020-03-19 00:00:00-04:00,10300.0,10300.0,9800.0,9800.0,858400,0.0,0.0
2020-03-20 00:00:00-04:00,9800.0,10000.0,9120.0,9130.0,1380930,0.0,0.0
2020-03-23 00:00:00-04:00,8620.0,8630.0,8500.0,8500.0,1698240,0.0,0.0
2020-03-24 00:00:00-04:00,8250.0,8890.0,8250.0,8700.0,683830,0.0,0.0
2020-03-25 00:00:00-04:00,8800.0,9100.0,8710.0,8900.0,1559590,0.0,0.0
2020-03-26 00:00:00-04:00,8800.0,8990.0,8550.0,8550.0,811930,0.0,0.0
2020-03-27 00:00:00-04:00,8600.0,9000.0,8360.0,8460.0,612810,0.0,0.0
2020-03-30 00:00:00-04:00,8250.0,8600.0,7870.0,8300.0,1792710,0.0,0.0
2020-03-31 00:00:00-04:00,8000.0,8700.0,8000.0,8380.0,572600,0.0,0.0
2020-04-01 00:00:00-04:00,8380.0,8580.0,8100.0,8560.0,262480,0.0,0.0
2020-04-02 00:00:00-04:00,8560.0,8560.0,8560.0,8560.0,0,0.0,0.0
2020-04-03 00:00:00-04:00,8600.0,8900.0,8500.0,8700.0,356910,0.0,0.0
2020-04-06 00:00:00-04:00,8800.0,9100.0,8750.0,9100.0,591020,0.0,0.0
2020-04-07 00:00:00-04:00,9100.0,9100.0,8810.0,8960.0,277730,0.0,0.0
2020-04-08 00:00:00-04:00,8900.0,8990.0,8800.0,8990.0,212500,0.0,0.0
2020-04-09 00:00:00-04:00,9100.0,9530.0,9090.0,9450.0,574950,0.0,0.0
2020-04-13 00:00:00-04:00,10800.0,10800.0,10150.0,10150.0,2160110,0.0,0.0
2020-04-14 00:00:00-04:00,10400.0,10850.0,10000.0,10800.0,957110,0.0,0.0
2020-04-15 00:00:00-04:00,10500.0,11300.0,10500.0,11150.0,788140,0.0,0.0
2020-04-16 00:00:00-04:00,11000.0,11150.0,10600.0,10800.0,634220,0.0,0.0
2020-04-17 00:00:00-04:00,11050.0,11150.0,10700.0,10800.0,649460,0.0,0.0
2020-04-20 00:00:00-04:00,11000.0,11250.0,10700.0,10700.0,1221230,0.0,0.0
2020-04-21 00:00:00-04:00,10600.0,10700.0,9960.0,9960.0,1336580,0.0,0.0
2020-04-22 00:00:00-04:00,9700.0,10400.0,9600.0,10050.0,867890,0.0,0.0
2020-04-23 00:00:00-04:00,10300.0,10350.0,10000.0,10100.0,653970,0.0,0.0
2020-04-24 00:00:00-04:00,10100.0,10150.0,9950.0,9960.0,837180,0.0,0.0
2020-04-27 00:00:00-04:00,10100.0,10650.0,10100.0,10650.0,1663520,0.0,0.0
2020-04-28 00:00:00-04:00,11000.0,11200.0,10700.0,10800.0,1444690,0.0,0.0
2020-04-29 00:00:00-04:00,10800.0,11350.0,10800.0,11150.0,1497360,0.0,0.0
2020-04-30 00:00:00-04:00,11150.0,11150.0,11150.0,11150.0,0,0.0,0.0
2020-05-01 00:00:00-04:00,11150.0,11150.0,11150.0,11150.0,0,0.0,0.0
2020-05-04 00:00:00-04:00,10900.0,11000.0,10600.0,10700.0,951850,0.0,0.0
2020-05-05 00:00:00-04:00,10700.0,11200.0,10000.0,11100.0,1071460,0.0,0.0
2020-05-06 00:00:00-04:00,11150.0,11850.0,11150.0,11850.0,2682000,0.0,0.0
2020-05-07 00:00:00-04:00,12000.0,12650.0,11800.0,12500.0,2699550,0.0,0.0
2020-05-08 00:00:00-04:00,12500.0,12600.0,12000.0,12000.0,1499440,0.0,0.0
2020-05-11 00:00:00-04:00,11950.0,12500.0,11750.0,12400.0,1857810,0.0,0.0
2020-05-12 00:00:00-04:00,12200.0,12750.0,12050.0,12500.0,1423970,0.0,0.0
2020-05-13 00:00:00-04:00,12500.0,13100.0,12400.0,12600.0,3516310,0.0,0.0
2020-05-14 00:00:00-04:00,12600.0,12600.0,12300.0,12300.0,1400950,0.0,0.0
2020-05-15 00:00:00-04:00,12300.0,12300.0,12300.0,12300.0,0,0.0,0.0
2020-05-18 00:00:00-04:00,12300.0,12300.0,12300.0,12300.0,0,0.0,0.0
2020-05-19 00:00:00-04:00,12650.0,12750.0,12300.0,12750.0,2001060,0.0,0.0
2020-05-20 00:00:00-04:00,12750.0,12750.0,12750.0,12750.0,0,0.0,0.0
2020-05-21 00:00:00-04:00,12900.0,13250.0,12700.0,12800.0,2381570,0.0,0.0
2020-05-22 00:00:00-04:00,12700.0,12850.0,12400.0,12500.0,1401180,0.0,0.0
2020-05-26 00:00:00-04:00,13350.0,13450.0,13050.0,13450.0,2026130,0.0,0.0
2020-05-27 00:00:00-04:00,13200.0,13200.0,12700.0,12700.0,2320830,0.0,0.0
2020-05-28 00:00:00-04:00,12650.0,12900.0,12550.0,12750.0,1925610,0.0,0.0
2020-05-29 00:00:00-04:00,12700.0,12900.0,12650.0,12750.0,1380440,0.0,0.0
2020-06-01 00:00:00-04:00,12800.0,12950.0,12800.0,12850.0,1375080,0.0,0.0
2020-06-02 00:00:00-04:00,12850.0,12950.0,12500.0,12550.0,1401600,0.0,0.0
2020-06-03 00:00:00-04:00,12550.0,13000.0,12500.0,13000.0,1682780,0.0,0.0
2020-06-04 00:00:00-04:00,13000.0,13150.0,12700.0,12700.0,1429580,0.0,0.0
2020-06-05 00:00:00-04:00,12700.0,12900.0,12600.0,12900.0,1368660,0.0,0.0
2020-06-08 00:00:00-04:00,12900.0,12900.0,12900.0,12900.0,0,0.0,0.0
2020-06-09 00:00:00-04:00,12900.0,12900.0,12900.0,12900.0,0,0.0,0.0
2020-06-10 00:00:00-04:00,13650.0,13650.0,13150.0,13250.0,2746460,0.0,0.0
2020-06-11 00:00:00-04:00,13250.0,13550.0,12500.0,12500.0,3535100,0.0,0.0
2020-06-12 00:00:00-04:00,12000.0,12450.0,11800.0,12150.0,3343630,0.0,0.0
2020-06-15 00:00:00-04:00,12500.0,13000.0,12250.0,12400.0,3865010,0.0,0.0
2020-06-16 00:00:00-04:00,13000.0,13000.0,12650.0,12750.0,1094900,0.0,0.0
2020-06-17 00:00:00-04:00,12800.0,12800.0,12400.0,12400.0,1329740,0.0,0.0
2020-06-18 00:00:00-04:00,12100.0,12800.0,12100.0,12300.0,1281740,0.0,0.0
2020-06-19 00:00:00-04:00,12450.0,12750.0,12450.0,12600.0,1155640,0.0,0.0
2020-06-22 00:00:00-04:00,12700.0,12700.0,12400.0,12450.0,1125510,0.0,0.0
2020-06-23 00:00:00-04:00,12450.0,12800.0,12350.0,12550.0,1512990,0.0,0.0
2020-06-24 00:00:00-04:00,12600.0,12600.0,12250.0,12300.0,967980,0.0,0.0
2020-06-25 00:00:00-04:00,12200.0,12300.0,12050.0,12050.0,1042720,0.0,0.0
2020-06-26 00:00:00-04:00,12100.0,12350.0,11900.0,11900.0,1459690,0.0,0.0
2020-06-29 00:00:00-04:00,11900.0,12000.0,11300.0,11400.0,2278110,0.0,0.0
2020-06-30 00:00:00-04:00,11400.0,11750.0,11000.0,11000.0,1132600,0.0,0.0
2020-07-01 00:00:00-04:00,11050.0,11600.0,11050.0,11500.0,736830,0.0,0.0
2020-07-02 00:00:00-04:00,11400.0,11700.0,11350.0,11550.0,878030,0.0,0.0
2020-07-06 00:00:00-04:00,11800.0,11900.0,11700.0,11900.0,575100,0.0,0.0
2020-07-07 00:00:00-04:00,11900.0,11950.0,11600.0,11650.0,1010980,0.0,0.0
2020-07-08 00:00:00-04:00,11650.0,11800.0,11400.0,11650.0,833270,0.0,0.0
2020-07-09 00:00:00-04:00,11650.0,11850.0,11650.0,11850.0,988260,0.0,0.0
2020-07-10 00:00:00-04:00,11850.0,11850.0,11850.0,11850.0,0,0.0,0.0
2020-07-13 00:00:00-04:00,11900.0,12350.0,11900.0,11900.0,1994010,0.0,0.0
2020-07-14 00:00:00-04:00,12100.0,12300.0,12000.0,12100.0,1279860,0.0,0.0
2020-07-15 00:00:00-04:00,12100.0,12100.0,12100.0,12100.0,0,0.0,0.0
2020-07-16 00:00:00-04:00,12150.0,12250.0,12000.0,12050.0,751420,0.0,0.0
2020-07-17 00:00:00-04:00,11950.0,12250.0,11900.0,12100.0,900470,0.0,0.0
2020-07-20 00:00:00-04:00,12100.0,12450.0,12050.0,12100.0,1427490,0.0,0.0
2020-07-21 00:00:00-04:00,12200.0,12200.0,11900.0,11950.0,755830,0.0,0.0
2020-07-22 00:00:00-04:00,11950.0,12100.0,11700.0,11750.0,730770,0.0,0.0
2020-07-23 00:00:00-04:00,11700.0,11750.0,11500.0,11500.0,1064300,0.0,0.0
2020-07-24 00:00:00-04:00,11550.0,11900.0,11000.0,11000.0,2730370,0.0,0.0
2020-07-27 00:00:00-04:00,10500.0,10700.0,10250.0,10250.0,2885330,0.0,0.0
2020-07-28 00:00:00-04:00,10050.0,10600.0,10050.0,10600.0,1756390,0.0,0.0
2020-07-29 00:00:00-04:00,10000.0,10350.0,9860.0,10250.0,1869490,0.0,0.0
2020-07-30 00:00:00-04:00,10200.0,10300.0,10050.0,10100.0,1120870,0.0,0.0
2020-07-31 00:00:00-04:00,9800.0,10250.0,9800.0,10000.0,998760,0.0,0.0
2020-08-03 00:00:00-04:00,10000.0,10350.0,10000.0,10350.0,820600,0.0,0.0
2020-08-04 00:00:00-04:00,10500.0,10600.0,10350.0,10450.0,995960,0.0,0.0
2020-08-05 00:00:00-04:00,10450.0,10850.0,10300.0,10650.0,1450080,0.0,0.0
2020-08-06 00:00:00-04:00,10550.0,10750.0,10550.0,10600.0,608120,0.0,0.0
2020-08-07 00:00:00-04:00,10550.0,10700.0,10500.0,10600.0,631730,0.0,0.0
2020-08-10 00:00:00-04:00,10650.0,11300.0,10600.0,11150.0,2894230,0.0,0.0
2020-08-11 00:00:00-04:00,11250.0,11250.0,11000.0,11100.0,737560,0.0,0.0
2020-08-12 00:00:00-04:00,11100.0,11150.0,11000.0,11100.0,597590,0.0,0.0
2020-08-13 00:00:00-04:00,11100.0,11400.0,11000.0,11000.0,1959970,0.0,0.0
2020-08-14 00:00:00-04:00,11000.0,11150.0,10800.0,10900.0,974910,0.0,0.0
2020-08-17 00:00:00-04:00,10900.0,10950.0,10700.0,10950.0,750960,0.0,0.0
2020-08-18 00:00:00-04:00,10950.0,11250.0,10900.0,11050.0,1218730,0.0,0.0
2020-08-19 00:00:00-04:00,11200.0,11700.0,11150.0,11500.0,2352360,0.0,0.0
2020-08-20 00:00:00-04:00,11500.0,11800.0,11500.0,11700.0,2233930,0.0,0.0
2020-08-21 00:00:00-04:00,11700.0,11900.0,11600.0,11850.0,1617030,0.0,0.0
2020-08-24 00:00:00-04:00,12000.0,12100.0,11850.0,11950.0,1577760,0.0,0.0
2020-08-25 00:00:00-04:00,12000.0,12000.0,11750.0,11750.0,1301610,0.0,0.0
2020-08-26 00:00:00-04:00,11650.0,12150.0,11650.0,11900.0,1924850,0.0,0.0
2020-08-27 00:00:00-04:00,11950.0,12450.0,11950.0,12350.0,2316970,0.0,0.0
2020-08-28 00:00:00-04:00,12350.0,12450.0,12050.0,12050.0,1574520,0.0,0.0
2020-08-31 00:00:00-04:00,12100.0,12150.0,11750.0,11850.0,1824490,0.0,0.0
2020-09-01 00:00:00-04:00,11800.0,12150.0,11700.0,12150.0,1998840,0.0,0.0
2020-09-02 00:00:00-04:00,12150.0,12150.0,12150.0,12150.0,0,0.0,0.0
2020-09-03 00:00:00-04:00,12200.0,12250.0,12050.0,12150.0,1000990,0.0,0.0
2020-09-04 00:00:00-04:00,11900.0,12050.0,11850.0,12000.0,1132370,0.0,0.0
2020-09-08 00:00:00-04:00,12050.0,12500.0,12000.0,12200.0,4063740,0.0,0.0
2020-09-09 00:00:00-04:00,12200.0,12500.0,12200.0,12400.0,2240400,0.0,0.0
2020-09-10 00:00:00-04:00,12550.0,12850.0,12400.0,12800.0,2360230,0.0,0.0
2020-09-11 00:00:00-04:00,12800.0,12800.0,12800.0,12800.0,0,0.0,0.0
2020-09-14 00:00:00-04:00,12800.0,12850.0,12600.0,12600.0,2150970,0.0,0.0
2020-09-15 00:00:00-04:00,12700.0,12800.0,12400.0,12500.0,2087430,0.0,0.0
2020-09-16 00:00:00-04:00,12500.0,12750.0,12450.0,12650.0,1136120,0.0,0.0
2020-09-17 00:00:00-04:00,12700.0,12850.0,12600.0,12750.0,1206290,0.0,0.0
2020-09-18 00:00:00-04:00,12750.0,12800.0,12700.0,12750.0,959790,0.0,0.0
2020-09-21 00:00:00-04:00,12800.0,13000.0,12700.0,12850.0,1928720,0.0,0.0
2020-09-22 00:00:00-04:00,12350.0,12350.0,12150.0,12250.0,1392490,0.0,0.0
2020-09-23 00:00:00-04:00,12300.0,12300.0,12050.0,12100.0,1441290,0.0,0.0
2020-09-24 00:00:00-04:00,12000.0,12250.0,12000.0,12100.0,1267760,0.0,0.0
2020-09-25 00:00:00-04:00,12100.0,12150.0,12000.0,12050.0,615730,0.0,0.0
2020-09-28 00:00:00-04:00,12050.0,12150.0,12050.0,12150.0,1059040,0.0,0.0
2020-09-29 00:00:00-04:00,12300.0,12550.0,12100.0,12150.0,3437390,0.0,0.0
2020-09-30 00:00:00-04:00,12150.0,12400.0,12050.0,12350.0,1047030,0.0,0.0
2020-10-01 00:00:00-04:00,12500.0,12500.0,12300.0,12350.0,1186560,0.0,0.0
2020-10-02 00:00:00-04:00,12350.0,12400.0,11850.0,12250.0,2204010,0.0,0.0
2020-10-05 00:00:00-04:00,12350.0,13100.0,12250.0,13000.0,5306360,0.0,0.0
2020-10-06 00:00:00-04:00,13200.0,13400.0,12850.0,12900.0,2550590,0.0,0.0
2020-10-07 00:00:00-04:00,12700.0,12900.0,12700.0,12750.0,1706390,0.0,0.0
2020-10-08 00:00:00-04:00,12850.0,13350.0,12700.0,13250.0,5940910,0.0,0.0
2020-10-09 00:00:00-04:00,13400.0,13800.0,13300.0,13700.0,5300430,0.0,0.0
2020-10-12 00:00:00-04:00,13700.0,14150.0,13550.0,13650.0,5012600,0.0,0.0
2020-10-13 00:00:00-04:00,13600.0,14100.0,13350.0,14000.0,4789720,0.0,0.0
2020-10-14 00:00:00-04:00,14000.0,14200.0,13600.0,13700.0,4932320,0.0,0.0
2020-10-15 00:00:00-04:00,13850.0,13850.0,13400.0,13550.0,5368820,0.0,0.0
2020-10-16 00:00:00-04:00,13600.0,13950.0,13350.0,13950.0,5393350,0.0,0.0
2020-10-19 00:00:00-04:00,14150.0,14850.0,13950.0,14800.0,6244920,0.0,0.0
2020-10-20 00:00:00-04:00,14800.0,15200.0,14550.0,14750.0,3392500,0.0,0.0
2020-10-21 00:00:00-04:00,14750.0,14750.0,14200.0,14200.0,5007720,0.0,0.0
2020-10-22 00:00:00-04:00,14050.0,14300.0,13900.0,14300.0,4576950,0.0,0.0
2020-10-23 00:00:00-04:00,14300.0,14650.0,14050.0,14350.0,3363120,0.0,0.0
2020-10-26 00:00:00-04:00,14600.0,14900.0,14300.0,14300.0,3825590,0.0,0.0
2020-10-27 00:00:00-04:00,14300.0,14400.0,14050.0,14100.0,2472800,0.0,0.0
2020-10-28 00:00:00-04:00,14050.0,14500.0,13400.0,13400.0,5397380,0.0,0.0
2020-10-29 00:00:00-04:00,13500.0,13900.0,13200.0,13700.0,4416080,0.0,0.0
2020-10-30 00:00:00-04:00,13900.0,14200.0,13700.0,14150.0,3448190,0.0,0.0
2020-11-02 00:00:00-05:00,14350.0,14600.0,14250.0,14600.0,5148980,0.0,0.0
2020-11-03 00:00:00-05:00,14650.0,15600.0,14600.0,15500.0,11245530,0.0,0.0
2020-11-04 00:00:00-05:00,15400.0,15600.0,15150.0,15500.0,4661700,0.0,0.0
2020-11-05 00:00:00-05:00,15250.0,15350.0,14900.0,14900.0,6436840,0.0,0.0
2020-11-06 00:00:00-05:00,14900.0,15400.0,14900.0,15250.0,3208490,0.0,0.0
2020-11-09 00:00:00-05:00,15250.0,15450.0,15050.0,15400.0,4668100,0.0,0.0
2020-11-10 00:00:00-05:00,15400.0,16150.0,15250.0,15800.0,6147770,0.0,0.0
2020-11-11 00:00:00-05:00,15800.0,16350.0,15650.0,16300.0,5176010,0.0,0.0
2020-11-12 00:00:00-05:00,16500.0,17000.0,16350.0,16950.0,5971020,0.0,0.0
2020-11-13 00:00:00-05:00,16900.0,17250.0,16650.0,17000.0,5142170,0.0,0.0
2020-11-16 00:00:00-05:00,16950.0,16950.0,16450.0,16750.0,6529880,0.0,0.0
2020-11-17 00:00:00-05:00,16900.0,17900.0,16600.0,17900.0,6667140,0.0,0.0
2020-11-18 00:00:00-05:00,17900.0,19000.0,17850.0,19000.0,5218420,0.0,0.0
2020-11-19 00:00:00-05:00,19000.0,19300.0,18500.0,19300.0,5577100,0.0,0.0
2020-11-20 00:00:00-05:00,19300.0,19350.0,18650.0,19000.0,2787350,0.0,0.0
2020-11-23 00:00:00-05:00,18650.0,18900.0,18350.0,18500.0,4154160,0.0,0.0
2020-11-24 00:00:00-05:00,18500.0,18650.0,17800.0,18300.0,5685550,0.0,0.0
2020-11-25 00:00:00-05:00,18700.0,19000.0,18400.0,18900.0,3225870,0.0,0.0
2020-11-27 00:00:00-05:00,19300.0,19400.0,19050.0,19050.0,2977160,0.0,0.0
2020-11-30 00:00:00-05:00,19200.0,19200.0,18600.0,18600.0,3181380,0.0,0.0
2020-12-01 00:00:00-05:00,18100.0,18750.0,18100.0,18650.0,3758590,0.0,0.0
2020-12-02 00:00:00-05:00,18700.0,19100.0,18500.0,18800.0,3181530,0.0,0.0
2020-12-03 00:00:00-05:00,18800.0,18950.0,18600.0,18750.0,2618260,0.0,0.0
2020-12-04 00:00:00-05:00,19000.0,20050.0,18750.0,20050.0,6208970,0.0,0.0
2020-12-07 00:00:00-05:00,20500.0,21050.0,20300.0,20300.0,4335970,0.0,0.0
2020-12-08 00:00:00-05:00,20450.0,20650.0,20100.0,20300.0,3509780,0.0,0.0
2020-12-09 00:00:00-05:00,20100.0,21300.0,20100.0,20450.0,5111400,0.0,0.0
2020-12-10 00:00:00-05:00,20400.0,20800.0,19900.0,19950.0,3775710,0.0,0.0
2020-12-11 00:00:00-05:00,20100.0,21000.0,19900.0,20900.0,4719070,0.0,0.0
2020-12-14 00:00:00-05:00,21000.0,22350.0,21000.0,22350.0,5534040,0.0,0.0
2020-12-15 00:00:00-05:00,22500.0,23750.0,22150.0,23250.0,4905500,0.0,0.0
2020-12-16 00:00:00-05:00,23250.0,23750.0,23100.0,23300.0,3528920,0.0,0.0
2020-12-17 00:00:00-05:00,23000.0,24650.0,22800.0,24000.0,4909320,0.0,0.0
2020-12-18 00:00:00-05:00,24900.0,25350.0,24300.0,25350.0,3881450,0.0,0.0
2020-12-21 00:00:00-05:00,26200.0,27100.0,26100.0,27100.0,3351680,0.0,0.0
2020-12-22 00:00:00-05:00,28950.0,28950.0,28600.0,28950.0,1853210,0.0,0.0
2020-12-23 00:00:00-05:00,30950.0,30950.0,26950.0,27600.0,3522880,0.0,0.0
2020-12-24 00:00:00-05:00,29000.0,29000.0,25700.0,27200.0,9525620,0.0,0.0
2020-12-28 00:00:00-05:00,30450.0,31100.0,29200.0,30450.0,4610970,0.0,0.0
2020-12-29 00:00:00-05:00,29900.0,30800.0,28900.0,29500.0,7712850,0.0,0.0
2020-12-30 00:00:00-05:00,29400.0,30100.0,28100.0,28500.0,5020230,0.0,0.0
2020-12-31 00:00:00-05:00,28800.0,30000.0,28000.0,29950.0,4707730,0.0,0.0
2021-01-04 00:00:00-05:00,30050.0,31550.0,29450.0,29450.0,735350,0.0,0.0
2021-01-05 00:00:00-05:00,29800.0,30250.0,29100.0,29500.0,576630,0.0,0.0
2021-01-06 00:00:00-05:00,29700.0,29750.0,28500.0,28750.0,648250,0.0,0.0
2021-01-07 00:00:00-05:00,28900.0,29000.0,28100.0,28300.0,632420,0.0,0.0
2021-01-08 00:00:00-05:00,28500.0,30000.0,27900.0,29000.0,668190,0.0,0.0
2021-01-11 00:00:00-05:00,29650.0,29950.0,28500.0,29350.0,543020,0.0,0.0
2021-01-12 00:00:00-05:00,29400.0,29850.0,29000.0,29800.0,387640,0.0,0.0
2021-01-13 00:00:00-05:00,30500.0,31850.0,30500.0,31850.0,1585120,0.0,0.0
2021-01-14 00:00:00-05:00,32500.0,33900.0,32400.0,32650.0,739640,0.0,0.0
2021-01-15 00:00:00-05:00,32500.0,32950.0,31900.0,32400.0,547780,0.0,0.0
2021-01-19 00:00:00-05:00,33300.0,33950.0,31000.0,31700.0,592670,0.0,0.0
2021-01-20 00:00:00-05:00,32000.0,32000.0,29500.0,31000.0,535590,0.0,0.0
2021-01-21 00:00:00-05:00,31450.0,31900.0,30300.0,31850.0,503110,0.0,0.0
2021-01-22 00:00:00-05:00,31900.0,33200.0,31200.0,32100.0,647080,0.0,0.0
2021-01-25 00:00:00-05:00,31550.0,32950.0,31550.0,32450.0,489670,0.0,0.0
2021-01-26 00:00:00-05:00,32450.0,32450.0,30200.0,30200.0,559530,0.0,0.0
2021-01-27 00:00:00-05:00,28800.0,29800.0,28100.0,28100.0,567040,0.0,0.0
2021-01-28 00:00:00-05:00,26150.0,26150.0,26150.0,26150.0,50160,0.0,0.0
2021-01-29 00:00:00-05:00,24350.0,26150.0,24350.0,24400.0,1277580,0.0,0.0
2021-02-01 00:00:00-05:00,24000.0,25800.0,22700.0,22700.0,596780,0.0,0.0
2021-02-02 00:00:00-05:00,22800.0,23850.0,21600.0,23400.0,627720,0.0,0.0
2021-02-03 00:00:00-05:00,24100.0,25000.0,23400.0,25000.0,376580,0.0,0.0
2021-02-04 00:00:00-05:00,25300.0,26300.0,24900.0,25450.0,425780,0.0,0.0
2021-02-05 00:00:00-05:00,25450.0,26000.0,25050.0,25700.0,343480,0.0,0.0
2021-02-08 00:00:00-05:00,25700.0,25900.0,23950.0,23950.0,536830,0.0,0.0
2021-02-09 00:00:00-05:00,23950.0,23950.0,23950.0,23950.0,0,0.0,0.0
2021-02-10 00:00:00-05:00,23950.0,23950.0,23950.0,23950.0,0,0.0,0.0
2021-02-11 00:00:00-05:00,23950.0,23950.0,23950.0,23950.0,0,0.0,0.0
2021-02-12 00:00:00-05:00,23950.0,23950.0,23950.0,23950.0,0,0.0,0.0
2021-02-16 00:00:00-05:00,23950.0,23950.0,23950.0,23950.0,0,0.0,0.0
2021-02-17 00:00:00-05:00,25050.0,25700.0,25000.0,25700.0,139260,0.0,0.0
2021-02-18 00:00:00-05:00,27450.0,27450.0,27450.0,27450.0,327850,0.0,0.0
2021-02-19 00:00:00-05:00,28100.0,29000.0,27550.0,28100.0,826920,0.0,0.0
2021-02-22 00:00:00-05:00,28200.0,28450.0,27500.0,27950.0,421100,0.0,0.0
2021-02-23 00:00:00-05:00,27850.0,29900.0,27100.0,29900.0,839630,0.0,0.0
2021-02-24 00:00:00-05:00,29900.0,29900.0,29900.0,29900.0,0,0.0,0.0
2021-02-25 00:00:00-05:00,29200.0,29200.0,28300.0,28900.0,350570,0.0,0.0
2021-02-26 00:00:00-05:00,27800.0,29000.0,27800.0,28850.0,419250,0.0,0.0
2021-03-01 00:00:00-05:00,29600.0,30100.0,29100.0,29500.0,397720,0.0,0.0
2021-03-02 00:00:00-05:00,29900.0,30700.0,29250.0,29900.0,562450,0.0,0.0
2021-03-03 00:00:00-05:00,29800.0,30100.0,29500.0,29600.0,290860,0.0,0.0
2021-03-04 00:00:00-05:00,29600.0,29700.0,28100.0,28750.0,433700,0.0,0.0
2021-03-05 00:00:00-05:00,28300.0,29500.0,28000.0,29050.0,373810,0.0,0.0
2021-03-08 00:00:00-05:00,29500.0,30000.0,28800.0,29400.0,362730,0.0,0.0
2021-03-09 00:00:00-05:00,28200.0,29300.0,28200.0,28700.0,205620,0.0,0.0
2021-03-10 00:00:00-05:00,28800.0,29300.0,28500.0,29000.0,256370,0.0,0.0
2021-03-11 00:00:00-05:00,29500.0,29950.0,29250.0,29500.0,531760,0.0,0.0
2021-03-12 00:00:00-05:00,29800.0,31400.0,29600.0,30900.0,871020,0.0,0.0
2021-03-15 00:00:00-04:00,30900.0,31000.0,30250.0,30300.0,247290,0.0,0.0
2021-03-16 00:00:00-04:00,30150.0,30300.0,29200.0,29450.0,467180,0.0,0.0
2021-03-17 00:00:00-04:00,29600.0,29800.0,29100.0,29700.0,281970,0.0,0.0
2021-03-18 00:00:00-04:00,30000.0,30900.0,29700.0,30700.0,384920,0.0,0.0
2021-03-19 00:00:00-04:00,30300.0,30600.0,29900.0,30000.0,333980,0.0,0.0
2021-03-22 00:00:00-04:00,30500.0,30500.0,29600.0,29700.0,312140,0.0,0.0
2021-03-23 00:00:00-04:00,29700.0,30000.0,29000.0,29350.0,418870,0.0,0.0
2021-03-24 00:00:00-04:00,28550.0,29250.0,27950.0,28150.0,369360,0.0,0.0
2021-03-25 00:00:00-04:00,28250.0,28600.0,27350.0,27600.0,480660,0.0,0.0
2021-03-26 00:00:00-04:00,27000.0,27500.0,25700.0,27300.0,521770,0.0,0.0
2021-03-29 00:00:00-04:00,27700.0,27900.0,27400.0,27850.0,167430,0.0,0.0
2021-03-30 00:00:00-04:00,27850.0,28350.0,27700.0,28200.0,211570,0.0,0.0
2021-03-31 00:00:00-04:00,28200.0,28300.0,27750.0,27800.0,205690,0.0,0.0
2021-04-01 00:00:00-04:00,27800.0,28500.0,27750.0,28450.0,248410,0.0,0.0
2021-04-05 00:00:00-04:00,28400.0,28500.0,28100.0,28300.0,205670,0.0,0.0
2021-04-06 00:00:00-04:00,28100.0,28300.0,27900.0,27900.0,236550,0.0,0.0
2021-04-07 00:00:00-04:00,27700.0,28000.0,27450.0,28000.0,263470,0.0,0.0
2021-04-08 00:00:00-04:00,28300.0,28700.0,27900.0,28400.0,315230,0.0,0.0
2021-04-09 00:00:00-04:00,28400.0,28950.0,28400.0,28500.0,294400,0.0,0.0
2021-04-12 00:00:00-04:00,28600.0,28700.0,28350.0,28400.0,290260,0.0,0.0
2021-04-13 00:00:00-04:00,28400.0,28400.0,27450.0,27550.0,455670,0.0,0.0
2021-04-14 00:00:00-04:00,27100.0,27550.0,26900.0,27350.0,328230,0.0,0.0
2021-04-15 00:00:00-04:00,27350.0,27500.0,26600.0,26650.0,330160,0.0,0.0
2021-04-16 00:00:00-04:00,26500.0,26500.0,24900.0,25500.0,509980,0.0,0.0
2021-04-19 00:00:00-04:00,25100.0,26200.0,25100.0,26000.0,273950,0.0,0.0
2021-04-20 00:00:00-04:00,26100.0,26250.0,25000.0,25200.0,265560,0.0,0.0
2021-04-21 00:00:00-04:00,25200.0,25200.0,25200.0,25200.0,0,0.0,0.0
2021-04-22 00:00:00-04:00,25050.0,25200.0,23450.0,23450.0,471030,0.0,0.0
2021-04-23 00:00:00-04:00,23300.0,24250.0,22800.0,24250.0,355430,0.0,0.0
2021-04-26 00:00:00-04:00,24250.0,25350.0,23650.0,23700.0,279670,0.0,0.0
2021-04-27 00:00:00-04:00,23700.0,24050.0,22700.0,23400.0,151180,0.0,0.0
2021-04-28 00:00:00-04:00,24100.0,25000.0,24100.0,25000.0,310830,0.0,0.0
2021-04-29 00:00:00-04:00,26000.0,26300.0,25200.0,25750.0,316690,0.0,0.0
2021-04-30 00:00:00-04:00,25750.0,25750.0,25750.0,25750.0,0,0.0,0.0
2021-05-03 00:00:00-04:00,25750.0,25750.0,25750.0,25750.0,0,0.0,0.0
2021-05-04 00:00:00-04:00,24800.0,25450.0,24100.0,25250.0,215660,0.0,0.0
2021-05-05 00:00:00-04:00,25000.0,25550.0,25000.0,25250.0,318230,0.0,0.0
2021-05-06 00:00:00-04:00,25200.0,25900.0,25000.0,25300.0,255420,0.0,0.0
2021-05-07 00:00:00-04:00,25300.0,25550.0,24700.0,24800.0,286970,0.0,0.0
2021-05-10 00:00:00-04:00,24500.0,24950.0,24050.0,24650.0,242970,0.0,0.0
2021-05-11 00:00:00-04:00,25000.0,25700.0,24800.0,25250.0,282400,0.0,0.0
2021-05-12 00:00:00-04:00,25500.0,27000.0,25400.0,27000.0,632130,0.0,0.0
2021-05-13 00:00:00-04:00,27000.0,27850.0,26500.0,26500.0,559890,0.0,0.0
2021-05-14 00:00:00-04:00,26500.0,27000.0,26050.0,26300.0,281960,0.0,0.0
2021-05-17 00:00:00-04:00,26300.0,26300.0,25300.0,25350.0,353390,0.0,0.0
2021-05-18 00:00:00-04:00,25300.0,25500.0,24700.0,24800.0,306440,0.0,0.0
2021-05-19 00:00:00-04:00,24800.0,25700.0,24800.0,25350.0,281300,0.0,0.0
2021-05-20 00:00:00-04:00,25300.0,25300.0,24400.0,24700.0,403080,0.0,0.0
2021-05-21 00:00:00-04:00,24700.0,26000.0,24500.0,25350.0,340910,0.0,0.0
2021-05-24 00:00:00-04:00,26150.0,27100.0,26150.0,27100.0,672660,0.0,0.0
2021-05-25 00:00:00-04:00,27900.0,27900.0,26700.0,27000.0,559940,0.0,0.0
2021-05-26 00:00:00-04:00,26800.0,27800.0,26600.0,27450.0,632730,0.0,0.0
2021-05-27 00:00:00-04:00,27550.0,28900.0,27200.0,27850.0,662510,0.0,0.0
2021-05-28 00:00:00-04:00,28000.0,28800.0,28000.0,28750.0,554140,0.0,0.0
2021-06-01 00:00:00-04:00,28450.0,28700.0,28000.0,28350.0,507740,0.0,0.0
2021-06-02 00:00:00-04:00,28000.0,28100.0,27000.0,27850.0,501810,0.0,0.0
2021-06-03 00:00:00-04:00,28300.0,28800.0,27550.0,28500.0,650180,0.0,0.0
2021-06-04 00:00:00-04:00,28900.0,30100.0,28800.0,29900.0,928400,0.0,0.0
2021-06-07 00:00:00-04:00,30700.0,31600.0,30300.0,31400.0,10302900,0.0,0.0
2021-06-08 00:00:00-04:00,31400.0,31400.0,31400.0,31400.0,0,0.0,0.0
2021-06-09 00:00:00-04:00,29000.0,29900.0,28000.0,29300.0,5540700,0.0,0.0
2021-06-10 00:00:00-04:00,28500.0,29300.0,28000.0,28500.0,4218400,0.0,0.0
2021-06-11 00:00:00-04:00,28800.0,29550.0,28400.0,29150.0,4200500,0.0,0.0
2021-06-14 00:00:00-04:00,29400.0,30200.0,29000.0,29750.0,5243000,0.0,0.0
2021-06-15 00:00:00-04:00,30000.0,31800.0,29800.0,31800.0,9611200,0.0,0.0
2021-06-16 00:00:00-04:00,32500.0,32900.0,31900.0,32050.0,7694800,0.0,0.0
2021-06-17 00:00:00-04:00,31350.0,34000.0,31200.0,33950.0,9882200,0.0,0.0
2021-06-18 00:00:00-04:00,33950.0,35900.0,33400.0,34500.0,8776800,0.0,0.0
2021-06-21 00:00:00-04:00,34200.0,35300.0,33900.0,34500.0,6685400,0.0,0.0
2021-06-22 00:00:00-04:00,35000.0,35250.0,34300.0,34350.0,5910700,0.0,0.0
2021-06-29 00:00:00-04:00,36000.0,36950.0,35600.0,35700.0,4640000,0.0,0.0
2021-06-30 00:00:00-04:00,35500.0,35850.0,35000.0,35000.0,3729600,0.0,0.0
2021-07-01 00:00:00-04:00,35100.0,36850.0,35000.0,36400.0,6757400,0.0,0.0
2021-07-02 00:00:00-04:00,36400.0,36750.0,36000.0,36200.0,3962500,0.0,0.0
2021-07-06 00:00:00-04:00,36200.0,36200.0,36200.0,36200.0,0,0.0,0.0
2021-07-07 00:00:00-04:00,36200.0,36200.0,36200.0,36200.0,0,0.0,0.0
2021-07-08 00:00:00-04:00,36200.0,36200.0,36200.0,36200.0,0,0.0,0.0
2021-07-09 00:00:00-04:00,33100.0,33800.0,31600.0,31600.0,9414700,0.0,0.0
2021-07-12 00:00:00-04:00,31600.0,31600.0,31600.0,31600.0,0,0.0,0.0
2021-07-13 00:00:00-04:00,29600.0,30500.0,29200.0,30000.0,3515700,0.0,0.0
2021-07-14 00:00:00-04:00,30000.0,30000.0,30000.0,30000.0,0,0.0,0.0
2021-07-15 00:00:00-04:00,28850.0,30600.0,28850.0,30500.0,3199200,0.0,0.0
2021-07-16 00:00:00-04:00,30500.0,30500.0,30500.0,30500.0,0,0.0,0.0
2021-07-19 00:00:00-04:00,30000.0,30800.0,29200.0,29200.0,5437700,0.0,0.0
2021-07-20 00:00:00-04:00,29950.0,30800.0,29000.0,30800.0,4154800,0.0,0.0
2021-07-21 00:00:00-04:00,31000.0,31300.0,30000.0,30200.0,2458700,0.0,0.0
2021-07-22 00:00:00-04:00,30200.0,31750.0,29950.0,31500.0,4436600,0.0,0.0
2021-07-23 00:00:00-04:00,31100.0,32350.0,30950.0,31000.0,6441700,0.0,0.0
2021-07-26 00:00:00-04:00,31000.0,32500.0,30800.0,32500.0,5022000,0.0,0.0
2021-07-27 00:00:00-04:00,33000.0,33500.0,32550.0,32800.0,4462000,0.0,0.0
2021-07-28 00:00:00-04:00,32550.0,33200.0,32300.0,32650.0,4193500,0.0,0.0
2021-07-29 00:00:00-04:00,32650.0,33300.0,32200.0,33150.0,4267600,0.0,0.0
2021-07-30 00:00:00-04:00,33300.0,33800.0,33050.0,33700.0,5202800,0.0,0.0
2021-08-02 00:00:00-04:00,33700.0,33700.0,33700.0,33700.0,0,0.0,0.0
2021-08-03 00:00:00-04:00,33500.0,33900.0,32800.0,33700.0,4856600,0.0,0.0
2021-08-04 00:00:00-04:00,33700.0,33700.0,33700.0,33700.0,0,0.0,0.0
2021-08-05 00:00:00-04:00,33400.0,35150.0,33000.0,34850.0,9045500,0.0,0.0
2021-08-06 00:00:00-04:00,34850.0,35200.0,34200.0,34200.0,5648300,0.0,0.0
2021-08-09 00:00:00-04:00,34000.0,35350.0,34000.0,35200.0,5093700,0.0,0.0
2021-08-10 00:00:00-04:00,35200.0,35200.0,35200.0,35200.0,0,0.0,0.0
2021-08-11 00:00:00-04:00,35000.0,35200.0,34050.0,34100.0,6143000,0.0,0.0
2021-08-12 00:00:00-04:00,33800.0,35200.0,33500.0,34300.0,5683500,0.0,0.0
2021-08-13 00:00:00-04:00,34100.0,34900.0,33550.0,34800.0,4717200,0.0,0.0
2021-08-16 00:00:00-04:00,35300.0,37200.0,35000.0,37200.0,10693600,0.0,0.0
2021-08-17 00:00:00-04:00,37200.0,37200.0,37200.0,37200.0,0,0.0,0.0
2021-08-18 00:00:00-04:00,37000.0,38300.0,36850.0,37550.0,4797600,0.0,0.0
2021-08-19 00:00:00-04:00,37350.0,39000.0,37200.0,38800.0,6673700,0.0,0.0
2021-08-20 00:00:00-04:00,38600.0,39000.0,36100.0,36350.0,12418100,0.0,0.0
2021-08-23 00:00:00-04:00,36100.0,36900.0,34200.0,34200.0,7321700,0.0,0.0
2021-08-24 00:00:00-04:00,34200.0,35000.0,33700.0,34000.0,6463100,0.0,0.0
2021-08-25 00:00:00-04:00,34300.0,35200.0,34100.0,35200.0,3379900,0.0,0.0
2021-08-26 00:00:00-04:00,35600.0,36400.0,35150.0,35500.0,4533400,0.0,0.0
2021-08-27 00:00:00-04:00,35000.0,37400.0,34500.0,37400.0,7521500,0.0,0.0
2021-08-30 00:00:00-04:00,37950.0,38300.0,37200.0,37600.0,5449200,0.0,0.0
2021-08-31 00:00:00-04:00,37600.0,39900.0,37350.0,38750.0,9613400,0.0,0.0
2021-09-01 00:00:00-04:00,38000.0,40500.0,38000.0,40100.0,8428800,0.0,0.0
2021-09-02 00:00:00-04:00,40100.0,40100.0,40100.0,40100.0,0,0.0,0.0
2021-09-03 00:00:00-04:00,40100.0,40100.0,40100.0,40100.0,0,0.0,0.0
2021-09-07 00:00:00-04:00,39300.0,39950.0,38650.0,38850.0,6217700,0.0,0.0
2021-09-08 00:00:00-04:00,38850.0,38850.0,38850.0,38850.0,0,0.0,0.0
2021-09-09 00:00:00-04:00,39050.0,39950.0,38900.0,39950.0,4012200,0.0,0.0
2021-09-10 00:00:00-04:00,40000.0,40000.0,39200.0,39300.0,3419300,0.0,0.0
2021-09-13 00:00:00-04:00,39200.0,39300.0,37500.0,37700.0,7507800,0.0,0.0
2021-09-14 00:00:00-04:00,37500.0,38300.0,37100.0,38000.0,3672700,0.0,0.0
2021-09-15 00:00:00-04:00,37450.0,38800.0,37450.0,38500.0,2474700,0.0,0.0
2021-09-16 00:00:00-04:00,38100.0,38800.0,38100.0,38400.0,2233900,0.0,0.0
2021-09-17 00:00:00-04:00,38500.0,39150.0,38000.0,38550.0,3726500,0.0,0.0
2021-09-20 00:00:00-04:00,38700.0,39000.0,37400.0,37400.0,4251400,0.0,0.0
2021-09-21 00:00:00-04:00,37400.0,37400.0,37400.0,37400.0,0,0.0,0.0
2021-09-22 00:00:00-04:00,37400.0,37400.0,37400.0,37400.0,0,0.0,0.0
2021-09-23 00:00:00-04:00,38000.0,38500.0,37000.0,37200.0,3709300,0.0,0.0
2021-09-24 00:00:00-04:00,37350.0,38000.0,37000.0,37000.0,289150000,0.0,0.0
2021-09-27 00:00:00-04:00,37400.0,37500.0,35600.0,35600.0,3941900,0.0,0.0
2021-09-28 00:00:00-04:00,35150.0,36050.0,34950.0,35800.0,4567000,0.0,0.0
2021-09-29 00:00:00-04:00,35700.0,36600.0,35700.0,36000.0,3525300,0.0,0.0
2021-09-30 00:00:00-04:00,36450.0,36500.0,35900.0,35900.0,1718800,0.0,0.0
2021-10-01 00:00:00-04:00,35750.0,36450.0,35500.0,36100.0,2695300,0.0,0.0
2021-10-04 00:00:00-04:00,36300.0,37550.0,36100.0,37100.0,255261632,0.0,0.0
2021-10-05 00:00:00-04:00,37350.0,37900.0,37150.0,37500.0,3010400,0.0,0.0
2021-10-06 00:00:00-04:00,37500.0,37500.0,37500.0,37500.0,0,0.0,0.0
2021-10-07 00:00:00-04:00,38300.0,38600.0,37800.0,38200.0,4038000,0.0,0.0
2021-10-08 00:00:00-04:00,38200.0,38200.0,38200.0,38200.0,0,0.0,0.0
2021-10-11 00:00:00-04:00,38200.0,38200.0,38200.0,38200.0,0,0.0,0.0
2021-10-12 00:00:00-04:00,38200.0,38200.0,37650.0,37800.0,4797100,0.0,0.0
2021-10-13 00:00:00-04:00,37700.0,37700.0,37250.0,37500.0,2503600,0.0,0.0
2021-10-14 00:00:00-04:00,37500.0,37500.0,37500.0,37500.0,0,0.0,0.0
2021-10-15 00:00:00-04:00,38600.0,39000.0,37800.0,38200.0,3561500,0.0,0.0
2021-10-18 00:00:00-04:00,38200.0,38200.0,38200.0,38200.0,0,0.0,0.0
2021-10-19 00:00:00-04:00,37800.0,37800.0,37200.0,37500.0,3834600,0.0,0.0
2021-10-20 00:00:00-04:00,37450.0,37800.0,37100.0,37500.0,2719200,0.0,0.0
2021-10-21 00:00:00-04:00,37800.0,37800.0,36900.0,37100.0,2635600,0.0,0.0
2021-10-22 00:00:00-04:00,37150.0,38450.0,37100.0,38300.0,5277400,0.0,0.0
2021-10-25 00:00:00-04:00,38300.0,38300.0,38300.0,38300.0,0,0.0,0.0
2021-10-26 00:00:00-04:00,38300.0,38300.0,38300.0,38300.0,0,0.0,0.0
2021-10-27 00:00:00-04:00,38300.0,38300.0,38300.0,38300.0,0,0.0,0.0
2021-10-28 00:00:00-04:00,40000.0,40900.0,39200.0,40050.0,4757300,0.0,0.0
2021-10-29 00:00:00-04:00,40500.0,40900.0,39550.0,39800.0,4719000,0.0,0.0
2021-11-01 00:00:00-04:00,39800.0,39800.0,39800.0,39800.0,0,0.0,0.0
2021-11-02 00:00:00-04:00,39200.0,42100.0,39000.0,42100.0,8464100,0.0,0.0
2021-11-03 00:00:00-04:00,43300.0,43300.0,39300.0,39300.0,6911300,0.0,0.0
2021-11-04 00:00:00-04:00,39900.0,40900.0,39300.0,39950.0,4403300,0.0,0.0
2021-11-05 00:00:00-04:00,40200.0,40700.0,39900.0,40100.0,4264200,0.0,0.0
2021-11-08 00:00:00-05:00,40400.0,41500.0,40200.0,40700.0,4284000,0.0,0.0
2021-11-09 00:00:00-05:00,40800.0,41200.0,40350.0,40600.0,3742300,0.0,0.0
2021-11-10 00:00:00-05:00,40700.0,41800.0,40100.0,41100.0,4584700,0.0,0.0
2021-11-11 00:00:00-05:00,41250.0,42800.0,40450.0,41900.0,7153900,0.0,0.0
2021-11-12 00:00:00-05:00,42000.0,42300.0,40800.0,41400.0,2871700,0.0,0.0
2021-11-15 00:00:00-05:00,41500.0,41650.0,40000.0,40500.0,6689500,0.0,0.0
2021-11-16 00:00:00-05:00,40450.0,40450.0,39150.0,39350.0,5337500,0.0,0.0
2021-11-17 00:00:00-05:00,39350.0,40900.0,39000.0,40000.0,3340300,0.0,0.0
2021-11-18 00:00:00-05:00,39800.0,40650.0,39700.0,39850.0,4020700,0.0,0.0
2021-11-19 00:00:00-05:00,39900.0,40100.0,37100.0,37700.0,6321200,0.0,0.0
2021-11-22 00:00:00-05:00,37050.0,37700.0,35600.0,35600.0,5211400,0.0,0.0
2021-11-23 00:00:00-05:00,35200.0,37500.0,35200.0,37500.0,2446700,0.0,0.0
2021-11-24 00:00:00-05:00,37550.0,37950.0,37000.0,37200.0,2877700,0.0,0.0
2021-11-26 00:00:00-05:00,37900.0,38000.0,36700.0,36950.0,3374000,0.0,0.0
2021-11-29 00:00:00-05:00,36000.0,37000.0,35900.0,36800.0,2720900,0.0,0.0
2021-11-30 00:00:00-05:00,37300.0,39350.0,37300.0,38800.0,7456800,0.0,0.0
2021-12-01 00:00:00-05:00,38600.0,39000.0,38000.0,38500.0,1971900,0.0,0.0
2021-12-02 00:00:00-05:00,38100.0,39800.0,38050.0,38650.0,2665700,0.0,0.0
2021-12-03 00:00:00-05:00,38350.0,39000.0,36500.0,36500.0,3246500,0.0,0.0
2021-12-06 00:00:00-05:00,36500.0,37200.0,35250.0,36000.0,2693300,0.0,0.0
2021-12-07 00:00:00-05:00,36500.0,37000.0,36150.0,36600.0,1453800,0.0,0.0
2021-12-08 00:00:00-05:00,36950.0,38300.0,36650.0,37000.0,1842600,0.0,0.0
2021-12-09 00:00:00-05:00,37000.0,37750.0,36700.0,37350.0,1609600,0.0,0.0
2021-12-10 00:00:00-05:00,37300.0,38000.0,37300.0,37500.0,2200700,0.0,0.0
2021-12-13 00:00:00-05:00,38000.0,38900.0,37600.0,38500.0,2819000,0.0,0.0
2021-12-14 00:00:00-05:00,38500.0,39050.0,37500.0,38150.0,2696900,0.0,0.0
2021-12-15 00:00:00-05:00,38000.0,38850.0,37650.0,37750.0,2614900,0.0,0.0
2021-12-16 00:00:00-05:00,38000.0,38400.0,37700.0,37850.0,1839200,0.0,0.0
2021-12-17 00:00:00-05:00,38000.0,39000.0,37900.0,38250.0,2964500,0.0,0.0
2021-12-20 00:00:00-05:00,38200.0,38250.0,37450.0,37600.0,2386600,0.0,0.0
2021-12-21 00:00:00-05:00,37500.0,38300.0,37100.0,37700.0,2771400,0.0,0.0
2021-12-22 00:00:00-05:00,37900.0,39950.0,37700.0,39000.0,7887300,0.0,0.0
2021-12-23 00:00:00-05:00,39350.0,39800.0,38450.0,39000.0,4277100,0.0,0.0
2021-12-27 00:00:00-05:00,38900.0,39200.0,38100.0,38600.0,2791600,0.0,0.0
2021-12-28 00:00:00-05:00,38600.0,39000.0,37700.0,37850.0,4185300,0.0,0.0
2021-12-29 00:00:00-05:00,37600.0,37900.0,36800.0,36900.0,6193900,0.0,0.0
2021-12-30 00:00:00-05:00,36900.0,37450.0,36850.0,37000.0,2382900,0.0,0.0
2021-12-31 00:00:00-05:00,37200.0,37400.0,36850.0,36950.0,2174700,0.0,0.0
2022-01-04 00:00:00-05:00,37200.0,37950.0,37000.0,37600.0,2270100,0.0,0.0
2022-01-05 00:00:00-05:00,37600.0,38700.0,37200.0,38400.0,5612900,0.0,0.0
2022-01-06 00:00:00-05:00,38000.0,39350.0,37800.0,38600.0,4131600,0.0,0.0
2022-01-07 00:00:00-05:00,38500.0,39400.0,38200.0,38500.0,2825500,0.0,0.0
2022-01-10 00:00:00-05:00,38600.0,39200.0,37700.0,37700.0,4463100,0.0,0.0
2022-01-11 00:00:00-05:00,37600.0,38000.0,36800.0,36800.0,3286400,0.0,0.0
2022-01-12 00:00:00-05:00,36800.0,37000.0,35050.0,37000.0,4421100,0.0,0.0
2022-01-13 00:00:00-05:00,37100.0,37500.0,35500.0,35500.0,3359600,0.0,0.0
2022-01-14 00:00:00-05:00,35200.0,36300.0,35200.0,35700.0,1688300,0.0,0.0
2022-01-18 00:00:00-05:00,32400.0,33000.0,31100.0,31100.0,2899800,0.0,0.0
2022-01-19 00:00:00-05:00,31700.0,32600.0,31100.0,31800.0,1767500,0.0,0.0
2022-01-20 00:00:00-05:00,32400.0,32900.0,31800.0,32500.0,1480700,0.0,0.0
2022-01-21 00:00:00-05:00,33000.0,33350.0,32400.0,32400.0,1671000,0.0,0.0
2022-01-24 00:00:00-05:00,32400.0,32500.0,30150.0,30150.0,2226300,0.0,0.0
2022-01-25 00:00:00-05:00,29200.0,31350.0,29200.0,31250.0,1582600,0.0,0.0
2022-01-26 00:00:00-05:00,31800.0,31850.0,31000.0,31000.0,1067300,0.0,0.0
2022-01-27 00:00:00-05:00,31000.0,31400.0,30700.0,30700.0,689000,0.0,0.0
2022-01-28 00:00:00-05:00,30700.0,31200.0,30550.0,31200.0,953700,0.0,0.0
2022-01-31 00:00:00-05:00,31200.0,31200.0,31200.0,31200.0,0,0.0,0.0
2022-02-07 00:00:00-05:00,32000.0,32200.0,31700.0,32200.0,865400,0.0,0.0
2022-02-08 00:00:00-05:00,32300.0,33300.0,32100.0,33000.0,1165800,0.0,0.0
2022-02-09 00:00:00-05:00,33200.0,33400.0,32800.0,33100.0,1144600,0.0,0.0
2022-02-10 00:00:00-05:00,33150.0,33700.0,32800.0,33600.0,1461300,0.0,0.0
2022-02-11 00:00:00-05:00,33100.0,34500.0,33100.0,33950.0,1516300,0.0,0.0
2022-02-14 00:00:00-05:00,33750.0,34000.0,33200.0,33300.0,1172600,0.0,0.0
2022-02-15 00:00:00-05:00,33300.0,33300.0,33300.0,33300.0,0,0.0,0.0
2022-02-16 00:00:00-05:00,34000.0,34000.0,33650.0,33750.0,760900,0.0,0.0
2022-02-17 00:00:00-05:00,34000.0,34350.0,33750.0,34000.0,1261900,0.0,0.0
2022-02-18 00:00:00-05:00,33750.0,33900.0,33450.0,33600.0,1587500,0.0,0.0
2022-02-22 00:00:00-05:00,34550.0,34550.0,33600.0,34250.0,1517100,0.0,0.0
2022-02-23 00:00:00-05:00,34300.0,35400.0,34000.0,34250.0,2385600,0.0,0.0
2022-02-24 00:00:00-05:00,34250.0,34800.0,32100.0,33700.0,3123100,0.0,0.0
2022-02-25 00:00:00-05:00,34200.0,34500.0,34000.0,34000.0,1513200,0.0,0.0
2022-02-28 00:00:00-05:00,34300.0,34300.0,33500.0,34150.0,1904200,0.0,0.0
2022-03-01 00:00:00-05:00,34200.0,35850.0,34200.0,35700.0,4755600,0.0,0.0
2022-03-02 00:00:00-05:00,36100.0,36250.0,35350.0,35400.0,3342300,0.0,0.0
