Date,Open,High,Low,Close,Volume,Dividends,Stock Splits
2017-12-13 00:00:00-05:00,73.75,73.75,73.75,73.75,0,0.0,0.0
2017-12-14 00:00:00-05:00,72.70999908447266,72.70999908447266,72.70999908447266,72.70999908447266,0,0.0,0.0
2017-12-15 00:00:00-05:00,71.31999969482422,71.31999969482422,71.31999969482422,71.31999969482422,0,0.0,0.0
2018-01-02 00:00:00-05:00,79.05000305175781,79.05000305175781,77.37999725341797,77.37999725341797,15,0.0,0.0
2018-01-03 00:00:00-05:00,77.37999725341797,77.37999725341797,77.37999725341797,77.37999725341797,0,0.0,0.0
2018-01-04 00:00:00-05:00,80.36000061035156,80.36000061035156,80.36000061035156,80.36000061035156,0,0.0,0.0
2018-01-05 00:00:00-05:00,80.36000061035156,80.36000061035156,80.36000061035156,80.36000061035156,0,0.0,0.0
2018-01-08 00:00:00-05:00,80.95999908447266,80.95999908447266,80.95999908447266,80.95999908447266,0,0.0,0.0
2018-01-09 00:00:00-05:00,84.5999984741211,84.5999984741211,84.5999984741211,84.5999984741211,0,0.0,0.0
2018-01-10 00:00:00-05:00,85.5,86.0999984741211,85.5,86.0999984741211,50,0.0,0.0
2018-01-11 00:00:00-05:00,86.0999984741211,86.0999984741211,85.9800033569336,85.9800033569336,25,0.0,0.0
2018-01-12 00:00:00-05:00,86.5,86.5,86.5,86.5,50,0.0,0.0
2018-01-16 00:00:00-05:00,91.76000213623047,91.76000213623047,91.76000213623047,91.76000213623047,0,0.0,0.0
2018-01-17 00:00:00-05:00,91.76000213623047,91.76000213623047,91.76000213623047,91.76000213623047,0,0.0,0.0
2018-01-18 00:00:00-05:00,90.5199966430664,90.5199966430664,90.5199966430664,90.5199966430664,0,0.0,0.0
2018-01-19 00:00:00-05:00,89.76000213623047,89.76000213623047,89.76000213623047,89.76000213623047,0,0.0,0.0
2018-01-22 00:00:00-05:00,90.69999694824219,90.69999694824219,90.69999694824219,90.69999694824219,0,0.0,0.0
2018-01-23 00:00:00-05:00,91.81999969482422,93.58000183105469,91.81999969482422,93.58000183105469,200,0.0,0.0
2018-01-24 00:00:00-05:00,93.58000183105469,93.58000183105469,93.58000183105469,93.58000183105469,0,0.0,0.0
2018-01-25 00:00:00-05:00,93.22000122070312,93.22000122070312,93.22000122070312,93.22000122070312,0,0.0,0.0
2018-01-26 00:00:00-05:00,93.22000122070312,93.22000122070312,93.22000122070312,93.22000122070312,0,0.0,0.0
2018-01-29 00:00:00-05:00,93.83999633789062,93.83999633789062,93.83999633789062,93.83999633789062,0,0.0,0.0
2018-01-30 00:00:00-05:00,96.73999786376953,96.73999786376953,96.73999786376953,96.73999786376953,0,0.0,0.0
2018-01-31 00:00:00-05:00,96.73999786376953,96.73999786376953,96.73999786376953,96.73999786376953,0,0.0,0.0
2018-02-01 00:00:00-05:00,96.68000030517578,96.68000030517578,96.68000030517578,96.68000030517578,0,0.0,0.0
2018-02-02 00:00:00-05:00,95.80000305175781,95.80000305175781,95.80000305175781,95.80000305175781,0,0.0,0.0
2018-02-05 00:00:00-05:00,95.80000305175781,95.80000305175781,95.80000305175781,95.80000305175781,0,0.0,0.0
2018-02-06 00:00:00-05:00,92.81999969482422,92.81999969482422,92.81999969482422,92.81999969482422,0,0.0,0.0
2018-02-07 00:00:00-05:00,89.77999877929688,89.77999877929688,89.77999877929688,89.77999877929688,0,0.0,0.0
2018-02-08 00:00:00-05:00,93.68000030517578,93.68000030517578,93.68000030517578,93.68000030517578,0,0.0,0.0
2018-02-09 00:00:00-05:00,92.13999938964844,92.13999938964844,92.13999938964844,92.13999938964844,0,0.0,0.0
2018-02-12 00:00:00-05:00,89.27999877929688,89.27999877929688,89.27999877929688,89.27999877929688,0,0.0,0.0
2018-02-13 00:00:00-05:00,92.19999694824219,92.19999694824219,92.19999694824219,92.19999694824219,0,0.0,0.0
2018-02-14 00:00:00-05:00,91.4800033569336,91.4800033569336,91.4800033569336,91.4800033569336,0,0.0,0.0
2018-02-15 00:00:00-05:00,91.58000183105469,91.58000183105469,91.58000183105469,91.58000183105469,0,0.0,0.0
2018-02-16 00:00:00-05:00,92.0,92.0,92.0,92.0,0,0.0,0.0
2018-02-20 00:00:00-05:00,93.68000030517578,93.68000030517578,93.68000030517578,93.68000030517578,0,0.0,0.0
2018-02-21 00:00:00-05:00,93.81999969482422,93.81999969482422,93.81999969482422,93.81999969482422,0,0.0,0.0
2018-02-22 00:00:00-05:00,94.13999938964844,94.13999938964844,94.13999938964844,94.13999938964844,0,0.0,0.0
2018-02-23 00:00:00-05:00,94.13999938964844,94.13999938964844,94.13999938964844,94.13999938964844,0,0.0,0.0
2018-02-26 00:00:00-05:00,91.23999786376953,91.23999786376953,91.23999786376953,91.23999786376953,0,0.0,0.0
2018-02-27 00:00:00-05:00,91.23999786376953,91.23999786376953,91.23999786376953,91.23999786376953,0,0.0,0.0
2018-02-28 00:00:00-05:00,89.37999725341797,89.37999725341797,89.37999725341797,89.37999725341797,0,0.0,0.0
2018-03-01 00:00:00-05:00,87.08000183105469,87.08000183105469,87.08000183105469,87.08000183105469,0,0.0,0.0
2018-03-02 00:00:00-05:00,84.36000061035156,84.36000061035156,82.33999633789062,82.33999633789062,35,0.0,0.0
2018-03-05 00:00:00-05:00,82.33999633789062,82.33999633789062,82.33999633789062,82.33999633789062,0,0.0,0.0
2018-03-06 00:00:00-05:00,82.33999633789062,82.33999633789062,82.33999633789062,82.33999633789062,0,0.0,0.0
2018-03-07 00:00:00-05:00,82.13999938964844,82.13999938964844,82.13999938964844,82.13999938964844,0,0.0,0.0
2018-03-08 00:00:00-05:00,81.30000305175781,81.30000305175781,81.30000305175781,81.30000305175781,0,0.0,0.0
2018-03-09 00:00:00-05:00,81.30000305175781,81.30000305175781,81.30000305175781,81.30000305175781,0,0.0,0.0
2018-03-12 00:00:00-04:00,82.69999694824219,82.69999694824219,82.69999694824219,82.69999694824219,0,0.0,0.0
2018-03-13 00:00:00-04:00,85.16000366210938,85.16000366210938,85.16000366210938,85.16000366210938,0,0.0,0.0
2018-03-14 00:00:00-04:00,84.4000015258789,84.4000015258789,84.4000015258789,84.4000015258789,0,0.0,0.0
2018-03-15 00:00:00-04:00,84.4000015258789,84.4000015258789,84.4000015258789,84.4000015258789,0,0.0,0.0
2018-03-16 00:00:00-04:00,85.36000061035156,85.36000061035156,85.36000061035156,85.36000061035156,0,0.0,0.0
2018-03-19 00:00:00-04:00,85.23999786376953,85.23999786376953,85.23999786376953,85.23999786376953,0,0.0,0.0
2018-03-20 00:00:00-04:00,83.81999969482422,83.81999969482422,83.81999969482422,83.81999969482422,0,0.0,0.0
2018-03-21 00:00:00-04:00,83.81999969482422,83.81999969482422,83.81999969482422,83.81999969482422,0,0.0,0.0
2018-03-22 00:00:00-04:00,83.81999969482422,83.81999969482422,82.4800033569336,82.4800033569336,30,0.0,0.0
2018-03-23 00:00:00-04:00,82.4800033569336,82.4800033569336,82.4800033569336,82.4800033569336,0,0.0,0.0
2018-03-26 00:00:00-04:00,82.4800033569336,82.4800033569336,82.4800033569336,82.4800033569336,0,0.0,0.0
2018-03-27 00:00:00-04:00,80.9800033569336,80.9800033569336,80.9800033569336,80.9800033569336,0,0.0,0.0
2018-03-28 00:00:00-04:00,81.04000091552734,81.04000091552734,81.04000091552734,81.04000091552734,0,0.0,0.0
2018-03-29 00:00:00-04:00,81.04000091552734,81.04000091552734,81.04000091552734,81.04000091552734,0,0.0,0.0
2018-04-02 00:00:00-04:00,81.04000091552734,81.04000091552734,81.04000091552734,81.04000091552734,0,0.0,0.0
2018-04-03 00:00:00-04:00,81.04000091552734,81.04000091552734,81.04000091552734,81.04000091552734,0,0.0,0.0
2018-04-04 00:00:00-04:00,80.31999969482422,80.31999969482422,80.31999969482422,80.31999969482422,0,0.0,0.0
2018-04-05 00:00:00-04:00,77.27999877929688,77.27999877929688,77.27999877929688,77.27999877929688,0,0.0,0.0
2018-04-06 00:00:00-04:00,78.95999908447266,78.95999908447266,78.95999908447266,78.95999908447266,0,0.0,0.0
2018-04-09 00:00:00-04:00,78.87999725341797,78.87999725341797,78.87999725341797,78.87999725341797,0,0.0,0.0
2018-04-10 00:00:00-04:00,78.87999725341797,78.87999725341797,78.87999725341797,78.87999725341797,0,0.0,0.0
2018-04-11 00:00:00-04:00,79.23999786376953,79.23999786376953,79.23999786376953,79.23999786376953,0,0.0,0.0
2018-04-12 00:00:00-04:00,78.69999694824219,78.69999694824219,78.69999694824219,78.69999694824219,0,0.0,0.0
2018-04-13 00:00:00-04:00,79.27999877929688,79.27999877929688,79.27999877929688,79.27999877929688,0,0.0,0.0
2018-04-16 00:00:00-04:00,82.5,82.5,82.5,82.5,0,0.0,0.0
2018-04-17 00:00:00-04:00,78.62000274658203,78.62000274658203,78.62000274658203,78.62000274658203,0,0.0,0.0
2018-04-18 00:00:00-04:00,78.62000274658203,78.62000274658203,78.62000274658203,78.62000274658203,0,0.0,0.0
2018-04-19 00:00:00-04:00,78.62000274658203,78.62000274658203,78.62000274658203,78.62000274658203,0,0.0,0.0
2018-04-20 00:00:00-04:00,78.4000015258789,78.4000015258789,78.4000015258789,78.4000015258789,0,0.0,0.0
2018-04-23 00:00:00-04:00,78.41999816894531,78.41999816894531,78.41999816894531,78.41999816894531,0,0.0,0.0
2018-04-24 00:00:00-04:00,78.41999816894531,78.41999816894531,78.41999816894531,78.41999816894531,0,0.0,0.0
2018-04-25 00:00:00-04:00,77.80000305175781,77.80000305175781,77.80000305175781,77.80000305175781,0,0.0,0.0
2018-04-26 00:00:00-04:00,76.5999984741211,76.5999984741211,76.5999984741211,76.5999984741211,0,0.0,0.0
2018-04-27 00:00:00-04:00,75.37999725341797,75.37999725341797,75.37999725341797,75.37999725341797,0,0.0,0.0
2018-04-30 00:00:00-04:00,75.37999725341797,75.37999725341797,75.37999725341797,75.37999725341797,0,0.0,0.0
2018-05-01 00:00:00-04:00,75.37999725341797,75.37999725341797,75.37999725341797,75.37999725341797,0,0.0,0.0
2018-05-02 00:00:00-04:00,75.31999969482422,75.31999969482422,75.31999969482422,75.31999969482422,0,0.0,0.0
2018-05-03 00:00:00-04:00,77.33999633789062,77.33999633789062,77.33999633789062,77.33999633789062,0,0.0,0.0
2018-05-04 00:00:00-04:00,76.0999984741211,76.0999984741211,76.0999984741211,76.0999984741211,0,0.0,0.0
2018-05-07 00:00:00-04:00,76.0999984741211,76.0999984741211,76.0999984741211,76.0999984741211,0,0.0,0.0
2018-05-08 00:00:00-04:00,77.05999755859375,77.05999755859375,77.05999755859375,77.05999755859375,0,0.0,0.0
2018-05-09 00:00:00-04:00,77.81999969482422,77.81999969482422,77.81999969482422,77.81999969482422,0,0.0,0.0
2018-05-10 00:00:00-04:00,77.68000030517578,77.68000030517578,77.68000030517578,77.68000030517578,0,0.0,0.0
2018-05-11 00:00:00-04:00,77.18000030517578,77.18000030517578,77.18000030517578,77.18000030517578,0,0.0,0.0
2018-05-14 00:00:00-04:00,77.16000366210938,77.16000366210938,77.16000366210938,77.16000366210938,0,0.0,0.0
2018-05-15 00:00:00-04:00,79.19999694824219,79.19999694824219,79.19999694824219,79.19999694824219,0,0.0,0.0
2018-05-16 00:00:00-04:00,79.5,79.5,79.5,79.5,0,0.0,0.0
2018-05-17 00:00:00-04:00,80.58000183105469,80.58000183105469,80.58000183105469,80.58000183105469,0,0.0,0.0
2018-05-18 00:00:00-04:00,82.18000030517578,82.18000030517578,82.18000030517578,82.18000030517578,0,0.0,0.0
2018-05-22 00:00:00-04:00,85.45999908447266,85.45999908447266,85.45999908447266,85.45999908447266,0,0.0,0.0
2018-05-23 00:00:00-04:00,85.37999725341797,85.37999725341797,85.37999725341797,85.37999725341797,0,0.0,0.0
2018-05-24 00:00:00-04:00,85.31999969482422,85.31999969482422,85.31999969482422,85.31999969482422,0,0.0,0.0
2018-05-25 00:00:00-04:00,85.31999969482422,85.31999969482422,85.31999969482422,85.31999969482422,0,0.0,0.0
2018-05-29 00:00:00-04:00,86.05999755859375,86.05999755859375,86.05999755859375,86.05999755859375,0,0.0,0.0
2018-05-30 00:00:00-04:00,86.0,86.0,86.0,86.0,0,0.0,0.0
2018-05-31 00:00:00-04:00,86.0,88.0,86.0,88.0,200,0.0,0.0
2018-06-01 00:00:00-04:00,87.41999816894531,87.41999816894531,87.41999816894531,87.41999816894531,0,0.0,0.0
2018-06-04 00:00:00-04:00,87.41999816894531,87.41999816894531,87.41999816894531,87.41999816894531,0,0.0,0.0
2018-06-05 00:00:00-04:00,87.41999816894531,87.41999816894531,87.41999816894531,87.41999816894531,0,0.0,0.0
2018-06-06 00:00:00-04:00,88.22000122070312,88.22000122070312,88.22000122070312,88.22000122070312,0,0.0,0.0
2018-06-07 00:00:00-04:00,88.66000366210938,88.66000366210938,88.66000366210938,88.66000366210938,0,0.0,0.0
2018-06-08 00:00:00-04:00,88.12000274658203,88.12000274658203,88.12000274658203,88.12000274658203,0,0.0,0.0
2018-06-11 00:00:00-04:00,87.31999969482422,87.31999969482422,87.31999969482422,87.31999969482422,0,0.0,0.0
2018-06-12 00:00:00-04:00,87.31999969482422,87.31999969482422,87.31999969482422,87.31999969482422,0,0.0,0.0
2018-06-13 00:00:00-04:00,86.41999816894531,86.41999816894531,86.41999816894531,86.41999816894531,0,0.0,0.0
2018-06-14 00:00:00-04:00,86.41999816894531,86.41999816894531,86.41999816894531,86.41999816894531,0,0.0,0.0
2018-06-15 00:00:00-04:00,87.58000183105469,87.58000183105469,87.58000183105469,87.58000183105469,0,0.0,0.0
2018-06-18 00:00:00-04:00,86.69999694824219,86.69999694824219,86.69999694824219,86.69999694824219,0,0.0,0.0
2018-06-19 00:00:00-04:00,85.37999725341797,85.37999725341797,85.37999725341797,85.37999725341797,0,0.0,0.0
2018-06-20 00:00:00-04:00,83.87999725341797,83.87999725341797,83.87999725341797,83.87999725341797,0,0.0,0.0
2018-06-21 00:00:00-04:00,84.5,84.5,84.5,84.5,0,0.0,0.0
2018-06-22 00:00:00-04:00,84.5,84.5,84.5,84.5,0,0.0,0.0
2018-06-25 00:00:00-04:00,85.0199966430664,85.0199966430664,85.0199966430664,85.0199966430664,0,0.0,0.0
2018-06-26 00:00:00-04:00,84.18000030517578,84.18000030517578,84.18000030517578,84.18000030517578,0,0.0,0.0
2018-06-27 00:00:00-04:00,83.9000015258789,83.9000015258789,83.9000015258789,83.9000015258789,0,0.0,0.0
2018-06-28 00:00:00-04:00,84.0,84.0,84.0,84.0,0,0.0,0.0
2018-06-29 00:00:00-04:00,74.45999908447266,74.45999908447266,74.45999908447266,74.45999908447266,0,0.0,0.0
2018-07-02 00:00:00-04:00,78.69999694824219,78.69999694824219,78.69999694824219,78.69999694824219,0,0.0,0.0
2018-07-03 00:00:00-04:00,78.63999938964844,78.63999938964844,78.63999938964844,78.63999938964844,0,0.0,0.0
2018-07-05 00:00:00-04:00,79.0,79.0,79.0,79.0,0,0.0,0.0
2018-07-06 00:00:00-04:00,79.23999786376953,79.23999786376953,79.23999786376953,79.23999786376953,0,0.0,0.0
2018-07-09 00:00:00-04:00,82.0999984741211,82.0999984741211,82.0999984741211,82.0999984741211,0,0.0,0.0
2018-07-10 00:00:00-04:00,82.0999984741211,82.0999984741211,82.0999984741211,82.0999984741211,0,0.0,0.0
2018-07-11 00:00:00-04:00,83.4800033569336,83.4800033569336,83.4800033569336,83.4800033569336,0,0.0,0.0
2018-07-12 00:00:00-04:00,83.4800033569336,83.4800033569336,83.4800033569336,83.4800033569336,0,0.0,0.0
2018-07-13 00:00:00-04:00,85.19999694824219,85.19999694824219,85.19999694824219,85.19999694824219,0,0.0,0.0
2018-07-16 00:00:00-04:00,86.12000274658203,86.12000274658203,86.12000274658203,86.12000274658203,0,0.0,0.0
2018-07-17 00:00:00-04:00,86.83999633789062,86.83999633789062,86.83999633789062,86.83999633789062,0,0.0,0.0
2018-07-18 00:00:00-04:00,87.5999984741211,87.5999984741211,87.5999984741211,87.5999984741211,0,0.0,0.0
2018-07-19 00:00:00-04:00,93.23999786376953,93.23999786376953,93.23999786376953,93.23999786376953,0,0.0,0.0
2018-07-20 00:00:00-04:00,89.9800033569336,89.9800033569336,89.9800033569336,89.9800033569336,0,0.0,0.0
2018-07-23 00:00:00-04:00,91.0999984741211,91.0999984741211,91.0999984741211,91.0999984741211,0,0.0,0.0
2018-07-24 00:00:00-04:00,92.0,92.0,92.0,92.0,0,0.0,0.0
2018-07-25 00:00:00-04:00,92.94000244140625,92.94000244140625,92.94000244140625,92.94000244140625,0,0.0,0.0
2018-07-26 00:00:00-04:00,94.16000366210938,94.16000366210938,94.16000366210938,94.16000366210938,0,0.0,0.0
2018-07-27 00:00:00-04:00,95.4800033569336,95.4800033569336,95.4800033569336,95.4800033569336,0,0.0,0.0
2018-07-30 00:00:00-04:00,95.13999938964844,97.4000015258789,95.13999938964844,97.4000015258789,11,0.0,0.0
2018-07-31 00:00:00-04:00,96.23999786376953,96.23999786376953,96.23999786376953,96.23999786376953,0,0.0,0.0
2018-08-01 00:00:00-04:00,94.45999908447266,94.45999908447266,94.27999877929688,94.27999877929688,200,0.0,0.0
2018-08-02 00:00:00-04:00,94.27999877929688,94.27999877929688,94.27999877929688,94.27999877929688,0,0.0,0.0
2018-08-03 00:00:00-04:00,92.45999908447266,92.45999908447266,90.22000122070312,90.22000122070312,300,0.0,0.0
2018-08-06 00:00:00-04:00,90.13999938964844,90.13999938964844,90.13999938964844,90.13999938964844,0,0.0,0.0
2018-08-07 00:00:00-04:00,93.9000015258789,97.19999694824219,93.9000015258789,97.19999694824219,200,0.0,0.0
2018-08-08 00:00:00-04:00,97.19999694824219,97.19999694824219,97.19999694824219,97.19999694824219,0,0.0,0.0
2018-08-09 00:00:00-04:00,97.19999694824219,97.19999694824219,97.19999694824219,97.19999694824219,0,0.0,0.0
2018-08-10 00:00:00-04:00,97.80000305175781,97.80000305175781,97.80000305175781,97.80000305175781,0,0.0,0.0
2018-08-13 00:00:00-04:00,95.58000183105469,95.58000183105469,95.58000183105469,95.58000183105469,0,0.0,0.0
2018-08-14 00:00:00-04:00,95.31999969482422,95.31999969482422,95.31999969482422,95.31999969482422,0,0.0,0.0
2018-08-15 00:00:00-04:00,94.13999938964844,94.13999938964844,94.13999938964844,94.13999938964844,0,0.0,0.0
2018-08-16 00:00:00-04:00,91.0,91.0,91.0,91.0,0,0.0,0.0
2018-08-17 00:00:00-04:00,90.18000030517578,90.18000030517578,90.18000030517578,90.18000030517578,0,0.0,0.0
2018-08-20 00:00:00-04:00,88.95999908447266,88.95999908447266,88.95999908447266,88.95999908447266,0,0.0,0.0
2018-08-21 00:00:00-04:00,88.95999908447266,88.95999908447266,88.33999633789062,88.4000015258789,105,0.0,0.0
2018-08-22 00:00:00-04:00,88.4000015258789,88.4000015258789,88.4000015258789,88.4000015258789,0,0.0,0.0
2018-08-23 00:00:00-04:00,88.04000091552734,88.04000091552734,88.04000091552734,88.04000091552734,0,0.0,0.0
2018-08-24 00:00:00-04:00,88.04000091552734,88.04000091552734,88.04000091552734,88.04000091552734,0,0.0,0.0
2018-08-27 00:00:00-04:00,89.81999969482422,89.81999969482422,89.81999969482422,89.81999969482422,0,0.0,0.0
2018-08-28 00:00:00-04:00,89.9000015258789,89.9000015258789,89.9000015258789,89.9000015258789,0,0.0,0.0
2018-08-29 00:00:00-04:00,89.9000015258789,89.9000015258789,89.30000305175781,89.30000305175781,100,0.0,0.0
2018-08-30 00:00:00-04:00,89.30000305175781,89.30000305175781,87.81999969482422,87.81999969482422,60,0.0,0.0
2018-08-31 00:00:00-04:00,87.4000015258789,87.4000015258789,87.4000015258789,87.4000015258789,0,0.0,0.0
2018-09-04 00:00:00-04:00,87.4000015258789,87.4000015258789,87.4000015258789,87.4000015258789,0,0.0,0.0
2018-09-05 00:00:00-04:00,85.30000305175781,85.30000305175781,85.30000305175781,85.30000305175781,0,0.0,0.0
2018-09-06 00:00:00-04:00,83.83999633789062,83.83999633789062,83.83999633789062,83.83999633789062,0,0.0,0.0
2018-09-07 00:00:00-04:00,80.4800033569336,80.4800033569336,80.4800033569336,80.4800033569336,0,0.0,0.0
2018-09-10 00:00:00-04:00,82.13999938964844,82.13999938964844,82.13999938964844,82.13999938964844,0,0.0,0.0
2018-09-11 00:00:00-04:00,84.31999969482422,84.31999969482422,84.31999969482422,84.31999969482422,0,0.0,0.0
2018-09-12 00:00:00-04:00,93.0,104.6500015258789,93.0,104.6500015258789,225,0.0,0.0
2018-09-13 00:00:00-04:00,103.1500015258789,103.1500015258789,103.1500015258789,103.1500015258789,0,0.0,0.0
2018-09-14 00:00:00-04:00,103.1500015258789,103.1500015258789,103.1500015258789,103.1500015258789,0,0.0,0.0
2018-09-17 00:00:00-04:00,102.69999694824219,102.69999694824219,102.69999694824219,102.69999694824219,0,0.0,0.0
2018-09-18 00:00:00-04:00,100.80000305175781,100.80000305175781,100.80000305175781,100.80000305175781,0,0.0,0.0
2018-09-19 00:00:00-04:00,100.80000305175781,100.80000305175781,100.80000305175781,100.80000305175781,0,0.0,0.0
2018-09-20 00:00:00-04:00,100.3499984741211,100.3499984741211,100.3499984741211,100.3499984741211,0,0.0,0.0
2018-09-21 00:00:00-04:00,99.80000305175781,99.80000305175781,99.80000305175781,99.80000305175781,0,0.0,0.0
2018-09-24 00:00:00-04:00,98.33999633789062,98.33999633789062,98.33999633789062,98.33999633789062,0,0.0,0.0
2018-09-25 00:00:00-04:00,97.36000061035156,97.36000061035156,97.36000061035156,97.36000061035156,0,0.0,0.0
2018-09-26 00:00:00-04:00,97.0,97.0,97.0,97.0,0,0.0,0.0
2018-09-27 00:00:00-04:00,97.0,97.0,97.0,97.0,0,0.0,0.0
2018-09-28 00:00:00-04:00,96.86000061035156,96.86000061035156,96.86000061035156,96.86000061035156,0,0.0,0.0
2018-10-01 00:00:00-04:00,96.86000061035156,96.86000061035156,96.86000061035156,96.86000061035156,0,0.0,0.0
2018-10-02 00:00:00-04:00,96.86000061035156,96.86000061035156,96.86000061035156,96.86000061035156,0,0.0,0.0
2018-10-03 00:00:00-04:00,96.86000061035156,96.86000061035156,96.86000061035156,96.86000061035156,0,0.0,0.0
2018-10-04 00:00:00-04:00,95.73999786376953,95.73999786376953,95.73999786376953,95.73999786376953,0,0.0,0.0
2018-10-05 00:00:00-04:00,93.80000305175781,93.80000305175781,93.80000305175781,93.80000305175781,0,0.0,0.0
2018-10-08 00:00:00-04:00,93.0,93.0,93.0,93.0,0,0.0,0.0
2018-10-09 00:00:00-04:00,89.5,89.5,89.5,89.5,0,0.0,0.0
2018-10-10 00:00:00-04:00,89.05999755859375,89.05999755859375,89.05999755859375,89.05999755859375,0,0.0,0.0
2018-10-11 00:00:00-04:00,85.69999694824219,85.69999694824219,85.69999694824219,85.69999694824219,0,0.0,0.0
2018-10-12 00:00:00-04:00,85.69999694824219,85.69999694824219,85.69999694824219,85.69999694824219,0,0.0,0.0
2018-10-15 00:00:00-04:00,85.69999694824219,85.69999694824219,85.69999694824219,85.69999694824219,0,0.0,0.0
2018-10-16 00:00:00-04:00,85.66000366210938,85.66000366210938,85.66000366210938,85.66000366210938,0,0.0,0.0
2018-10-17 00:00:00-04:00,88.5199966430664,88.5199966430664,88.5199966430664,88.5199966430664,0,0.0,0.0
2018-10-18 00:00:00-04:00,89.45999908447266,89.45999908447266,89.45999908447266,89.45999908447266,0,0.0,0.0
2018-10-19 00:00:00-04:00,91.0199966430664,91.0199966430664,91.0199966430664,91.0199966430664,0,0.0,0.0
2018-10-22 00:00:00-04:00,92.9000015258789,92.9000015258789,92.9000015258789,92.9000015258789,0,0.0,0.0
2018-10-23 00:00:00-04:00,93.62000274658203,93.62000274658203,93.62000274658203,93.62000274658203,0,0.0,0.0
2018-10-24 00:00:00-04:00,92.45999908447266,92.45999908447266,92.45999908447266,92.45999908447266,0,0.0,0.0
2018-10-25 00:00:00-04:00,89.76000213623047,89.76000213623047,89.76000213623047,89.76000213623047,0,0.0,0.0
2018-10-26 00:00:00-04:00,87.12000274658203,87.12000274658203,87.12000274658203,87.12000274658203,0,0.0,0.0
2018-10-29 00:00:00-04:00,85.76000213623047,85.76000213623047,85.76000213623047,85.76000213623047,0,0.0,0.0
2018-10-30 00:00:00-04:00,87.54000091552734,87.54000091552734,87.54000091552734,87.54000091552734,0,0.0,0.0
2018-10-31 00:00:00-04:00,87.54000091552734,87.54000091552734,87.54000091552734,87.54000091552734,0,0.0,0.0
2018-11-01 00:00:00-04:00,89.76000213623047,89.76000213623047,89.76000213623047,89.76000213623047,0,0.0,0.0
2018-11-02 00:00:00-04:00,92.31999969482422,92.31999969482422,92.31999969482422,92.31999969482422,0,0.0,0.0
2018-11-05 00:00:00-05:00,93.0999984741211,93.0999984741211,93.0999984741211,93.0999984741211,0,0.0,0.0
2018-11-06 00:00:00-05:00,93.0999984741211,93.0999984741211,93.0999984741211,93.0999984741211,0,0.0,0.0
2018-11-07 00:00:00-05:00,93.0999984741211,93.0999984741211,93.0999984741211,93.0999984741211,0,0.0,0.0
2018-11-08 00:00:00-05:00,94.83999633789062,94.83999633789062,94.83999633789062,94.83999633789062,0,0.0,0.0
2018-11-09 00:00:00-05:00,94.83999633789062,94.83999633789062,94.83999633789062,94.83999633789062,0,0.0,0.0
2018-11-12 00:00:00-05:00,94.83999633789062,94.83999633789062,94.83999633789062,94.83999633789062,0,0.0,0.0
2018-11-13 00:00:00-05:00,92.30000305175781,92.30000305175781,92.30000305175781,92.30000305175781,0,0.0,0.0
2018-11-14 00:00:00-05:00,92.30000305175781,92.30000305175781,92.30000305175781,92.30000305175781,0,0.0,0.0
2018-11-15 00:00:00-05:00,92.30000305175781,92.30000305175781,92.30000305175781,92.30000305175781,0,0.0,0.0
2018-11-16 00:00:00-05:00,92.30000305175781,92.30000305175781,92.30000305175781,92.30000305175781,0,0.0,0.0
2018-11-19 00:00:00-05:00,92.30000305175781,92.30000305175781,92.30000305175781,92.30000305175781,0,0.0,0.0
2018-11-20 00:00:00-05:00,90.30000305175781,90.30000305175781,90.30000305175781,90.30000305175781,0,0.0,0.0
2018-11-21 00:00:00-05:00,88.68000030517578,88.68000030517578,88.68000030517578,88.68000030517578,0,0.0,0.0
2018-11-23 00:00:00-05:00,88.62000274658203,88.62000274658203,88.62000274658203,88.62000274658203,0,0.0,0.0
2018-11-26 00:00:00-05:00,88.62000274658203,88.62000274658203,88.62000274658203,88.62000274658203,0,0.0,0.0
2018-11-27 00:00:00-05:00,88.62000274658203,88.62000274658203,88.62000274658203,88.62000274658203,0,0.0,0.0
2018-11-28 00:00:00-05:00,88.44000244140625,88.44000244140625,88.44000244140625,88.44000244140625,0,0.0,0.0
2018-11-29 00:00:00-05:00,88.44000244140625,88.44000244140625,88.44000244140625,88.44000244140625,0,0.0,0.0
2018-11-30 00:00:00-05:00,89.18000030517578,89.18000030517578,89.18000030517578,89.18000030517578,0,0.0,0.0
2018-12-03 00:00:00-05:00,89.18000030517578,89.18000030517578,89.18000030517578,89.18000030517578,0,0.0,0.0
2018-12-04 00:00:00-05:00,91.08000183105469,91.08000183105469,91.08000183105469,91.08000183105469,0,0.0,0.0
2018-12-06 00:00:00-05:00,90.77999877929688,90.77999877929688,90.77999877929688,90.77999877929688,0,0.0,0.0
2018-12-07 00:00:00-05:00,90.77999877929688,90.77999877929688,90.77999877929688,90.77999877929688,0,0.0,0.0
2018-12-10 00:00:00-05:00,89.41999816894531,89.41999816894531,89.41999816894531,89.41999816894531,0,0.0,0.0
2018-12-11 00:00:00-05:00,89.41999816894531,89.41999816894531,89.41999816894531,89.41999816894531,0,0.0,0.0
2018-12-12 00:00:00-05:00,89.94000244140625,89.94000244140625,89.94000244140625,89.94000244140625,0,0.0,0.0
2018-12-13 00:00:00-05:00,93.26000213623047,93.26000213623047,93.26000213623047,93.26000213623047,0,0.0,0.0
2018-12-14 00:00:00-05:00,94.0199966430664,94.0199966430664,94.0199966430664,94.0199966430664,0,0.0,0.0
2018-12-17 00:00:00-05:00,92.69999694824219,92.69999694824219,92.69999694824219,92.69999694824219,0,0.0,0.0
2018-12-18 00:00:00-05:00,90.45999908447266,90.45999908447266,90.16000366210938,90.16000366210938,60,0.0,0.0
2018-12-19 00:00:00-05:00,86.63999938964844,86.63999938964844,86.63999938964844,86.63999938964844,0,0.0,0.0
2018-12-20 00:00:00-05:00,86.05999755859375,86.05999755859375,86.05999755859375,86.05999755859375,0,0.0,0.0
2018-12-21 00:00:00-05:00,83.27999877929688,83.27999877929688,83.27999877929688,83.27999877929688,0,0.0,0.0
2018-12-24 00:00:00-05:00,83.27999877929688,83.27999877929688,83.27999877929688,83.27999877929688,0,0.0,0.0
2018-12-26 00:00:00-05:00,83.27999877929688,83.27999877929688,83.27999877929688,83.27999877929688,0,0.0,0.0
2018-12-27 00:00:00-05:00,81.58000183105469,81.58000183105469,81.58000183105469,81.58000183105469,0,0.0,0.0
2018-12-28 00:00:00-05:00,77.68000030517578,77.68000030517578,77.05999755859375,77.05999755859375,0,0.0,0.0
2018-12-31 00:00:00-05:00,77.05999755859375,77.05999755859375,77.05999755859375,77.05999755859375,0,0.0,0.0
2019-01-02 00:00:00-05:00,79.18000030517578,79.18000030517578,79.18000030517578,79.18000030517578,0,0.0,0.0
2019-01-03 00:00:00-05:00,79.18000030517578,79.18000030517578,79.18000030517578,79.18000030517578,0,0.0,0.0
2019-01-04 00:00:00-05:00,79.18000030517578,79.18000030517578,79.18000030517578,79.18000030517578,0,0.0,0.0
2019-01-07 00:00:00-05:00,84.66000366210938,84.66000366210938,84.66000366210938,84.66000366210938,0,0.0,0.0
2019-01-08 00:00:00-05:00,87.22000122070312,90.44000244140625,87.22000122070312,90.44000244140625,10,0.0,0.0
2019-01-09 00:00:00-05:00,90.44000244140625,90.44000244140625,90.44000244140625,90.44000244140625,0,0.0,0.0
2019-01-10 00:00:00-05:00,90.72000122070312,90.72000122070312,90.72000122070312,90.72000122070312,0,0.0,0.0
2019-01-11 00:00:00-05:00,91.83999633789062,91.83999633789062,91.83999633789062,91.83999633789062,0,0.0,0.0
2019-01-14 00:00:00-05:00,91.72000122070312,91.72000122070312,91.72000122070312,91.72000122070312,0,0.0,0.0
2019-01-15 00:00:00-05:00,87.62000274658203,87.62000274658203,87.62000274658203,87.62000274658203,0,0.0,0.0
2019-01-16 00:00:00-05:00,89.66000366210938,89.66000366210938,89.66000366210938,89.66000366210938,0,0.0,0.0
2019-01-17 00:00:00-05:00,91.0,91.0,91.0,91.0,0,0.0,0.0
2019-01-18 00:00:00-05:00,92.55999755859375,92.55999755859375,92.55999755859375,92.55999755859375,0,0.0,0.0
2019-01-22 00:00:00-05:00,92.55999755859375,92.55999755859375,92.55999755859375,92.55999755859375,0,0.0,0.0
2019-01-23 00:00:00-05:00,91.86000061035156,91.86000061035156,91.86000061035156,91.86000061035156,0,0.0,0.0
2019-01-24 00:00:00-05:00,90.33999633789062,90.33999633789062,90.33999633789062,90.33999633789062,0,0.0,0.0
2019-01-25 00:00:00-05:00,89.86000061035156,89.86000061035156,89.86000061035156,89.86000061035156,0,0.0,0.0
2019-01-28 00:00:00-05:00,89.86000061035156,89.86000061035156,89.86000061035156,89.86000061035156,0,0.0,0.0
2019-01-29 00:00:00-05:00,89.94000244140625,89.94000244140625,89.94000244140625,89.94000244140625,0,0.0,0.0
2019-01-30 00:00:00-05:00,90.4800033569336,90.4800033569336,90.4800033569336,90.4800033569336,0,0.0,0.0
2019-01-31 00:00:00-05:00,88.66000366210938,88.66000366210938,88.66000366210938,88.66000366210938,0,0.0,0.0
2019-02-01 00:00:00-05:00,89.0199966430664,89.0199966430664,89.0199966430664,89.0199966430664,0,0.0,0.0
2019-02-04 00:00:00-05:00,89.0199966430664,89.0199966430664,89.0199966430664,89.0199966430664,0,0.0,0.0
2019-02-05 00:00:00-05:00,88.54000091552734,88.54000091552734,88.54000091552734,88.54000091552734,0,0.0,0.0
2019-02-06 00:00:00-05:00,88.54000091552734,88.54000091552734,88.54000091552734,88.54000091552734,0,0.0,0.0
2019-02-07 00:00:00-05:00,88.45999908447266,88.45999908447266,88.45999908447266,88.45999908447266,0,0.0,0.0
2019-02-08 00:00:00-05:00,88.63999938964844,88.63999938964844,88.63999938964844,88.63999938964844,0,0.0,0.0
2019-02-11 00:00:00-05:00,88.94000244140625,88.94000244140625,88.94000244140625,88.94000244140625,0,0.0,0.0
2019-02-12 00:00:00-05:00,88.94000244140625,88.94000244140625,88.94000244140625,88.94000244140625,0,0.0,0.0
2019-02-13 00:00:00-05:00,89.62000274658203,89.62000274658203,89.62000274658203,89.62000274658203,0,0.0,0.0
2019-02-14 00:00:00-05:00,90.0,90.0,90.0,90.0,0,0.0,0.0
2019-02-15 00:00:00-05:00,90.58000183105469,90.58000183105469,90.58000183105469,90.58000183105469,0,0.0,0.0
2019-02-19 00:00:00-05:00,90.5999984741211,90.5999984741211,90.5999984741211,90.5999984741211,0,0.0,0.0
2019-02-20 00:00:00-05:00,90.4000015258789,90.4000015258789,90.4000015258789,90.4000015258789,0,0.0,0.0
2019-02-21 00:00:00-05:00,89.86000061035156,89.86000061035156,89.86000061035156,89.86000061035156,0,0.0,0.0
2019-02-22 00:00:00-05:00,86.94000244140625,86.94000244140625,86.94000244140625,86.94000244140625,0,0.0,0.0
2019-02-25 00:00:00-05:00,86.94000244140625,86.94000244140625,86.94000244140625,86.94000244140625,0,0.0,0.0
2019-02-26 00:00:00-05:00,86.94000244140625,86.94000244140625,86.94000244140625,86.94000244140625,0,0.0,0.0
2019-02-27 00:00:00-05:00,86.94000244140625,86.94000244140625,86.94000244140625,86.94000244140625,0,0.0,0.0
2019-02-28 00:00:00-05:00,86.63999938964844,86.63999938964844,86.63999938964844,86.63999938964844,0,0.0,0.0
2019-03-01 00:00:00-05:00,86.5999984741211,89.72000122070312,86.5999984741211,89.72000122070312,20,0.0,0.0
2019-03-04 00:00:00-05:00,89.72000122070312,89.72000122070312,89.72000122070312,89.72000122070312,0,0.0,0.0
2019-03-05 00:00:00-05:00,90.0199966430664,90.0199966430664,90.0199966430664,90.0199966430664,0,0.0,0.0
2019-03-06 00:00:00-05:00,90.0199966430664,90.0199966430664,89.69999694824219,89.69999694824219,14,0.0,0.0
2019-03-07 00:00:00-05:00,88.55999755859375,88.55999755859375,88.55999755859375,88.55999755859375,0,0.0,0.0
2019-03-08 00:00:00-05:00,87.5,87.5,87.5,87.5,0,0.0,0.0
2019-03-11 00:00:00-04:00,86.95999908447266,86.95999908447266,86.95999908447266,86.95999908447266,0,0.0,0.0
2019-03-12 00:00:00-04:00,87.45999908447266,87.45999908447266,87.45999908447266,87.45999908447266,0,0.0,0.0
2019-03-13 00:00:00-04:00,87.45999908447266,87.45999908447266,87.45999908447266,87.45999908447266,0,0.0,0.0
2019-03-14 00:00:00-04:00,87.45999908447266,87.45999908447266,87.45999908447266,87.45999908447266,0,0.0,0.0
2019-03-15 00:00:00-04:00,87.45999908447266,87.45999908447266,87.45999908447266,87.45999908447266,0,0.0,0.0
2019-03-18 00:00:00-04:00,87.45999908447266,87.45999908447266,87.45999908447266,87.45999908447266,0,0.0,0.0
2019-03-19 00:00:00-04:00,88.41999816894531,88.41999816894531,88.41999816894531,88.41999816894531,0,0.0,0.0
2019-03-20 00:00:00-04:00,88.41999816894531,88.41999816894531,88.41999816894531,88.41999816894531,0,0.0,0.0
2019-03-21 00:00:00-04:00,89.63999938964844,89.63999938964844,89.63999938964844,89.63999938964844,0,0.0,0.0
2019-03-22 00:00:00-04:00,89.63999938964844,89.63999938964844,89.63999938964844,89.63999938964844,0,0.0,0.0
2019-03-25 00:00:00-04:00,88.80000305175781,88.80000305175781,88.80000305175781,88.80000305175781,0,0.0,0.0
2019-03-26 00:00:00-04:00,84.86000061035156,84.86000061035156,84.86000061035156,84.86000061035156,0,0.0,0.0
2019-03-27 00:00:00-04:00,85.68000030517578,85.68000030517578,85.68000030517578,85.68000030517578,0,0.0,0.0
2019-03-28 00:00:00-04:00,85.63999938964844,85.63999938964844,85.63999938964844,85.63999938964844,0,0.0,0.0
2019-03-29 00:00:00-04:00,86.36000061035156,86.36000061035156,86.36000061035156,86.36000061035156,0,0.0,0.0
2019-04-01 00:00:00-04:00,104.1500015258789,104.1500015258789,104.1500015258789,104.1500015258789,0,0.0,0.0
2019-04-02 00:00:00-04:00,104.1500015258789,104.1500015258789,104.1500015258789,104.1500015258789,0,0.0,0.0
2019-04-03 00:00:00-04:00,105.69999694824219,107.80000305175781,105.69999694824219,107.80000305175781,40,0.0,0.0
2019-04-04 00:00:00-04:00,108.19999694824219,108.19999694824219,108.19999694824219,108.19999694824219,0,0.0,0.0
2019-04-05 00:00:00-04:00,108.8499984741211,108.8499984741211,108.8499984741211,108.8499984741211,0,0.0,0.0
2019-04-08 00:00:00-04:00,110.30000305175781,110.30000305175781,110.30000305175781,110.30000305175781,0,0.0,0.0
2019-04-09 00:00:00-04:00,110.30000305175781,110.30000305175781,110.30000305175781,110.30000305175781,0,0.0,0.0
2019-04-10 00:00:00-04:00,110.30000305175781,110.30000305175781,110.30000305175781,110.30000305175781,0,0.0,0.0
2019-04-11 00:00:00-04:00,108.75,108.75,108.75,108.75,0,0.0,0.0
2019-04-12 00:00:00-04:00,108.75,108.75,108.75,108.75,0,0.0,0.0
2019-04-15 00:00:00-04:00,108.75,108.75,108.75,108.75,0,0.0,0.0
2019-04-16 00:00:00-04:00,106.6500015258789,106.6500015258789,106.6500015258789,106.6500015258789,0,0.0,0.0
2019-04-17 00:00:00-04:00,103.94999694824219,103.94999694824219,103.94999694824219,103.94999694824219,0,0.0,0.0
2019-04-18 00:00:00-04:00,101.55000305175781,101.55000305175781,101.55000305175781,101.55000305175781,20,0.0,0.0
2019-04-22 00:00:00-04:00,101.55000305175781,101.55000305175781,101.55000305175781,101.55000305175781,0,0.0,0.0
2019-04-23 00:00:00-04:00,101.55000305175781,101.55000305175781,101.55000305175781,101.55000305175781,0,0.0,0.0
2019-04-24 00:00:00-04:00,102.05000305175781,102.05000305175781,102.05000305175781,102.05000305175781,0,0.0,0.0
2019-04-25 00:00:00-04:00,101.25,101.25,101.25,101.25,0,0.0,0.0
2019-04-26 00:00:00-04:00,101.25,101.25,101.25,101.25,0,0.0,0.0
2019-04-29 00:00:00-04:00,101.0999984741211,101.0999984741211,101.0999984741211,101.0999984741211,0,0.0,0.0
2019-04-30 00:00:00-04:00,101.1500015258789,101.1500015258789,101.1500015258789,101.1500015258789,0,0.0,0.0
2019-05-01 00:00:00-04:00,101.1500015258789,101.1500015258789,101.1500015258789,101.1500015258789,0,0.0,0.0
2019-05-02 00:00:00-04:00,101.1500015258789,101.1500015258789,101.1500015258789,101.1500015258789,0,0.0,0.0
2019-05-03 00:00:00-04:00,101.1500015258789,101.1500015258789,101.1500015258789,101.1500015258789,0,0.0,0.0
2019-05-06 00:00:00-04:00,101.9000015258789,101.9000015258789,99.26000213623047,99.26000213623047,80,0.0,0.0
2019-05-07 00:00:00-04:00,101.5999984741211,101.5999984741211,101.3499984741211,101.3499984741211,40,0.0,0.0
2019-05-08 00:00:00-04:00,101.3499984741211,101.3499984741211,101.3499984741211,101.3499984741211,0,0.0,0.0
2019-05-09 00:00:00-04:00,102.8499984741211,102.8499984741211,102.8499984741211,102.8499984741211,0,0.0,0.0
2019-05-10 00:00:00-04:00,102.8499984741211,102.8499984741211,102.8499984741211,102.8499984741211,0,0.0,0.0
2019-05-13 00:00:00-04:00,103.05000305175781,103.05000305175781,103.05000305175781,103.05000305175781,0,0.0,0.0
2019-05-14 00:00:00-04:00,99.87999725341797,99.87999725341797,99.87999725341797,99.87999725341797,0,0.0,0.0
2019-05-15 00:00:00-04:00,100.44999694824219,100.44999694824219,100.44999694824219,100.44999694824219,0,0.0,0.0
2019-05-16 00:00:00-04:00,101.19999694824219,101.19999694824219,101.19999694824219,101.19999694824219,0,0.0,0.0
2019-05-17 00:00:00-04:00,101.55000305175781,101.55000305175781,101.55000305175781,101.55000305175781,0,0.0,0.0
2019-05-20 00:00:00-04:00,101.55000305175781,101.55000305175781,101.55000305175781,101.55000305175781,0,0.0,0.0
2019-05-21 00:00:00-04:00,101.55000305175781,101.55000305175781,101.55000305175781,101.55000305175781,0,0.0,0.0
2019-05-22 00:00:00-04:00,104.30000305175781,104.30000305175781,104.30000305175781,104.30000305175781,0,0.0,0.0
2019-05-23 00:00:00-04:00,106.19999694824219,106.19999694824219,106.19999694824219,106.19999694824219,0,0.0,0.0
2019-05-24 00:00:00-04:00,106.19999694824219,106.19999694824219,106.19999694824219,106.19999694824219,0,0.0,0.0
2019-05-28 00:00:00-04:00,106.19999694824219,106.19999694824219,106.19999694824219,106.19999694824219,0,0.0,0.0
2019-05-29 00:00:00-04:00,105.4000015258789,105.4000015258789,105.4000015258789,105.4000015258789,0,0.0,0.0
2019-05-30 00:00:00-04:00,103.9000015258789,103.9000015258789,103.9000015258789,103.9000015258789,0,0.0,0.0
2019-05-31 00:00:00-04:00,103.8499984741211,103.8499984741211,103.8499984741211,103.8499984741211,0,0.0,0.0
2019-06-03 00:00:00-04:00,102.4000015258789,103.0,100.5999984741211,102.0999984741211,0,0.0,0.0
2019-06-04 00:00:00-04:00,102.0999984741211,102.6500015258789,102.05000305175781,102.0999984741211,0,0.0,0.0
2019-06-05 00:00:00-04:00,102.44999694824219,104.5,102.44999694824219,103.3499984741211,0,0.0,0.0
2019-06-06 00:00:00-04:00,103.3499984741211,104.0999984741211,103.30000305175781,103.30000305175781,0,0.0,0.0
2019-06-07 00:00:00-04:00,103.30000305175781,104.5,103.30000305175781,103.30000305175781,0,0.0,0.0
2020-01-03 00:00:00-05:00,189.10000610351562,189.10000610351562,186.8000030517578,187.1999969482422,0,0.0,0.0
2020-01-06 00:00:00-05:00,187.1999969482422,187.1999969482422,187.1999969482422,187.1999969482422,0,0.0,0.0
2020-01-07 00:00:00-05:00,185.0500030517578,185.0500030517578,185.0500030517578,185.0500030517578,0,0.0,0.0
2020-01-08 00:00:00-05:00,185.0500030517578,185.60000610351562,183.8000030517578,185.60000610351562,0,0.0,0.0
2020-01-09 00:00:00-05:00,185.60000610351562,189.14999389648438,185.60000610351562,189.14999389648438,5,0.0,0.0
2020-01-10 00:00:00-05:00,189.14999389648438,192.0,189.14999389648438,192.0,0,0.0,0.0
2020-01-13 00:00:00-05:00,191.85000610351562,191.85000610351562,191.85000610351562,191.85000610351562,0,0.0,0.0
2020-01-14 00:00:00-05:00,187.60000610351562,188.85000610351562,187.10000610351562,188.85000610351562,0,0.0,0.0
2020-01-15 00:00:00-05:00,189.1999969482422,194.60000610351562,189.1999969482422,194.60000610351562,0,0.0,0.0
2020-01-16 00:00:00-05:00,194.60000610351562,202.1999969482422,194.60000610351562,202.0,0,0.0,0.0
2020-01-17 00:00:00-05:00,202.0,206.89999389648438,202.0,206.89999389648438,0,0.0,0.0
2020-01-21 00:00:00-05:00,211.39999389648438,217.1999969482422,211.39999389648438,216.10000610351562,0,0.0,0.0
2020-01-22 00:00:00-05:00,216.10000610351562,216.10000610351562,212.60000610351562,213.8000030517578,0,0.0,0.0
2020-01-23 00:00:00-05:00,213.0,213.0,212.6999969482422,212.6999969482422,0,0.0,0.0
2020-01-24 00:00:00-05:00,210.8000030517578,215.10000610351562,210.8000030517578,213.0,48,0.0,0.0
2020-01-27 00:00:00-05:00,210.5,210.5,206.3000030517578,206.3000030517578,0,0.0,0.0
2020-01-28 00:00:00-05:00,206.3000030517578,209.5,206.3000030517578,209.39999389648438,0,0.0,0.0
2020-01-29 00:00:00-05:00,209.39999389648438,210.0,208.6999969482422,208.6999969482422,0,0.0,0.0
2020-01-30 00:00:00-05:00,208.39999389648438,208.39999389648438,204.39999389648438,205.0,100,0.0,0.0
2020-01-31 00:00:00-05:00,205.1999969482422,205.39999389648438,202.3000030517578,202.3000030517578,0,0.0,0.0
2020-02-03 00:00:00-05:00,201.89999389648438,210.0,201.89999389648438,209.3000030517578,0,0.0,0.0
2020-02-04 00:00:00-05:00,209.3000030517578,222.60000610351562,209.3000030517578,222.60000610351562,0,0.0,0.0
2020-02-05 00:00:00-05:00,226.3000030517578,228.0,218.8000030517578,218.8000030517578,0,0.0,0.0
2020-02-06 00:00:00-05:00,222.3000030517578,225.6999969482422,222.3000030517578,225.6999969482422,0,0.0,0.0
2020-02-07 00:00:00-05:00,225.6999969482422,226.0,223.89999389648438,226.0,0,0.0,0.0
2020-02-10 00:00:00-05:00,226.0,230.1999969482422,225.6999969482422,230.1999969482422,0,0.0,0.0
2020-02-11 00:00:00-05:00,232.0,237.10000610351562,232.0,236.39999389648438,0,0.0,0.0
2020-02-12 00:00:00-05:00,236.1999969482422,236.1999969482422,232.6999969482422,232.6999969482422,0,0.0,0.0
2020-02-13 00:00:00-05:00,236.3000030517578,236.8000030517578,235.89999389648438,236.8000030517578,0,0.0,0.0
2020-02-14 00:00:00-05:00,237.89999389648438,239.8000030517578,237.89999389648438,238.39999389648438,0,0.0,0.0
2020-02-18 00:00:00-05:00,239.8000030517578,241.8000030517578,239.6999969482422,241.8000030517578,0,0.0,0.0
2020-02-19 00:00:00-05:00,243.60000610351562,250.0,243.60000610351562,248.60000610351562,0,0.0,0.0
2020-02-20 00:00:00-05:00,247.8000030517578,251.10000610351562,247.8000030517578,251.10000610351562,0,0.0,0.0
2020-02-21 00:00:00-05:00,241.6999969482422,250.1999969482422,241.6999969482422,250.1999969482422,30,0.0,0.0
2020-02-24 00:00:00-05:00,249.1999969482422,249.1999969482422,229.8000030517578,229.8000030517578,25,0.0,0.0
2020-03-02 00:00:00-05:00,190.0500030517578,190.0500030517578,190.0500030517578,190.0500030517578,0,0.0,0.0
2020-03-03 00:00:00-05:00,194.5500030517578,194.5500030517578,194.5500030517578,194.5500030517578,0,0.0,0.0
2020-03-04 00:00:00-05:00,194.5500030517578,195.4499969482422,194.5500030517578,195.4499969482422,0,0.0,0.0
2020-03-05 00:00:00-05:00,197.89999389648438,197.89999389648438,197.89999389648438,197.89999389648438,0,0.0,0.0
2020-03-06 00:00:00-05:00,187.3000030517578,187.3000030517578,187.3000030517578,187.3000030517578,0,0.0,0.0
2020-03-09 00:00:00-04:00,178.85000610351562,178.85000610351562,178.85000610351562,178.85000610351562,0,0.0,0.0
2020-03-10 00:00:00-04:00,171.8000030517578,181.64999389648438,171.8000030517578,178.25,0,0.0,0.0
2020-03-11 00:00:00-04:00,176.1999969482422,176.1999969482422,176.1999969482422,176.1999969482422,0,0.0,0.0
2020-03-12 00:00:00-04:00,162.9499969482422,162.9499969482422,154.3000030517578,154.3000030517578,8,0.0,0.0
2020-03-26 00:00:00-04:00,159.39999389648438,159.39999389648438,159.39999389648438,159.39999389648438,0,0.0,0.0
2020-03-27 00:00:00-04:00,165.85000610351562,165.85000610351562,165.85000610351562,165.85000610351562,0,0.0,0.0
2020-03-30 00:00:00-04:00,165.3000030517578,165.3000030517578,165.3000030517578,165.3000030517578,0,0.0,0.0
2020-03-31 00:00:00-04:00,172.14999389648438,172.14999389648438,172.14999389648438,172.14999389648438,0,0.0,0.0
2020-04-01 00:00:00-04:00,174.75,174.75,174.75,174.75,0,0.0,0.0
2020-04-02 00:00:00-04:00,170.85000610351562,170.85000610351562,170.85000610351562,170.85000610351562,0,0.0,0.0
2020-04-03 00:00:00-04:00,172.64999389648438,172.64999389648438,172.64999389648438,172.64999389648438,0,0.0,0.0
2020-04-06 00:00:00-04:00,179.5,179.5,179.5,179.5,0,0.0,0.0
2020-04-07 00:00:00-04:00,186.25,186.25,186.25,186.25,0,0.0,0.0
2020-04-08 00:00:00-04:00,180.60000610351562,180.60000610351562,180.60000610351562,180.60000610351562,0,0.0,0.0
2020-04-09 00:00:00-04:00,184.3000030517578,186.89999389648438,184.3000030517578,186.89999389648438,0,0.0,0.0
2020-04-13 00:00:00-04:00,186.89999389648438,186.89999389648438,186.89999389648438,186.89999389648438,0,0.0,0.0
2020-04-14 00:00:00-04:00,189.25,189.25,189.25,189.25,0,0.0,0.0
2020-04-15 00:00:00-04:00,193.0,193.0,193.0,193.0,0,0.0,0.0
2020-04-16 00:00:00-04:00,187.3000030517578,187.3000030517578,187.3000030517578,187.3000030517578,0,0.0,0.0
2020-04-17 00:00:00-04:00,192.6999969482422,192.6999969482422,192.6999969482422,192.6999969482422,0,0.0,0.0
2020-04-20 00:00:00-04:00,194.14999389648438,194.14999389648438,194.14999389648438,194.14999389648438,0,0.0,0.0
2020-04-21 00:00:00-04:00,197.1999969482422,197.1999969482422,197.1999969482422,197.1999969482422,0,0.0,0.0
2020-04-22 00:00:00-04:00,194.0500030517578,194.0500030517578,194.0500030517578,194.0500030517578,0,0.0,0.0
2020-04-23 00:00:00-04:00,194.0500030517578,194.0500030517578,194.0500030517578,194.0500030517578,0,0.0,0.0
2020-04-24 00:00:00-04:00,194.0500030517578,194.0500030517578,194.0500030517578,194.0500030517578,0,0.0,0.0
2020-04-27 00:00:00-04:00,196.6999969482422,196.6999969482422,196.6999969482422,196.6999969482422,0,0.0,0.0
2020-04-28 00:00:00-04:00,195.25,195.25,195.25,195.25,0,0.0,0.0
2020-04-29 00:00:00-04:00,194.39999389648438,194.39999389648438,194.39999389648438,194.39999389648438,0,0.0,0.0
