Date,Open,High,Low,Close,Volume,Dividends,Stock Splits,Capital Gains
2022-10-28 00:00:00-04:00,25.049999237060547,25.110000610351562,25.030000686645508,25.100000381469727,50900,0.0,0.0,0.0
2022-10-31 00:00:00-04:00,25.100000381469727,27.170000076293945,25.066999435424805,25.06999969482422,13900,0.0,0.0,0.0
2022-11-01 00:00:00-04:00,25.25,25.25,25.06999969482422,25.135000228881836,6400,0.0,0.0,0.0
2022-11-02 00:00:00-04:00,25.190000534057617,25.260000228881836,25.1299991607666,25.229999542236328,16300,0.0,0.0,0.0
2022-11-03 00:00:00-04:00,25.42099952697754,25.42099952697754,25.2450008392334,25.29400062561035,16900,0.0,0.0,0.0
2022-11-04 00:00:00-04:00,25.29199981689453,25.3700008392334,25.139999389648438,25.139999389648438,7600,0.0,0.0,0.0
2022-11-07 00:00:00-05:00,25.260000228881836,25.280000686645508,25.155000686645508,25.16900062561035,10200,0.0,0.0,0.0
2022-11-08 00:00:00-05:00,25.179000854492188,25.229999542236328,25.059999465942383,25.136999130249023,7900,0.0,0.0,0.0
2022-11-09 00:00:00-05:00,25.100000381469727,25.100000381469727,25.023000717163086,25.023000717163086,2600,0.0,0.0,0.0
2022-11-10 00:00:00-05:00,25.145000457763672,25.165000915527344,25.079999923706055,25.079999923706055,1400,0.0,0.0,0.0
2022-11-11 00:00:00-05:00,25.209999084472656,25.239999771118164,25.06999969482422,25.155000686645508,5800,0.0,0.0,0.0
2022-11-14 00:00:00-05:00,25.229999542236328,25.229999542236328,25.149999618530273,25.174999237060547,2500,0.0,0.0,0.0
2022-11-15 00:00:00-05:00,25.18000030517578,25.229999542236328,25.079999923706055,25.09000015258789,4400,0.0,0.0,0.0
2022-11-16 00:00:00-05:00,25.19499969482422,25.204999923706055,25.149999618530273,25.204999923706055,1800,0.0,0.0,0.0
2022-11-17 00:00:00-05:00,25.21500015258789,25.21500015258789,25.21299934387207,25.21299934387207,1300,0.0,0.0,0.0
2022-11-18 00:00:00-05:00,25.219999313354492,25.225000381469727,25.190000534057617,25.21299934387207,2200,0.0,0.0,0.0
2022-11-21 00:00:00-05:00,24.5,25.309999465942383,24.5,25.28499984741211,6700,0.0,0.0,0.0
2022-11-22 00:00:00-05:00,25.290000915527344,25.290000915527344,25.179000854492188,25.179000854492188,3300,0.0,0.0,0.0
2022-11-23 00:00:00-05:00,25.148000717163086,25.17799949645996,25.1299991607666,25.17799949645996,3500,0.0,0.0,0.0
2022-11-25 00:00:00-05:00,25.104999542236328,25.14900016784668,25.06999969482422,25.14900016784668,4300,0.0,0.0,0.0
2022-11-28 00:00:00-05:00,25.15999984741211,25.239999771118164,25.15999984741211,25.209999084472656,17700,0.0,0.0,0.0
2022-11-29 00:00:00-05:00,25.219999313354492,25.219999313354492,25.219999313354492,25.219999313354492,900,0.0,0.0,0.0
2022-11-30 00:00:00-05:00,25.260000228881836,25.299999237060547,24.989999771118164,24.989999771118164,4300,0.0,0.0,0.0
2022-12-01 00:00:00-05:00,24.969999313354492,25.059999465942383,24.760000228881836,24.760000228881836,9900,0.0,0.0,0.0
2022-12-02 00:00:00-05:00,24.94499969482422,25.040000915527344,24.729999542236328,24.729999542236328,800,0.0,0.0,0.0
2022-12-05 00:00:00-05:00,24.892000198364258,24.895000457763672,24.892000198364258,24.895000457763672,400,0.0,0.0,0.0
2022-12-06 00:00:00-05:00,24.8700008392334,24.90399932861328,24.790000915527344,24.863000869750977,3500,0.0,0.0,0.0
2022-12-07 00:00:00-05:00,24.829999923706055,24.868999481201172,24.829999923706055,24.868999481201172,2000,0.0,0.0,0.0
2022-12-08 00:00:00-05:00,24.889999389648438,24.969999313354492,24.889999389648438,24.93000030517578,1700,0.0,0.0,0.0
2022-12-09 00:00:00-05:00,24.96500015258789,25.0,24.947999954223633,24.950000762939453,24700,0.0,0.0,0.0
2022-12-12 00:00:00-05:00,24.950000762939453,24.950000762939453,24.934999465942383,24.934999465942383,300,0.0,0.0,0.0
2022-12-13 00:00:00-05:00,24.989999771118164,24.989999771118164,24.954999923706055,24.954999923706055,300,0.0,0.0,0.0
2022-12-14 00:00:00-05:00,24.93000030517578,24.954999923706055,24.93000030517578,24.954999923706055,1000,0.0,0.0,0.0
2022-12-15 00:00:00-05:00,24.916000366210938,24.954999923706055,24.916000366210938,24.954999923706055,100,0.0,0.0,0.0
2022-12-16 00:00:00-05:00,24.84000015258789,24.88599967956543,24.82900047302246,24.88599967956543,600,0.0,0.0,0.0
2022-12-19 00:00:00-05:00,24.819000244140625,24.819000244140625,24.819000244140625,24.819000244140625,200,0.0,0.0,0.0
2022-12-20 00:00:00-05:00,24.81999969482422,24.864999771118164,24.81999969482422,24.864999771118164,2900,0.0,0.0,0.0
2022-12-21 00:00:00-05:00,25.049999237060547,25.049999237060547,24.969999313354492,25.014999389648438,2600,0.0,0.0,0.0
2022-12-22 00:00:00-05:00,25.0,25.0,24.649999618530273,24.905000686645508,6000,0.0,0.0,0.0
2022-12-23 00:00:00-05:00,25.0,25.000999450683594,25.0,25.000999450683594,300,0.0,0.0,0.0
2022-12-27 00:00:00-05:00,24.761999130249023,24.954999923706055,24.75,24.954999923706055,1400,0.0,0.0,0.0
2022-12-28 00:00:00-05:00,24.899999618530273,24.899999618530273,24.850000381469727,24.886999130249023,2300,0.0,0.0,0.0
2022-12-29 00:00:00-05:00,25.0,25.040000915527344,25.0,25.020000457763672,400,0.0,0.0,0.0
2022-12-30 00:00:00-05:00,25.0,25.011999130249023,24.969999313354492,25.011999130249023,800,0.0,0.0,0.0
2023-01-03 00:00:00-05:00,25.025999069213867,25.030000686645508,24.969999313354492,25.02199935913086,2100,0.0,0.0,0.0
2023-01-04 00:00:00-05:00,25.049999237060547,25.100000381469727,25.049999237060547,25.06999969482422,400,0.0,0.0,0.0
2023-01-05 00:00:00-05:00,25.059999465942383,25.06999969482422,25.038999557495117,25.038999557495117,900,0.0,0.0,0.0
2023-01-06 00:00:00-05:00,25.10700035095215,25.114999771118164,25.104999542236328,25.104999542236328,300,0.0,0.0,0.0
2023-01-09 00:00:00-05:00,25.15999984741211,25.15999984741211,25.125,25.125,900,0.0,0.0,0.0
2023-01-10 00:00:00-05:00,25.125,25.125,25.125,25.125,100,0.0,0.0,0.0
2023-01-11 00:00:00-05:00,25.100000381469727,25.139999389648438,25.100000381469727,25.139999389648438,800,0.0,0.0,0.0
2023-01-12 00:00:00-05:00,25.125,25.125,25.125,25.125,100,0.0,0.0,0.0
2023-01-13 00:00:00-05:00,25.20199966430664,25.224000930786133,25.190000534057617,25.224000930786133,1000,0.0,0.0,0.0
2023-01-17 00:00:00-05:00,25.218000411987305,25.264999389648438,25.218000411987305,25.264999389648438,1000,0.0,0.0,0.0
2023-01-18 00:00:00-05:00,25.270000457763672,25.270000457763672,25.198999404907227,25.198999404907227,13200,0.0,0.0,0.0
2023-01-19 00:00:00-05:00,25.100000381469727,25.170000076293945,25.100000381469727,25.170000076293945,400,0.0,0.0,0.0
2023-01-20 00:00:00-05:00,25.200000762939453,25.266000747680664,25.200000762939453,25.266000747680664,600,0.0,0.0,0.0
2023-01-23 00:00:00-05:00,25.309999465942383,25.31999969482422,25.260000228881836,25.270000457763672,1100,0.0,0.0,0.0
2023-01-24 00:00:00-05:00,25.290000915527344,25.290000915527344,25.290000915527344,25.290000915527344,100,0.0,0.0,0.0
2023-01-25 00:00:00-05:00,25.31999969482422,25.31999969482422,25.290000915527344,25.290000915527344,700,0.0,0.0,0.0
2023-01-26 00:00:00-05:00,25.125,25.125,25.125,25.125,100,0.0,0.0,0.0
2023-01-27 00:00:00-05:00,25.18000030517578,25.18000030517578,25.145000457763672,25.145000457763672,200,0.0,0.0,0.0
2023-01-30 00:00:00-05:00,25.075000762939453,25.075000762939453,25.075000762939453,25.075000762939453,100,0.0,0.0,0.0
2023-01-31 00:00:00-05:00,25.094999313354492,25.094999313354492,25.094999313354492,25.094999313354492,0,0.0,0.0,0.0
2023-02-01 00:00:00-05:00,25.1200008392334,25.15999984741211,25.1200008392334,25.15999984741211,300,0.0,0.0,0.0
2023-02-02 00:00:00-05:00,25.15399932861328,25.18000030517578,25.145000457763672,25.15999984741211,1900,0.0,0.0,0.0
2023-02-03 00:00:00-05:00,25.174999237060547,25.190000534057617,25.174999237060547,25.187999725341797,1100,0.0,0.0,0.0
2023-02-06 00:00:00-05:00,25.190000534057617,25.190000534057617,25.149999618530273,25.149999618530273,600,0.0,0.0,0.0
2023-02-07 00:00:00-05:00,25.18000030517578,25.190000534057617,25.15999984741211,25.15999984741211,2800,0.0,0.0,0.0
2023-02-08 00:00:00-05:00,25.15999984741211,25.15999984741211,25.110000610351562,25.121999740600586,36700,0.0,0.0,0.0
2023-02-09 00:00:00-05:00,25.100000381469727,25.100000381469727,24.989999771118164,24.993999481201172,3400,0.0,0.0,0.0
2023-02-10 00:00:00-05:00,24.959999084472656,25.065000534057617,24.959999084472656,25.065000534057617,500,0.0,0.0,0.0
2023-02-13 00:00:00-05:00,25.1200008392334,25.190000534057617,25.100000381469727,25.190000534057617,1800,0.0,0.0,0.0
2023-02-14 00:00:00-05:00,25.229999542236328,25.290000915527344,25.229999542236328,25.270000457763672,2300,0.0,0.0,0.0
2023-02-15 00:00:00-05:00,25.280000686645508,25.295000076293945,25.280000686645508,25.295000076293945,400,0.0,0.0,0.0
2023-02-16 00:00:00-05:00,25.290000915527344,25.34000015258789,25.246000289916992,25.246000289916992,3100,0.0,0.0,0.0
2023-02-17 00:00:00-05:00,25.23200035095215,25.302000045776367,25.229999542236328,25.302000045776367,4400,0.0,0.0,0.0
2023-02-21 00:00:00-05:00,25.260000228881836,25.260000228881836,25.215999603271484,25.215999603271484,1800,0.0,0.0,0.0
2023-02-22 00:00:00-05:00,25.309999465942383,25.309999465942383,25.30500030517578,25.30500030517578,800,0.0,0.0,0.0
2023-02-23 00:00:00-05:00,25.100000381469727,25.219999313354492,25.100000381469727,25.148000717163086,1900,0.0,0.0,0.0
2023-02-24 00:00:00-05:00,25.170000076293945,25.170000076293945,25.149999618530273,25.149999618530273,20800,0.0,0.0,0.0
2023-02-27 00:00:00-05:00,25.170000076293945,25.170000076293945,25.139999389648438,25.155000686645508,22300,0.0,0.0,0.0
2023-02-28 00:00:00-05:00,26.399999618530273,26.399999618530273,25.149999618530273,25.17799949645996,15600,0.0,0.0,0.0
2023-03-01 00:00:00-05:00,25.299999237060547,25.299999237060547,25.149999618530273,25.155000686645508,3300,0.0,0.0,0.0
2023-03-02 00:00:00-05:00,25.170000076293945,25.170000076293945,25.149999618530273,25.15999984741211,2100,0.0,0.0,0.0
2023-03-03 00:00:00-05:00,25.170000076293945,25.170000076293945,25.139999389648438,25.15999984741211,31500,0.0,0.0,0.0
2023-03-06 00:00:00-05:00,25.190000534057617,25.191999435424805,25.14900016784668,25.165000915527344,15300,0.0,0.0,0.0
2023-03-07 00:00:00-05:00,25.200000762939453,25.200000762939453,25.170000076293945,25.170000076293945,3400,0.0,0.0,0.0
2023-03-08 00:00:00-05:00,25.200000762939453,25.219999313354492,25.187000274658203,25.187000274658203,3000,0.0,0.0,0.0
2023-03-09 00:00:00-05:00,25.18000030517578,25.229999542236328,25.18000030517578,25.219999313354492,1900,0.0,0.0,0.0
2023-03-10 00:00:00-05:00,25.277999877929688,25.280000686645508,25.239999771118164,25.260000228881836,1900,0.0,0.0,0.0
2023-03-13 00:00:00-04:00,25.200000762939453,25.34000015258789,24.84000015258789,25.34000015258789,1300,0.0,0.0,0.0
2023-03-14 00:00:00-04:00,25.270000457763672,25.360000610351562,25.059999465942383,25.142000198364258,8900,0.0,0.0,0.0
2023-03-15 00:00:00-04:00,25.079999923706055,25.149999618530273,25.079999923706055,25.139999389648438,6200,0.0,0.0,0.0
2023-03-16 00:00:00-04:00,25.13599967956543,25.13599967956543,25.104999542236328,25.104999542236328,500,0.0,0.0,0.0
2023-03-17 00:00:00-04:00,25.190000534057617,25.190000534057617,25.145000457763672,25.145000457763672,700,0.0,0.0,0.0
2023-03-20 00:00:00-04:00,25.209999084472656,25.209999084472656,25.139999389648438,25.139999389648438,4900,0.0,0.0,0.0
2023-03-21 00:00:00-04:00,25.139999389648438,25.149999618530273,25.097999572753906,25.097999572753906,2000,0.0,0.0,0.0
2023-03-22 00:00:00-04:00,26.34000015258789,26.34000015258789,25.139999389648438,25.15999984741211,1500,0.0,0.0,0.0
2023-03-23 00:00:00-04:00,25.149999618530273,25.239999771118164,25.14299964904785,25.219999313354492,5300,0.0,0.0,0.0
2023-03-24 00:00:00-04:00,25.209999084472656,25.239999771118164,25.200000762939453,25.219999313354492,21500,0.0,0.0,0.0
2023-03-27 00:00:00-04:00,25.1200008392334,25.1200008392334,24.950000762939453,24.989999771118164,43300,0.0,0.0,0.0
2023-03-28 00:00:00-04:00,25.030000686645508,25.038000106811523,25.020000457763672,25.020000457763672,1200,0.0,0.0,0.0
2023-03-29 00:00:00-04:00,24.979999542236328,25.0,24.969999313354492,24.989999771118164,12200,0.0,0.0,0.0
2023-03-30 00:00:00-04:00,24.989999771118164,25.0049991607666,24.979999542236328,24.988000869750977,51700,0.0,0.0,0.0
2023-03-31 00:00:00-04:00,25.0,25.0,24.91200065612793,24.934999465942383,20200,0.0,0.0,0.0
2023-04-03 00:00:00-04:00,24.95199966430664,25.0,24.95199966430664,24.975000381469727,1200,0.0,0.0,0.0
2023-04-04 00:00:00-04:00,24.950000762939453,25.0,24.950000762939453,24.985000610351562,16200,0.0,0.0,0.0
2023-04-05 00:00:00-04:00,24.979999542236328,25.0,24.959999084472656,24.979999542236328,9600,0.0,0.0,0.0
2023-04-06 00:00:00-04:00,24.979999542236328,24.979999542236328,24.979999542236328,24.979999542236328,200,0.0,0.0,0.0
2023-04-10 00:00:00-04:00,25.020000457763672,25.049999237060547,25.01300048828125,25.040000915527344,2600,0.0,0.0,0.0
2023-04-11 00:00:00-04:00,25.041000366210938,25.041000366210938,25.030000686645508,25.040000915527344,137000,0.0,0.0,0.0
2023-04-12 00:00:00-04:00,25.049999237060547,25.049999237060547,25.040000915527344,25.040000915527344,1400,0.0,0.0,0.0
2023-04-13 00:00:00-04:00,25.049999237060547,25.059999465942383,25.04400062561035,25.05699920654297,2400,0.0,0.0,0.0
2023-04-14 00:00:00-04:00,24.8700008392334,25.079999923706055,24.8700008392334,25.079999923706055,6600,0.0,0.0,0.0
2023-04-17 00:00:00-04:00,25.09000015258789,25.09000015258789,25.075000762939453,25.079999923706055,2900,0.0,0.0,0.0
2023-04-18 00:00:00-04:00,24.989999771118164,25.100000381469727,24.989999771118164,25.06800079345703,3500,0.0,0.0,0.0
2023-04-19 00:00:00-04:00,25.049999237060547,25.100000381469727,25.049999237060547,25.084999084472656,2400,0.0,0.0,0.0
2023-04-20 00:00:00-04:00,25.06999969482422,25.100000381469727,25.06999969482422,25.100000381469727,1500,0.0,0.0,0.0
2023-04-21 00:00:00-04:00,25.104999542236328,25.170000076293945,25.104000091552734,25.132999420166016,7500,0.0,0.0,0.0
2023-04-24 00:00:00-04:00,25.1200008392334,25.1200008392334,25.079999923706055,25.079999923706055,6600,0.0,0.0,0.0
2023-04-25 00:00:00-04:00,24.899999618530273,24.899999618530273,24.84000015258789,24.8700008392334,23300,0.0,0.0,0.0
2023-04-26 00:00:00-04:00,24.959999084472656,24.959999084472656,24.850000381469727,24.8799991607666,6500,0.0,0.0,0.0
2023-04-27 00:00:00-04:00,24.950000762939453,24.969999313354492,24.93000030517578,24.940000534057617,10400,0.0,0.0,0.0
2023-04-28 00:00:00-04:00,24.930999755859375,24.979999542236328,24.93000030517578,24.972000122070312,3200,0.0,0.0,0.0
2023-05-01 00:00:00-04:00,25.040000915527344,25.040000915527344,24.989999771118164,25.020000457763672,5300,0.0,0.0,0.0
2023-05-02 00:00:00-04:00,24.950000762939453,24.979999542236328,24.93000030517578,24.958999633789062,7000,0.0,0.0,0.0
2023-05-03 00:00:00-04:00,24.979999542236328,25.010000228881836,24.920000076293945,24.920000076293945,5400,0.0,0.0,0.0
2023-05-04 00:00:00-04:00,24.969999313354492,24.989999771118164,24.96500015258789,24.96500015258789,1500,0.0,0.0,0.0
2023-05-05 00:00:00-04:00,24.979999542236328,25.010000228881836,24.979999542236328,24.989999771118164,1000,0.0,0.0,0.0
2023-05-08 00:00:00-04:00,25.03499984741211,25.059999465942383,25.03499984741211,25.045000076293945,1000,0.0,0.0,0.0
2023-05-09 00:00:00-04:00,25.059999465942383,25.079999923706055,25.030000686645508,25.030000686645508,3400,0.0,0.0,0.0
2023-05-10 00:00:00-04:00,25.065000534057617,25.079999923706055,25.030000686645508,25.049999237060547,45100,0.0,0.0,0.0
2023-05-11 00:00:00-04:00,25.054000854492188,25.079999923706055,25.05299949645996,25.05299949645996,3000,0.0,0.0,0.0
2023-05-12 00:00:00-04:00,25.049999237060547,25.06999969482422,25.03499984741211,25.03499984741211,2800,0.0,0.0,0.0
2023-05-15 00:00:00-04:00,25.06999969482422,25.100000381469727,25.049999237060547,25.100000381469727,4100,0.0,0.0,0.0
2023-05-16 00:00:00-04:00,25.09000015258789,25.139999389648438,25.040000915527344,25.118999481201172,11000,0.0,0.0,0.0
2023-05-17 00:00:00-04:00,25.1299991607666,25.139999389648438,25.125,25.125,2700,0.0,0.0,0.0
2023-05-18 00:00:00-04:00,25.1299991607666,25.149999618530273,25.1299991607666,25.1299991607666,5000,0.0,0.0,0.0
2023-05-19 00:00:00-04:00,25.139999389648438,25.139999389648438,25.1299991607666,25.139999389648438,500,0.0,0.0,0.0
2023-05-22 00:00:00-04:00,25.149999618530273,25.190000534057617,25.1200008392334,25.1200008392334,7000,0.0,0.0,0.0
2023-05-23 00:00:00-04:00,25.125,25.139999389648438,25.110000610351562,25.139999389648438,500,0.0,0.0,0.0
2023-05-24 00:00:00-04:00,25.1299991607666,25.1299991607666,25.06999969482422,25.110000610351562,5600,0.0,0.0,0.0
2023-05-25 00:00:00-04:00,25.110000610351562,25.110000610351562,24.940000534057617,24.975000381469727,50500,0.0,0.0,0.0
2023-05-26 00:00:00-04:00,25.020000457763672,25.03499984741211,25.000999450683594,25.03499984741211,6500,0.0,0.0,0.0
2023-05-30 00:00:00-04:00,25.190000534057617,25.190000534057617,24.989999771118164,25.020000457763672,7200,0.0,0.0,0.0
2023-05-31 00:00:00-04:00,25.030000686645508,25.040000915527344,24.999000549316406,24.999000549316406,3800,0.0,0.0,0.0
2023-06-01 00:00:00-04:00,25.0,25.049999237060547,24.972000122070312,25.010000228881836,19600,0.0,0.0,0.0
2023-06-02 00:00:00-04:00,25.049999237060547,25.09000015258789,25.040000915527344,25.09000015258789,5900,0.0,0.0,0.0
2023-06-05 00:00:00-04:00,25.190000534057617,25.190000534057617,25.09000015258789,25.110000610351562,5200,0.0,0.0,0.0
2023-06-06 00:00:00-04:00,25.100000381469727,25.125,25.079999923706055,25.125,4000,0.0,0.0,0.0
2023-06-07 00:00:00-04:00,25.1299991607666,25.1299991607666,25.08099937438965,25.104999542236328,7100,0.0,0.0,0.0
2023-06-08 00:00:00-04:00,25.100000381469727,25.100000381469727,25.079999923706055,25.09000015258789,10400,0.0,0.0,0.0
2023-06-09 00:00:00-04:00,25.1299991607666,25.149999618530273,25.100000381469727,25.145000457763672,4900,0.0,0.0,0.0
2023-06-12 00:00:00-04:00,25.18000030517578,25.190000534057617,25.1200008392334,25.139999389648438,24000,0.0,0.0,0.0
2023-06-13 00:00:00-04:00,25.190000534057617,25.190000534057617,25.1200008392334,25.139999389648438,6500,0.0,0.0,0.0
2023-06-14 00:00:00-04:00,25.190000534057617,25.190000534057617,25.155000686645508,25.155000686645508,2900,0.0,0.0,0.0
2023-06-15 00:00:00-04:00,25.15999984741211,25.170000076293945,25.149999618530273,25.15999984741211,9300,0.0,0.0,0.0
2023-06-16 00:00:00-04:00,25.190000534057617,25.190000534057617,25.16200065612793,25.165000915527344,4000,0.0,0.0,0.0
2023-06-20 00:00:00-04:00,25.170000076293945,25.190000534057617,25.165000915527344,25.174999237060547,9200,0.0,0.0,0.0
2023-06-21 00:00:00-04:00,25.190000534057617,25.268999099731445,25.15999984741211,25.260000228881836,11700,0.0,0.0,0.0
2023-06-22 00:00:00-04:00,25.190000534057617,25.219999313354492,25.15999984741211,25.190000534057617,13100,0.0,0.0,0.0
2023-06-23 00:00:00-04:00,25.25,25.709999084472656,25.15999984741211,25.204999923706055,16800,0.0,0.0,0.0
2023-06-26 00:00:00-04:00,25.200000762939453,25.200000762939453,25.15999984741211,25.19499969482422,24900,0.0,0.0,0.0
2023-06-27 00:00:00-04:00,25.010000228881836,25.010000228881836,25.0,25.0049991607666,5100,0.0,0.0,0.0
2023-06-28 00:00:00-04:00,25.010000228881836,25.030000686645508,24.969999313354492,25.030000686645508,31400,0.0,0.0,0.0
2023-06-29 00:00:00-04:00,25.010000228881836,25.010000228881836,24.959999084472656,25.010000228881836,294300,0.0,0.0,0.0
2023-06-30 00:00:00-04:00,25.0,25.027000427246094,25.0,25.020000457763672,24200,0.0,0.0,0.0
2023-07-03 00:00:00-04:00,25.030000686645508,25.030000686645508,24.959999084472656,25.030000686645508,19700,0.0,0.0,0.0
2023-07-05 00:00:00-04:00,25.030000686645508,25.030000686645508,25.010000228881836,25.014999389648438,7200,0.0,0.0,0.0
2023-07-06 00:00:00-04:00,25.024999618530273,25.030000686645508,25.020000457763672,25.024999618530273,37100,0.0,0.0,0.0
2023-07-07 00:00:00-04:00,25.040000915527344,25.040000915527344,25.010000228881836,25.03499984741211,28000,0.0,0.0,0.0
2023-07-10 00:00:00-04:00,25.030000686645508,25.059999465942383,25.0,25.020000457763672,377500,0.0,0.0,0.0
2023-07-11 00:00:00-04:00,25.03499984741211,25.049999237060547,25.020000457763672,25.030000686645508,16100,0.0,0.0,0.0
2023-07-12 00:00:00-04:00,25.038000106811523,25.049999237060547,25.01799964904785,25.040000915527344,14300,0.0,0.0,0.0
2023-07-13 00:00:00-04:00,25.040000915527344,25.059999465942383,25.030000686645508,25.059999465942383,23200,0.0,0.0,0.0
2023-07-14 00:00:00-04:00,25.040000915527344,25.059999465942383,25.030000686645508,25.030000686645508,53200,0.0,0.0,0.0
2023-07-17 00:00:00-04:00,25.110000610351562,25.110000610351562,25.020000457763672,25.06999969482422,66000,0.0,0.0,0.0
2023-07-18 00:00:00-04:00,25.079999923706055,25.079999923706055,25.049999237060547,25.049999237060547,103100,0.0,0.0,0.0
2023-07-19 00:00:00-04:00,25.100000381469727,25.100000381469727,25.020000457763672,25.06999969482422,15200,0.0,0.0,0.0
2023-07-20 00:00:00-04:00,25.09000015258789,25.100000381469727,25.06999969482422,25.097999572753906,73400,0.0,0.0,0.0
2023-07-21 00:00:00-04:00,25.139999389648438,25.139999389648438,25.040000915527344,25.040000915527344,27700,0.0,0.0,0.0
2023-07-24 00:00:00-04:00,25.079999923706055,25.1299991607666,25.079999923706055,25.1299991607666,15000,0.0,0.0,0.0
2023-07-25 00:00:00-04:00,25.15999984741211,25.15999984741211,25.091999053955078,25.1299991607666,30200,0.0,0.0,0.0
2023-07-26 00:00:00-04:00,24.969999313354492,24.969999313354492,24.899999618530273,24.920000076293945,49700,0.0,0.0,0.0
2023-07-27 00:00:00-04:00,24.950000762939453,24.959999084472656,24.920000076293945,24.920000076293945,29100,0.0,0.0,0.0
2023-07-28 00:00:00-04:00,24.924999237060547,24.989999771118164,24.915000915527344,24.979999542236328,30000,0.0,0.0,0.0
