Date,Open,High,Low,Close,Volume,Dividends,Stock Splits,Capital Gains
2022-09-07 00:00:00-04:00,25.0,25.0,25.0,25.0,0,0.0,0.0,0.0
2022-09-08 00:00:00-04:00,24.172199249267578,24.172199249267578,24.172199249267578,24.172199249267578,17,0.0,0.0,0.0
2022-09-09 00:00:00-04:00,23.302400588989258,23.302400588989258,23.2549991607666,23.2549991607666,477,0.0,0.0,0.0
2022-09-12 00:00:00-04:00,23.06999969482422,23.06999969482422,22.64900016784668,22.64900016784668,318,0.0,0.0,0.0
2022-09-13 00:00:00-04:00,23.40999984741211,24.140199661254883,23.40999984741211,24.140199661254883,456,0.0,0.0,0.0
2022-09-14 00:00:00-04:00,24.14459991455078,24.14459991455078,24.14459991455078,24.14459991455078,14,0.0,0.0,0.0
2022-09-15 00:00:00-04:00,24.139999389648438,24.493000030517578,24.139999389648438,24.493000030517578,304,0.0,0.0,0.0
2022-09-16 00:00:00-04:00,25.100000381469727,25.439899444580078,25.090999603271484,25.158899307250977,2344,0.0,0.0,0.0
2022-09-19 00:00:00-04:00,25.610000610351562,25.610000610351562,25.22089958190918,25.22089958190918,1370,0.0,0.0,0.0
2022-09-20 00:00:00-04:00,25.649999618530273,25.93000030517578,25.649999618530273,25.899700164794922,2350,0.0,0.0,0.0
2022-09-21 00:00:00-04:00,25.8799991607666,25.991600036621094,25.290000915527344,25.991600036621094,2481,0.0,0.0,0.0
2022-09-22 00:00:00-04:00,26.450000762939453,26.536300659179688,26.450000762939453,26.536300659179688,6605,0.0,0.0,0.0
2022-09-23 00:00:00-04:00,27.282499313354492,27.282499313354492,27.188499450683594,27.188499450683594,479,0.0,0.0,0.0
2022-09-26 00:00:00-04:00,27.090700149536133,27.34000015258789,27.090700149536133,27.30500030517578,1078,0.0,0.0,0.0
2022-09-27 00:00:00-04:00,27.020000457763672,27.12019920349121,26.527000427246094,27.12019920349121,3412,0.0,0.0,0.0
2022-09-28 00:00:00-04:00,26.050899505615234,26.050899505615234,26.050899505615234,26.050899505615234,44,0.0,0.0,0.0
2022-09-29 00:00:00-04:00,26.489999771118164,26.74920082092285,26.489999771118164,26.74920082092285,204,0.0,0.0,0.0
2022-09-30 00:00:00-04:00,26.190000534057617,26.920299530029297,26.190000534057617,26.920299530029297,743,0.0,0.0,0.0
2022-10-03 00:00:00-04:00,26.920000076293945,26.920000076293945,26.040000915527344,26.27910041809082,556,0.0,0.0,0.0
2022-10-04 00:00:00-04:00,25.09000015258789,25.1299991607666,24.790000915527344,24.807199478149414,3363,0.0,0.0,0.0
2022-10-05 00:00:00-04:00,25.15999984741211,25.15999984741211,24.899999618530273,24.939199447631836,968,0.0,0.0,0.0
2022-10-06 00:00:00-04:00,24.75,25.25,24.75,25.08209991455078,706,0.0,0.0,0.0
2022-10-07 00:00:00-04:00,25.729999542236328,26.444400787353516,25.729999542236328,26.444400787353516,1136,0.0,0.0,0.0
2022-10-10 00:00:00-04:00,26.3700008392334,26.99650001525879,26.3700008392334,26.806400299072266,3022,0.0,0.0,0.0
2022-10-11 00:00:00-04:00,27.09000015258789,27.174999237060547,26.8799991607666,27.138099670410156,1022,0.0,0.0,0.0
2022-10-12 00:00:00-04:00,27.3700008392334,27.459999084472656,27.04050064086914,27.04050064086914,1296,0.0,0.0,0.0
2022-10-13 00:00:00-04:00,26.649999618530273,26.649999618530273,26.530000686645508,26.575899124145508,1146,0.0,0.0,0.0
2022-10-14 00:00:00-04:00,26.239999771118164,27.610200881958008,26.239999771118164,27.610200881958008,573,0.0,0.0,0.0
2022-10-17 00:00:00-04:00,26.530000686645508,26.654399871826172,26.530000686645508,26.654399871826172,232,0.0,0.0,0.0
2022-10-18 00:00:00-04:00,26.239999771118164,26.84869956970215,25.920000076293945,26.84869956970215,1394,0.0,0.0,0.0
2022-10-19 00:00:00-04:00,27.0,27.384700775146484,27.0,27.384700775146484,710,0.0,0.0,0.0
2022-10-20 00:00:00-04:00,27.469600677490234,27.469600677490234,27.469600677490234,27.469600677490234,14,0.0,0.0,0.0
2022-10-21 00:00:00-04:00,27.759000778198242,27.760000228881836,26.774799346923828,26.774799346923828,391,0.0,0.0,0.0
2022-10-24 00:00:00-04:00,26.898099899291992,26.898099899291992,26.43779945373535,26.43779945373535,603,0.0,0.0,0.0
2022-10-25 00:00:00-04:00,25.001699447631836,25.001699447631836,25.001699447631836,25.001699447631836,43,0.0,0.0,0.0
2022-10-26 00:00:00-04:00,24.120100021362305,25.020299911499023,24.120100021362305,25.020299911499023,3518,0.0,0.0,0.0
2022-10-27 00:00:00-04:00,25.56529998779297,25.56529998779297,25.56529998779297,25.56529998779297,4,0.0,0.0,0.0
2022-10-28 00:00:00-04:00,25.08049964904785,25.08049964904785,25.08049964904785,25.08049964904785,8,0.0,0.0,0.0
2022-10-31 00:00:00-04:00,25.70840072631836,25.70840072631836,25.70840072631836,25.70840072631836,2,0.0,0.0,0.0
2022-11-01 00:00:00-04:00,26.540000915527344,26.650400161743164,26.540000915527344,26.650400161743164,113,0.0,0.0,0.0
2022-11-02 00:00:00-04:00,26.690000534057617,27.65999984741211,26.079999923706055,27.65999984741211,1307,0.0,0.0,0.0
2022-11-03 00:00:00-04:00,28.065000534057617,28.065000534057617,28.065000534057617,28.065000534057617,16,0.0,0.0,0.0
2022-11-04 00:00:00-04:00,27.459999084472656,27.459999084472656,27.341299057006836,27.341299057006836,254,0.0,0.0,0.0
2022-11-07 00:00:00-05:00,27.264699935913086,27.264699935913086,27.264699935913086,27.264699935913086,48,0.0,0.0,0.0
2022-11-08 00:00:00-05:00,28.49049949645996,28.49049949645996,28.49049949645996,28.49049949645996,32,0.0,0.0,0.0
2022-11-09 00:00:00-05:00,29.110000610351562,30.216400146484375,29.110000610351562,30.216400146484375,865,0.0,0.0,0.0
2022-11-10 00:00:00-05:00,28.40999984741211,28.43000030517578,28.140100479125977,28.140100479125977,766,0.0,0.0,0.0
2022-11-11 00:00:00-05:00,28.440000534057617,28.440000534057617,27.52429962158203,27.52429962158203,729,0.0,0.0,0.0
2022-11-14 00:00:00-05:00,28.112199783325195,28.112199783325195,28.112199783325195,28.112199783325195,49,0.0,0.0,0.0
2022-11-15 00:00:00-05:00,27.260000228881836,27.73349952697754,27.25,27.73349952697754,1501,0.0,0.0,0.0
2022-11-16 00:00:00-05:00,28.040000915527344,28.6200008392334,28.040000915527344,28.582399368286133,3009,0.0,0.0,0.0
2022-11-17 00:00:00-05:00,28.670000076293945,28.875699996948242,28.670000076293945,28.875699996948242,681,0.0,0.0,0.0
2022-11-18 00:00:00-05:00,29.212400436401367,29.212400436401367,29.212400436401367,29.212400436401367,3000,0.0,0.0,0.0
2022-11-21 00:00:00-05:00,29.928699493408203,29.928699493408203,29.928699493408203,29.928699493408203,11,0.0,0.0,0.0
2022-11-22 00:00:00-05:00,29.68000030517578,29.68000030517578,29.45840072631836,29.45840072631836,445,0.0,0.0,0.0
2022-11-23 00:00:00-05:00,29.31999969482422,29.31999969482422,28.85140037536621,28.85140037536621,650,0.0,0.0,0.0
2022-11-25 00:00:00-05:00,28.85140037536621,28.85140037536621,28.85140037536621,28.85140037536621,80,0.0,0.0,0.0
2022-11-28 00:00:00-05:00,29.200000762939453,29.42889976501465,29.200000762939453,29.42889976501465,558,0.0,0.0,0.0
2022-11-29 00:00:00-05:00,29.280000686645508,29.325000762939453,29.25,29.325000762939453,853,0.0,0.0,0.0
2022-11-30 00:00:00-05:00,29.329599380493164,29.350000381469727,28.313800811767578,28.313800811767578,449,0.0,0.0,0.0
2022-12-01 00:00:00-05:00,28.17490005493164,28.17490005493164,28.17490005493164,28.17490005493164,58,0.0,0.0,0.0
2022-12-02 00:00:00-05:00,28.100000381469727,28.100000381469727,27.986600875854492,27.986600875854492,3000,0.0,0.0,0.0
2022-12-05 00:00:00-05:00,28.886699676513672,28.886699676513672,28.886699676513672,28.886699676513672,25,0.0,0.0,0.0
2022-12-06 00:00:00-05:00,29.559099197387695,29.559099197387695,29.559099197387695,29.559099197387695,2,0.0,0.0,0.0
2022-12-07 00:00:00-05:00,29.459999084472656,29.700000762939453,29.459999084472656,29.683700561523438,495,0.0,0.0,0.0
2022-12-08 00:00:00-05:00,29.264299392700195,29.264299392700195,29.264299392700195,29.264299392700195,300,0.0,0.0,0.0
2022-12-09 00:00:00-05:00,29.219999313354492,29.605899810791016,29.219999313354492,29.605899810791016,1004,0.0,0.0,0.0
2022-12-12 00:00:00-05:00,29.700000762939453,29.700000762939453,29.366300582885742,29.366300582885742,202,0.0,0.0,0.0
2022-12-13 00:00:00-05:00,28.702499389648438,29.323200225830078,28.702499389648438,29.261699676513672,466,0.0,0.0,0.0
2022-12-14 00:00:00-05:00,28.93000030517578,29.25,28.93000030517578,29.17060089111328,614,0.0,0.0,0.0
2022-12-15 00:00:00-05:00,30.270000457763672,30.32469940185547,30.270000457763672,30.32469940185547,201,0.0,0.0,0.0
2022-12-16 00:00:00-05:00,30.82740020751953,30.82740020751953,30.82740020751953,30.82740020751953,141,0.0,0.0,0.0
2022-12-19 00:00:00-05:00,31.43320083618164,31.43320083618164,31.43320083618164,31.43320083618164,331,0.0,0.0,0.0
2022-12-20 00:00:00-05:00,31.05739974975586,31.280000686645508,31.030000686645508,31.280000686645508,450,0.0,0.0,0.0
2022-12-21 00:00:00-05:00,34.40999984741211,34.40999984741211,31.950000762939453,31.950000762939453,1841,0.0,0.0,0.0
2022-12-22 00:00:00-05:00,31.950000762939453,31.950000762939453,31.149999618530273,31.417999267578125,642,0.0,0.0,0.0
2022-12-23 00:00:00-05:00,31.280000686645508,31.280000686645508,31.280000686645508,31.280000686645508,40,0.0,0.0,0.0
2022-12-27 00:00:00-05:00,31.844999313354492,31.844999313354492,31.844999313354492,31.844999313354492,32,0.0,0.0,0.0
2022-12-28 00:00:00-05:00,32.375,32.375,32.375,32.375,542,0.0,0.0,0.0
2022-12-29 00:00:00-05:00,31.465700149536133,31.465700149536133,31.426599502563477,31.426599502563477,309,0.0,0.0,0.0
2022-12-30 00:00:00-05:00,31.49799919128418,31.780000686645508,31.394899368286133,31.394899368286133,808,0.0,0.0,0.0
2023-01-03 00:00:00-05:00,31.0,31.360000610351562,31.0,31.356199264526367,518,0.0,0.0,0.0
2023-01-04 00:00:00-05:00,31.200000762939453,31.200000762939453,30.188800811767578,30.188800811767578,373,0.0,0.0,0.0
2023-01-05 00:00:00-05:00,30.639999389648438,31.038999557495117,30.639999389648438,30.93239974975586,614,0.0,0.0,0.0
2023-01-06 00:00:00-05:00,30.639999389648438,30.639999389648438,30.312999725341797,30.312999725341797,495,0.0,0.0,0.0
2023-01-09 00:00:00-05:00,29.378700256347656,29.378700256347656,29.302499771118164,29.302499771118164,1235,0.0,0.0,0.0
2023-01-10 00:00:00-05:00,28.46139907836914,28.46139907836914,28.46139907836914,28.46139907836914,111,0.0,0.0,0.0
2023-01-11 00:00:00-05:00,28.530000686645508,28.540000915527344,28.17569923400879,28.17569923400879,1603,0.0,0.0,0.0
2023-01-12 00:00:00-05:00,27.979999542236328,27.979999542236328,26.94059944152832,26.94059944152832,1145,0.0,0.0,0.0
2023-01-13 00:00:00-05:00,27.1200008392334,27.1200008392334,26.605600357055664,26.605600357055664,551,0.0,0.0,0.0
2023-01-17 00:00:00-05:00,25.899999618530273,26.030000686645508,25.635000228881836,25.639999389648438,2950,0.0,0.0,0.0
2023-01-18 00:00:00-05:00,25.479999542236328,26.72319984436035,25.479999542236328,26.72319984436035,1276,0.0,0.0,0.0
2023-01-19 00:00:00-05:00,26.555299758911133,26.555299758911133,26.555299758911133,26.555299758911133,45,0.0,0.0,0.0
2023-01-20 00:00:00-05:00,25.493099212646484,25.493099212646484,25.493099212646484,25.493099212646484,46,0.0,0.0,0.0
2023-01-23 00:00:00-05:00,24.72089958190918,24.72089958190918,24.72089958190918,24.72089958190918,38,0.0,0.0,0.0
2023-01-24 00:00:00-05:00,25.06559944152832,25.06559944152832,25.06559944152832,25.06559944152832,400,0.0,0.0,0.0
2023-01-25 00:00:00-05:00,25.029199600219727,25.029199600219727,25.029199600219727,25.029199600219727,3,0.0,0.0,0.0
2023-01-26 00:00:00-05:00,24.719999313354492,25.090299606323242,24.719999313354492,25.090299606323242,237,0.0,0.0,0.0
2023-01-27 00:00:00-05:00,24.690000534057617,24.716699600219727,24.640499114990234,24.716699600219727,292,0.0,0.0,0.0
2023-01-30 00:00:00-05:00,24.95009994506836,25.3799991607666,24.95009994506836,25.3799991607666,314,0.0,0.0,0.0
2023-01-31 00:00:00-05:00,24.84160041809082,24.84160041809082,24.84160041809082,24.84160041809082,30,0.0,0.0,0.0
2023-02-01 00:00:00-05:00,23.799999237060547,23.966899871826172,23.799999237060547,23.966899871826172,2148,0.0,0.0,0.0
2023-02-02 00:00:00-05:00,22.889999389648438,22.889999389648438,22.770099639892578,22.770099639892578,598,0.0,0.0,0.0
2023-02-03 00:00:00-05:00,22.75,23.603500366210938,22.75,23.603500366210938,162,0.0,0.0,0.0
2023-02-06 00:00:00-05:00,23.85070037841797,23.85070037841797,23.85070037841797,23.85070037841797,82,0.0,0.0,0.0
2023-02-07 00:00:00-05:00,23.75,23.766399383544922,23.75,23.766399383544922,168,0.0,0.0,0.0
2023-02-08 00:00:00-05:00,24.132200241088867,24.132200241088867,24.132200241088867,24.132200241088867,32,0.0,0.0,0.0
2023-02-09 00:00:00-05:00,23.860000610351562,25.106599807739258,23.860000610351562,25.106599807739258,163,0.0,0.0,0.0
2023-02-10 00:00:00-05:00,25.679000854492188,25.700000762939453,25.564599990844727,25.564599990844727,567,0.0,0.0,0.0
2023-02-13 00:00:00-05:00,25.50550079345703,25.50550079345703,25.50550079345703,25.50550079345703,6,0.0,0.0,0.0
2023-02-14 00:00:00-05:00,25.25,25.25,24.854400634765625,24.854400634765625,608,0.0,0.0,0.0
2023-02-15 00:00:00-05:00,23.61370086669922,23.61370086669922,23.61370086669922,23.61370086669922,25,0.0,0.0,0.0
2023-02-16 00:00:00-05:00,24.231000900268555,24.231000900268555,24.231000900268555,24.231000900268555,90,0.0,0.0,0.0
2023-02-17 00:00:00-05:00,24.026899337768555,24.026899337768555,24.026899337768555,24.026899337768555,183,0.0,0.0,0.0
2023-02-21 00:00:00-05:00,24.94569969177246,24.94569969177246,24.94569969177246,24.94569969177246,7,0.0,0.0,0.0
2023-02-22 00:00:00-05:00,25.09869956970215,25.09869956970215,25.09869956970215,25.09869956970215,1,0.0,0.0,0.0
2023-02-23 00:00:00-05:00,24.920000076293945,24.920000076293945,24.920000076293945,24.920000076293945,110,0.0,0.0,0.0
2023-02-24 00:00:00-05:00,25.720699310302734,25.720699310302734,25.720699310302734,25.720699310302734,2,0.0,0.0,0.0
2023-02-27 00:00:00-05:00,25.599300384521484,25.599300384521484,25.599300384521484,25.599300384521484,20,0.0,0.0,0.0
2023-02-28 00:00:00-05:00,25.31089973449707,25.31089973449707,25.31089973449707,25.31089973449707,4,0.0,0.0,0.0
2023-03-01 00:00:00-05:00,25.44729995727539,25.514999389648438,25.44729995727539,25.514999389648438,220,0.0,0.0,0.0
2023-03-02 00:00:00-05:00,25.81999969482422,25.81999969482422,25.81999969482422,25.81999969482422,7,0.0,0.0,0.0
2023-03-03 00:00:00-05:00,25.581499099731445,25.581499099731445,25.581499099731445,25.581499099731445,2,0.0,0.0,0.0
2023-03-06 00:00:00-05:00,25.73110008239746,25.73110008239746,25.73110008239746,25.73110008239746,4,0.0,0.0,0.0
2023-03-07 00:00:00-05:00,25.709999084472656,26.2549991607666,25.709999084472656,26.2549991607666,1141,0.0,0.0,0.0
2023-03-08 00:00:00-05:00,26.21500015258789,26.21500015258789,26.21500015258789,26.21500015258789,4,0.0,0.0,0.0
2023-03-09 00:00:00-05:00,27.369800567626953,27.369800567626953,27.369800567626953,27.369800567626953,4,0.0,0.0,0.0
2023-03-10 00:00:00-05:00,27.690000534057617,28.128599166870117,27.690000534057617,28.128599166870117,3137,0.0,0.0,0.0
2023-03-13 00:00:00-04:00,28.1200008392334,28.1200008392334,26.965999603271484,26.965999603271484,1616,0.0,0.0,0.0
2023-03-14 00:00:00-04:00,25.739999771118164,26.119400024414062,25.739999771118164,26.119400024414062,759,0.0,0.0,0.0
2023-03-15 00:00:00-04:00,26.389999389648438,26.389999389648438,26.378400802612305,26.378400802612305,469,0.0,0.0,0.0
2023-03-16 00:00:00-04:00,26.0,26.0,25.524999618530273,25.524999618530273,224,0.0,0.0,0.0
2023-03-17 00:00:00-04:00,25.469999313354492,25.469999313354492,24.741199493408203,24.741199493408203,125,0.0,0.0,0.0
2023-03-20 00:00:00-04:00,24.3799991607666,24.63170051574707,24.3799991607666,24.63170051574707,215,0.0,0.0,0.0
2023-03-21 00:00:00-04:00,24.364999771118164,24.364999771118164,23.599000930786133,23.599000930786133,638,0.0,0.0,0.0
2023-03-22 00:00:00-04:00,24.76919937133789,24.76919937133789,24.76919937133789,24.76919937133789,52,0.0,0.0,0.0
2023-03-23 00:00:00-04:00,24.451499938964844,24.451499938964844,24.451499938964844,24.451499938964844,19,0.0,0.0,0.0
2023-03-24 00:00:00-04:00,24.815000534057617,24.815000534057617,24.815000534057617,24.815000534057617,2,0.0,0.0,0.0
2023-03-27 00:00:00-04:00,25.329999923706055,25.329999923706055,25.329999923706055,25.329999923706055,1,0.0,0.0,0.0
2023-03-28 00:00:00-04:00,25.215200424194336,25.215200424194336,25.215200424194336,25.215200424194336,2,0.0,0.0,0.0
2023-03-29 00:00:00-04:00,24.117300033569336,24.117300033569336,24.117300033569336,24.117300033569336,87,0.0,0.0,0.0
2023-03-30 00:00:00-04:00,24.18000030517578,24.18000030517578,24.08139991760254,24.08139991760254,115,0.0,0.0,0.0
2023-03-31 00:00:00-04:00,23.84000015258789,23.84000015258789,23.5049991607666,23.5049991607666,166,0.0,0.0,0.0
2023-04-03 00:00:00-04:00,23.480899810791016,23.480899810791016,23.480899810791016,23.480899810791016,1,0.0,0.0,0.0
2023-04-04 00:00:00-04:00,23.530000686645508,23.530000686645508,23.530000686645508,23.530000686645508,2,0.0,0.0,0.0
2023-04-05 00:00:00-04:00,24.22369956970215,24.22369956970215,24.1299991607666,24.1299991607666,116,0.0,0.0,0.0
2023-04-06 00:00:00-04:00,24.09000015258789,24.09000015258789,24.09000015258789,24.09000015258789,11,0.0,0.0,0.0
2023-04-10 00:00:00-04:00,23.600000381469727,23.600000381469727,23.263399124145508,23.263399124145508,215,0.0,0.0,0.0
2023-04-11 00:00:00-04:00,22.64900016784668,22.64900016784668,22.401899337768555,22.401899337768555,308,0.0,0.0,0.0
2023-04-12 00:00:00-04:00,22.664899826049805,22.664899826049805,22.664899826049805,22.664899826049805,26,0.0,0.0,0.0
2023-04-13 00:00:00-04:00,21.549999237060547,21.577600479125977,21.540000915527344,21.577600479125977,432,0.0,0.0,0.0
2023-04-14 00:00:00-04:00,21.631900787353516,21.631900787353516,21.631900787353516,21.631900787353516,74,0.0,0.0,0.0
2023-04-17 00:00:00-04:00,21.972299575805664,21.972299575805664,21.972299575805664,21.972299575805664,1,0.0,0.0,0.0
2023-04-18 00:00:00-04:00,21.90999984741211,21.90999984741211,21.90999984741211,21.90999984741211,2,0.0,0.0,0.0
2023-04-19 00:00:00-04:00,21.90999984741211,21.90999984741211,21.90999984741211,21.90999984741211,1,0.0,0.0,0.0
2023-04-20 00:00:00-04:00,21.90999984741211,21.90999984741211,21.90999984741211,21.90999984741211,1,0.0,0.0,0.0
2023-04-21 00:00:00-04:00,21.93000030517578,21.93000030517578,21.93000030517578,21.93000030517578,18,0.0,0.0,0.0
2023-04-24 00:00:00-04:00,21.924999237060547,21.924999237060547,21.924999237060547,21.924999237060547,5,0.0,0.0,0.0
2023-04-25 00:00:00-04:00,21.924999237060547,21.924999237060547,21.924999237060547,21.924999237060547,5,0.0,0.0,0.0
2023-04-26 00:00:00-04:00,21.889999389648438,21.93000030517578,21.8799991607666,21.93000030517578,422,0.0,0.0,0.0
2023-04-27 00:00:00-04:00,21.93000030517578,21.93000030517578,21.93000030517578,21.93000030517578,5,0.0,0.0,0.0
2023-04-28 00:00:00-04:00,21.93000030517578,21.93000030517578,21.93000030517578,21.93000030517578,1,0.0,0.0,0.0
2023-05-01 00:00:00-04:00,21.93000030517578,21.93000030517578,21.93000030517578,21.93000030517578,1,0.0,0.0,0.0
2023-05-02 00:00:00-04:00,21.93000030517578,21.93000030517578,21.93000030517578,21.93000030517578,0,0.0,0.0,0.0
2023-05-03 00:00:00-04:00,21.93000030517578,21.93000030517578,21.93000030517578,21.93000030517578,0,0.0,0.0,0.0
