Date,Open,High,Low,Close,Volume,Dividends,Stock Splits
2021-03-01 00:00:00-05:00,31.299999237060547,32.81999969482422,28.0,28.200000762939453,19500,0.0,0.0
2021-03-02 00:00:00-05:00,28.459999084472656,28.459999084472656,27.5,27.760000228881836,14000,0.0,0.0
2021-03-03 00:00:00-05:00,27.18000030517578,27.3700008392334,26.780000686645508,27.3700008392334,3700,0.0,0.0
2021-03-04 00:00:00-05:00,25.889999389648438,25.889999389648438,25.329999923706055,25.329999923706055,2700,0.0,0.0
2021-03-05 00:00:00-05:00,25.5,25.5,24.06399917602539,24.690000534057617,4800,0.0,0.0
2021-03-08 00:00:00-05:00,25.0,25.0,23.21500015258789,23.329999923706055,3100,0.0,0.0
2021-03-09 00:00:00-05:00,24.239999771118164,24.360000610351562,23.97100067138672,24.290000915527344,3000,0.0,0.0
2021-03-10 00:00:00-05:00,26.84000015258789,28.790000915527344,25.045000076293945,25.045000076293945,1600,0.0,0.0
2021-03-11 00:00:00-05:00,25.8700008392334,26.700000762939453,24.260000228881836,24.75,5100,0.0,0.0
2021-03-12 00:00:00-05:00,24.25,24.25,24.25,24.25,200,0.0,0.0
2021-03-15 00:00:00-04:00,24.110000610351562,24.110000610351562,23.25,23.6200008392334,3400,0.0,0.0
2021-03-16 00:00:00-04:00,23.6200008392334,23.6200008392334,23.6200008392334,23.6200008392334,200,0.0,0.0
2021-03-17 00:00:00-04:00,24.8700008392334,26.0,24.8700008392334,26.0,3700,0.0,0.0
2021-03-18 00:00:00-04:00,25.125,25.125,24.940000534057617,24.940000534057617,1200,0.0,0.0
2021-03-19 00:00:00-04:00,24.3799991607666,24.405000686645508,24.360000610351562,24.360000610351562,600,0.0,0.0
2021-03-22 00:00:00-04:00,24.360000610351562,24.360000610351562,24.360000610351562,24.360000610351562,0,0.0,0.0
2021-03-23 00:00:00-04:00,24.2450008392334,24.2450008392334,24.149999618530273,24.149999618530273,1700,0.0,0.0
2021-03-24 00:00:00-04:00,23.850000381469727,23.850000381469727,23.850000381469727,23.850000381469727,300,0.0,0.0
2021-03-25 00:00:00-04:00,22.56999969482422,22.56999969482422,22.040000915527344,22.38599967956543,2400,0.0,0.0
2021-03-26 00:00:00-04:00,22.38599967956543,22.38599967956543,22.38599967956543,22.38599967956543,0,0.0,0.0
2021-03-29 00:00:00-04:00,22.38599967956543,22.38599967956543,22.38599967956543,22.38599967956543,0,0.0,0.0
2021-03-30 00:00:00-04:00,22.976999282836914,23.100000381469727,22.9060001373291,23.0,3900,0.0,0.0
2021-03-31 00:00:00-04:00,23.02899932861328,23.270000457763672,22.770000457763672,22.781999588012695,6000,0.0,0.0
2021-04-01 00:00:00-04:00,22.8799991607666,23.25,22.799999237060547,23.024999618530273,4300,0.0,0.0
2021-04-05 00:00:00-04:00,23.700000762939453,23.90999984741211,23.59000015258789,23.90999984741211,2400,0.0,0.0
2021-04-06 00:00:00-04:00,25.149999618530273,25.260000228881836,24.525999069213867,24.525999069213867,2800,0.0,0.0
2021-04-07 00:00:00-04:00,24.920000076293945,25.5,24.799999237060547,25.350000381469727,3200,0.0,0.0
2021-04-08 00:00:00-04:00,25.309999465942383,25.309999465942383,24.899999618530273,25.115999221801758,1600,0.0,0.0
2021-04-09 00:00:00-04:00,25.149999618530273,26.729999542236328,25.149999618530273,26.729999542236328,1400,0.0,0.0
2021-04-12 00:00:00-04:00,24.280000686645508,26.559999465942383,23.90999984741211,24.0,3600,0.0,0.0
2021-04-13 00:00:00-04:00,23.899999618530273,23.899999618530273,23.899999618530273,23.899999618530273,300,0.0,0.0
2021-04-14 00:00:00-04:00,23.899999618530273,23.899999618530273,23.899999618530273,23.899999618530273,0,0.0,0.0
2021-04-15 00:00:00-04:00,23.899999618530273,23.899999618530273,23.899999618530273,23.899999618530273,100,0.0,0.0
2021-04-16 00:00:00-04:00,23.719999313354492,23.719999313354492,23.719999313354492,23.719999313354492,600,0.0,0.0
2021-04-19 00:00:00-04:00,23.719999313354492,23.719999313354492,23.719999313354492,23.719999313354492,0,0.0,0.0
2021-04-20 00:00:00-04:00,23.719999313354492,23.719999313354492,23.719999313354492,23.719999313354492,0,0.0,0.0
2021-04-21 00:00:00-04:00,21.479999542236328,21.479999542236328,21.479999542236328,21.479999542236328,300,0.0,0.0
2021-04-22 00:00:00-04:00,22.291000366210938,22.291000366210938,22.291000366210938,22.291000366210938,400,0.0,0.0
2021-04-23 00:00:00-04:00,23.09000015258789,24.47100067138672,23.09000015258789,24.47100067138672,900,0.0,0.0
2021-04-26 00:00:00-04:00,24.719999313354492,24.719999313354492,24.0,24.0,700,0.0,0.0
2021-04-27 00:00:00-04:00,24.0,24.0,24.0,24.0,0,0.0,0.0
2021-04-28 00:00:00-04:00,24.0,24.0,24.0,24.0,0,0.0,0.0
2021-04-29 00:00:00-04:00,24.0,24.0,24.0,24.0,0,0.0,0.0
2021-04-30 00:00:00-04:00,24.200000762939453,24.200000762939453,24.200000762939453,24.200000762939453,100,0.0,0.0
2021-05-03 00:00:00-04:00,23.329999923706055,23.329999923706055,23.027999877929688,23.027999877929688,500,0.0,0.0
2021-05-04 00:00:00-04:00,22.8700008392334,22.8700008392334,22.700000762939453,22.700000762939453,600,0.0,0.0
2021-05-05 00:00:00-04:00,22.799999237060547,22.799999237060547,22.709999084472656,22.709999084472656,300,0.0,0.0
2021-05-06 00:00:00-04:00,21.520000457763672,21.520000457763672,21.520000457763672,21.520000457763672,2000,0.0,0.0
2021-05-07 00:00:00-04:00,21.520000457763672,21.520000457763672,21.520000457763672,21.520000457763672,0,0.0,0.0
2021-05-10 00:00:00-04:00,22.020000457763672,22.020000457763672,22.020000457763672,22.020000457763672,500,0.0,0.0
2021-05-11 00:00:00-04:00,22.68000030517578,22.690000534057617,20.350000381469727,21.02400016784668,2500,0.0,0.0
2021-05-12 00:00:00-04:00,19.600000381469727,19.969999313354492,19.579999923706055,19.600000381469727,2000,0.0,0.0
2021-05-13 00:00:00-04:00,20.149999618530273,20.200000762939453,19.75,19.75,2000,0.0,0.0
2021-05-14 00:00:00-04:00,18.690000534057617,19.0,18.329999923706055,18.899999618530273,1200,0.0,0.0
2021-05-17 00:00:00-04:00,18.889999389648438,19.0,18.889999389648438,19.0,300,0.0,0.0
2021-05-18 00:00:00-04:00,19.0,19.0,17.75,17.760000228881836,6500,0.0,0.0
2021-05-19 00:00:00-04:00,19.5,19.5,19.5,19.5,300,0.0,0.0
2021-05-20 00:00:00-04:00,18.40999984741211,19.336000442504883,18.40999984741211,18.920000076293945,600,0.0,0.0
2021-05-21 00:00:00-04:00,18.920000076293945,18.920000076293945,18.920000076293945,18.920000076293945,0,0.0,0.0
2021-05-24 00:00:00-04:00,18.920000076293945,18.920000076293945,18.920000076293945,18.920000076293945,0,0.0,0.0
2021-05-25 00:00:00-04:00,19.540000915527344,19.540000915527344,19.0,19.030000686645508,1100,0.0,0.0
2021-05-26 00:00:00-04:00,21.549999237060547,21.549999237060547,20.5,20.5,700,0.0,0.0
2021-05-27 00:00:00-04:00,20.809999465942383,20.809999465942383,20.5,20.5,400,0.0,0.0
2021-05-28 00:00:00-04:00,21.469999313354492,22.850000381469727,21.469999313354492,22.31999969482422,3400,0.0,0.0
2021-06-01 00:00:00-04:00,21.92799949645996,21.92799949645996,21.92799949645996,21.92799949645996,300,0.0,0.0
2021-06-02 00:00:00-04:00,21.92799949645996,21.92799949645996,21.92799949645996,21.92799949645996,0,0.0,0.0
2021-06-03 00:00:00-04:00,21.92799949645996,21.92799949645996,21.92799949645996,21.92799949645996,0,0.0,0.0
2021-06-04 00:00:00-04:00,21.92799949645996,21.92799949645996,21.92799949645996,21.92799949645996,0,0.0,0.0
2021-06-07 00:00:00-04:00,21.68000030517578,21.68000030517578,21.094999313354492,21.094999313354492,500,0.0,0.0
2021-06-08 00:00:00-04:00,21.094999313354492,21.094999313354492,21.094999313354492,21.094999313354492,0,0.0,0.0
2021-06-09 00:00:00-04:00,21.149999618530273,21.209999084472656,20.176000595092773,21.170000076293945,3500,0.0,0.0
2021-06-10 00:00:00-04:00,20.6200008392334,20.6200008392334,20.6200008392334,20.6200008392334,200,0.0,0.0
2021-06-11 00:00:00-04:00,20.690000534057617,20.690000534057617,20.690000534057617,20.690000534057617,100,0.0,0.0
2021-06-14 00:00:00-04:00,20.690000534057617,20.690000534057617,20.690000534057617,20.690000534057617,0,0.0,0.0
2021-06-15 00:00:00-04:00,20.799999237060547,20.799999237060547,20.34000015258789,20.34000015258789,1200,0.0,0.0
2021-06-16 00:00:00-04:00,20.34000015258789,20.34000015258789,20.34000015258789,20.34000015258789,0,0.0,0.0
2021-06-17 00:00:00-04:00,20.040000915527344,20.3700008392334,20.030000686645508,20.3700008392334,2300,0.0,0.0
2021-06-18 00:00:00-04:00,21.174999237060547,21.174999237060547,20.3700008392334,20.399999618530273,500,0.0,0.0
2021-06-21 00:00:00-04:00,19.860000610351562,19.860000610351562,19.600000381469727,19.600000381469727,300,0.0,0.0
2021-06-22 00:00:00-04:00,19.139999389648438,19.139999389648438,19.0,19.0,300,0.0,0.0
2021-06-23 00:00:00-04:00,19.049999237060547,19.049999237060547,18.915000915527344,18.915000915527344,700,0.0,0.0
2021-06-24 00:00:00-04:00,18.915000915527344,18.915000915527344,18.915000915527344,18.915000915527344,0,0.0,0.0
2021-06-25 00:00:00-04:00,19.45800018310547,19.45800018310547,19.45800018310547,19.45800018310547,400,0.0,0.0
2021-06-28 00:00:00-04:00,19.45800018310547,19.45800018310547,19.45800018310547,19.45800018310547,0,0.0,0.0
2021-06-29 00:00:00-04:00,19.45800018310547,19.45800018310547,19.45800018310547,19.45800018310547,0,0.0,0.0
2021-06-30 00:00:00-04:00,18.899999618530273,18.899999618530273,18.899999618530273,18.899999618530273,200,0.0,0.0
2021-07-01 00:00:00-04:00,18.297000885009766,18.297000885009766,18.297000885009766,18.297000885009766,100,0.0,0.0
2021-07-02 00:00:00-04:00,18.270000457763672,18.270000457763672,18.270000457763672,18.270000457763672,100,0.0,0.0
2021-07-06 00:00:00-04:00,18.270000457763672,18.270000457763672,18.270000457763672,18.270000457763672,0,0.0,0.0
2021-07-07 00:00:00-04:00,18.270000457763672,18.270000457763672,18.270000457763672,18.270000457763672,0,0.0,0.0
2021-07-08 00:00:00-04:00,16.56999969482422,16.56999969482422,16.43000030517578,16.43000030517578,1300,0.0,0.0
2021-07-09 00:00:00-04:00,16.15999984741211,17.527000427246094,16.15999984741211,17.527000427246094,900,0.0,0.0
2021-07-12 00:00:00-04:00,17.527000427246094,17.527000427246094,17.527000427246094,17.527000427246094,0,0.0,0.0
2021-07-13 00:00:00-04:00,17.527000427246094,17.527000427246094,17.527000427246094,17.527000427246094,0,0.0,0.0
2021-07-14 00:00:00-04:00,17.527000427246094,17.527000427246094,17.527000427246094,17.527000427246094,100,0.0,0.0
2021-07-15 00:00:00-04:00,17.829999923706055,19.385000228881836,17.829999923706055,19.385000228881836,1200,0.0,0.0
2021-07-16 00:00:00-04:00,19.969999313354492,19.969999313354492,19.53499984741211,19.607999801635742,700,0.0,0.0
2021-07-19 00:00:00-04:00,19.607999801635742,19.607999801635742,19.607999801635742,19.607999801635742,300,0.0,0.0
2021-07-20 00:00:00-04:00,16.139999389648438,16.139999389648438,16.139999389648438,16.139999389648438,1000,0.0,0.0
2021-07-21 00:00:00-04:00,16.85300064086914,17.1200008392334,16.85300064086914,17.0,600,0.0,0.0
2021-07-22 00:00:00-04:00,18.049999237060547,18.049999237060547,18.049999237060547,18.049999237060547,500,0.0,0.0
2021-07-23 00:00:00-04:00,18.452999114990234,18.452999114990234,18.452999114990234,18.452999114990234,200,0.0,0.0
2021-07-26 00:00:00-04:00,19.3799991607666,19.3799991607666,19.3799991607666,19.3799991607666,200,0.0,0.0
2021-07-27 00:00:00-04:00,19.3799991607666,19.3799991607666,19.3799991607666,19.3799991607666,0,0.0,0.0
2021-07-28 00:00:00-04:00,20.81999969482422,20.860000610351562,20.81999969482422,20.860000610351562,200,0.0,0.0
2021-07-29 00:00:00-04:00,20.860000610351562,20.860000610351562,20.860000610351562,20.860000610351562,0,0.0,0.0
2021-07-30 00:00:00-04:00,18.965999603271484,18.969999313354492,18.965999603271484,18.969999313354492,200,0.0,0.0
2021-08-02 00:00:00-04:00,18.969999313354492,18.969999313354492,18.969999313354492,18.969999313354492,0,0.0,0.0
2021-08-03 00:00:00-04:00,18.969999313354492,18.969999313354492,18.969999313354492,18.969999313354492,0,0.0,0.0
2021-08-04 00:00:00-04:00,21.110000610351562,21.110000610351562,21.110000610351562,21.110000610351562,400,0.0,0.0
2021-08-05 00:00:00-04:00,21.110000610351562,21.110000610351562,21.110000610351562,21.110000610351562,0,0.0,0.0
2021-08-06 00:00:00-04:00,21.110000610351562,21.110000610351562,21.110000610351562,21.110000610351562,0,0.0,0.0
2021-08-09 00:00:00-04:00,21.110000610351562,21.110000610351562,21.110000610351562,21.110000610351562,0,0.0,0.0
2021-08-10 00:00:00-04:00,21.110000610351562,21.110000610351562,21.110000610351562,21.110000610351562,0,0.0,0.0
2021-08-11 00:00:00-04:00,21.110000610351562,21.110000610351562,21.110000610351562,21.110000610351562,0,0.0,0.0
2021-08-12 00:00:00-04:00,19.14299964904785,19.14299964904785,19.14299964904785,19.14299964904785,400,0.0,0.0
2021-08-13 00:00:00-04:00,19.14299964904785,19.14299964904785,19.14299964904785,19.14299964904785,0,0.0,0.0
2021-08-16 00:00:00-04:00,19.14299964904785,19.14299964904785,19.14299964904785,19.14299964904785,0,0.0,0.0
2021-08-17 00:00:00-04:00,19.14299964904785,19.14299964904785,19.14299964904785,19.14299964904785,0,0.0,0.0
2021-08-18 00:00:00-04:00,19.549999237060547,19.549999237060547,19.54599952697754,19.54599952697754,300,0.0,0.0
2021-08-19 00:00:00-04:00,19.54599952697754,19.54599952697754,19.54599952697754,19.54599952697754,0,0.0,0.0
2021-08-20 00:00:00-04:00,19.54599952697754,19.54599952697754,19.54599952697754,19.54599952697754,0,0.0,0.0
2021-08-23 00:00:00-04:00,19.54599952697754,19.54599952697754,19.54599952697754,19.54599952697754,0,0.0,0.0
2021-08-24 00:00:00-04:00,19.54599952697754,19.54599952697754,19.54599952697754,19.54599952697754,0,0.0,0.0
2021-08-25 00:00:00-04:00,19.54599952697754,19.54599952697754,19.54599952697754,19.54599952697754,0,0.0,0.0
2021-08-26 00:00:00-04:00,19.54599952697754,19.54599952697754,19.54599952697754,19.54599952697754,0,0.0,0.0
2021-08-27 00:00:00-04:00,19.54599952697754,19.54599952697754,19.54599952697754,19.54599952697754,0,0.0,0.0
2021-08-30 00:00:00-04:00,19.54599952697754,19.54599952697754,19.54599952697754,19.54599952697754,0,0.0,0.0
2021-08-31 00:00:00-04:00,21.600000381469727,21.600000381469727,21.600000381469727,21.600000381469727,100,0.0,0.0
2021-09-01 00:00:00-04:00,22.600000381469727,22.600000381469727,22.600000381469727,22.600000381469727,200,0.0,0.0
2021-09-02 00:00:00-04:00,24.770000457763672,24.770000457763672,24.770000457763672,24.770000457763672,600,0.0,0.0
2021-09-03 00:00:00-04:00,24.770000457763672,24.770000457763672,24.770000457763672,24.770000457763672,200,0.0,0.0
2021-09-07 00:00:00-04:00,24.770000457763672,24.770000457763672,24.770000457763672,24.770000457763672,0,0.0,0.0
2021-09-08 00:00:00-04:00,24.770000457763672,24.770000457763672,24.770000457763672,24.770000457763672,0,0.0,0.0
2021-09-09 00:00:00-04:00,21.850000381469727,22.249000549316406,21.850000381469727,21.916000366210938,2500,0.0,0.0
2021-09-10 00:00:00-04:00,21.916000366210938,21.916000366210938,21.916000366210938,21.916000366210938,0,0.0,0.0
2021-09-13 00:00:00-04:00,21.75,21.75,21.700000762939453,21.700000762939453,500,0.0,0.0
2021-09-14 00:00:00-04:00,21.940000534057617,21.940000534057617,21.940000534057617,21.940000534057617,600,0.0,0.0
2021-09-15 00:00:00-04:00,21.299999237060547,21.350000381469727,20.469999313354492,21.350000381469727,2000,0.0,0.0
2021-09-16 00:00:00-04:00,21.350000381469727,21.350000381469727,21.350000381469727,21.350000381469727,0,0.0,0.0
2021-09-17 00:00:00-04:00,21.350000381469727,21.350000381469727,21.350000381469727,21.350000381469727,0,0.0,0.0
2021-09-20 00:00:00-04:00,19.68000030517578,19.68000030517578,19.68000030517578,19.68000030517578,200,0.0,0.0
2021-09-21 00:00:00-04:00,19.68000030517578,19.68000030517578,19.68000030517578,19.68000030517578,0,0.0,0.0
2021-09-22 00:00:00-04:00,19.68000030517578,19.68000030517578,19.68000030517578,19.68000030517578,0,0.0,0.0
2021-09-23 00:00:00-04:00,19.68000030517578,19.68000030517578,19.68000030517578,19.68000030517578,0,0.0,0.0
2021-09-24 00:00:00-04:00,20.825000762939453,20.825000762939453,20.825000762939453,20.825000762939453,200,0.0,0.0
2021-09-27 00:00:00-04:00,20.825000762939453,20.825000762939453,20.825000762939453,20.825000762939453,0,0.0,0.0
2021-09-28 00:00:00-04:00,20.825000762939453,20.825000762939453,20.825000762939453,20.825000762939453,0,0.0,0.0
2021-09-29 00:00:00-04:00,20.825000762939453,20.825000762939453,20.825000762939453,20.825000762939453,0,0.0,0.0
2021-09-30 00:00:00-04:00,20.850000381469727,20.850000381469727,20.799999237060547,20.799999237060547,600,0.0,0.0
2021-10-01 00:00:00-04:00,20.170000076293945,20.190000534057617,19.950000762939453,20.135000228881836,3700,0.0,0.0
2021-10-04 00:00:00-04:00,20.1299991607666,20.1299991607666,20.1299991607666,20.1299991607666,300,0.0,0.0
2021-10-05 00:00:00-04:00,19.469999313354492,19.469999313354492,19.469999313354492,19.469999313354492,600,0.0,0.0
2021-10-06 00:00:00-04:00,19.469999313354492,19.469999313354492,19.469999313354492,19.469999313354492,0,0.0,0.0
2021-10-07 00:00:00-04:00,19.39900016784668,19.920000076293945,19.39900016784668,19.90999984741211,1700,0.0,0.0
2021-10-08 00:00:00-04:00,19.90999984741211,19.90999984741211,19.90999984741211,19.90999984741211,0,0.0,0.0
2021-10-11 00:00:00-04:00,19.90999984741211,19.90999984741211,19.90999984741211,19.90999984741211,0,0.0,0.0
2021-10-12 00:00:00-04:00,19.90999984741211,19.90999984741211,19.90999984741211,19.90999984741211,0,0.0,0.0
2021-10-13 00:00:00-04:00,20.34000015258789,20.59000015258789,19.100000381469727,19.100000381469727,1000,0.0,0.0
2021-10-14 00:00:00-04:00,21.3700008392334,22.52400016784668,21.049999237060547,21.049999237060547,2700,0.0,0.0
2021-10-15 00:00:00-04:00,20.170000076293945,20.423999786376953,20.010000228881836,20.010000228881836,800,0.0,0.0
2021-10-18 00:00:00-04:00,20.010000228881836,20.010000228881836,20.010000228881836,20.010000228881836,0,0.0,0.0
2021-10-19 00:00:00-04:00,21.302000045776367,21.302000045776367,21.302000045776367,21.302000045776367,200,0.0,0.0
2021-10-20 00:00:00-04:00,21.302000045776367,21.302000045776367,21.302000045776367,21.302000045776367,0,0.0,0.0
2021-10-21 00:00:00-04:00,21.15999984741211,21.15999984741211,21.15999984741211,21.15999984741211,500,0.0,0.0
2021-10-22 00:00:00-04:00,22.399999618530273,22.399999618530273,22.399999618530273,22.399999618530273,500,0.0,0.0
2021-10-25 00:00:00-04:00,22.399999618530273,22.399999618530273,22.399999618530273,22.399999618530273,0,0.0,0.0
2021-10-26 00:00:00-04:00,24.0,24.0,23.280000686645508,23.280000686645508,700,0.0,0.0
2021-10-27 00:00:00-04:00,23.280000686645508,23.280000686645508,23.280000686645508,23.280000686645508,0,0.0,0.0
2021-10-28 00:00:00-04:00,22.59000015258789,22.59000015258789,22.59000015258789,22.59000015258789,400,0.0,0.0
2021-10-29 00:00:00-04:00,22.59000015258789,22.59000015258789,22.59000015258789,22.59000015258789,0,0.0,0.0
2021-11-01 00:00:00-04:00,24.239999771118164,24.239999771118164,24.239999771118164,24.239999771118164,400,0.0,0.0
2021-11-02 00:00:00-04:00,24.239999771118164,24.239999771118164,24.239999771118164,24.239999771118164,0,0.0,0.0
2021-11-03 00:00:00-04:00,24.010000228881836,26.847999572753906,23.540000915527344,25.649999618530273,5100,0.0,0.0
2021-11-04 00:00:00-04:00,24.93000030517578,24.93000030517578,24.75,24.75,800,0.0,0.0
2021-11-05 00:00:00-04:00,26.360000610351562,29.6200008392334,26.139999389648438,28.0,3500,0.0,0.0
2021-11-08 00:00:00-05:00,28.993000030517578,29.5,27.5,27.5,3700,0.0,0.0
2021-11-09 00:00:00-05:00,26.5,31.0,26.5,28.549999237060547,7300,0.0,0.0
2021-11-10 00:00:00-05:00,28.399999618530273,28.399999618530273,27.280000686645508,27.280000686645508,1400,0.0,0.0
2021-11-11 00:00:00-05:00,26.920000076293945,27.371000289916992,25.850000381469727,27.371000289916992,1900,0.0,0.0
2021-11-12 00:00:00-05:00,27.371000289916992,27.371000289916992,27.371000289916992,27.371000289916992,0,0.0,0.0
2021-11-15 00:00:00-05:00,27.6200008392334,30.0,27.6200008392334,28.875,2400,0.0,0.0
2021-11-16 00:00:00-05:00,27.850000381469727,27.850000381469727,26.996999740600586,26.996999740600586,800,0.0,0.0
2021-11-17 00:00:00-05:00,26.996999740600586,26.996999740600586,26.996999740600586,26.996999740600586,0,0.0,0.0
2021-11-18 00:00:00-05:00,27.209999084472656,27.209999084472656,26.75,26.75,600,0.0,0.0
2021-11-19 00:00:00-05:00,26.75,26.75,26.75,26.75,0,0.0,0.0
2021-11-22 00:00:00-05:00,28.200000762939453,28.200000762939453,28.200000762939453,28.200000762939453,300,0.0,0.0
2021-11-23 00:00:00-05:00,29.961000442504883,29.961000442504883,29.961000442504883,29.961000442504883,500,0.0,0.0
2021-11-24 00:00:00-05:00,27.739999771118164,29.0,27.739999771118164,29.0,1000,0.0,0.0
2021-11-26 00:00:00-05:00,27.0,27.6200008392334,27.0,27.510000228881836,600,0.0,0.0
2021-11-29 00:00:00-05:00,27.510000228881836,27.510000228881836,27.510000228881836,27.510000228881836,0,0.0,0.0
2021-11-30 00:00:00-05:00,29.489999771118164,29.489999771118164,25.211999893188477,28.010000228881836,1000,0.0,0.0
2021-12-01 00:00:00-05:00,28.39900016784668,28.39900016784668,28.39900016784668,28.39900016784668,200,0.0,0.0
2021-12-02 00:00:00-05:00,28.375,28.375,28.375,28.375,200,0.0,0.0
2021-12-03 00:00:00-05:00,28.375,28.375,28.375,28.375,0,0.0,0.0
2021-12-06 00:00:00-05:00,28.530000686645508,28.530000686645508,28.3799991607666,28.3799991607666,300,0.0,0.0
2021-12-07 00:00:00-05:00,28.90999984741211,31.6200008392334,28.90999984741211,30.979000091552734,1100,0.0,0.0
2021-12-08 00:00:00-05:00,30.5,31.25,30.5,31.25,600,0.0,0.0
2021-12-09 00:00:00-05:00,30.25,30.25,29.040000915527344,29.375999450683594,1300,0.0,0.0
2021-12-10 00:00:00-05:00,29.81999969482422,30.700000762939453,29.81999969482422,30.329999923706055,800,0.0,0.0
2021-12-13 00:00:00-05:00,29.040000915527344,29.049999237060547,28.917999267578125,28.917999267578125,1800,0.0,0.0
2021-12-14 00:00:00-05:00,26.690000534057617,26.690000534057617,26.690000534057617,26.690000534057617,200,0.0,0.0
2021-12-15 00:00:00-05:00,26.690000534057617,26.690000534057617,26.690000534057617,26.690000534057617,0,0.0,0.0
2021-12-16 00:00:00-05:00,27.239999771118164,29.0,27.239999771118164,29.0,700,0.0,0.0
2021-12-17 00:00:00-05:00,29.0,29.0,29.0,29.0,300,0.0,0.0
2021-12-20 00:00:00-05:00,29.0,29.0,29.0,29.0,500,0.0,0.0
2021-12-21 00:00:00-05:00,29.0,29.0,29.0,29.0,0,0.0,0.0
2021-12-22 00:00:00-05:00,29.0,29.0,29.0,29.0,0,0.0,0.0
2021-12-23 00:00:00-05:00,28.6299991607666,28.6299991607666,27.975000381469727,27.975000381469727,200,0.0,0.0
2021-12-27 00:00:00-05:00,27.975000381469727,27.975000381469727,27.975000381469727,27.975000381469727,0,0.0,0.0
2021-12-28 00:00:00-05:00,27.975000381469727,27.975000381469727,27.975000381469727,27.975000381469727,0,0.0,0.0
2021-12-29 00:00:00-05:00,27.790000915527344,27.790000915527344,27.790000915527344,27.790000915527344,200,0.0,0.0
2021-12-30 00:00:00-05:00,27.989999771118164,28.959999084472656,27.989999771118164,28.959999084472656,300,0.0,0.0
2021-12-31 00:00:00-05:00,28.959999084472656,28.959999084472656,28.959999084472656,28.959999084472656,0,0.0,0.0
2022-01-03 00:00:00-05:00,28.959999084472656,28.959999084472656,28.959999084472656,28.959999084472656,400,0.0,0.0
2022-01-04 00:00:00-05:00,28.959999084472656,28.959999084472656,28.959999084472656,28.959999084472656,0,0.0,0.0
2022-01-05 00:00:00-05:00,28.959999084472656,28.959999084472656,28.959999084472656,28.959999084472656,0,0.0,0.0
2022-01-06 00:00:00-05:00,27.0,27.979999542236328,27.0,27.270000457763672,700,0.0,0.0
2022-01-07 00:00:00-05:00,25.65999984741211,26.25,25.170000076293945,26.25,900,0.0,0.0
2022-01-10 00:00:00-05:00,25.290000915527344,25.290000915527344,25.25,25.25,1000,0.0,0.0
2022-01-11 00:00:00-05:00,25.170000076293945,25.170000076293945,25.170000076293945,25.170000076293945,1100,0.0,0.0
2022-01-12 00:00:00-05:00,26.489999771118164,26.489999771118164,25.610000610351562,25.799999237060547,400,0.0,0.0
2022-01-13 00:00:00-05:00,25.799999237060547,25.799999237060547,25.799999237060547,25.799999237060547,300,0.0,0.0
2022-01-14 00:00:00-05:00,24.6200008392334,24.6299991607666,24.59000015258789,24.59000015258789,1200,0.0,0.0
2022-01-18 00:00:00-05:00,24.59000015258789,24.59000015258789,24.59000015258789,24.59000015258789,0,0.0,0.0
2022-01-19 00:00:00-05:00,23.56999969482422,25.0,22.5,22.5,900,0.0,0.0
2022-01-20 00:00:00-05:00,23.989999771118164,24.989999771118164,22.4950008392334,22.4950008392334,2100,0.0,0.0
2022-01-21 00:00:00-05:00,24.75,24.75,21.600000381469727,21.600000381469727,2500,0.0,0.0
2022-01-24 00:00:00-05:00,19.809999465942383,21.0,19.25,19.25,1500,0.0,0.0
2022-01-25 00:00:00-05:00,18.100000381469727,18.940000534057617,18.010000228881836,18.899999618530273,3500,0.0,0.0
2022-01-26 00:00:00-05:00,20.0,20.770000457763672,18.860000610351562,19.459999084472656,3300,0.0,0.0
2022-01-27 00:00:00-05:00,19.459999084472656,19.459999084472656,19.459999084472656,19.459999084472656,0,0.0,0.0
2022-01-28 00:00:00-05:00,19.0,20.700000762939453,19.0,20.0,900,0.0,0.0
2022-01-31 00:00:00-05:00,19.780000686645508,19.780000686645508,19.780000686645508,19.780000686645508,300,0.0,0.0
2022-02-01 00:00:00-05:00,20.190000534057617,20.190000534057617,20.190000534057617,20.190000534057617,200,0.0,0.0
2022-02-02 00:00:00-05:00,22.700000762939453,22.700000762939453,21.957000732421875,21.957000732421875,1400,0.0,0.0
2022-02-03 00:00:00-05:00,21.957000732421875,21.957000732421875,21.957000732421875,21.957000732421875,0,0.0,0.0
2022-02-04 00:00:00-05:00,21.957000732421875,21.957000732421875,21.957000732421875,21.957000732421875,0,0.0,0.0
2022-02-07 00:00:00-05:00,21.957000732421875,21.957000732421875,21.957000732421875,21.957000732421875,0,0.0,0.0
2022-02-08 00:00:00-05:00,21.957000732421875,21.957000732421875,21.957000732421875,21.957000732421875,0,0.0,0.0
2022-02-09 00:00:00-05:00,20.65999984741211,20.65999984741211,19.06999969482422,20.0,1500,0.0,0.0
2022-02-10 00:00:00-05:00,19.079999923706055,20.690000534057617,19.079999923706055,20.690000534057617,1600,0.0,0.0
2022-02-11 00:00:00-05:00,19.299999237060547,20.549999237060547,19.299999237060547,19.5,12800,0.0,0.0
2022-02-14 00:00:00-05:00,18.0,19.200000762939453,16.700000762939453,17.079999923706055,17300,0.0,0.0
2022-02-15 00:00:00-05:00,18.110000610351562,19.899999618530273,18.110000610351562,19.7549991607666,1500,0.0,0.0
2022-02-16 00:00:00-05:00,18.260000228881836,19.84000015258789,17.610000610351562,19.84000015258789,1700,0.0,0.0
2022-02-17 00:00:00-05:00,22.0,22.0,20.0,20.010000228881836,2000,0.0,0.0
2022-02-18 00:00:00-05:00,17.309999465942383,17.399999618530273,16.719999313354492,16.719999313354492,1600,0.0,0.0
2022-02-22 00:00:00-05:00,16.719999313354492,16.719999313354492,16.719999313354492,16.719999313354492,0,0.0,0.0
2022-02-23 00:00:00-05:00,16.059999465942383,16.059999465942383,15.670000076293945,15.670000076293945,1400,0.0,0.0
2022-02-24 00:00:00-05:00,13.699999809265137,16.010000228881836,13.699999809265137,16.010000228881836,1800,0.0,0.0
2022-02-25 00:00:00-05:00,16.170000076293945,18.700000762939453,16.170000076293945,17.239999771118164,1900,0.0,0.0
2022-02-28 00:00:00-05:00,16.979999542236328,18.200000762939453,16.979999542236328,18.200000762939453,800,0.0,0.0
2022-03-01 00:00:00-05:00,16.920000076293945,16.920000076293945,15.109999656677246,16.290000915527344,700,0.0,0.0
2022-03-02 00:00:00-05:00,15.970999717712402,17.56999969482422,15.970999717712402,17.56999969482422,600,0.0,0.0
2022-03-03 00:00:00-05:00,17.200000762939453,17.3700008392334,15.529999732971191,16.989999771118164,4100,0.0,0.0
2022-03-04 00:00:00-05:00,15.338000297546387,16.8700008392334,15.210000038146973,15.210000038146973,2900,0.0,0.0
2022-03-07 00:00:00-05:00,15.220000267028809,15.220000267028809,14.010000228881836,14.350000381469727,1300,0.0,0.0
2022-03-08 00:00:00-05:00,14.352999687194824,14.352999687194824,14.350000381469727,14.350000381469727,900,0.0,0.0
2022-03-09 00:00:00-05:00,14.550000190734863,17.0,14.550000190734863,17.0,3600,0.0,0.0
2022-03-10 00:00:00-05:00,15.15999984741211,17.0,14.960000038146973,16.049999237060547,7900,0.0,0.0
2022-03-11 00:00:00-05:00,15.699999809265137,16.1200008392334,14.850000381469727,14.850000381469727,8400,0.0,0.0
2022-03-14 00:00:00-04:00,15.0,15.020000457763672,14.369999885559082,14.800000190734863,4200,0.0,0.0
2022-03-15 00:00:00-04:00,14.34000015258789,14.34000015258789,14.34000015258789,14.34000015258789,500,0.0,0.0
2022-03-16 00:00:00-04:00,14.890000343322754,16.43000030517578,14.890000343322754,16.43000030517578,1900,0.0,0.0
2022-03-17 00:00:00-04:00,15.140000343322754,15.59000015258789,15.140000343322754,15.59000015258789,1000,0.0,0.0
2022-03-18 00:00:00-04:00,15.3100004196167,16.90999984741211,15.3100004196167,16.90999984741211,900,0.0,0.0
2022-03-21 00:00:00-04:00,15.949999809265137,16.0,15.21500015258789,15.680000305175781,1200,0.0,0.0
2022-03-22 00:00:00-04:00,16.239999771118164,16.68000030517578,16.239999771118164,16.34000015258789,600,0.0,0.0
2022-03-23 00:00:00-04:00,15.800000190734863,15.850000381469727,15.199999809265137,15.300000190734863,7200,0.0,0.0
2022-03-24 00:00:00-04:00,16.450000762939453,16.549999237060547,16.450000762939453,16.549999237060547,600,0.0,0.0
2022-03-25 00:00:00-04:00,16.325000762939453,16.68000030517578,16.184999465942383,16.520000457763672,2800,0.0,0.0
2022-03-28 00:00:00-04:00,16.639999389648438,17.260000228881836,16.639999389648438,16.899999618530273,3000,0.0,0.0
2022-03-29 00:00:00-04:00,18.350000381469727,18.350000381469727,18.350000381469727,18.350000381469727,700,0.0,0.0
2022-03-30 00:00:00-04:00,18.350000381469727,18.350000381469727,18.350000381469727,18.350000381469727,200,0.0,0.0
2022-03-31 00:00:00-04:00,18.350000381469727,18.350000381469727,18.350000381469727,18.350000381469727,0,0.0,0.0
2022-04-01 00:00:00-04:00,15.760000228881836,17.34000015258789,15.760000228881836,17.34000015258789,1200,0.0,0.0
2022-04-04 00:00:00-04:00,16.110000610351562,16.25,16.110000610351562,16.190000534057617,1000,0.0,0.0
2022-04-05 00:00:00-04:00,16.030000686645508,16.030000686645508,16.0,16.0,1000,0.0,0.0
2022-04-06 00:00:00-04:00,15.600000381469727,17.270000457763672,15.600000381469727,16.5,1700,0.0,0.0
2022-04-07 00:00:00-04:00,15.420000076293945,15.420000076293945,15.199999809265137,15.199999809265137,1900,0.0,0.0
2022-04-08 00:00:00-04:00,15.199999809265137,15.199999809265137,15.199999809265137,15.199999809265137,0,0.0,0.0
2022-04-11 00:00:00-04:00,14.800000190734863,14.852999687194824,14.800000190734863,14.800000190734863,1200,0.0,0.0
2022-04-12 00:00:00-04:00,14.800000190734863,14.800000190734863,14.800000190734863,14.800000190734863,0,0.0,0.0
2022-04-13 00:00:00-04:00,15.520000457763672,15.520000457763672,13.970000267028809,14.600000381469727,400,0.0,0.0
2022-04-14 00:00:00-04:00,14.600000381469727,14.600000381469727,14.600000381469727,14.600000381469727,0,0.0,0.0
2022-04-18 00:00:00-04:00,14.600000381469727,14.600000381469727,14.600000381469727,14.600000381469727,0,0.0,0.0
2022-04-19 00:00:00-04:00,13.800000190734863,13.850000381469727,13.800000190734863,13.800000190734863,600,0.0,0.0
2022-04-20 00:00:00-04:00,14.109999656677246,15.729999542236328,14.109999656677246,15.729999542236328,1200,0.0,0.0
2022-04-21 00:00:00-04:00,15.130000114440918,15.619999885559082,14.529999732971191,15.010000228881836,3400,0.0,0.0
2022-04-22 00:00:00-04:00,14.609999656677246,14.710000038146973,14.350000381469727,14.350000381469727,2600,0.0,0.0
2022-04-25 00:00:00-04:00,13.529999732971191,14.020000457763672,12.5,14.020000457763672,2800,0.0,0.0
2022-04-26 00:00:00-04:00,14.020000457763672,14.020000457763672,14.020000457763672,14.020000457763672,0,0.0,0.0
2022-04-27 00:00:00-04:00,12.539999961853027,13.119999885559082,9.899999618530273,10.979999542236328,7200,0.0,0.0
2022-04-28 00:00:00-04:00,11.149999618530273,11.279999732971191,10.729999542236328,11.0649995803833,2800,0.0,0.0
2022-04-29 00:00:00-04:00,11.600000381469727,11.600000381469727,11.460000038146973,11.460000038146973,400,0.0,0.0
2022-05-02 00:00:00-04:00,11.460000038146973,11.460000038146973,11.460000038146973,11.460000038146973,0,0.0,0.0
2022-05-03 00:00:00-04:00,11.460000038146973,11.460000038146973,11.460000038146973,11.460000038146973,0,0.0,0.0
2022-05-04 00:00:00-04:00,10.75,10.75,10.75,10.75,500,0.0,0.0
2022-05-05 00:00:00-04:00,10.079999923706055,11.09000015258789,10.0,10.0,1000,0.0,0.0
2022-05-06 00:00:00-04:00,9.960000038146973,9.960000038146973,9.960000038146973,9.960000038146973,1200,0.0,0.0
2022-05-09 00:00:00-04:00,9.949999809265137,9.989999771118164,8.9399995803833,8.989999771118164,6200,0.0,0.0
2022-05-10 00:00:00-04:00,8.729999542236328,10.0,8.619999885559082,8.619999885559082,6500,0.0,0.0
2022-05-11 00:00:00-04:00,8.619999885559082,8.619999885559082,8.619999885559082,8.619999885559082,0,0.0,0.0
2022-05-12 00:00:00-04:00,8.170000076293945,9.550000190734863,7.78000020980835,9.0,6200,0.0,0.0
2022-05-13 00:00:00-04:00,8.380000114440918,9.789999961853027,8.34000015258789,8.789999961853027,3900,0.0,0.0
2022-05-16 00:00:00-04:00,8.859999656677246,8.859999656677246,8.859999656677246,8.859999656677246,200,0.0,0.0
2022-05-17 00:00:00-04:00,9.699999809265137,10.0,9.6899995803833,9.699999809265137,800,0.0,0.0
2022-05-18 00:00:00-04:00,10.0,10.0,10.0,10.0,200,0.0,0.0
2022-05-19 00:00:00-04:00,10.0,10.0,10.0,10.0,700,0.0,0.0
2022-05-20 00:00:00-04:00,9.010000228881836,9.90999984741211,9.010000228881836,9.75,1000,0.0,0.0
2022-05-23 00:00:00-04:00,9.75,9.75,9.75,9.75,0,0.0,0.0
2022-05-24 00:00:00-04:00,9.75,9.75,9.75,9.75,0,0.0,0.0
2022-05-25 00:00:00-04:00,9.5,9.5,9.5,9.5,300,0.0,0.0
2022-05-26 00:00:00-04:00,9.5,9.5,9.5,9.5,0,0.0,0.0
2022-05-27 00:00:00-04:00,10.0,10.0,10.0,10.0,500,0.0,0.0
2022-05-31 00:00:00-04:00,10.0,10.84000015258789,10.0,10.84000015258789,1800,0.0,0.0
2022-06-01 00:00:00-04:00,10.84000015258789,10.84000015258789,10.84000015258789,10.84000015258789,0,0.0,0.0
2022-06-02 00:00:00-04:00,11.270000457763672,14.149999618530273,9.979999542236328,10.989999771118164,4800,0.0,0.0
2022-06-03 00:00:00-04:00,10.0,10.0,10.0,10.0,400,0.0,0.0
2022-06-06 00:00:00-04:00,10.0,10.0,10.0,10.0,500,0.0,0.0
2022-06-07 00:00:00-04:00,10.0,10.0,10.0,10.0,0,0.0,0.0
2022-06-08 00:00:00-04:00,10.0,10.0,10.0,10.0,0,0.0,0.0
2022-06-09 00:00:00-04:00,10.0,10.0,10.0,10.0,0,0.0,0.0
2022-06-10 00:00:00-04:00,10.0,10.0,10.0,10.0,0,0.0,0.0
2022-06-13 00:00:00-04:00,9.760000228881836,10.0,9.739999771118164,10.0,500,0.0,0.0
2022-06-14 00:00:00-04:00,10.0,10.0,10.0,10.0,0,0.0,0.0
2022-06-15 00:00:00-04:00,9.75,10.5,9.75,10.100000381469727,700,0.0,0.0
2022-06-16 00:00:00-04:00,10.100000381469727,10.100000381469727,10.100000381469727,10.100000381469727,0,0.0,0.0
2022-06-17 00:00:00-04:00,10.100000381469727,10.100000381469727,10.100000381469727,10.100000381469727,0,0.0,0.0
2022-06-21 00:00:00-04:00,10.100000381469727,10.100000381469727,10.100000381469727,10.100000381469727,0,0.0,0.0
2022-06-22 00:00:00-04:00,10.100000381469727,10.100000381469727,10.100000381469727,10.100000381469727,0,0.0,0.0
2022-06-23 00:00:00-04:00,10.100000381469727,10.100000381469727,10.100000381469727,10.100000381469727,0,0.0,0.0
2022-06-24 00:00:00-04:00,9.729999542236328,11.229999542236328,9.729999542236328,11.229999542236328,600,0.0,0.0
2022-06-27 00:00:00-04:00,11.710000038146973,11.710000038146973,11.710000038146973,11.710000038146973,300,0.0,0.0
2022-06-28 00:00:00-04:00,11.710000038146973,11.710000038146973,11.710000038146973,11.710000038146973,0,0.0,0.0
2022-06-29 00:00:00-04:00,10.039999961853027,10.039999961853027,9.5,9.925000190734863,900,0.0,0.0
2022-06-30 00:00:00-04:00,9.925000190734863,9.925000190734863,9.925000190734863,9.925000190734863,0,0.0,0.0
2022-07-01 00:00:00-04:00,9.925000190734863,9.925000190734863,9.925000190734863,9.925000190734863,0,0.0,0.0
2022-07-05 00:00:00-04:00,8.710000038146973,8.710000038146973,8.710000038146973,8.710000038146973,1000,0.0,0.0
2022-07-06 00:00:00-04:00,8.109999656677246,8.40999984741211,8.079999923706055,8.079999923706055,800,0.0,0.0
2022-07-07 00:00:00-04:00,8.0,8.079999923706055,7.699999809265137,7.829999923706055,2800,0.0,0.0
2022-07-08 00:00:00-04:00,8.579999923706055,9.449999809265137,8.130000114440918,8.130000114440918,1600,0.0,0.0
2022-07-11 00:00:00-04:00,8.194999694824219,8.279999732971191,7.699999809265137,8.109999656677246,3200,0.0,0.0
2022-07-12 00:00:00-04:00,8.109999656677246,8.109999656677246,7.849999904632568,7.849999904632568,2000,0.0,0.0
2022-07-13 00:00:00-04:00,7.550000190734863,8.039999961853027,7.367000102996826,7.71999979019165,2300,0.0,0.0
2022-07-14 00:00:00-04:00,7.96999979019165,7.96999979019165,7.449999809265137,7.699999809265137,1300,0.0,0.0
2022-07-15 00:00:00-04:00,7.300000190734863,7.7179999351501465,7.230000019073486,7.7179999351501465,1000,0.0,0.0
2022-07-18 00:00:00-04:00,7.5,7.710000038146973,7.5,7.5,1000,0.0,0.0
2022-07-19 00:00:00-04:00,7.650000095367432,7.650000095367432,7.150000095367432,7.349999904632568,3000,0.0,0.0
2022-07-20 00:00:00-04:00,7.75,7.75,7.610000133514404,7.610000133514404,700,0.0,0.0
2022-07-21 00:00:00-04:00,7.360000133514404,7.71999979019165,7.360000133514404,7.715000152587891,1900,0.0,0.0
2022-07-22 00:00:00-04:00,7.5,7.559999942779541,7.429999828338623,7.429999828338623,3900,0.0,0.0
2022-07-25 00:00:00-04:00,7.400000095367432,7.400000095367432,7.400000095367432,7.400000095367432,300,0.0,0.0
2022-07-26 00:00:00-04:00,7.380000114440918,7.380000114440918,7.239999771118164,7.239999771118164,1900,0.0,0.0
2022-07-27 00:00:00-04:00,7.5,7.75,7.489999771118164,7.75,400,0.0,0.0
2022-07-28 00:00:00-04:00,7.730000019073486,7.815000057220459,7.5,7.815000057220459,2800,0.0,0.0
2022-07-29 00:00:00-04:00,8.050000190734863,8.265000343322754,8.050000190734863,8.265000343322754,600,0.0,0.0
2022-08-01 00:00:00-04:00,8.609999656677246,8.609999656677246,8.609999656677246,8.609999656677246,600,0.0,0.0
2022-08-02 00:00:00-04:00,8.793000221252441,9.444999694824219,8.699999809265137,9.444999694824219,600,0.0,0.0
2022-08-03 00:00:00-04:00,9.345000267028809,9.345000267028809,9.345000267028809,9.345000267028809,200,0.0,0.0
2022-08-04 00:00:00-04:00,9.345000267028809,9.345000267028809,9.345000267028809,9.345000267028809,0,0.0,0.0
2022-08-05 00:00:00-04:00,9.345000267028809,9.345000267028809,9.345000267028809,9.345000267028809,0,0.0,0.0
2022-08-08 00:00:00-04:00,9.345000267028809,9.345000267028809,9.345000267028809,9.345000267028809,0,0.0,0.0
2022-08-09 00:00:00-04:00,9.149999618530273,9.149999618530273,8.361000061035156,8.361000061035156,1000,0.0,0.0
2022-08-10 00:00:00-04:00,9.100000381469727,9.100000381469727,8.0600004196167,8.699999809265137,7100,0.0,0.0
2022-08-11 00:00:00-04:00,8.25,8.989999771118164,8.25,8.770000457763672,5400,0.0,0.0
2022-08-12 00:00:00-04:00,8.300000190734863,8.40999984741211,8.300000190734863,8.40999984741211,300,0.0,0.0
2022-08-15 00:00:00-04:00,8.25,8.25,8.010000228881836,8.149999618530273,1000,0.0,0.0
2022-08-16 00:00:00-04:00,8.5,8.5,8.15999984741211,8.279999732971191,700,0.0,0.0
2022-08-17 00:00:00-04:00,8.050000190734863,8.050000190734863,7.900000095367432,7.900000095367432,400,0.0,0.0
2022-08-18 00:00:00-04:00,7.900000095367432,7.900000095367432,7.900000095367432,7.900000095367432,0,0.0,0.0
2022-08-19 00:00:00-04:00,7.590000152587891,8.0,7.400000095367432,7.46999979019165,3000,0.0,0.0
2022-08-22 00:00:00-04:00,7.420000076293945,7.519999980926514,7.050000190734863,7.050000190734863,1900,0.0,0.0
2022-08-23 00:00:00-04:00,7.199999809265137,7.199999809265137,6.920000076293945,6.929999828338623,400,0.0,0.0
2022-08-24 00:00:00-04:00,6.929999828338623,6.929999828338623,6.929999828338623,6.929999828338623,0,0.0,0.0
2022-08-25 00:00:00-04:00,6.929999828338623,6.929999828338623,6.929999828338623,6.929999828338623,0,0.0,0.0
2022-08-26 00:00:00-04:00,6.929999828338623,7.849999904632568,6.869999885559082,7.400000095367432,2200,0.0,0.0
2022-08-29 00:00:00-04:00,7.050000190734863,7.599999904632568,6.900000095367432,7.349999904632568,1900,0.0,0.0
2022-08-30 00:00:00-04:00,7.289999961853027,7.900000095367432,7.289999961853027,7.730000019073486,1900,0.0,0.0
2022-08-31 00:00:00-04:00,7.730000019073486,7.730000019073486,7.730000019073486,7.730000019073486,0,0.0,0.0
2022-09-01 00:00:00-04:00,7.699999809265137,7.699999809265137,7.699999809265137,7.699999809265137,200,0.0,0.0
2022-09-02 00:00:00-04:00,7.019999980926514,7.019999980926514,6.420000076293945,6.800000190734863,3400,0.0,0.0
2022-09-06 00:00:00-04:00,7.0,7.230000019073486,6.25,6.820000171661377,8500,0.0,0.0
2022-09-07 00:00:00-04:00,6.119999885559082,6.489999771118164,6.119999885559082,6.489999771118164,900,0.0,0.0
2022-09-08 00:00:00-04:00,6.489999771118164,6.489999771118164,6.489999771118164,6.489999771118164,0,0.0,0.0
2022-09-09 00:00:00-04:00,6.489999771118164,6.489999771118164,6.489999771118164,6.489999771118164,0,0.0,0.0
2022-09-12 00:00:00-04:00,6.300000190734863,6.900000095367432,6.300000190734863,6.659999847412109,5900,0.0,0.0
2022-09-13 00:00:00-04:00,6.659999847412109,6.659999847412109,6.659999847412109,6.659999847412109,0,0.0,0.0
2022-09-14 00:00:00-04:00,6.659999847412109,6.659999847412109,6.659999847412109,6.659999847412109,0,0.0,0.0
2022-09-15 00:00:00-04:00,6.659999847412109,6.659999847412109,6.659999847412109,6.659999847412109,0,0.0,0.0
2022-09-16 00:00:00-04:00,6.210000038146973,6.210000038146973,6.210000038146973,6.210000038146973,100,0.0,0.0
2022-09-19 00:00:00-04:00,6.210000038146973,6.210000038146973,6.210000038146973,6.210000038146973,0,0.0,0.0
2022-09-20 00:00:00-04:00,6.242000102996826,6.242000102996826,6.242000102996826,6.242000102996826,100,0.0,0.0
2022-09-21 00:00:00-04:00,6.420000076293945,6.956999778747559,6.420000076293945,6.956999778747559,1300,0.0,0.0
2022-09-22 00:00:00-04:00,7.125,7.125,6.690000057220459,6.690000057220459,400,0.0,0.0
2022-09-23 00:00:00-04:00,5.710000038146973,5.710000038146973,5.699999809265137,5.699999809265137,300,0.0,0.0
2022-09-26 00:00:00-04:00,5.2829999923706055,5.2829999923706055,5.2829999923706055,5.2829999923706055,400,0.0,0.0
2022-09-27 00:00:00-04:00,5.216000080108643,5.216000080108643,5.216000080108643,5.216000080108643,400,0.0,0.0
2022-09-28 00:00:00-04:00,5.216000080108643,5.216000080108643,5.216000080108643,5.216000080108643,0,0.0,0.0
2022-09-29 00:00:00-04:00,4.690000057220459,4.900000095367432,4.599999904632568,4.789999961853027,1400,0.0,0.0
2022-09-30 00:00:00-04:00,5.369999885559082,6.239999771118164,5.099999904632568,5.099999904632568,8200,0.0,0.0
2022-10-03 00:00:00-04:00,5.099999904632568,5.099999904632568,5.099999904632568,5.099999904632568,0,0.0,0.0
2022-10-04 00:00:00-04:00,6.71999979019165,6.71999979019165,5.49399995803833,5.940000057220459,900,0.0,0.0
2022-10-05 00:00:00-04:00,5.940000057220459,5.940000057220459,5.940000057220459,5.940000057220459,0,0.0,0.0
2022-10-06 00:00:00-04:00,5.659999847412109,6.0,5.559999942779541,6.0,1100,0.0,0.0
2022-10-07 00:00:00-04:00,5.630000114440918,5.849999904632568,5.25,5.400000095367432,7500,0.0,0.0
2022-10-10 00:00:00-04:00,5.400000095367432,5.519999980926514,5.400000095367432,5.519999980926514,500,0.0,0.0
2022-10-11 00:00:00-04:00,5.019999980926514,5.400000095367432,5.010000228881836,5.400000095367432,900,0.0,0.0
2022-10-12 00:00:00-04:00,5.400000095367432,5.400000095367432,5.400000095367432,5.400000095367432,100,0.0,0.0
2022-10-13 00:00:00-04:00,5.400000095367432,5.400000095367432,5.400000095367432,5.400000095367432,200,0.0,0.0
2022-10-14 00:00:00-04:00,5.199999809265137,5.199999809265137,5.199999809265137,5.199999809265137,300,0.0,0.0
2022-10-17 00:00:00-04:00,5.690000057220459,5.690000057220459,5.28000020980835,5.28000020980835,2100,0.0,0.0
2022-10-18 00:00:00-04:00,5.25,5.25,5.25,5.25,100,0.0,0.0
2022-10-19 00:00:00-04:00,5.5,5.5,5.5,5.5,100,0.0,0.0
2022-10-20 00:00:00-04:00,5.5,5.5,5.5,5.5,0,0.0,0.0
2022-10-21 00:00:00-04:00,5.5,5.5,5.5,5.5,0,0.0,0.0
2022-10-24 00:00:00-04:00,5.5,5.5,5.5,5.5,0,0.0,0.0
2022-10-25 00:00:00-04:00,5.5,5.5,5.5,5.5,0,0.0,0.0
2022-10-26 00:00:00-04:00,5.5,5.5,5.5,5.5,0,0.0,0.0
2022-10-27 00:00:00-04:00,5.28000020980835,5.389999866485596,5.099999904632568,5.389999866485596,1000,0.0,0.0
2022-10-28 00:00:00-04:00,6.010000228881836,6.010000228881836,6.010000228881836,6.010000228881836,400,0.0,0.0
2022-10-31 00:00:00-04:00,6.28000020980835,6.320000171661377,5.909999847412109,6.320000171661377,3000,0.0,0.0
2022-11-01 00:00:00-04:00,7.159999847412109,7.610000133514404,7.039999961853027,7.269999980926514,1800,0.0,0.0
2022-11-02 00:00:00-04:00,6.369999885559082,6.929999828338623,6.369999885559082,6.559999942779541,600,0.0,0.0
2022-11-03 00:00:00-04:00,7.230000019073486,7.230000019073486,7.230000019073486,7.230000019073486,300,0.0,0.0
2022-11-04 00:00:00-04:00,7.230000019073486,7.230000019073486,7.230000019073486,7.230000019073486,0,0.0,0.0
2022-11-07 00:00:00-05:00,7.599999904632568,7.960000038146973,7.599999904632568,7.960000038146973,900,0.0,0.0
2022-11-08 00:00:00-05:00,7.75,7.75,7.75,7.75,200,0.0,0.0
2022-11-09 00:00:00-05:00,7.539999961853027,7.539999961853027,7.539999961853027,7.539999961853027,200,0.0,0.0
2022-11-10 00:00:00-05:00,6.860000133514404,7.760000228881836,6.010000228881836,6.739999771118164,8200,0.0,0.0
2022-11-11 00:00:00-05:00,6.940000057220459,7.0,6.824999809265137,6.829999923706055,1600,0.0,0.0
2022-11-14 00:00:00-05:00,6.928999900817871,6.980000019073486,6.928999900817871,6.980000019073486,500,0.0,0.0
2022-11-15 00:00:00-05:00,7.210000038146973,7.210000038146973,6.75,7.179999828338623,2000,0.0,0.0
2022-11-16 00:00:00-05:00,7.53000020980835,7.679999828338623,7.53000020980835,7.679999828338623,600,0.0,0.0
2022-11-17 00:00:00-05:00,7.679999828338623,7.679999828338623,7.679999828338623,7.679999828338623,0,0.0,0.0
2022-11-18 00:00:00-05:00,7.230000019073486,7.230000019073486,7.21999979019165,7.21999979019165,800,0.0,0.0
2022-11-21 00:00:00-05:00,7.21999979019165,7.21999979019165,7.21999979019165,7.21999979019165,300,0.0,0.0
2022-11-22 00:00:00-05:00,7.690000057220459,7.760000228881836,7.127999782562256,7.755000114440918,2800,0.0,0.0
2022-11-23 00:00:00-05:00,8.3100004196167,9.343000411987305,8.3100004196167,9.343000411987305,5300,0.0,0.0
2022-11-25 00:00:00-05:00,9.449999809265137,10.04699993133545,8.800000190734863,9.149999618530273,7200,0.0,0.0
2022-11-28 00:00:00-05:00,9.149999618530273,9.149999618530273,9.149999618530273,9.149999618530273,0,0.0,0.0
2022-11-29 00:00:00-05:00,8.5600004196167,8.800000190734863,8.520000457763672,8.800000190734863,2400,0.0,0.0
2022-11-30 00:00:00-05:00,8.800000190734863,8.800000190734863,8.800000190734863,8.800000190734863,1500,0.0,0.0
2022-12-01 00:00:00-05:00,9.3100004196167,10.989999771118164,9.149999618530273,10.989999771118164,3500,0.0,0.0
2022-12-02 00:00:00-05:00,10.0,10.449999809265137,9.1899995803833,9.1899995803833,2500,0.0,0.0
2022-12-05 00:00:00-05:00,9.789999961853027,9.979999542236328,9.789999961853027,9.970000267028809,1800,0.0,0.0
2022-12-06 00:00:00-05:00,9.989999771118164,10.850000381469727,9.84000015258789,10.00100040435791,4700,0.0,0.0
2022-12-07 00:00:00-05:00,9.8100004196167,11.149999618530273,9.8100004196167,9.819999694824219,3800,0.0,0.0
2022-12-08 00:00:00-05:00,9.979999542236328,10.460000038146973,9.979999542236328,10.460000038146973,200,0.0,0.0
2022-12-09 00:00:00-05:00,10.0,10.5,10.0,10.0,300,0.0,0.0
2022-12-12 00:00:00-05:00,9.399999618530273,9.399999618530273,9.399999618530273,9.399999618530273,400,0.0,0.0
2022-12-13 00:00:00-05:00,9.319999694824219,9.319999694824219,9.199999809265137,9.199999809265137,500,0.0,0.0
2022-12-14 00:00:00-05:00,8.319999694824219,9.069999694824219,8.319999694824219,9.0,1400,0.0,0.0
2022-12-15 00:00:00-05:00,9.0,9.0,9.0,9.0,100,0.0,0.0
2022-12-16 00:00:00-05:00,8.5600004196167,8.829999923706055,8.510000228881836,8.829999923706055,1200,0.0,0.0
2022-12-19 00:00:00-05:00,8.789999961853027,9.59000015258789,8.350000381469727,8.350000381469727,5700,0.0,0.0
2022-12-20 00:00:00-05:00,9.649999618530273,9.649999618530273,8.6899995803833,8.6899995803833,900,0.0,0.0
2022-12-21 00:00:00-05:00,8.779999732971191,8.779999732971191,8.779999732971191,8.779999732971191,100,0.0,0.0
2022-12-22 00:00:00-05:00,8.779999732971191,8.779999732971191,8.779999732971191,8.779999732971191,100,0.0,0.0
2022-12-23 00:00:00-05:00,9.0,9.300000190734863,8.170000076293945,8.699999809265137,9800,0.0,0.0
2022-12-27 00:00:00-05:00,9.5,9.5,8.300000190734863,8.5,1600,0.0,0.0
2022-12-28 00:00:00-05:00,8.5,8.5,8.5,8.5,0,0.0,0.0
2022-12-29 00:00:00-05:00,8.979999542236328,9.0,6.869999885559082,8.239999771118164,11800,0.0,0.0
2022-12-30 00:00:00-05:00,7.789999961853027,8.529999732971191,7.78000020980835,8.09000015258789,5500,0.0,0.0
2023-01-03 00:00:00-05:00,7.320000171661377,8.739999771118164,7.010000228881836,8.100000381469727,8900,0.0,0.0
2023-01-04 00:00:00-05:00,7.510000228881836,7.960000038146973,7.364999771118164,7.960000038146973,1300,0.0,0.0
2023-01-05 00:00:00-05:00,7.409999847412109,7.409999847412109,6.269999980926514,6.590000152587891,4500,0.0,0.0
2023-01-06 00:00:00-05:00,6.730000019073486,6.980000019073486,6.71999979019165,6.900000095367432,1200,0.0,0.0
2023-01-09 00:00:00-05:00,7.389999866485596,7.389999866485596,7.2129998207092285,7.2129998207092285,5000,0.0,0.0
2023-01-10 00:00:00-05:00,7.099999904632568,7.099999904632568,7.0,7.050000190734863,1600,0.0,0.0
2023-01-11 00:00:00-05:00,6.389999866485596,6.619999885559082,6.389999866485596,6.619999885559082,1600,0.0,0.0
2023-01-12 00:00:00-05:00,6.460000038146973,6.460000038146973,6.460000038146973,6.460000038146973,300,0.0,0.0
2023-01-13 00:00:00-05:00,6.670000076293945,7.150000095367432,6.659999847412109,6.659999847412109,2000,0.0,0.0
2023-01-17 00:00:00-05:00,6.789999961853027,6.901000022888184,6.572999954223633,6.630000114440918,2500,0.0,0.0
2023-01-18 00:00:00-05:00,7.289999961853027,7.289999961853027,6.989999771118164,6.989999771118164,3000,0.0,0.0
2023-01-19 00:00:00-05:00,6.630000114440918,6.760000228881836,6.630000114440918,6.760000228881836,4300,0.0,0.0
2023-01-20 00:00:00-05:00,6.760000228881836,6.820000171661377,6.630000114440918,6.820000171661377,1400,0.0,0.0
2023-01-23 00:00:00-05:00,6.820000171661377,6.820000171661377,6.820000171661377,6.820000171661377,400,0.0,0.0
2023-01-24 00:00:00-05:00,6.769999980926514,6.769999980926514,6.769999980926514,6.769999980926514,800,0.0,0.0
2023-01-25 00:00:00-05:00,6.760000228881836,7.980000019073486,6.400000095367432,7.460000038146973,15800,0.0,0.0
2023-01-26 00:00:00-05:00,7.409999847412109,7.539999961853027,6.539999961853027,7.0,6600,0.0,0.0
2023-01-27 00:00:00-05:00,7.150000095367432,8.119999885559082,6.949999809265137,7.019999980926514,9400,0.0,0.0
2023-01-30 00:00:00-05:00,7.900000095367432,7.900000095367432,7.199999809265137,7.199999809265137,1700,0.0,0.0
2023-01-31 00:00:00-05:00,7.199999809265137,7.199999809265137,7.199999809265137,7.199999809265137,500,0.0,0.0
2023-02-01 00:00:00-05:00,7.400000095367432,7.400000095367432,6.599999904632568,6.71999979019165,2700,0.0,0.0
2023-02-02 00:00:00-05:00,6.539999961853027,6.599999904632568,6.0,6.409999847412109,2400,0.0,0.0
2023-02-03 00:00:00-05:00,6.409999847412109,6.409999847412109,6.409999847412109,6.409999847412109,600,0.0,0.0
2023-02-06 00:00:00-05:00,5.760000228881836,5.760000228881836,5.179999828338623,5.690000057220459,4100,0.0,0.0
2023-02-07 00:00:00-05:00,5.829999923706055,5.889999866485596,5.510000228881836,5.889999866485596,4600,0.0,0.0
2023-02-08 00:00:00-05:00,5.889999866485596,5.889999866485596,5.889999866485596,5.889999866485596,500,0.0,0.0
2023-02-09 00:00:00-05:00,5.889999866485596,5.889999866485596,5.889999866485596,5.889999866485596,0,0.0,0.0
2023-02-10 00:00:00-05:00,5.889999866485596,5.889999866485596,5.889999866485596,5.889999866485596,300,0.0,0.0
2023-02-13 00:00:00-05:00,5.630000114440918,5.630000114440918,5.630000114440918,5.630000114440918,300,0.0,0.0
2023-02-14 00:00:00-05:00,5.565999984741211,5.565999984741211,5.420000076293945,5.420000076293945,3500,0.0,0.0
2023-02-15 00:00:00-05:00,5.420000076293945,5.420000076293945,5.420000076293945,5.420000076293945,0,0.0,0.0
2023-02-16 00:00:00-05:00,5.420000076293945,5.420000076293945,5.420000076293945,5.420000076293945,0,0.0,0.0
2023-02-17 00:00:00-05:00,5.690000057220459,5.690000057220459,5.690000057220459,5.690000057220459,800,0.0,0.0
2023-02-21 00:00:00-05:00,5.519999980926514,5.550000190734863,5.519999980926514,5.550000190734863,1600,0.0,0.0
2023-02-22 00:00:00-05:00,5.440000057220459,5.440000057220459,5.440000057220459,5.440000057220459,1000,0.0,0.0
2023-02-23 00:00:00-05:00,5.440000057220459,5.440000057220459,5.440000057220459,5.440000057220459,400,0.0,0.0
2023-02-24 00:00:00-05:00,6.480000019073486,7.244999885559082,5.760000228881836,6.090000152587891,6000,0.0,0.0
2023-02-27 00:00:00-05:00,6.199999809265137,6.199999809265137,6.010000228881836,6.099999904632568,1300,0.0,0.0
2023-02-28 00:00:00-05:00,6.005000114440918,6.005000114440918,6.005000114440918,6.005000114440918,400,0.0,0.0
2023-03-01 00:00:00-05:00,6.579999923706055,7.239999771118164,6.579999923706055,7.179999828338623,3300,0.0,0.0
2023-03-02 00:00:00-05:00,7.099999904632568,7.639999866485596,7.098999977111816,7.400000095367432,4000,0.0,0.0
2023-03-03 00:00:00-05:00,8.289999961853027,8.289999961853027,6.079999923706055,6.71999979019165,3900,0.0,0.0
2023-03-06 00:00:00-05:00,7.440000057220459,8.1899995803833,7.440000057220459,8.180000305175781,1200,0.0,0.0
2023-03-07 00:00:00-05:00,8.449999809265137,8.53499984741211,8.34000015258789,8.34000015258789,1600,0.0,0.0
2023-03-08 00:00:00-05:00,7.989999771118164,7.989999771118164,6.8480000495910645,7.909999847412109,3200,0.0,0.0
2023-03-09 00:00:00-05:00,7.889999866485596,7.929999828338623,7.5920000076293945,7.5920000076293945,900,0.0,0.0
2023-03-10 00:00:00-05:00,7.679999828338623,7.880000114440918,7.639999866485596,7.800000190734863,2800,0.0,0.0
2023-03-13 00:00:00-04:00,7.349999904632568,7.480000019073486,6.960000038146973,7.400000095367432,9500,0.0,0.0
2023-03-14 00:00:00-04:00,7.519999980926514,8.40999984741211,7.519999980926514,8.40999984741211,2500,0.0,0.0
2023-03-15 00:00:00-04:00,7.820000171661377,7.820000171661377,7.0269999504089355,7.0269999504089355,1400,0.0,0.0
2023-03-16 00:00:00-04:00,6.710000038146973,6.710000038146973,6.710000038146973,6.710000038146973,200,0.0,0.0
2023-03-17 00:00:00-04:00,6.710000038146973,6.949999809265137,6.679999828338623,6.949999809265137,2300,0.0,0.0
2023-03-20 00:00:00-04:00,7.050000190734863,7.050000190734863,6.929999828338623,6.945000171661377,1900,0.0,0.0
2023-03-21 00:00:00-04:00,6.699999809265137,6.699999809265137,6.699999809265137,6.699999809265137,600,0.0,0.0
2023-03-22 00:00:00-04:00,6.78000020980835,6.989999771118164,6.394999980926514,6.989999771118164,1400,0.0,0.0
2023-03-23 00:00:00-04:00,6.989999771118164,6.989999771118164,6.989999771118164,6.989999771118164,0,0.0,0.0
2023-03-24 00:00:00-04:00,6.989999771118164,6.989999771118164,6.989999771118164,6.989999771118164,0,0.0,0.0
2023-03-27 00:00:00-04:00,6.989999771118164,6.989999771118164,6.989999771118164,6.989999771118164,0,0.0,0.0
2023-03-28 00:00:00-04:00,6.989999771118164,6.989999771118164,6.989999771118164,6.989999771118164,0,0.0,0.0
2023-03-29 00:00:00-04:00,6.989999771118164,6.989999771118164,6.989999771118164,6.989999771118164,0,0.0,0.0
2023-03-30 00:00:00-04:00,6.989999771118164,6.989999771118164,6.989999771118164,6.989999771118164,0,0.0,0.0
2023-03-31 00:00:00-04:00,6.989999771118164,6.989999771118164,6.989999771118164,6.989999771118164,0,0.0,0.0
2023-04-03 00:00:00-04:00,6.989999771118164,6.989999771118164,6.989999771118164,6.989999771118164,0,0.0,0.0
2023-04-04 00:00:00-04:00,6.989999771118164,6.989999771118164,6.989999771118164,6.989999771118164,0,0.0,0.0
2023-04-05 00:00:00-04:00,6.989999771118164,6.989999771118164,6.989999771118164,6.989999771118164,0,0.0,0.0
2023-04-06 00:00:00-04:00,6.989999771118164,6.989999771118164,6.989999771118164,6.989999771118164,0,0.0,0.0
2023-04-10 00:00:00-04:00,6.989999771118164,6.989999771118164,6.989999771118164,6.989999771118164,0,0.0,0.0
2023-04-11 00:00:00-04:00,6.989999771118164,6.989999771118164,6.989999771118164,6.989999771118164,0,0.0,0.0
2023-04-12 00:00:00-04:00,6.159999847412109,7.230000019073486,6.159999847412109,6.840000152587891,1300,0.0,0.0
2023-04-13 00:00:00-04:00,6.840000152587891,6.840000152587891,6.840000152587891,6.840000152587891,0,0.0,0.0
2023-04-14 00:00:00-04:00,6.840000152587891,6.840000152587891,6.840000152587891,6.840000152587891,0,0.0,0.0
2023-04-17 00:00:00-04:00,6.840000152587891,6.840000152587891,6.840000152587891,6.840000152587891,0,0.0,0.0
2023-04-18 00:00:00-04:00,7.0,7.0,7.0,7.0,500,0.0,0.0
2023-04-19 00:00:00-04:00,6.610000133514404,7.28000020980835,6.610000133514404,7.28000020980835,600,0.0,0.0
2023-04-20 00:00:00-04:00,6.900000095367432,6.900000095367432,6.900000095367432,6.900000095367432,700,0.0,0.0
2023-04-21 00:00:00-04:00,6.642000198364258,6.642000198364258,6.642000198364258,6.642000198364258,700,0.0,0.0
2023-04-24 00:00:00-04:00,6.642000198364258,6.642000198364258,6.642000198364258,6.642000198364258,0,0.0,0.0
2023-04-25 00:00:00-04:00,6.300000190734863,6.309999942779541,6.300000190734863,6.309999942779541,600,0.0,0.0
2023-04-26 00:00:00-04:00,6.309999942779541,6.309999942779541,6.309999942779541,6.309999942779541,0,0.0,0.0
2023-04-27 00:00:00-04:00,6.309999942779541,6.309999942779541,6.309999942779541,6.309999942779541,0,0.0,0.0
2023-04-28 00:00:00-04:00,6.829999923706055,6.829999923706055,6.809999942779541,6.809999942779541,1300,0.0,0.0
2023-05-01 00:00:00-04:00,6.809999942779541,6.809999942779541,6.809999942779541,6.809999942779541,0,0.0,0.0
2023-05-02 00:00:00-04:00,6.809999942779541,6.809999942779541,6.809999942779541,6.809999942779541,0,0.0,0.0
2023-05-03 00:00:00-04:00,6.599999904632568,6.599999904632568,6.599999904632568,6.599999904632568,1400,0.0,0.0
2023-05-04 00:00:00-04:00,6.599999904632568,6.599999904632568,6.599999904632568,6.599999904632568,0,0.0,0.0
2023-05-05 00:00:00-04:00,6.599999904632568,6.599999904632568,6.599999904632568,6.599999904632568,0,0.0,0.0
2023-05-08 00:00:00-04:00,6.599999904632568,6.599999904632568,6.599999904632568,6.599999904632568,0,0.0,0.0
2023-05-09 00:00:00-04:00,6.599999904632568,6.599999904632568,6.599999904632568,6.599999904632568,0,0.0,0.0
2023-05-10 00:00:00-04:00,6.599999904632568,6.599999904632568,6.599999904632568,6.599999904632568,0,0.0,0.0
2023-05-11 00:00:00-04:00,6.75,6.989999771118164,6.0,6.0,1400,0.0,0.0
2023-05-12 00:00:00-04:00,6.440000057220459,6.440000057220459,6.440000057220459,6.440000057220459,800,0.0,0.0
2023-05-15 00:00:00-04:00,6.440000057220459,6.440000057220459,6.440000057220459,6.440000057220459,0,0.0,0.0
2023-05-16 00:00:00-04:00,6.440000057220459,6.440000057220459,6.440000057220459,6.440000057220459,0,0.0,0.0
2023-05-17 00:00:00-04:00,6.440000057220459,6.440000057220459,6.440000057220459,6.440000057220459,0,0.0,0.0
2023-05-18 00:00:00-04:00,5.75,6.329999923706055,5.75,6.329999923706055,300,0.0,0.0
2023-05-19 00:00:00-04:00,6.329999923706055,6.329999923706055,6.329999923706055,6.329999923706055,100,0.0,0.0
2023-05-22 00:00:00-04:00,6.329999923706055,6.329999923706055,6.329999923706055,6.329999923706055,0,0.0,0.0
2023-05-23 00:00:00-04:00,6.639999866485596,6.639999866485596,6.199999809265137,6.199999809265137,1400,0.0,0.0
2023-05-24 00:00:00-04:00,6.099999904632568,6.099999904632568,6.098999977111816,6.099999904632568,700,0.0,0.0
2023-05-25 00:00:00-04:00,5.75,5.769999980926514,5.599999904632568,5.599999904632568,1400,0.0,0.0
2023-05-26 00:00:00-04:00,5.670000076293945,5.670000076293945,5.670000076293945,5.670000076293945,400,0.0,0.0
2023-05-30 00:00:00-04:00,5.599999904632568,5.610000133514404,5.599999904632568,5.610000133514404,1900,0.0,0.0
2023-05-31 00:00:00-04:00,5.119999885559082,5.164999961853027,5.119999885559082,5.164999961853027,700,0.0,0.0
2023-06-01 00:00:00-04:00,5.010000228881836,5.190000057220459,5.008999824523926,5.190000057220459,1100,0.0,0.0
2023-06-02 00:00:00-04:00,5.190000057220459,5.190000057220459,5.190000057220459,5.190000057220459,0,0.0,0.0
2023-06-05 00:00:00-04:00,5.190000057220459,5.190000057220459,5.190000057220459,5.190000057220459,0,0.0,0.0
2023-06-06 00:00:00-04:00,5.21999979019165,5.21999979019165,5.110000133514404,5.111000061035156,500,0.0,0.0
2023-06-07 00:00:00-04:00,4.989999771118164,5.25,4.849999904632568,5.25,2400,0.0,0.0
2023-06-08 00:00:00-04:00,4.949999809265137,5.25,4.949999809265137,5.050000190734863,3800,0.0,0.0
2023-06-09 00:00:00-04:00,5.449999809265137,5.449999809265137,4.989999771118164,5.0,4000,0.0,0.0
2023-06-12 00:00:00-04:00,4.980000019073486,5.110000133514404,4.949999809265137,4.949999809265137,3100,0.0,0.0
2023-06-13 00:00:00-04:00,5.460000038146973,5.460000038146973,5.099999904632568,5.230000019073486,2000,0.0,0.0
2023-06-14 00:00:00-04:00,5.230000019073486,5.230000019073486,5.230000019073486,5.230000019073486,0,0.0,0.0
2023-06-15 00:00:00-04:00,5.230000019073486,5.230000019073486,5.230000019073486,5.230000019073486,0,0.0,0.0
2023-06-16 00:00:00-04:00,5.230000019073486,5.230000019073486,5.230000019073486,5.230000019073486,0,0.0,0.0
2023-06-20 00:00:00-04:00,5.230000019073486,5.230000019073486,5.230000019073486,5.230000019073486,0,0.0,0.0
2023-06-21 00:00:00-04:00,5.329999923706055,5.579999923706055,5.150000095367432,5.150000095367432,4500,0.0,0.0
2023-06-22 00:00:00-04:00,5.150000095367432,5.150000095367432,5.150000095367432,5.150000095367432,100,0.0,0.0
2023-06-23 00:00:00-04:00,5.320000171661377,5.400000095367432,5.199999809265137,5.25,3700,0.0,0.0
2023-06-26 00:00:00-04:00,5.699999809265137,5.75,4.974999904632568,5.25,7200,0.0,0.0
2023-06-27 00:00:00-04:00,5.340000152587891,5.340000152587891,5.340000152587891,5.340000152587891,600,0.0,0.0
2023-06-28 00:00:00-04:00,5.340000152587891,5.340000152587891,5.340000152587891,5.340000152587891,0,0.0,0.0
2023-06-29 00:00:00-04:00,5.340000152587891,5.340000152587891,5.340000152587891,5.340000152587891,0,0.0,0.0
2023-06-30 00:00:00-04:00,5.340000152587891,5.340000152587891,5.340000152587891,5.340000152587891,0,0.0,0.0
2023-07-03 00:00:00-04:00,5.0,5.449999809265137,5.0,5.449999809265137,1200,0.0,0.0
2023-07-05 00:00:00-04:00,5.480000019073486,5.5,5.099999904632568,5.429999828338623,2600,0.0,0.0
2023-07-06 00:00:00-04:00,5.119999885559082,5.599999904632568,5.119999885559082,5.300000190734863,5200,0.0,0.0
2023-07-07 00:00:00-04:00,5.300000190734863,5.300000190734863,5.300000190734863,5.300000190734863,900,0.0,0.0
2023-07-10 00:00:00-04:00,5.21999979019165,5.380000114440918,5.21999979019165,5.380000114440918,2500,0.0,0.0
2023-07-11 00:00:00-04:00,5.380000114440918,5.380000114440918,5.380000114440918,5.380000114440918,100,0.0,0.0
2023-07-12 00:00:00-04:00,5.699999809265137,6.25,5.409999847412109,5.409999847412109,4000,0.0,0.0
2023-07-13 00:00:00-04:00,5.340000152587891,5.409999847412109,5.340000152587891,5.409999847412109,500,0.0,0.0
2023-07-14 00:00:00-04:00,5.409999847412109,5.409999847412109,5.409999847412109,5.409999847412109,300,0.0,0.0
2023-07-17 00:00:00-04:00,5.340000152587891,5.400000095367432,5.230000019073486,5.230000019073486,2000,0.0,0.0
2023-07-18 00:00:00-04:00,5.230000019073486,5.230000019073486,5.230000019073486,5.230000019073486,200,0.0,0.0
2023-07-19 00:00:00-04:00,5.230000019073486,5.230000019073486,5.230000019073486,5.230000019073486,100,0.0,0.0
2023-07-20 00:00:00-04:00,5.053999900817871,5.25,5.053999900817871,5.239999771118164,1400,0.0,0.0
2023-07-21 00:00:00-04:00,5.309999942779541,5.5,4.900000095367432,4.900000095367432,6300,0.0,0.0
2023-07-24 00:00:00-04:00,4.820000171661377,4.820000171661377,4.809999942779541,4.809999942779541,1900,0.0,0.0
2023-07-25 00:00:00-04:00,5.389999866485596,5.5,5.099999904632568,5.099999904632568,2400,0.0,0.0
2023-07-26 00:00:00-04:00,5.199999809265137,5.199999809265137,5.199999809265137,5.199999809265137,1300,0.0,0.0
2023-07-27 00:00:00-04:00,5.199999809265137,5.199999809265137,5.199999809265137,5.199999809265137,0,0.0,0.0
2023-07-28 00:00:00-04:00,5.199999809265137,5.199999809265137,5.199999809265137,5.199999809265137,0,0.0,0.0
