Date,Open,High,Low,Close,Volume,Dividends,Stock Splits,Capital Gains
2019-12-26 00:00:00-05:00,24.6700439453125,24.6700439453125,24.6700439453125,24.6700439453125,0,0.0,0.0,0.0
2019-12-27 00:00:00-05:00,24.6700439453125,24.6700439453125,24.6700439453125,24.6700439453125,0,0.0,0.0,0.0
2019-12-30 00:00:00-05:00,24.689678334028535,24.719129917102588,24.6700439453125,24.6700439453125,25801,0.0,0.0,0.0
2019-12-31 00:00:00-05:00,24.689679316291084,24.712553024291992,24.640595214986583,24.712553024291992,15000,0.0,0.0,0.0
2020-01-02 00:00:00-05:00,24.86638369259551,25.044857025146484,24.86638369259551,25.044857025146484,15313,0.0,0.0,0.0
2020-01-03 00:00:00-05:00,24.93510210896262,25.03327217826702,24.93510210896262,24.984188079833984,23120,0.0,0.0,0.0
2020-01-06 00:00:00-05:00,24.935103491224048,25.030524826346802,24.935103491224048,25.028560638427734,5393,0.0,0.0,0.0
2020-01-07 00:00:00-05:00,25.033273839724924,25.07529135868198,25.013639450073242,25.013639450073242,5677,0.0,0.0,0.0
2020-01-08 00:00:00-05:00,24.964554949637375,25.17699432373047,24.964554949637375,25.17699432373047,5000,0.0,0.0,0.0
2020-01-09 00:00:00-05:00,25.4357695062881,25.4357695062881,25.385408401489258,25.385408401489258,2041,0.0,0.0,0.0
2020-01-10 00:00:00-05:00,25.371858596801758,25.371858596801758,25.371858596801758,25.371858596801758,17,0.0,0.0,0.0
2020-01-13 00:00:00-05:00,25.455402686680056,25.671375345620362,25.455402686680056,25.661558151245117,789,0.0,0.0,0.0
2020-01-14 00:00:00-05:00,25.62229186682574,25.62229186682574,25.502819061279297,25.502819061279297,1000,0.0,0.0,0.0
2020-01-15 00:00:00-05:00,25.595687866210938,25.595687866210938,25.595687866210938,25.595687866210938,66,0.0,0.0,0.0
2020-01-16 00:00:00-05:00,25.736953735351562,25.736953735351562,25.736953735351562,25.736953735351562,30,0.0,0.0,0.0
2020-01-17 00:00:00-05:00,25.86771494669761,25.92229652404785,25.835121412668943,25.92229652404785,2851,0.0,0.0,0.0
2020-01-21 00:00:00-05:00,25.749912274472077,25.788787841796875,25.749912274472077,25.788787841796875,1052,0.0,0.0,0.0
2020-01-22 00:00:00-05:00,25.85122299194336,25.85122299194336,25.85122299194336,25.85122299194336,600,0.0,0.0,0.0
2020-01-23 00:00:00-05:00,25.81058120727539,25.81058120727539,25.81058120727539,25.81058120727539,4,0.0,0.0,0.0
2020-01-24 00:00:00-05:00,25.651741871787422,25.651741871787422,25.573206186422702,25.594804763793945,2000,0.0,0.0,0.0
2020-01-27 00:00:00-05:00,25.1805263007382,25.190343494894826,25.07901954650879,25.07901954650879,2115,0.0,0.0,0.0
2020-01-28 00:00:00-05:00,25.371858478225956,25.37932014465332,25.371858478225956,25.37932014465332,119,0.0,0.0,0.0
2020-01-29 00:00:00-05:00,25.435767456793446,25.62229039887825,25.435767456793446,25.524120330810547,2758,0.0,0.0,0.0
2020-01-30 00:00:00-05:00,25.459623336791992,25.459623336791992,25.459623336791992,25.459623336791992,84,0.0,0.0,0.0
2020-01-31 00:00:00-05:00,25.26887945917301,25.26887945917301,25.132129669189453,25.132129669189453,1000,0.0,0.0,0.0
2020-02-03 00:00:00-05:00,25.347415587212364,25.504486953369593,25.347415587212364,25.440185546875,1556,0.0,0.0,0.0
2020-02-04 00:00:00-05:00,25.749910986058662,26.005152422082393,25.749910986058662,25.916799545288086,2321,0.0,0.0,0.0
2020-02-05 00:00:00-05:00,26.162225561861177,26.162225561861177,25.82707405090332,25.82707405090332,1270,0.0,0.0,0.0
2020-02-06 00:00:00-05:00,26.073871583300427,26.073871583300427,25.995335898837773,26.01801300048828,680,0.0,0.0,0.0
2020-02-07 00:00:00-05:00,25.832177812958694,25.872622480711176,25.832177812958694,25.839834213256836,662,0.0,0.0,0.0
2020-02-10 00:00:00-05:00,25.828446195679216,26.077796936035156,25.828446195679216,26.077796936035156,331,0.0,0.0,0.0
2020-02-11 00:00:00-05:00,26.2702119496094,26.2702119496094,26.0784854888916,26.0784854888916,200,0.0,0.0,0.0
2020-02-12 00:00:00-05:00,26.280029846616372,26.456735610961914,26.27021265165957,26.456735610961914,1350,0.0,0.0,0.0
2020-02-13 00:00:00-05:00,26.36838272449512,26.36838272449512,26.29878044128418,26.29878044128418,202,0.0,0.0,0.0
2020-02-14 00:00:00-05:00,26.358563993261455,26.358563993261455,26.329898834228516,26.329898834228516,250,0.0,0.0,0.0
2020-02-18 00:00:00-05:00,26.211309577319103,26.260393676336914,26.211309577319103,26.21837615966797,317,0.0,0.0,0.0
2020-02-19 00:00:00-05:00,26.427282262485445,26.47626899476088,26.427282262485445,26.43709945678711,600,0.0,0.0,0.0
2020-02-20 00:00:00-05:00,26.427282397537994,26.427282397537994,26.278947830200195,26.278947830200195,323,0.0,0.0,0.0
2020-02-21 00:00:00-05:00,26.21131155757763,26.21131155757763,25.92288862145502,25.92671775817871,1400,0.0,0.0,0.0
2020-02-24 00:00:00-05:00,25.05958386593895,25.06822329711149,24.964555740356445,24.964555740356445,682,0.0,0.0,0.0
2020-02-25 00:00:00-05:00,24.818084710256404,24.818084710256404,24.329591751098633,24.329591751098633,250,0.0,0.0,0.0
2020-02-26 00:00:00-05:00,24.517882774213906,24.517882774213906,24.397035598754883,24.397035598754883,1031,0.0,0.0,0.0
2020-02-27 00:00:00-05:00,23.41347312927246,23.41347312927246,23.41347312927246,23.41347312927246,350,0.0,0.0,0.0
2020-02-28 00:00:00-05:00,23.030610702677503,23.32512092590332,23.030610702677503,23.32512092590332,1246,0.0,0.0,0.0
2020-03-02 00:00:00-05:00,23.403655344594238,24.228378295898438,23.38244998053007,24.228378295898438,3218,0.0,0.0,0.0
2020-03-03 00:00:00-05:00,24.228279503382755,24.228279503382755,23.785436630249023,23.785436630249023,711,0.0,0.0,0.0
2020-03-04 00:00:00-05:00,23.92680182283988,24.59494400024414,23.92680182283988,24.59494400024414,2008,0.0,0.0,0.0
2020-03-05 00:00:00-05:00,23.855237673520328,23.894506454467773,23.855237673520328,23.894506454467773,720,0.0,0.0,0.0
2020-03-06 00:00:00-05:00,23.39383852324781,23.68834686279297,23.25640154778518,23.68834686279297,1788,0.0,0.0,0.0
2020-03-09 00:00:00-04:00,22.341556549072266,22.341556549072266,22.341556549072266,22.341556549072266,10,0.0,0.0,0.0
2020-03-10 00:00:00-04:00,23.177471160888672,23.177471160888672,23.177471160888672,23.177471160888672,51,0.0,0.0,0.0
2020-03-11 00:00:00-04:00,22.235435485839844,22.235435485839844,22.235435485839844,22.235435485839844,302,0.0,0.0,0.0
2020-03-12 00:00:00-04:00,20.64508819580078,20.64508819580078,20.64508819580078,20.64508819580078,138,0.0,0.0,0.0
2020-03-13 00:00:00-04:00,20.79234343070469,21.47727394104004,20.79234343070469,21.47727394104004,1000,0.0,0.0,0.0
2020-03-16 00:00:00-04:00,19.084187507339642,19.9775315012988,19.084187507339642,19.449966430664062,953,0.0,0.0,0.0
2020-03-17 00:00:00-04:00,19.63393855126214,20.291675567626953,19.63393855126214,20.291675567626953,700,0.0,0.0,0.0
2020-03-18 00:00:00-04:00,19.30016300260179,19.584856033325195,19.152908826079326,19.584856033325195,1035,0.0,0.0,0.0
2020-03-19 00:00:00-04:00,19.925600051879883,19.925600051879883,19.925600051879883,19.925600051879883,12,0.0,0.0,0.0
2020-03-20 00:00:00-04:00,20.164057191641945,20.164057191641945,19.176862716674805,19.176862716674805,1601,0.0,0.0,0.0
2020-03-23 00:00:00-04:00,18.887849807739258,18.887849807739258,18.887849807739258,18.887849807739258,362,0.0,0.0,0.0
2020-03-24 00:00:00-04:00,20.124787393193742,20.29364013671875,20.026617324105132,20.29364013671875,601,0.0,0.0,0.0
2020-03-25 00:00:00-04:00,20.59600186640486,20.67954444885254,20.59600186640486,20.67954444885254,162,0.0,0.0,0.0
2020-03-26 00:00:00-04:00,21.56729507446289,21.56729507446289,21.56729507446289,21.56729507446289,49,0.0,0.0,0.0
2020-03-27 00:00:00-04:00,21.21447044112319,21.273371730376653,20.929384231567383,20.929384231567383,1010,0.0,0.0,0.0
2020-03-30 00:00:00-04:00,21.437021255493164,21.437021255493164,21.437021255493164,21.437021255493164,102,0.0,0.0,0.0
2020-03-31 00:00:00-04:00,21.24431610107422,21.24431610107422,21.24431610107422,21.24431610107422,10,0.0,0.0,0.0
2020-04-01 00:00:00-04:00,20.46101951599121,20.46101951599121,20.46101951599121,20.46101951599121,10,0.0,0.0,0.0
2020-04-02 00:00:00-04:00,20.799407958984375,20.799407958984375,20.799407958984375,20.799407958984375,10,0.0,0.0,0.0
2020-04-03 00:00:00-04:00,20.55673375990865,20.831607695548893,20.55673375990865,20.59845542907715,1113,0.0,0.0,0.0
2020-04-06 00:00:00-04:00,21.860721588134766,21.860721588134766,21.860721588134766,21.860721588134766,12,0.0,0.0,0.0
2020-04-07 00:00:00-04:00,21.863372802734375,21.863372802734375,21.863372802734375,21.863372802734375,25,0.0,0.0,0.0
2020-04-08 00:00:00-04:00,22.137267564458796,22.20598793029785,22.137267564458796,22.20598793029785,1000,0.0,0.0,0.0
2020-04-09 00:00:00-04:00,22.29433943794014,22.433740615844727,22.29433943794014,22.433740615844727,300,0.0,0.0,0.0
2020-04-13 00:00:00-04:00,22.457889556884766,22.457889556884766,22.457889556884766,22.457889556884766,12,0.0,0.0,0.0
2020-04-14 00:00:00-04:00,23.11896365421255,23.26671028137207,23.11896365421255,23.26671028137207,1001,0.0,0.0,0.0
2020-04-15 00:00:00-04:00,22.886595426552702,22.9708251953125,22.883356108129387,22.9708251953125,2111,0.0,0.0,0.0
2020-04-16 00:00:00-04:00,23.00116205009686,23.187685012817383,23.00116205009686,23.187685012817383,1100,0.0,0.0,0.0
2020-04-17 00:00:00-04:00,23.560728096412678,23.560728096412678,23.25640254945011,23.436738967895508,7120,0.0,0.0,0.0
2020-04-20 00:00:00-04:00,23.492008712416823,23.649080077291718,23.226459503173828,23.226459503173828,1056,0.0,0.0,0.0
2020-04-21 00:00:00-04:00,22.579030990600586,22.579030990600586,22.579030990600586,22.579030990600586,302,0.0,0.0,0.0
2020-04-22 00:00:00-04:00,23.05024528503418,23.05024528503418,23.05024528503418,23.05024528503418,100,0.0,0.0,0.0
2020-04-23 00:00:00-04:00,23.0502438199809,23.079695402409673,22.903873443603516,22.903873443603516,851,0.0,0.0,0.0
2020-04-24 00:00:00-04:00,22.95207474726017,23.17963218688965,22.95207474726017,23.17963218688965,2634,0.0,0.0,0.0
2020-04-27 00:00:00-04:00,23.423290536995275,23.423290536995275,23.354572048000044,23.384021759033203,3059,0.0,0.0,0.0
2020-04-28 00:00:00-04:00,23.37420314985364,23.462556022482477,23.21084976196289,23.21084976196289,2016,0.0,0.0,0.0
2020-04-29 00:00:00-04:00,23.57054487824165,23.835603514068275,23.57054487824165,23.818815231323242,5381,0.0,0.0,0.0
2020-04-30 00:00:00-04:00,23.806150436401367,23.806150436401367,23.806150436401367,23.806150436401367,300,0.0,0.0,0.0
2020-05-01 00:00:00-04:00,23.217133616658113,23.256402395329015,23.13319969177246,23.13319969177246,1000,0.0,0.0,0.0
2020-05-04 00:00:00-04:00,23.195045471191406,23.195045471191406,23.195045471191406,23.195045471191406,10,0.0,0.0,0.0
2020-05-05 00:00:00-04:00,23.346323013305664,23.346323013305664,23.346323013305664,23.346323013305664,1,0.0,0.0,0.0
2020-05-06 00:00:00-04:00,23.48219238777392,23.560728073120117,23.48219238777392,23.560728073120117,900,0.0,0.0,0.0
2020-05-07 00:00:00-04:00,23.70798110961914,23.70798110961914,23.70798110961914,23.70798110961914,223,0.0,0.0,0.0
2020-05-08 00:00:00-04:00,24.110478199854303,24.277366767549204,24.110478199854303,24.192155838012695,11190,0.0,0.0,0.0
2020-05-11 00:00:00-04:00,24.100659123433775,24.395169328840662,24.100659123433775,24.25773048400879,12709,0.0,0.0,0.0
2020-05-12 00:00:00-04:00,24.41480469112613,24.49334037454706,23.884687423706055,23.884687423706055,10702,0.0,0.0,0.0
2020-05-13 00:00:00-04:00,23.93377142555859,23.93377142555859,23.56072739894813,23.649080276489258,695,0.0,0.0,0.0
2020-05-14 00:00:00-04:00,23.442922597288195,23.673818588256836,23.442922597288195,23.673818588256836,707,0.0,0.0,0.0
2020-05-15 00:00:00-04:00,23.766884646064103,23.914140701293945,23.766884646064103,23.914140701293945,1430,0.0,0.0,0.0
2020-05-18 00:00:00-04:00,24.34608376485435,24.58169268208877,24.317418606196306,24.556167602539062,1821,0.0,0.0,0.0
2020-05-19 00:00:00-04:00,24.6210587664589,24.728948671972002,24.420204162597656,24.420204162597656,4580,0.0,0.0,0.0
2020-05-20 00:00:00-04:00,24.762617618070966,24.87619972229004,24.762617618070966,24.87619972229004,575,0.0,0.0,0.0
2020-05-21 00:00:00-04:00,24.876201388736416,24.876201388736416,24.581693046485153,24.660228729248047,1300,0.0,0.0,0.0
2020-05-22 00:00:00-04:00,24.50315423158886,24.57187458885709,24.50315423158886,24.54271697998047,7078,0.0,0.0,0.0
2020-05-26 00:00:00-04:00,25.033270214224004,25.033270214224004,24.73876190185547,24.73876190185547,759,0.0,0.0,0.0
2020-05-27 00:00:00-04:00,24.86638494556868,24.86638494556868,24.819656372070312,24.819656372070312,200,0.0,0.0,0.0
2020-05-28 00:00:00-04:00,24.846750259399414,24.846750259399414,24.846750259399414,24.846750259399414,200,0.0,0.0,0.0
2020-05-29 00:00:00-04:00,24.994004989092858,25.023456573486328,24.994004989092858,25.023456573486328,1211,0.0,0.0,0.0
2020-06-01 00:00:00-04:00,25.29244041442871,25.29244041442871,25.29244041442871,25.29244041442871,68,0.0,0.0,0.0
2020-06-02 00:00:00-04:00,25.32778223886973,25.426738739013672,25.32778223886973,25.426738739013672,3018,0.0,0.0,0.0
2020-06-03 00:00:00-04:00,25.602656296759022,25.67441749572754,25.524120615915276,25.67441749572754,2256,0.0,0.0,0.0
2020-06-04 00:00:00-04:00,25.671377624368073,25.700829210108115,25.439992904663086,25.439992904663086,758,0.0,0.0,0.0
2020-06-05 00:00:00-04:00,25.818629202331497,26.024786536827364,25.818629202331497,25.931720733642578,916,0.0,0.0,0.0
2020-06-08 00:00:00-04:00,25.927599517154512,26.094587326049805,25.927599517154512,26.094587326049805,1105,0.0,0.0,0.0
2020-06-09 00:00:00-04:00,26.04442098612405,26.25489616394043,26.0149694032878,26.25489616394043,2478,0.0,0.0,0.0
2020-06-10 00:00:00-04:00,26.38801337075166,26.564719122537944,26.38801337075166,26.449369430541992,683,0.0,0.0,0.0
2020-06-11 00:00:00-04:00,25.975603309447205,25.975603309447205,25.190343856811523,25.190343856811523,987,0.0,0.0,0.0
2020-06-12 00:00:00-04:00,25.769545244209088,25.808814021446867,25.303238812921443,25.435768127441406,2529,0.0,0.0,0.0
2020-06-15 00:00:00-04:00,25.347416918127674,25.545425415039062,25.347416918127674,25.545425415039062,380,0.0,0.0,0.0
2020-06-16 00:00:00-04:00,26.064054346768224,26.299663272215664,25.848081682952884,26.083688735961914,51008,0.0,0.0,0.0
2020-06-17 00:00:00-04:00,26.132774353027344,26.132774353027344,26.132774353027344,26.132774353027344,412,0.0,0.0,0.0
2020-06-18 00:00:00-04:00,26.03460375196394,26.23094201992309,26.03460375196394,26.201492309570312,50299,0.0,0.0,0.0
2020-06-19 00:00:00-04:00,26.446918365037686,26.515636857164413,26.094684600830078,26.094684600830078,104109,0.0,0.0,0.0
2020-06-22 00:00:00-04:00,26.211310062493844,26.40764833463769,26.211310062493844,26.378198623657227,42690,0.0,0.0,0.0
2020-06-23 00:00:00-04:00,26.711975009912628,26.908315162847465,26.61380680588368,26.67810821533203,157567,0.0,0.0,0.0
2020-06-24 00:00:00-04:00,26.505817060299737,26.505817060299737,26.003189086914062,26.003189086914062,3224,0.0,0.0,0.0
2020-06-25 00:00:00-04:00,26.154373168945312,26.154373168945312,26.154373168945312,26.154373168945312,175,0.0,0.0,0.0
2020-06-26 00:00:00-04:00,26.12295674876419,26.12295674876419,25.506254196166992,25.506254196166992,1159,0.0,0.0,0.0
2020-06-29 00:00:00-04:00,25.72046125430966,25.73940658569336,25.72046125430966,25.73940658569336,199,0.0,0.0,0.0
2020-06-30 00:00:00-04:00,26.067489624023438,26.067489624023438,26.067489624023438,26.067489624023438,137,0.0,0.0,0.0
2020-07-01 00:00:00-04:00,26.378200188646044,26.381046295166016,26.378200188646044,26.381046295166016,50025,0.0,0.0,0.0
2020-07-02 00:00:00-04:00,26.503854751586914,26.503854751586914,26.503854751586914,26.503854751586914,87,0.0,0.0,0.0
2020-07-06 00:00:00-04:00,27.16286849975586,27.16286849975586,27.16286849975586,27.16286849975586,55,0.0,0.0,0.0
2020-07-07 00:00:00-04:00,27.192024116602315,27.192024116602315,26.961326599121094,26.961326599121094,210,0.0,0.0,0.0
2020-07-08 00:00:00-04:00,27.2028210631117,27.467879683904616,27.2028210631117,27.454038619995117,8728,0.0,0.0,0.0
2020-07-09 00:00:00-04:00,27.624951540156438,27.624951540156438,27.20184039489414,27.407211303710938,1974,0.0,0.0,0.0
2020-07-10 00:00:00-04:00,27.352629969117068,27.69367027282715,27.352629969117068,27.69367027282715,2473,0.0,0.0,0.0
2020-07-13 00:00:00-04:00,28.1059851234985,28.1158023184836,27.24641227722168,27.24641227722168,670,0.0,0.0,0.0
2020-07-14 00:00:00-04:00,26.996765300950468,27.492326736450195,26.9966679341505,27.492326736450195,2163,0.0,0.0,0.0
2020-07-15 00:00:00-04:00,27.762388733819662,27.762388733819662,27.662057876586914,27.662057876586914,1291,0.0,0.0,0.0
2020-07-16 00:00:00-04:00,27.291176317945734,27.40966796875,27.291176317945734,27.40966796875,730,0.0,0.0,0.0
2020-07-17 00:00:00-04:00,27.438429418118332,27.51696509611996,27.256814141383483,27.437742233276367,3576,0.0,0.0,0.0
2020-07-20 00:00:00-04:00,27.466897938557036,27.87037467956543,27.466897938557036,27.87037467956543,1357,0.0,0.0,0.0
2020-07-21 00:00:00-04:00,28.03706937410778,28.037265980144305,27.845050811767578,27.845050811767578,373,0.0,0.0,0.0
2020-07-22 00:00:00-04:00,27.80165644115197,27.840925216674805,27.80165644115197,27.840925216674805,2101,0.0,0.0,0.0
2020-07-23 00:00:00-04:00,27.919462168080443,27.919462168080443,27.35007800411009,27.46503448486328,1303,0.0,0.0,0.0
2020-07-24 00:00:00-04:00,27.37952576105545,27.46787863126719,27.37952576105545,27.39219093322754,1525,0.0,0.0,0.0
2020-07-27 00:00:00-04:00,27.615135877599954,27.684738159179688,27.615135877599954,27.684738159179688,212,0.0,0.0,0.0
2020-07-28 00:00:00-04:00,27.474262237548828,27.474262237548828,27.474262237548828,27.474262237548828,267,0.0,0.0,0.0
2020-07-29 00:00:00-04:00,27.768869430127676,27.776134490966797,27.768869430127676,27.776134490966797,312,0.0,0.0,0.0
2020-07-30 00:00:00-04:00,27.497331864181408,27.71330451965332,27.48751466996382,27.71330451965332,823,0.0,0.0,0.0
2020-07-31 00:00:00-04:00,27.88019306812502,28.116783142089844,27.782612816493867,28.116783142089844,9050,0.0,0.0,0.0
2020-08-03 00:00:00-04:00,28.410311413996826,28.469212709112234,28.302520751953125,28.302520751953125,71541,0.0,0.0,0.0
2020-08-04 00:00:00-04:00,28.474611282348633,28.474611282348633,28.474611282348633,28.474611282348633,21,0.0,0.0,0.0
2020-08-05 00:00:00-04:00,28.804949113440657,28.804949113440657,28.76764639933729,28.768136978149414,1129,0.0,0.0,0.0
2020-08-06 00:00:00-04:00,29.146582682719895,29.146582682719895,29.09906768798828,29.09906768798828,1740,0.0,0.0,0.0
2020-08-07 00:00:00-04:00,28.99834466767997,28.99834466767997,28.677624079607583,28.776874542236328,1874,0.0,0.0,0.0
2020-08-10 00:00:00-04:00,28.82262568852659,28.82262568852659,28.596833946312916,28.67978858947754,1061,0.0,0.0,0.0
2020-08-11 00:00:00-04:00,28.492773056030273,28.492773056030273,28.492773056030273,28.492773056030273,74,0.0,0.0,0.0
2020-08-12 00:00:00-04:00,28.84716619120451,29.018962414975093,28.84716619120451,28.99765968322754,590,0.0,0.0,0.0
2020-08-13 00:00:00-04:00,29.058231581779776,29.058231581779776,29.019062042236328,29.019062042236328,394,0.0,0.0,0.0
2020-08-14 00:00:00-04:00,28.969877883458025,28.989512272293435,28.95024349462262,28.966638565063477,1493,0.0,0.0,0.0
2020-08-17 00:00:00-04:00,29.126948566121868,29.126948566121868,29.10603904724121,29.10603904724121,166,0.0,0.0,0.0
2020-08-18 00:00:00-04:00,29.26438529937151,29.342920979787376,29.26428793257892,29.317790985107422,1881,0.0,0.0,0.0
2020-08-19 00:00:00-04:00,29.205484531998998,29.205484531998998,29.185850143432617,29.185850143432617,657,0.0,0.0,0.0
2020-08-20 00:00:00-04:00,29.362460533914117,29.421459197998047,29.362460533914117,29.421459197998047,1155,0.0,0.0,0.0
2020-08-21 00:00:00-04:00,29.40182546642558,29.6963338131175,29.40182546642558,29.692800521850586,9981,0.0,0.0,0.0
2020-08-24 00:00:00-04:00,30.084496019932573,30.084496019932573,29.953146337909978,30.064470291137695,9425,0.0,0.0,0.0
2020-08-25 00:00:00-04:00,30.933272320891668,30.933272320891668,30.089012311913496,30.314802169799805,16879,0.0,0.0,0.0
2020-08-26 00:00:00-04:00,30.442423662649368,30.835102081298828,30.427698807087015,30.835102081298828,4778,0.0,0.0,0.0
2020-08-27 00:00:00-04:00,30.80564940469819,30.864552569734425,30.560225167695556,30.727113723754883,5764,0.0,0.0,0.0
2020-08-28 00:00:00-04:00,30.8056496245392,30.88418530604297,30.79583430273478,30.85807228088379,3493,0.0,0.0,0.0
2020-08-31 00:00:00-04:00,30.933271620897273,30.933271620897273,30.87437032722469,30.903820037841797,2272,0.0,0.0,0.0
2020-09-01 00:00:00-04:00,31.07070808058538,31.27686541367086,31.019759033499014,31.271465301513672,2511,0.0,0.0,0.0
2020-09-02 00:00:00-04:00,31.610643659516104,31.610643659516104,31.269798079922463,31.559200286865234,4549,0.0,0.0,0.0
2020-09-03 00:00:00-04:00,31.306314858206168,31.306314858206168,30.275533818838575,30.39687156677246,5929,0.0,0.0,0.0
2020-09-04 00:00:00-04:00,29.941757303473132,30.481689882921074,29.519627310752064,30.177364349365234,5095,0.0,0.0,0.0
2020-09-08 00:00:00-04:00,29.941757028455157,29.941757028455157,29.27430204090519,29.29305076599121,2429,0.0,0.0,0.0
2020-09-09 00:00:00-04:00,29.784685705715198,29.97022562095067,29.784685705715198,29.83985710144043,4426,0.0,0.0,0.0
2020-09-10 00:00:00-04:00,30.128279256983205,30.128279256983205,29.349007887692036,29.38876724243164,806,0.0,0.0,0.0
2020-09-11 00:00:00-04:00,29.65706377603641,29.65706377603641,29.136765594137167,29.334674835205078,6801,0.0,0.0,0.0
2020-09-14 00:00:00-04:00,29.637432240474833,29.85340490119537,29.54907936280771,29.6177978515625,2164,0.0,0.0,0.0
2020-09-15 00:00:00-04:00,29.98593218782435,30.059560205042228,29.882854461669922,29.882854461669922,785,0.0,0.0,0.0
2020-09-16 00:00:00-04:00,29.78959441765347,29.887273912048347,29.614952087402344,29.614952087402344,2658,0.0,0.0,0.0
2020-09-17 00:00:00-04:00,29.185948453786647,29.426365785744654,29.068046631784746,29.27940559387207,2389,0.0,0.0,0.0
2020-09-18 00:00:00-04:00,29.225119894573577,29.225119894573577,28.812807083129883,28.812807083129883,3499,0.0,0.0,0.0
2020-09-21 00:00:00-04:00,28.35140627625771,28.642873764038086,27.98817946377577,28.642873764038086,1910,0.0,0.0,0.0
2020-09-22 00:00:00-04:00,28.80298957190782,29.012483596801758,28.685185110316674,29.012483596801758,6005,0.0,0.0,0.0
2020-09-23 00:00:00-04:00,29.146582703211408,29.146582703211408,28.374771118164062,28.374771118164062,3706,0.0,0.0,0.0
2020-09-24 00:00:00-04:00,28.31214112660255,28.714636739653912,28.31214112660255,28.477752685546875,978,0.0,0.0,0.0
2020-09-25 00:00:00-04:00,28.59673526533595,28.870727306999015,28.59673526533595,28.868566513061523,2364,0.0,0.0,0.0
2020-09-28 00:00:00-04:00,29.323289779199136,29.323387145996094,29.29285703783469,29.323387145996094,1101,0.0,0.0,0.0
2020-09-29 00:00:00-04:00,29.480362464593792,29.480362464593792,29.234251022338867,29.234251022338867,1550,0.0,0.0,0.0
2020-09-30 00:00:00-04:00,29.646267010218676,29.646267010218676,29.539262771606445,29.539262771606445,2159,0.0,0.0,0.0
2020-10-01 00:00:00-04:00,29.755236331532927,29.837011337280273,29.696335034260144,29.837011337280273,1610,0.0,0.0,0.0
2020-10-02 00:00:00-04:00,29.499993954084374,30.089012525638143,29.499993954084374,29.534452438354492,2522,0.0,0.0,0.0
2020-10-05 00:00:00-04:00,29.783706722886635,29.873531341552734,29.734523381385294,29.873531341552734,1622,0.0,0.0,0.0
2020-10-06 00:00:00-04:00,29.78468624008383,29.941757605596806,29.462493896484375,29.462493896484375,2376,0.0,0.0,0.0
2020-10-07 00:00:00-04:00,29.792537087196052,30.020291112413247,29.707129561794382,29.922121047973633,4262,0.0,0.0,0.0
2020-10-08 00:00:00-04:00,30.049747157432734,30.06937967528652,29.97562855116433,30.01126480102539,2561,0.0,0.0,0.0
2020-10-09 00:00:00-04:00,30.196998697829258,30.432605743408203,30.196998697829258,30.432605743408203,1451,0.0,0.0,0.0
2020-10-12 00:00:00-04:00,31.22032086199099,31.22032086199099,31.08523941040039,31.08523941040039,962,0.0,0.0,0.0
2020-10-13 00:00:00-04:00,31.109977472862113,31.109977472862113,30.933271718846466,30.9936466217041,3996,0.0,0.0,0.0
2020-10-14 00:00:00-04:00,31.041258785839776,31.100060840088613,30.716806411743164,30.716806411743164,1723,0.0,0.0,0.0
2020-10-15 00:00:00-04:00,30.501324363909735,30.53450584411621,30.501324363909735,30.53450584411621,355,0.0,0.0,0.0
2020-10-16 00:00:00-04:00,30.638760539722977,30.638760539722977,30.518503189086914,30.518503189086914,554,0.0,0.0,0.0
2020-10-19 00:00:00-04:00,30.43260671809955,30.43260671809955,30.037670135498047,30.037670135498047,434,0.0,0.0,0.0
2020-10-20 00:00:00-04:00,30.343272256089616,30.496417119340038,30.28368377685547,30.28368377685547,955,0.0,0.0,0.0
2020-10-21 00:00:00-04:00,30.138097164586057,30.34857234090892,30.138097164586057,30.24333381652832,1416,0.0,0.0,0.0
2020-10-22 00:00:00-04:00,30.186887741088867,30.186887741088867,30.186887741088867,30.186887741088867,218,0.0,0.0,0.0
2020-10-23 00:00:00-04:00,30.298112869262695,30.298112869262695,30.298112869262695,30.298112869262695,38,0.0,0.0,0.0
2020-10-26 00:00:00-04:00,30.216635222772396,30.216635222772396,29.86322369319799,29.885507583618164,642,0.0,0.0,0.0
2020-10-27 00:00:00-04:00,30.167547262590915,30.167547262590915,30.14565658569336,30.14565658569336,325,0.0,0.0,0.0
2020-10-28 00:00:00-04:00,29.27420308151218,29.27420308151218,29.05940818786621,29.05940818786621,1993,0.0,0.0,0.0
2020-10-29 00:00:00-04:00,29.470542449005627,29.745416392546964,29.470542449005627,29.529443740844727,1149,0.0,0.0,0.0
2020-10-30 00:00:00-04:00,28.804755711306683,29.12204038136933,28.66555115827548,28.742122650146484,798,0.0,0.0,0.0
2020-11-02 00:00:00-05:00,29.13185672161377,29.13185672161377,28.979694890220614,29.010618209838867,366,0.0,0.0,0.0
2020-11-03 00:00:00-05:00,29.52492874843719,29.52492874843719,29.3723737029059,29.42813491821289,1268,0.0,0.0,0.0
2020-11-04 00:00:00-05:00,30.28044176502729,30.457147515712865,30.231260299682617,30.231260299682617,1361,0.0,0.0,0.0
2020-11-05 00:00:00-05:00,30.854735326165187,30.874369714479165,30.817136764526367,30.817136764526367,505,0.0,0.0,0.0
2020-11-06 00:00:00-05:00,30.844917674424572,30.97253745169553,30.560224665410306,30.946523666381836,2803,0.0,0.0,0.0
2020-11-09 00:00:00-05:00,31.67945711853183,31.67945711853183,31.06403160095215,31.06403160095215,1690,0.0,0.0,0.0
2020-11-10 00:00:00-05:00,30.81546622212227,30.81546622212227,30.604401231085408,30.788372039794922,1264,0.0,0.0,0.0
2020-11-11 00:00:00-05:00,31.069728359953125,31.128629655371167,31.034878536056354,31.072771072387695,1872,0.0,0.0,0.0
2020-11-12 00:00:00-05:00,31.00611360971855,31.00611360971855,30.854736328125,30.854736328125,757,0.0,0.0,0.0
2020-11-13 00:00:00-05:00,30.99325288777934,31.200881958007812,30.99325288777934,31.200881958007812,251,0.0,0.0,0.0
2020-11-16 00:00:00-05:00,31.433935376420894,31.50265386024403,31.36030735950282,31.404483795166016,3972,0.0,0.0,0.0
2020-11-17 00:00:00-05:00,31.26213895839339,31.46240560222188,31.26213895839339,31.327030181884766,2335,0.0,0.0,0.0
2020-11-18 00:00:00-05:00,31.355401573061165,31.433937255330264,30.952905967377237,31.1104679107666,34422,0.0,0.0,0.0
2020-11-19 00:00:00-05:00,30.953396950566507,31.207164780373724,30.953396950566507,31.175554275512695,2944,0.0,0.0,0.0
2020-11-20 00:00:00-05:00,31.247412325235498,31.306313615090648,31.16887664794922,31.16887664794922,3061,0.0,0.0,0.0
2020-11-23 00:00:00-05:00,31.17869482977342,31.17869482977342,30.923453402394394,31.041257858276367,4103,0.0,0.0,0.0
2020-11-24 00:00:00-05:00,31.276865463080078,31.46338653564453,31.052056771387814,31.46338653564453,4950,0.0,0.0,0.0
2020-11-25 00:00:00-05:00,31.4241176175105,31.59100804579274,31.39466790746873,31.483020782470703,37901,0.0,0.0,0.0
2020-11-27 00:00:00-05:00,31.640094495495173,31.640094495495173,31.52867317199707,31.52867317199707,1087,0.0,0.0,0.0
2020-11-30 00:00:00-05:00,31.463386266576453,31.463386266576453,31.252321274087357,31.3300724029541,1137,0.0,0.0,0.0
2020-12-01 00:00:00-05:00,31.65972723096083,31.895336151123047,31.65972723096083,31.895336151123047,847,0.0,0.0,0.0
2020-12-02 00:00:00-05:00,31.698995344751324,31.934600515103682,31.630276857992165,31.847524642944336,1387,0.0,0.0,0.0
2020-12-03 00:00:00-05:00,31.934702473789535,31.934702473789535,31.865882873535156,31.865882873535156,394,0.0,0.0,0.0
2020-12-04 00:00:00-05:00,31.88551445472525,32.02786095278949,31.88551445472525,31.952072143554688,2946,0.0,0.0,0.0
2020-12-07 00:00:00-05:00,31.93459984415861,32.028255462646484,31.93459984415861,32.028255462646484,667,0.0,0.0,0.0
2020-12-08 00:00:00-05:00,32.10149002075195,32.10149002075195,32.10149002075195,32.10149002075195,224,0.0,0.0,0.0
2020-12-09 00:00:00-05:00,32.15548391084154,32.15548391084154,31.708810011260308,31.85567283630371,710,0.0,0.0,0.0
2020-12-10 00:00:00-05:00,32.02295021882889,32.03384780883789,31.983685190909863,32.03384780883789,7144,0.0,0.0,0.0
2020-12-11 00:00:00-05:00,31.971105046253907,32.00202941894531,31.901494859933095,32.00202941894531,8296,0.418,0.0,0.0
2020-12-14 00:00:00-05:00,32.040713183855516,32.18987623351789,31.951213836669922,31.951213836669922,4468,0.0,0.0,0.0
2020-12-15 00:00:00-05:00,32.16998567351557,32.316368103027344,32.16998567351557,32.316368103027344,299,0.0,0.0,0.0
2020-12-16 00:00:00-05:00,33.97986231256237,33.97986231256237,32.46832355298778,32.541412353515625,4401,0.0,0.0,0.0
2020-12-17 00:00:00-05:00,32.76665379500962,32.81637481634022,32.76665379500962,32.78962326049805,3250,0.0,0.0,0.0
2020-12-18 00:00:00-05:00,32.61251341368492,32.66720767471405,32.54290322573345,32.63140869140625,5505,0.0,0.0,0.0
2020-12-21 00:00:00-05:00,32.14015578694134,32.47826401636403,31.921378758058882,32.41830062866211,7307,0.0,0.0,0.0
2020-12-22 00:00:00-05:00,32.56776269650137,32.56776269650137,32.43947890828829,32.45976638793945,1610,0.0,0.0,0.0
2020-12-23 00:00:00-05:00,32.57710573218556,32.57710573218556,32.47732671276609,32.50346755981445,2825,0.109,0.0,0.0
2020-12-24 00:00:00-05:00,32.33764194756682,32.33764194756682,32.16802331304114,32.32197570800781,451,0.0,0.0,0.0
2020-12-28 00:00:00-05:00,32.44739466861192,32.906366735985344,32.44739466861192,32.88182067871094,13076,0.0,0.0,0.0
2020-12-29 00:00:00-05:00,33.17576437823666,33.17576437823666,32.85647913082023,33.001155853271484,8954,0.0,0.0,0.0
2020-12-30 00:00:00-05:00,32.936303128385035,33.23563641994993,32.936303128385035,33.069705963134766,19968,0.0,0.0,0.0
2020-12-31 00:00:00-05:00,33.105923198389235,33.105923198389235,32.97122246564189,32.9833984375,3018,0.0,0.0,0.0
2021-01-04 00:00:00-05:00,33.25558782566163,33.25558782566163,32.49129538133053,32.544376373291016,4568,0.0,0.0,0.0
2021-01-05 00:00:00-05:00,32.47732994004073,32.936302056437135,32.422452425451944,32.84929656982422,3339,0.0,0.0,0.0
2021-01-06 00:00:00-05:00,32.52721700524285,32.846502281388545,32.40578842163086,32.40578842163086,4872,0.0,0.0,0.0
2021-01-07 00:00:00-05:00,32.56712800815997,32.755008697509766,32.56712800815997,32.755008697509766,3600,0.0,0.0,0.0
2021-01-08 00:00:00-05:00,32.916350033835066,33.075992674478364,32.84650281025914,33.067508697509766,4279,0.0,0.0,0.0
2021-01-11 00:00:00-05:00,32.706814745967215,32.706814745967215,32.487308502197266,32.487308502197266,943,0.0,0.0,0.0
2021-01-12 00:00:00-05:00,32.42744099660313,32.52223011903254,32.317685971933415,32.47533416748047,5577,0.0,0.0,0.0
2021-01-13 00:00:00-05:00,32.417461613749005,32.7966104515335,32.417461613749005,32.67668151855469,6980,0.0,0.0,0.0
2021-01-14 00:00:00-05:00,32.77665623857139,32.77665623857139,32.45747375488281,32.45747375488281,2987,0.0,0.0,0.0
2021-01-15 00:00:00-05:00,32.23786551981114,32.23786551981114,32.19186782836914,32.19186782836914,1801,0.0,0.0,0.0
2021-01-19 00:00:00-05:00,32.617016963208656,32.65692857517285,32.59706115722656,32.59706115722656,810,0.0,0.0,0.0
2021-01-20 00:00:00-05:00,32.996167918027076,33.48507562325865,32.8564810897268,33.41971969604492,1919,0.0,0.0,0.0
2021-01-21 00:00:00-05:00,33.445263565090244,33.56489562988281,33.445263565090244,33.56489562988281,2803,0.0,0.0,0.0
2021-01-22 00:00:00-05:00,33.42520879911423,33.62476304571821,33.42520879911423,33.56489562988281,3048,0.0,0.0,0.0
2021-01-25 00:00:00-05:00,33.77442651489868,33.844269931604096,33.27055669526396,33.824317932128906,10383,0.0,0.0,0.0
2021-01-26 00:00:00-05:00,33.90413693658994,33.924092742003396,33.77442610449287,33.899147033691406,4817,0.0,0.0,0.0
2021-01-27 00:00:00-05:00,33.58484979660074,33.58484979660074,33.056034304153975,33.11579895019531,10124,0.0,0.0,0.0
2021-01-28 00:00:00-05:00,33.22565351979584,33.55491858738535,33.22565351979584,33.242218017578125,3923,0.0,0.0,0.0
2021-01-29 00:00:00-05:00,32.74672586227573,32.856480885595666,32.36757318340158,32.589378356933594,5807,0.0,0.0,0.0
2021-02-01 00:00:00-05:00,33.11061096191406,33.11061096191406,33.11061096191406,33.11061096191406,26,0.0,0.0,0.0
2021-02-02 00:00:00-05:00,33.385297311301734,33.50503214341275,33.351871432491926,33.495052337646484,15949,0.0,0.0,0.0
2021-02-03 00:00:00-05:00,33.714560690586914,33.73451649493266,33.52498245239258,33.52498245239258,9476,0.0,0.0,0.0
2021-02-04 00:00:00-05:00,33.62476274373213,33.81333996357609,33.54104960672036,33.80855178833008,4621,0.0,0.0,0.0
2021-02-05 00:00:00-05:00,33.88517826758534,34.10369110107422,33.88517826758534,34.10369110107422,4892,0.0,0.0,0.0
2021-02-08 00:00:00-05:00,34.143602712092765,34.143602712092765,34.023867879904095,34.06447982788086,1439,0.0,0.0,0.0
2021-02-09 00:00:00-05:00,34.24337796441442,34.352733341958924,34.203866002620906,34.23838806152344,4433,0.0,0.0,0.0
2021-02-10 00:00:00-05:00,34.4628849665398,34.4628849665398,34.07375631146692,34.18929672241211,5204,0.0,0.0,0.0
2021-02-11 00:00:00-05:00,34.30324532274342,34.34235763549805,34.21753774600065,34.34235763549805,1746,0.0,0.0,0.0
2021-02-12 00:00:00-05:00,34.30324364321598,34.35183334350586,34.248366132736614,34.35183334350586,785,0.0,0.0,0.0
2021-02-16 00:00:00-05:00,34.43295036145857,34.43295036145857,34.18350851825242,34.259639739990234,3487,0.0,0.0,0.0
2021-02-17 00:00:00-05:00,33.97398072667978,34.122650146484375,33.97398072667978,34.122650146484375,643,0.0,0.0,0.0
2021-02-18 00:00:00-05:00,34.02386672157922,34.02386672157922,33.96709373231977,33.96849060058594,927,0.0,0.0,0.0
2021-02-19 00:00:00-05:00,34.08373376529702,34.08373376529702,33.74548992098886,33.76374816894531,8397,0.0,0.0,0.0
2021-02-22 00:00:00-05:00,33.44516335362339,33.585946359161404,33.32553129330478,33.339298248291016,1823,0.0,0.0,0.0
2021-02-23 00:00:00-05:00,32.98619146877826,33.67464960151762,32.58209308535727,33.53885269165039,3629,0.0,0.0,0.0
2021-02-24 00:00:00-05:00,33.36534006145435,33.54384231567383,33.3410946915158,33.54384231567383,4630,0.0,0.0,0.0
2021-02-25 00:00:00-05:00,33.36534244012598,33.36534244012598,32.666908264160156,32.666908264160156,5389,0.0,0.0,0.0
2021-02-26 00:00:00-05:00,32.83652273663783,32.886410341990775,32.43741428145364,32.537193298339844,2519,0.0,0.0,0.0
2021-03-01 00:00:00-05:00,32.93629818316277,33.35037254229952,32.93629818316277,33.33001708984375,2178,0.0,0.0,0.0
2021-03-02 00:00:00-05:00,33.38529636042984,33.38529636042984,33.04625701904297,33.04625701904297,3001,0.0,0.0,0.0
2021-03-03 00:00:00-05:00,32.966233347476354,32.966233347476354,32.523821981671155,32.535396575927734,6396,0.0,0.0,0.0
2021-03-04 00:00:00-05:00,32.66690540913225,32.74473038105514,31.861207419495873,32.06724548339844,8011,0.0,0.0,0.0
2021-03-05 00:00:00-05:00,32.173005641710574,32.55894470214844,32.173005641710574,32.55894470214844,292,0.0,0.0,0.0
2021-03-08 00:00:00-05:00,32.41746677322009,32.4623644824008,32.12322235107422,32.12322235107422,3295,0.0,0.0,0.0
2021-03-09 00:00:00-05:00,32.9263258269608,33.03608085537292,32.830440521240234,32.830440521240234,6363,0.0,0.0,0.0
2021-03-10 00:00:00-05:00,32.876436967856655,33.0260997958628,32.846501357310935,32.88102722167969,3468,0.0,0.0,0.0
2021-03-11 00:00:00-05:00,33.15580859394903,33.56439444569738,33.15580859394903,33.475093841552734,11833,0.0,0.0,0.0
2021-03-12 00:00:00-05:00,33.08596757425994,33.08596757425994,32.896393134230564,33.026100158691406,4382,0.0,0.0,0.0
2021-03-15 00:00:00-04:00,33.0061448976255,33.35536193847656,33.0061448976255,33.35536193847656,3092,0.0,0.0,0.0
2021-03-16 00:00:00-04:00,33.54673501629634,33.54673501629634,33.395275674685166,33.42450714111328,657,0.0,0.0,0.0
2021-03-17 00:00:00-04:00,33.245611014776756,33.89416137751095,33.245611014776756,33.62486267089844,2892,0.0,0.0,0.0
2021-03-18 00:00:00-04:00,33.31545526356157,33.31545526356157,32.95625836484163,33.02171325683594,1367,0.0,0.0,0.0
2021-03-19 00:00:00-04:00,33.10196864370039,33.161865012409606,33.10196864370039,33.11604309082031,702,0.016,0.0,0.0
2021-03-22 00:00:00-04:00,35.06283265971313,35.06283265971313,33.336561189954544,33.41162872314453,2082,0.0,0.0,0.0
2021-03-23 00:00:00-04:00,33.436383107239855,33.471321705361504,33.20179374498524,33.2061882019043,581,0.0,0.0,0.0
2021-03-24 00:00:00-04:00,33.071025701899785,33.071025701899785,32.56610870361328,32.56610870361328,4340,0.0,0.0,0.0
2021-03-25 00:00:00-04:00,32.4531068531565,32.553733825683594,32.4531068531565,32.553733825683594,1990,0.0,0.0,0.0
2021-03-26 00:00:00-04:00,32.69268595525184,32.878658294677734,32.54294693911847,32.878658294677734,1661,0.0,0.0,0.0
2021-03-29 00:00:00-04:00,32.96650759351349,33.006038665771484,32.96650759351349,33.006038665771484,706,0.0,0.0,0.0
2021-03-30 00:00:00-04:00,32.882353166720605,33.01212673114176,32.882353166720605,32.892337799072266,1926,0.0,0.0,0.0
2021-03-31 00:00:00-04:00,32.99216189437353,33.20179348143944,32.99216189437353,33.08200454711914,2950,0.0,0.0,0.0
2021-04-01 00:00:00-04:00,33.25170934601187,33.4114291959732,33.25170934601187,33.37159729003906,1774,0.0,0.0,0.0
2021-04-05 00:00:00-04:00,33.651007171192035,33.990412329414404,33.651007171192035,33.95048141479492,918,0.0,0.0,0.0
2021-04-06 00:00:00-04:00,33.94050190368095,34.18008359264828,33.94050190368095,34.10791015625,2571,0.0,0.0,0.0
2021-04-07 00:00:00-04:00,33.940499446847454,34.08923695796555,33.88060307693588,33.99769973754883,1620,0.0,0.0,0.0
2021-04-08 00:00:00-04:00,34.39430638806421,34.39430638806421,34.385719299316406,34.385719299316406,239,0.0,0.0,0.0
2021-04-09 00:00:00-04:00,34.505210876464844,34.505210876464844,34.505210876464844,34.505210876464844,117,0.0,0.0,0.0
2021-04-12 00:00:00-04:00,34.51948648535745,34.53944813410044,34.47456325563196,34.50700759887695,1090,0.0,0.0,0.0
2021-04-13 00:00:00-04:00,34.71913528442383,34.71913528442383,34.71913528442383,34.71913528442383,36,0.0,0.0,0.0
2021-04-14 00:00:00-04:00,34.70915207675743,34.70915207675743,34.48494338989258,34.48494338989258,1638,0.0,0.0,0.0
2021-04-15 00:00:00-04:00,34.89881923237448,35.657491368046976,34.89881923237448,35.03388214111328,7409,0.0,0.0,0.0
2021-04-16 00:00:00-04:00,35.03857418512196,35.03857418512196,34.97868162104497,35.00373840332031,322,0.0,0.0,0.0
2021-04-19 00:00:00-04:00,34.844017028808594,34.844017028808594,34.844017028808594,34.844017028808594,95,0.0,0.0,0.0
2021-04-20 00:00:00-04:00,34.689188037150636,34.818961605406166,34.419660076014495,34.551029205322266,8746,0.0,0.0,0.0
2021-04-21 00:00:00-04:00,34.74908447265625,34.74908447265625,34.74908447265625,34.74908447265625,24,0.0,0.0,0.0
2021-04-22 00:00:00-04:00,34.918786470728065,34.918786470728065,34.636680603027344,34.636680603027344,266,0.0,0.0,0.0
2021-04-23 00:00:00-04:00,34.98876274632811,35.208279968878756,34.93875199651446,35.03059005737305,3906,0.0,0.0,0.0
2021-04-26 00:00:00-04:00,34.90361404418945,34.90361404418945,34.90361404418945,34.90361404418945,20,0.0,0.0,0.0
2021-04-27 00:00:00-04:00,34.93875192209849,35.158368152747215,34.91878646403754,34.98267364501953,26328,0.0,0.0,0.0
2021-04-28 00:00:00-04:00,35.22824337668502,35.50775215782265,35.15836618140061,35.183921813964844,3544,0.0,0.0,0.0
2021-04-29 00:00:00-04:00,35.25819160369592,35.38087844848633,35.06952316601696,35.38087844848633,1268,0.0,0.0,0.0
2021-04-30 00:00:00-04:00,35.208278153895776,35.208278153895776,35.09727051720462,35.12312698364258,2280,0.0,0.0,0.0
2021-05-03 00:00:00-04:00,35.20827695039285,35.20827695039285,35.0593376159668,35.0593376159668,420,0.0,0.0,0.0
2021-05-04 00:00:00-04:00,34.888836653288905,34.888836653288905,34.3697462202555,34.56939697265625,2811,0.0,0.0,0.0
2021-05-05 00:00:00-04:00,34.679207108582524,34.938750436294065,34.729118847601484,34.82514953613281,1331,0.0,0.0,0.0
2021-05-06 00:00:00-04:00,35.62754172257562,35.62754172257562,34.8665771484375,34.8665771484375,318,0.0,0.0,0.0
2021-05-07 00:00:00-04:00,35.1284158172182,36.81046842317154,34.97368828715887,35.016212463378906,6549,0.0,0.0,0.0
2021-05-10 00:00:00-04:00,35.008628056504115,35.01861268924178,34.38971410752604,34.50551223754883,2004,0.0,0.0,0.0
2021-05-11 00:00:00-04:00,33.900569118209354,34.206932067871094,33.900569118209354,34.206932067871094,1386,0.0,0.0,0.0
2021-05-12 00:00:00-04:00,34.000398415483865,34.21991183066935,33.71629333496094,33.71629333496094,2039,0.0,0.0,0.0
2021-05-13 00:00:00-04:00,33.76081471058173,33.96046547227606,33.76081471058173,33.839176177978516,2125,0.0,0.0,0.0
2021-05-14 00:00:00-04:00,34.31235122680664,34.31235122680664,34.31235122680664,34.31235122680664,40,0.0,0.0,0.0
2021-05-17 00:00:00-04:00,34.280704498291016,34.280704498291016,34.280704498291016,34.280704498291016,53,0.0,0.0,0.0
2021-05-18 00:00:00-04:00,34.43463378112806,34.52447643631206,34.294578552246094,34.294578552246094,2262,0.0,0.0,0.0
2021-05-19 00:00:00-04:00,33.910552309577604,34.15013016713104,33.910552309577604,34.08424758911133,3168,0.0,0.0,0.0
2021-05-20 00:00:00-04:00,34.49602508544922,34.49602508544922,34.49602508544922,34.49602508544922,164,0.0,0.0,0.0
2021-05-21 00:00:00-04:00,34.63927598790184,34.63927598790184,34.23099133920029,34.304962158203125,767,0.0,0.0,0.0
2021-05-24 00:00:00-04:00,34.53944812261246,34.68978500366211,34.53944812261246,34.68978500366211,1200,0.0,0.0,0.0
2021-05-25 00:00:00-04:00,34.908805038997485,34.908805038997485,34.86917495727539,34.86917495727539,352,0.0,0.0,0.0
2021-05-26 00:00:00-04:00,34.82395033837793,34.98866250591627,34.82395033837793,34.9537239074707,1664,0.0,0.0,0.0
2021-05-27 00:00:00-04:00,34.91878659080193,34.91878659080193,34.81736373901367,34.81736373901367,451,0.0,0.0,0.0
2021-05-28 00:00:00-04:00,34.749183762507094,35.088489914890346,34.749183762507094,34.788414001464844,1561,0.0,0.0,0.0
2021-06-01 00:00:00-04:00,35.17833251028737,35.288136814154846,35.17833251028737,35.206180572509766,1906,0.0,0.0,0.0
2021-06-02 00:00:00-04:00,35.058538928999944,35.39794408127479,35.018611823101736,35.16435623168945,10453,0.0,0.0,0.0
2021-06-03 00:00:00-04:00,34.73910002819597,35.05853973081677,34.73910002819597,34.857994079589844,4311,0.0,0.0,0.0
2021-06-04 00:00:00-04:00,35.00862702663682,35.23822406856771,35.00862702663682,35.02499771118164,508,0.0,0.0,0.0
2021-06-07 00:00:00-04:00,35.008628845214844,35.008628845214844,35.008628845214844,35.008628845214844,86,0.0,0.0,0.0
2021-06-08 00:00:00-04:00,34.97868180880818,34.97868180880818,34.85369873046875,34.85369873046875,216,0.0,0.0,0.0
2021-06-09 00:00:00-04:00,34.94873142969641,34.94873142969641,34.74908447265625,34.74908447265625,980,0.0,0.0,0.0
2021-06-10 00:00:00-04:00,34.798996825103785,35.16834827176229,34.798996825103785,34.938751220703125,2694,0.0,0.0,0.0
2021-06-11 00:00:00-04:00,34.912498474121094,34.912498474121094,34.912498474121094,34.912498474121094,3,0.0,0.0,0.0
2021-06-14 00:00:00-04:00,34.98866294114279,35.22824462490797,34.78402366427945,35.0671272277832,3197,0.0,0.0,0.0
2021-06-15 00:00:00-04:00,35.07850504307468,35.15836687241021,34.870967864990234,34.870967864990234,6439,0.0,0.0,0.0
2021-06-16 00:00:00-04:00,34.70905230598647,34.70915131454196,34.389711634299424,34.523677825927734,2133,0.0,0.0,0.0
2021-06-17 00:00:00-04:00,34.55941425673837,34.8289422162199,34.55941425673837,34.79679870605469,1286,0.0,0.0,0.0
2021-06-18 00:00:00-04:00,34.54999923706055,34.54999923706055,34.54999923706055,34.54999923706055,214,0.061,0.0,0.0
2021-06-21 00:00:00-04:00,34.38999938964844,34.720001220703125,34.38999938964844,34.720001220703125,574,0.0,0.0,0.0
2021-06-22 00:00:00-04:00,34.54999923706055,34.7400016784668,34.54999923706055,34.7400016784668,618,0.0,0.0,0.0
2021-06-23 00:00:00-04:00,34.849998474121094,35.130001068115234,34.750099182128906,34.90999984741211,2788,0.0,0.0,0.0
2021-06-24 00:00:00-04:00,34.959999084472656,35.029998779296875,34.959999084472656,35.029998779296875,442,0.0,0.0,0.0
2021-06-25 00:00:00-04:00,35.189998626708984,35.30690002441406,35.189998626708984,35.30690002441406,202,0.0,0.0,0.0
2021-06-28 00:00:00-04:00,35.319400787353516,35.43450164794922,35.21099853515625,35.43450164794922,19436,0.0,0.0,0.0
2021-06-29 00:00:00-04:00,35.34000015258789,35.540000915527344,35.275001525878906,35.429901123046875,4526,0.0,0.0,0.0
2021-06-30 00:00:00-04:00,35.25,35.2599983215332,35.16939926147461,35.16939926147461,1778,0.0,0.0,0.0
2021-07-01 00:00:00-04:00,35.189998626708984,35.189998626708984,35.02000045776367,35.099998474121094,39948,0.0,0.0,0.0
2021-07-02 00:00:00-04:00,35.11000061035156,35.130001068115234,35.0,35.1244010925293,1327,0.0,0.0,0.0
2021-07-06 00:00:00-04:00,34.869998931884766,34.90999984741211,34.570098876953125,34.76839828491211,2029,0.0,0.0,0.0
2021-07-07 00:00:00-04:00,34.939998626708984,34.97999954223633,34.782100677490234,34.782100677490234,1094,0.0,0.0,0.0
2021-07-08 00:00:00-04:00,34.209999084472656,34.22999954223633,34.12089920043945,34.12089920043945,210,0.0,0.0,0.0
2021-07-09 00:00:00-04:00,34.59000015258789,34.790000915527344,34.59000015258789,34.74089813232422,706,0.0,0.0,0.0
2021-07-12 00:00:00-04:00,34.814998626708984,34.814998626708984,34.814998626708984,34.814998626708984,58,0.0,0.0,0.0
2021-07-13 00:00:00-04:00,34.95000076293945,35.41999816894531,34.849998474121094,35.22119903564453,2061,0.0,0.0,0.0
2021-07-14 00:00:00-04:00,35.22999954223633,35.22999954223633,35.22909927368164,35.22909927368164,163,0.0,0.0,0.0
2021-07-15 00:00:00-04:00,35.279998779296875,35.279998779296875,35.13999938964844,35.211700439453125,511,0.0,0.0,0.0
2021-07-16 00:00:00-04:00,35.08100128173828,35.08100128173828,34.849998474121094,34.85300064086914,2312,0.0,0.0,0.0
2021-07-19 00:00:00-04:00,34.400001525878906,34.400001525878906,34.20589828491211,34.25590133666992,3918,0.0,0.0,0.0
2021-07-20 00:00:00-04:00,34.47999954223633,34.834999084472656,34.47999954223633,34.689998626708984,882,0.0,0.0,0.0
2021-07-21 00:00:00-04:00,34.689998626708984,34.959999084472656,34.689998626708984,34.959999084472656,1134,0.0,0.0,0.0
2021-07-22 00:00:00-04:00,34.900001525878906,34.9375,34.900001525878906,34.900001525878906,915,0.0,0.0,0.0
2021-07-23 00:00:00-04:00,34.810001373291016,35.10179901123047,34.810001373291016,35.10179901123047,312,0.0,0.0,0.0
2021-07-26 00:00:00-04:00,34.47800064086914,34.47800064086914,34.32500076293945,34.38990020751953,556,0.0,0.0,0.0
2021-07-27 00:00:00-04:00,33.86000061035156,33.900001525878906,33.619998931884766,33.680198669433594,848,0.0,0.0,0.0
2021-07-28 00:00:00-04:00,34.130001068115234,34.43000030517578,34.130001068115234,34.279998779296875,2050,0.0,0.0,0.0
2021-07-29 00:00:00-04:00,34.45399856567383,34.4900016784668,34.40919876098633,34.40919876098633,356,0.0,0.0,0.0
2021-07-30 00:00:00-04:00,34.02000045776367,34.310001373291016,33.760398864746094,33.760398864746094,2470,0.0,0.0,0.0
2021-08-02 00:00:00-04:00,34.0099983215332,34.0099983215332,33.8036003112793,33.8036003112793,500,0.0,0.0,0.0
2021-08-03 00:00:00-04:00,33.72999954223633,33.72999954223633,33.560001373291016,33.615699768066406,518,0.0,0.0,0.0
2021-08-04 00:00:00-04:00,33.709999084472656,33.73500061035156,33.62099838256836,33.687198638916016,2546,0.0,0.0,0.0
2021-08-05 00:00:00-04:00,33.619998931884766,33.71110153198242,33.619998931884766,33.67250061035156,533,0.0,0.0,0.0
2021-08-06 00:00:00-04:00,33.68000030517578,33.70000076293945,33.52000045776367,33.54100036621094,752,0.0,0.0,0.0
2021-08-09 00:00:00-04:00,33.630001068115234,33.667598724365234,33.630001068115234,33.667598724365234,448,0.0,0.0,0.0
2021-08-10 00:00:00-04:00,33.8473014831543,33.87070083618164,33.83100128173828,33.87070083618164,333,0.0,0.0,0.0
2021-08-11 00:00:00-04:00,33.80099868774414,33.845001220703125,33.79999923706055,33.845001220703125,1935,0.0,0.0,0.0
2021-08-12 00:00:00-04:00,33.67829895019531,33.67829895019531,33.67829895019531,33.67829895019531,42,0.0,0.0,0.0
2021-08-13 00:00:00-04:00,33.745601654052734,33.745601654052734,33.745601654052734,33.745601654052734,31,0.0,0.0,0.0
2021-08-16 00:00:00-04:00,33.494998931884766,33.54119873046875,33.494998931884766,33.54119873046875,194,0.0,0.0,0.0
2021-08-17 00:00:00-04:00,33.09000015258789,33.09000015258789,32.82640075683594,32.93299865722656,28482,0.0,0.0,0.0
2021-08-18 00:00:00-04:00,32.86000061035156,32.93000030517578,32.66999816894531,32.66999816894531,1743,0.0,0.0,0.0
2021-08-19 00:00:00-04:00,32.13999938964844,32.290000915527344,32.13999938964844,32.28820037841797,609,0.0,0.0,0.0
2021-08-20 00:00:00-04:00,32.290000915527344,32.335899353027344,32.25,32.335899353027344,2083,0.0,0.0,0.0
2021-08-23 00:00:00-04:00,32.63999938964844,32.744300842285156,32.63999938964844,32.744300842285156,901,0.0,0.0,0.0
2021-08-24 00:00:00-04:00,33.28990173339844,33.30030059814453,33.28990173339844,33.29029846191406,284,0.0,0.0,0.0
2021-08-25 00:00:00-04:00,33.23970031738281,33.23970031738281,33.23970031738281,33.23970031738281,65,0.0,0.0,0.0
2021-08-26 00:00:00-04:00,33.099998474121094,33.099998474121094,32.900001525878906,32.90039825439453,5142,0.0,0.0,0.0
2021-08-27 00:00:00-04:00,33.0890007019043,33.10100173950195,33.0890007019043,33.10100173950195,307,0.0,0.0,0.0
2021-08-30 00:00:00-04:00,33.30979919433594,33.30979919433594,33.30979919433594,33.30979919433594,137,0.0,0.0,0.0
2021-08-31 00:00:00-04:00,33.43000030517578,33.486698150634766,33.41999816894531,33.486698150634766,2136,0.0,0.0,0.0
2021-09-01 00:00:00-04:00,33.79100036621094,34.025001525878906,33.79100036621094,34.00389862060547,1228,0.0,0.0,0.0
2021-09-02 00:00:00-04:00,33.8400993347168,33.8400993347168,33.7401008605957,33.7401008605957,312,0.0,0.0,0.0
2021-09-03 00:00:00-04:00,33.720001220703125,33.720001220703125,33.720001220703125,33.720001220703125,6,0.0,0.0,0.0
2021-09-07 00:00:00-04:00,33.97999954223633,34.20000076293945,33.97999954223633,34.14759826660156,1615,0.0,0.0,0.0
2021-09-08 00:00:00-04:00,34.04999923706055,34.04999923706055,33.91999816894531,33.948299407958984,211,0.0,0.0,0.0
2021-09-09 00:00:00-04:00,33.709999084472656,33.93989944458008,33.709999084472656,33.7495002746582,6390,0.0,0.0,0.0
2021-09-10 00:00:00-04:00,33.8849983215332,33.8849983215332,33.66230010986328,33.66230010986328,339,0.0,0.0,0.0
2021-09-13 00:00:00-04:00,33.66999816894531,33.66999816894531,33.52000045776367,33.52000045776367,300,0.0,0.0,0.0
2021-09-14 00:00:00-04:00,33.279998779296875,33.279998779296875,33.19380187988281,33.19380187988281,154,0.0,0.0,0.0
2021-09-15 00:00:00-04:00,32.93000030517578,33.029998779296875,32.790000915527344,33.0,2164,0.0,0.0,0.0
2021-09-16 00:00:00-04:00,32.81999969482422,33.02170181274414,32.81999969482422,33.02170181274414,265,0.0,0.0,0.0
2021-09-17 00:00:00-04:00,32.92210006713867,32.92210006713867,32.92210006713867,32.92210006713867,84,0.0,0.0,0.0
2021-09-20 00:00:00-04:00,32.29999923706055,32.29999923706055,32.11000061035156,32.17380142211914,1376,0.0,0.0,0.0
2021-09-21 00:00:00-04:00,32.3744010925293,32.3744010925293,32.3744010925293,32.3744010925293,36,0.0,0.0,0.0
2021-09-22 00:00:00-04:00,32.63990020751953,32.63990020751953,32.609500885009766,32.609500885009766,271,0.0,0.0,0.0
2021-09-23 00:00:00-04:00,32.880001068115234,32.959999084472656,32.880001068115234,32.92430114746094,1493,0.0,0.0,0.0
2021-09-24 00:00:00-04:00,32.529998779296875,32.766700744628906,32.529998779296875,32.766700744628906,3215,0.0,0.0,0.0
2021-09-27 00:00:00-04:00,32.95209884643555,32.95209884643555,32.95209884643555,32.95209884643555,44,0.0,0.0,0.0
2021-09-28 00:00:00-04:00,32.560001373291016,32.560001373291016,32.2140998840332,32.25809860229492,1695,0.0,0.0,0.0
2021-09-29 00:00:00-04:00,32.29010009765625,32.29090118408203,32.16400146484375,32.16400146484375,434,0.0,0.0,0.0
2021-09-30 00:00:00-04:00,32.27000045776367,32.27000045776367,32.04999923706055,32.04999923706055,572,0.0,0.0,0.0
2021-10-01 00:00:00-04:00,31.889999389648438,32.237098693847656,31.889999389648438,32.237098693847656,365,0.0,0.0,0.0
2021-10-04 00:00:00-04:00,32.0,32.0,31.530000686645508,31.600000381469727,2791,0.0,0.0,0.0
2021-10-05 00:00:00-04:00,31.959999084472656,31.959999084472656,31.892900466918945,31.892900466918945,764,0.0,0.0,0.0
2021-10-06 00:00:00-04:00,31.810100555419922,32.02040100097656,31.810100555419922,32.02040100097656,128,0.0,0.0,0.0
2021-10-07 00:00:00-04:00,32.380001068115234,32.790000915527344,32.380001068115234,32.637699127197266,859,0.0,0.0,0.0
2021-10-08 00:00:00-04:00,32.75,32.83000183105469,32.74570083618164,32.74570083618164,502,0.0,0.0,0.0
2021-10-11 00:00:00-04:00,32.54840087890625,32.54840087890625,32.54840087890625,32.54840087890625,1,0.0,0.0,0.0
2021-10-12 00:00:00-04:00,32.460601806640625,32.460601806640625,32.460601806640625,32.460601806640625,50,0.0,0.0,0.0
2021-10-13 00:00:00-04:00,32.9547004699707,32.9547004699707,32.9547004699707,32.9547004699707,3,0.0,0.0,0.0
2021-10-14 00:00:00-04:00,33.138999938964844,33.18000030517578,33.138999938964844,33.1593017578125,675,0.0,0.0,0.0
2021-10-15 00:00:00-04:00,33.37110137939453,33.37110137939453,33.37110137939453,33.37110137939453,2,0.0,0.0,0.0
2021-10-18 00:00:00-04:00,33.27399826049805,33.27399826049805,33.27399826049805,33.27399826049805,8,0.0,0.0,0.0
2021-10-19 00:00:00-04:00,33.54999923706055,33.6067008972168,33.54999923706055,33.6067008972168,462,0.0,0.0,0.0
2021-10-20 00:00:00-04:00,33.70159912109375,33.79999923706055,33.70159912109375,33.72740173339844,689,0.0,0.0,0.0
2021-10-21 00:00:00-04:00,33.75,33.81760025024414,33.75,33.81760025024414,103,0.0,0.0,0.0
2021-10-22 00:00:00-04:00,33.87030029296875,33.87030029296875,33.67789840698242,33.67789840698242,305,0.0,0.0,0.0
2021-10-25 00:00:00-04:00,33.529998779296875,33.60169982910156,33.529998779296875,33.60169982910156,413,0.0,0.0,0.0
2021-10-26 00:00:00-04:00,33.529998779296875,33.529998779296875,33.41999816894531,33.422698974609375,303,0.0,0.0,0.0
2021-10-27 00:00:00-04:00,33.31999969482422,33.31999969482422,33.0635986328125,33.0635986328125,264,0.0,0.0,0.0
2021-10-28 00:00:00-04:00,33.22999954223633,33.346500396728516,33.22999954223633,33.346500396728516,366,0.0,0.0,0.0
2021-10-29 00:00:00-04:00,33.15869903564453,33.15869903564453,33.15869903564453,33.15869903564453,21,0.0,0.0,0.0
2021-11-01 00:00:00-04:00,33.220001220703125,33.25559997558594,33.220001220703125,33.25559997558594,209,0.0,0.0,0.0
2021-11-02 00:00:00-04:00,33.099998474121094,33.099998474121094,33.035400390625,33.035400390625,477,0.0,0.0,0.0
2021-11-03 00:00:00-04:00,33.20000076293945,33.407901763916016,33.20000076293945,33.407901763916016,389,0.0,0.0,0.0
2021-11-04 00:00:00-04:00,33.41999816894531,33.48820114135742,33.41999816894531,33.484798431396484,1621,0.0,0.0,0.0
2021-11-05 00:00:00-04:00,33.65890121459961,33.65890121459961,33.65890121459961,33.65890121459961,68,0.0,0.0,0.0
2021-11-08 00:00:00-05:00,33.630001068115234,33.630001068115234,33.630001068115234,33.630001068115234,48,0.0,0.0,0.0
2021-11-09 00:00:00-05:00,33.599998474121094,33.599998474121094,33.5458984375,33.5458984375,3331,0.0,0.0,0.0
2021-11-10 00:00:00-05:00,33.52000045776367,33.52000045776367,33.36000061035156,33.40729904174805,478,0.0,0.0,0.0
2021-11-11 00:00:00-05:00,33.511199951171875,33.511199951171875,33.511199951171875,33.511199951171875,90,0.0,0.0,0.0
2021-11-12 00:00:00-05:00,33.65999984741211,33.84410095214844,33.65999984741211,33.84410095214844,593,0.0,0.0,0.0
2021-11-15 00:00:00-05:00,34.04999923706055,34.04999923706055,33.829200744628906,33.829200744628906,949,0.0,0.0,0.0
2021-11-16 00:00:00-05:00,34.09040069580078,34.09040069580078,34.09040069580078,34.09040069580078,3,0.0,0.0,0.0
2021-11-17 00:00:00-05:00,33.86180114746094,33.86180114746094,33.86180114746094,33.86180114746094,807,0.0,0.0,0.0
2021-11-18 00:00:00-05:00,33.709999084472656,33.709999084472656,33.52000045776367,33.607200622558594,2567,0.0,0.0,0.0
2021-11-19 00:00:00-05:00,33.5348014831543,33.5348014831543,33.5348014831543,33.5348014831543,4,0.0,0.0,0.0
2021-11-22 00:00:00-05:00,33.060001373291016,33.06949996948242,33.029998779296875,33.06949996948242,393,0.0,0.0,0.0
2021-11-23 00:00:00-05:00,32.97999954223633,33.060001373291016,32.849998474121094,32.96780014038086,2014,0.0,0.0,0.0
2021-11-24 00:00:00-05:00,33.13999938964844,33.16999816894531,33.13999938964844,33.1693000793457,3038,0.0,0.0,0.0
2021-11-26 00:00:00-05:00,32.599998474121094,32.599998474121094,31.850000381469727,32.40879821777344,538,0.0,0.0,0.0
2021-11-29 00:00:00-05:00,32.529998779296875,32.529998779296875,32.529598236083984,32.529598236083984,339,0.0,0.0,0.0
2021-11-30 00:00:00-05:00,31.96500015258789,31.96500015258789,31.96500015258789,31.96500015258789,110,0.0,0.0,0.0
2021-12-01 00:00:00-05:00,31.60849952697754,31.60849952697754,31.60849952697754,31.60849952697754,70,0.0,0.0,0.0
2021-12-02 00:00:00-05:00,31.8700008392334,31.8700008392334,31.8700008392334,31.8700008392334,210,0.0,0.0,0.0
2021-12-03 00:00:00-05:00,31.499900817871094,31.52549934387207,31.36009979248047,31.52549934387207,738,0.0,0.0,0.0
2021-12-06 00:00:00-05:00,31.399999618530273,32.19499969482422,31.3700008392334,32.189998626708984,8387,0.0,0.0,0.0
2021-12-07 00:00:00-05:00,32.650001525878906,32.761600494384766,32.650001525878906,32.761600494384766,600,0.0,0.0,0.0
2021-12-08 00:00:00-05:00,33.02000045776367,33.08470153808594,33.02000045776367,33.08470153808594,615,0.0,0.0,0.0
2021-12-09 00:00:00-05:00,33.04209899902344,33.04209899902344,32.96929931640625,32.96929931640625,677,0.0,0.0,0.0
2021-12-10 00:00:00-05:00,31.0049991607666,31.08049964904785,31.0049991607666,31.08049964904785,122,0.0,0.0,0.0
2021-12-13 00:00:00-05:00,30.895599365234375,30.895599365234375,30.895599365234375,30.895599365234375,21,0.0,0.0,0.0
2021-12-14 00:00:00-05:00,30.65999984741211,30.760000228881836,30.61090087890625,30.759700775146484,1517,0.0,0.0,0.0
2021-12-15 00:00:00-05:00,30.520000457763672,30.903400421142578,30.47100067138672,30.903400421142578,2567,0.0,0.0,0.0
2021-12-16 00:00:00-05:00,30.959999084472656,30.959999084472656,30.76409912109375,30.76409912109375,1628,0.0,0.0,0.0
2021-12-17 00:00:00-05:00,30.362199783325195,30.362199783325195,30.362199783325195,30.362199783325195,45,0.0,0.0,0.0
2021-12-20 00:00:00-05:00,30.020000457763672,30.09000015258789,30.020000457763672,30.05660057067871,2660,0.0,0.0,0.0
2021-12-21 00:00:00-05:00,30.110000610351562,30.6112003326416,30.110000610351562,30.6112003326416,294,0.0,0.0,0.0
2021-12-22 00:00:00-05:00,30.399999618530273,30.761499404907227,30.399999618530273,30.761499404907227,475,0.0,0.0,0.0
2021-12-23 00:00:00-05:00,30.84000015258789,30.901100158691406,30.84000015258789,30.901100158691406,287,0.0,0.0,0.0
2021-12-27 00:00:00-05:00,31.045700073242188,31.045700073242188,31.045700073242188,31.045700073242188,4,0.0,0.0,0.0
2021-12-28 00:00:00-05:00,30.934200286865234,30.934200286865234,30.934200286865234,30.934200286865234,121,0.0,0.0,0.0
2021-12-29 00:00:00-05:00,30.790000915527344,30.790000915527344,30.731700897216797,30.731700897216797,755,0.0,0.0,0.0
2021-12-30 00:00:00-05:00,31.100000381469727,31.16900062561035,31.01059913635254,31.01059913635254,1100,0.0,0.0,0.0
2021-12-31 00:00:00-05:00,30.920000076293945,30.920000076293945,30.857900619506836,30.857900619506836,499,0.0,0.0,0.0
2022-01-03 00:00:00-05:00,30.935199737548828,31.030399322509766,30.935199737548828,31.030399322509766,1586,0.0,0.0,0.0
2022-01-04 00:00:00-05:00,31.040000915527344,31.040000915527344,30.877399444580078,30.877399444580078,1401,0.0,0.0,0.0
2022-01-05 00:00:00-05:00,30.345199584960938,30.345199584960938,30.345199584960938,30.345199584960938,86,0.0,0.0,0.0
2022-01-06 00:00:00-05:00,30.1299991607666,30.34000015258789,30.1299991607666,30.274099349975586,1852,0.0,0.0,0.0
2022-01-07 00:00:00-05:00,30.229999542236328,30.34000015258789,30.229999542236328,30.26759910583496,2822,0.0,0.0,0.0
2022-01-10 00:00:00-05:00,30.056900024414062,30.056900024414062,30.056900024414062,30.056900024414062,62,0.0,0.0,0.0
2022-01-11 00:00:00-05:00,30.449800491333008,30.449800491333008,30.449800491333008,30.449800491333008,4,0.0,0.0,0.0
2022-01-12 00:00:00-05:00,30.790000915527344,30.809900283813477,30.709999084472656,30.758499145507812,5135,0.0,0.0,0.0
2022-01-13 00:00:00-05:00,30.389999389648438,30.389999389648438,30.09910011291504,30.09910011291504,1512,0.0,0.0,0.0
2022-01-14 00:00:00-05:00,30.06999969482422,30.139999389648438,30.020999908447266,30.126699447631836,4185,0.0,0.0,0.0
2022-01-18 00:00:00-05:00,29.700000762939453,29.700000762939453,29.620399475097656,29.620399475097656,4359,0.0,0.0,0.0
2022-01-19 00:00:00-05:00,29.739999771118164,29.739999771118164,29.649999618530273,29.649999618530273,2100,0.0,0.0,0.0
2022-01-20 00:00:00-05:00,30.31999969482422,30.32069969177246,29.767499923706055,29.767499923706055,1869,0.0,0.0,0.0
2022-01-21 00:00:00-05:00,29.56999969482422,29.56999969482422,29.090700149536133,29.090700149536133,632,0.0,0.0,0.0
2022-01-24 00:00:00-05:00,28.5,28.88949966430664,28.31999969482422,28.88949966430664,481,0.0,0.0,0.0
2022-01-25 00:00:00-05:00,28.6299991607666,28.6299991607666,28.5132999420166,28.5132999420166,311,0.0,0.0,0.0
2022-01-26 00:00:00-05:00,28.81999969482422,28.8700008392334,28.291200637817383,28.291200637817383,971,0.0,0.0,0.0
2022-01-27 00:00:00-05:00,28.520000457763672,28.520000457763672,28.298500061035156,28.298500061035156,366,0.0,0.0,0.0
2022-01-28 00:00:00-05:00,28.850200653076172,28.850200653076172,28.850200653076172,28.850200653076172,30,0.0,0.0,0.0
2022-01-31 00:00:00-05:00,29.666500091552734,29.666500091552734,29.666500091552734,29.666500091552734,20,0.0,0.0,0.0
2022-02-01 00:00:00-05:00,29.947099685668945,29.947099685668945,29.947099685668945,29.947099685668945,1,0.0,0.0,0.0
2022-02-02 00:00:00-05:00,30.030000686645508,30.030000686645508,30.010000228881836,30.010000228881836,1003,0.0,0.0,0.0
2022-02-03 00:00:00-05:00,29.290000915527344,29.290000915527344,29.107500076293945,29.107500076293945,335,0.0,0.0,0.0
2022-02-04 00:00:00-05:00,29.229999542236328,29.344900131225586,29.209999084472656,29.344900131225586,1019,0.0,0.0,0.0
2022-02-07 00:00:00-05:00,29.25,29.25,29.030000686645508,29.041900634765625,3820,0.0,0.0,0.0
2022-02-08 00:00:00-05:00,28.90999984741211,29.200000762939453,28.899999618530273,29.194400787353516,1540,0.0,0.0,0.0
2022-02-09 00:00:00-05:00,29.649999618530273,29.714000701904297,29.649999618530273,29.714000701904297,104,0.0,0.0,0.0
2022-02-10 00:00:00-05:00,29.440000534057617,29.549999237060547,29.28420066833496,29.28420066833496,1135,0.0,0.0,0.0
2022-02-11 00:00:00-05:00,29.170000076293945,29.170000076293945,28.77239990234375,28.77239990234375,308,0.0,0.0,0.0
2022-02-14 00:00:00-05:00,28.690000534057617,28.780000686645508,28.690000534057617,28.773700714111328,1307,0.0,0.0,0.0
2022-02-15 00:00:00-05:00,29.110000610351562,29.214099884033203,29.110000610351562,29.214099884033203,106,0.0,0.0,0.0
2022-02-16 00:00:00-05:00,29.030000686645508,29.217300415039062,29.010000228881836,29.217300415039062,660,0.0,0.0,0.0
2022-02-17 00:00:00-05:00,29.059999465942383,29.059999465942383,28.841899871826172,28.841899871826172,1311,0.0,0.0,0.0
2022-02-18 00:00:00-05:00,28.65999984741211,28.65999984741211,28.41069984436035,28.525800704956055,1168,0.0,0.0,0.0
2022-02-22 00:00:00-05:00,27.780000686645508,27.90839958190918,27.780000686645508,27.90839958190918,339,0.0,0.0,0.0
2022-02-23 00:00:00-05:00,27.537799835205078,27.537799835205078,27.537799835205078,27.537799835205078,69,0.0,0.0,0.0
2022-02-24 00:00:00-05:00,26.799999237060547,27.54599952697754,26.799999237060547,27.54599952697754,588,0.0,0.0,0.0
2022-02-25 00:00:00-05:00,27.905000686645508,28.049699783325195,27.905000686645508,28.049699783325195,256,0.0,0.0,0.0
2022-02-28 00:00:00-05:00,27.649999618530273,27.752099990844727,27.54199981689453,27.752099990844727,552,0.0,0.0,0.0
2022-03-01 00:00:00-05:00,27.729999542236328,27.760000228881836,27.299999237060547,27.360000610351562,105402,0.0,0.0,0.0
2022-03-02 00:00:00-05:00,27.389999389648438,27.520000457763672,27.329999923706055,27.389999389648438,10416,0.0,0.0,0.0
2022-03-03 00:00:00-05:00,27.040000915527344,27.040000915527344,26.010000228881836,26.43000030517578,79875,0.0,0.0,0.0
2022-03-04 00:00:00-05:00,26.43000030517578,26.459999084472656,25.709999084472656,26.079999923706055,101861,0.0,0.0,0.0
2022-03-07 00:00:00-05:00,25.809999465942383,25.809999465942383,25.131999969482422,25.15880012512207,864,0.0,0.0,0.0
2022-03-08 00:00:00-05:00,25.149999618530273,25.510000228881836,25.009700775146484,25.009700775146484,8220,0.0,0.0,0.0
2022-03-09 00:00:00-05:00,25.790000915527344,26.020000457763672,25.719999313354492,25.93000030517578,6930,0.0,0.0,0.0
2022-03-10 00:00:00-05:00,25.489999771118164,25.489999771118164,25.350000381469727,25.476200103759766,600,0.0,0.0,0.0
2022-03-11 00:00:00-05:00,25.110000610351562,25.110000610351562,24.910999298095703,24.910999298095703,305,0.0,0.0,0.0
2022-03-14 00:00:00-04:00,24.59000015258789,24.59000015258789,24.342599868774414,24.342599868774414,412,0.0,0.0,0.0
2022-03-15 00:00:00-04:00,24.350000381469727,24.640499114990234,24.350000381469727,24.640499114990234,823,0.0,0.0,0.0
2022-03-16 00:00:00-04:00,25.81999969482422,26.559999465942383,25.81999969482422,26.530000686645508,4552,0.0,0.0,0.0
2022-03-17 00:00:00-04:00,25.989999771118164,26.409000396728516,25.989999771118164,26.409000396728516,5246,0.0,0.0,0.0
2022-03-18 00:00:00-04:00,26.329999923706055,27.040000915527344,26.329999923706055,27.023500442504883,729,0.0,0.0,0.0
2022-03-21 00:00:00-04:00,26.739999771118164,26.739999771118164,26.520000457763672,26.542600631713867,751,0.0,0.0,0.0
2022-03-22 00:00:00-04:00,27.0,27.27199935913086,27.0,27.15850067138672,7260,0.0,0.0,0.0
2022-03-23 00:00:00-04:00,26.8799991607666,26.950000762939453,26.770000457763672,26.8085994720459,5828,0.0,0.0,0.0
2022-03-24 00:00:00-04:00,26.799999237060547,26.888700485229492,26.594999313354492,26.888700485229492,884,0.0,0.0,0.0
2022-03-25 00:00:00-04:00,26.866100311279297,26.8799991607666,26.600000381469727,26.82200050354004,20053,0.0,0.0,0.0
2022-03-28 00:00:00-04:00,26.972000122070312,27.002300262451172,26.690000534057617,27.002300262451172,23413,0.0,0.0,0.0
2022-03-29 00:00:00-04:00,27.670000076293945,27.670000076293945,27.5,27.649700164794922,19527,0.0,0.0,0.0
2022-03-30 00:00:00-04:00,27.489999771118164,27.670000076293945,27.486900329589844,27.486900329589844,20674,0.0,0.0,0.0
2022-03-31 00:00:00-04:00,27.329999923706055,27.329999923706055,26.990400314331055,26.990400314331055,22734,0.0,0.0,0.0
2022-04-01 00:00:00-04:00,27.399999618530273,27.450000762939453,27.280000686645508,27.399499893188477,19722,0.0,0.0,0.0
2022-04-04 00:00:00-04:00,27.719999313354492,27.89699935913086,27.719999313354492,27.89699935913086,302,0.0,0.0,0.0
2022-04-05 00:00:00-04:00,27.799999237060547,27.81999969482422,27.486000061035156,27.486000061035156,20003,0.0,0.0,0.0
2022-04-06 00:00:00-04:00,27.049999237060547,27.06999969482422,26.8799991607666,26.998600006103516,23698,0.0,0.0,0.0
2022-04-07 00:00:00-04:00,26.899999618530273,26.979999542236328,26.81999969482422,26.902299880981445,15306,0.0,0.0,0.0
2022-04-08 00:00:00-04:00,26.770000457763672,26.780000686645508,26.68000030517578,26.749799728393555,25185,0.0,0.0,0.0
2022-04-11 00:00:00-04:00,26.399999618530273,26.6200008392334,26.309999465942383,26.309999465942383,21617,0.0,0.0,0.0
2022-04-12 00:00:00-04:00,26.6299991607666,26.690000534057617,26.34980010986328,26.34980010986328,22315,0.0,0.0,0.0
2022-04-13 00:00:00-04:00,26.31999969482422,26.681499481201172,26.309999465942383,26.681499481201172,20037,0.0,0.0,0.0
2022-04-14 00:00:00-04:00,26.770000457763672,26.829999923706055,26.473600387573242,26.473600387573242,22322,0.0,0.0,0.0
2022-04-18 00:00:00-04:00,26.479999542236328,26.524999618530273,26.360000610351562,26.420299530029297,1160,0.0,0.0,0.0
2022-04-19 00:00:00-04:00,26.290000915527344,26.700000762939453,26.290000915527344,26.62980079650879,21112,0.0,0.0,0.0
2022-04-20 00:00:00-04:00,26.6200008392334,26.6200008392334,26.201799392700195,26.201799392700195,19229,0.0,0.0,0.0
2022-04-21 00:00:00-04:00,26.31999969482422,26.469999313354492,25.719999313354492,25.722299575805664,25854,0.0,0.0,0.0
2022-04-22 00:00:00-04:00,25.860000610351562,25.920000076293945,25.368099212646484,25.368099212646484,20700,0.0,0.0,0.0
2022-04-25 00:00:00-04:00,25.1299991607666,25.229999542236328,25.010000228881836,25.190000534057617,16729,0.0,0.0,0.0
2022-04-26 00:00:00-04:00,25.25,25.25,24.824399948120117,24.824399948120117,13035,0.0,0.0,0.0
2022-04-27 00:00:00-04:00,25.239999771118164,25.26110076904297,25.049999237060547,25.049999237060547,2064,0.0,0.0,0.0
2022-04-28 00:00:00-04:00,25.3799991607666,25.710800170898438,25.3799991607666,25.710800170898438,1577,0.0,0.0,0.0
2022-04-29 00:00:00-04:00,26.030000686645508,26.051000595092773,25.375499725341797,25.375499725341797,305,0.0,0.0,0.0
2022-05-02 00:00:00-04:00,25.239999771118164,25.42009925842285,25.125,25.42009925842285,1642,0.0,0.0,0.0
2022-05-03 00:00:00-04:00,25.40999984741211,25.429899215698242,25.280000686645508,25.429899215698242,1202,0.0,0.0,0.0
2022-05-04 00:00:00-04:00,25.34000015258789,25.930999755859375,25.34000015258789,25.930999755859375,2452,0.0,0.0,0.0
2022-05-05 00:00:00-04:00,25.530000686645508,25.530000686645508,24.827899932861328,24.827899932861328,350,0.0,0.0,0.0
2022-05-06 00:00:00-04:00,24.549999237060547,24.549999237060547,24.309999465942383,24.389999389648438,6672,0.0,0.0,0.0
2022-05-09 00:00:00-04:00,24.020000457763672,24.020000457763672,23.520000457763672,23.559999465942383,20981,0.0,0.0,0.0
2022-05-10 00:00:00-04:00,23.889999389648438,24.010000228881836,23.738800048828125,23.738800048828125,704,0.0,0.0,0.0
2022-05-11 00:00:00-04:00,23.81999969482422,24.09000015258789,23.58880043029785,23.58880043029785,2582,0.0,0.0,0.0
2022-05-12 00:00:00-04:00,23.299999237060547,23.709999084472656,23.299999237060547,23.59000015258789,125365,0.0,0.0,0.0
2022-05-13 00:00:00-04:00,23.860000610351562,24.307100296020508,23.81999969482422,24.307100296020508,678,0.0,0.0,0.0
2022-05-16 00:00:00-04:00,24.219999313354492,24.333099365234375,24.140399932861328,24.17140007019043,2499,0.0,0.0,0.0
2022-05-17 00:00:00-04:00,24.43000030517578,24.669099807739258,24.43000030517578,24.669099807739258,763,0.0,0.0,0.0
2022-05-18 00:00:00-04:00,24.34000015258789,24.360000610351562,23.6200008392334,23.6200008392334,4951,0.0,0.0,0.0
2022-05-19 00:00:00-04:00,23.56999969482422,23.624399185180664,23.56999969482422,23.624399185180664,449,0.0,0.0,0.0
2022-05-20 00:00:00-04:00,23.889999389648438,23.889999389648438,23.35099983215332,23.656400680541992,789,0.0,0.0,0.0
2022-05-23 00:00:00-04:00,23.989599227905273,23.989599227905273,23.989599227905273,23.989599227905273,12,0.0,0.0,0.0
2022-05-24 00:00:00-04:00,23.59000015258789,23.59000015258789,23.299999237060547,23.51289939880371,2265,0.0,0.0,0.0
2022-05-25 00:00:00-04:00,23.489999771118164,23.67840003967285,23.489999771118164,23.67840003967285,576,0.0,0.0,0.0
2022-05-26 00:00:00-04:00,23.889999389648438,24.26289939880371,23.889999389648438,24.26289939880371,378,0.0,0.0,0.0
2022-05-27 00:00:00-04:00,24.43000030517578,24.70039939880371,24.43000030517578,24.70039939880371,147,0.0,0.0,0.0
2022-05-31 00:00:00-04:00,25.0580997467041,25.0580997467041,25.0580997467041,25.0580997467041,99,0.0,0.0,0.0
2022-06-01 00:00:00-04:00,24.799999237060547,24.799999237060547,24.690000534057617,24.795900344848633,2269,0.0,0.0,0.0
2022-06-02 00:00:00-04:00,25.280000686645508,25.40410041809082,25.280000686645508,25.40410041809082,1585,0.0,0.0,0.0
2022-06-03 00:00:00-04:00,24.986000061035156,24.986000061035156,24.986000061035156,24.986000061035156,14,0.0,0.0,0.0
2022-06-06 00:00:00-04:00,25.520000457763672,25.520000457763672,25.245100021362305,25.245100021362305,840,0.0,0.0,0.0
2022-06-07 00:00:00-04:00,25.260099411010742,25.48740005493164,25.239999771118164,25.48740005493164,1492,0.0,0.0,0.0
2022-06-08 00:00:00-04:00,25.683300018310547,25.683300018310547,25.673500061035156,25.673500061035156,284,0.0,0.0,0.0
2022-06-09 00:00:00-04:00,25.209999084472656,25.260000228881836,24.817899703979492,24.817899703979492,123085,0.0,0.0,0.0
2022-06-10 00:00:00-04:00,24.520000457763672,24.520000457763672,24.25,24.350000381469727,3803,0.0,0.0,0.0
2022-06-13 00:00:00-04:00,24.350000381469727,24.350000381469727,24.350000381469727,24.350000381469727,0,0.0,0.0,0.0
2022-06-14 00:00:00-04:00,24.350000381469727,24.350000381469727,24.350000381469727,24.350000381469727,0,0.0,0.0,0.0
2022-06-15 00:00:00-04:00,24.350000381469727,24.350000381469727,24.350000381469727,24.350000381469727,0,0.0,0.0,0.0
2022-06-16 00:00:00-04:00,24.350000381469727,24.350000381469727,24.350000381469727,24.350000381469727,0,0.0,0.0,0.0
2022-06-17 00:00:00-04:00,24.350000381469727,24.350000381469727,24.350000381469727,24.350000381469727,0,0.0,0.0,0.0
