Date,Open,High,Low,Close,Volume,Dividends,Stock Splits
2005-04-11 00:00:00-04:00,0.009999999776482582,0.009999999776482582,0.009999999776482582,0.009999999776482582,4000,0.0,0.0
2005-07-26 00:00:00-04:00,0.009999999776482582,0.009999999776482582,0.009999999776482582,0.009999999776482582,15000,0.0,0.0
2006-04-27 00:00:00-04:00,0.10000000149011612,0.10000000149011612,0.10000000149011612,0.10000000149011612,1000,0.0,0.0
2006-10-17 00:00:00-04:00,9.999999747378752e-05,9.999999747378752e-05,9.999999747378752e-05,9.999999747378752e-05,250,0.0,0.0
2006-11-29 00:00:00-05:00,9.999999747378752e-05,9.999999747378752e-05,9.999999747378752e-05,9.999999747378752e-05,18000,0.0,0.0
2007-08-29 00:00:00-04:00,0.10000000149011612,0.10000000149011612,0.10000000149011612,0.10000000149011612,2000,0.0,0.0
2007-09-17 00:00:00-04:00,9.999999747378752e-05,9.999999747378752e-05,9.999999747378752e-05,9.999999747378752e-05,400,0.0,0.0
2007-12-17 00:00:00-05:00,0.00019999999494757503,0.00019999999494757503,0.00019999999494757503,0.00019999999494757503,389000,0.0,0.0
2008-11-03 00:00:00-05:00,9.999999747378752e-05,9.999999747378752e-05,9.999999747378752e-05,9.999999747378752e-05,1100,0.0,0.0
2008-12-26 00:00:00-05:00,9.999999747378752e-05,9.999999747378752e-05,9.999999747378752e-05,9.999999747378752e-05,600,0.0,0.0
2008-12-31 00:00:00-05:00,9.999999747378752e-05,9.999999747378752e-05,9.999999747378752e-05,9.999999747378752e-05,11200,0.0,0.0
2009-01-30 00:00:00-05:00,0.00019999999494757503,0.00019999999494757503,0.00019999999494757503,0.00019999999494757503,500,0.0,0.0
2009-02-12 00:00:00-05:00,0.00019999999494757503,0.00019999999494757503,0.00019999999494757503,0.00019999999494757503,100,0.0,0.0
2009-02-27 00:00:00-05:00,0.00019999999494757503,0.00019999999494757503,0.00019999999494757503,0.00019999999494757503,100,0.0,0.0
2009-04-02 00:00:00-04:00,0.00019999999494757503,0.00019999999494757503,0.00019999999494757503,0.00019999999494757503,350,0.0,0.0
2009-04-16 00:00:00-04:00,0.00019999999494757503,0.00019999999494757503,0.00019999999494757503,0.00019999999494757503,400,0.0,0.0
2009-05-04 00:00:00-04:00,0.00019999999494757503,0.00019999999494757503,0.00019999999494757503,0.00019999999494757503,2000,0.0,0.0
2009-06-01 00:00:00-04:00,0.00019999999494757503,0.00019999999494757503,0.00019999999494757503,0.00019999999494757503,500,0.0,0.0
2009-06-08 00:00:00-04:00,0.00019999999494757503,0.00019999999494757503,0.00019999999494757503,0.00019999999494757503,107,0.0,0.0
2009-06-09 00:00:00-04:00,0.00019999999494757503,0.00019999999494757503,0.00019999999494757503,0.00019999999494757503,2500,0.0,0.0
2009-06-12 00:00:00-04:00,0.00019999999494757503,0.00019999999494757503,0.00019999999494757503,0.00019999999494757503,50000,0.0,0.0
2009-07-08 00:00:00-04:00,0.00019999999494757503,0.00019999999494757503,0.00019999999494757503,0.00019999999494757503,1000,0.0,0.0
2009-07-16 00:00:00-04:00,0.00019999999494757503,0.00019999999494757503,0.00019999999494757503,0.00019999999494757503,473,0.0,0.0
2009-07-27 00:00:00-04:00,0.00019999999494757503,0.00019999999494757503,0.00019999999494757503,0.00019999999494757503,2000,0.0,0.0
2009-08-14 00:00:00-04:00,0.00019999999494757503,0.00019999999494757503,0.00019999999494757503,0.00019999999494757503,6000,0.0,0.0
2009-10-22 00:00:00-04:00,0.00019999999494757503,0.00019999999494757503,0.00019999999494757503,0.00019999999494757503,5000,0.0,0.0
2010-02-18 00:00:00-05:00,0.00019999999494757503,0.00019999999494757503,0.00019999999494757503,0.00019999999494757503,400,0.0,0.0
2010-03-29 00:00:00-04:00,0.00019999999494757503,0.00019999999494757503,0.00019999999494757503,0.00019999999494757503,700,0.0,0.0
2010-08-26 00:00:00-04:00,0.00019999999494757503,0.00019999999494757503,0.00019999999494757503,0.00019999999494757503,200,0.0,0.0
2010-09-17 00:00:00-04:00,0.00019999999494757503,0.00019999999494757503,0.00019999999494757503,0.00019999999494757503,100,0.0,0.0
2010-09-29 00:00:00-04:00,0.00019999999494757503,0.00019999999494757503,0.00019999999494757503,0.00019999999494757503,5250,0.0,0.0
2010-10-08 00:00:00-04:00,0.00019999999494757503,0.00019999999494757503,0.00019999999494757503,0.00019999999494757503,708,0.0,0.0
2010-10-14 00:00:00-04:00,0.00019999999494757503,0.00019999999494757503,0.00019999999494757503,0.00019999999494757503,6300,0.0,0.0
2010-11-02 00:00:00-04:00,0.00019999999494757503,0.00019999999494757503,0.00019999999494757503,0.00019999999494757503,222,0.0,0.0
2010-11-18 00:00:00-05:00,0.009999999776482582,0.009999999776482582,0.009999999776482582,0.009999999776482582,4250,0.0,0.0
2010-11-23 00:00:00-05:00,0.09000000357627869,0.09000000357627869,0.09000000357627869,0.09000000357627869,1000,0.0,0.0
2010-11-29 00:00:00-05:00,0.009999999776482582,0.009999999776482582,0.009999999776482582,0.009999999776482582,7900,0.0,0.0
2010-11-30 00:00:00-05:00,0.009999999776482582,0.009999999776482582,0.009999999776482582,0.009999999776482582,200,0.0,0.0
2010-12-01 00:00:00-05:00,0.009999999776482582,0.009999999776482582,0.009999999776482582,0.009999999776482582,100,0.0,0.0
2010-12-06 00:00:00-05:00,0.009999999776482582,0.009999999776482582,0.009999999776482582,0.009999999776482582,1000,0.0,0.0
2010-12-14 00:00:00-05:00,0.009999999776482582,0.009999999776482582,0.009999999776482582,0.009999999776482582,300,0.0,0.0
2010-12-15 00:00:00-05:00,0.009999999776482582,0.009999999776482582,0.009999999776482582,0.009999999776482582,200,0.0,0.0
2010-12-17 00:00:00-05:00,0.009999999776482582,0.009999999776482582,0.009999999776482582,0.009999999776482582,3000,0.0,0.0
2010-12-21 00:00:00-05:00,0.009999999776482582,0.009999999776482582,0.009999999776482582,0.009999999776482582,600,0.0,0.0
2010-12-29 00:00:00-05:00,0.013000000268220901,0.013000000268220901,0.013000000268220901,0.013000000268220901,10000,0.0,0.0
2010-12-30 00:00:00-05:00,0.009999999776482582,0.009999999776482582,0.009999999776482582,0.009999999776482582,2600,0.0,0.0
2011-01-11 00:00:00-05:00,0.009999999776482582,0.009999999776482582,0.009999999776482582,0.009999999776482582,200,0.0,0.0
2011-01-14 00:00:00-05:00,0.014999999664723873,0.014999999664723873,0.014999999664723873,0.014999999664723873,10000,0.0,0.0
2011-01-25 00:00:00-05:00,0.0010000000474974513,0.0010000000474974513,0.0010000000474974513,0.0010000000474974513,500,0.0,0.0
2011-01-26 00:00:00-05:00,0.0010000000474974513,0.0010000000474974513,0.0010000000474974513,0.0010000000474974513,731,0.0,0.0
2011-02-01 00:00:00-05:00,0.0010000000474974513,0.0010000000474974513,0.0010000000474974513,0.0010000000474974513,1700,0.0,0.0
2011-02-15 00:00:00-05:00,0.0010000000474974513,0.0010000000474974513,0.0010000000474974513,0.0010000000474974513,1100,0.0,0.0
2011-02-24 00:00:00-05:00,0.0010000000474974513,0.0010000000474974513,0.0010000000474974513,0.0010000000474974513,300,0.0,0.0
2011-03-02 00:00:00-05:00,0.0010000000474974513,0.0010000000474974513,0.0010000000474974513,0.0010000000474974513,300,0.0,0.0
2011-03-08 00:00:00-05:00,0.0010000000474974513,0.0010000000474974513,0.0010000000474974513,0.0010000000474974513,1000,0.0,0.0
2011-04-07 00:00:00-04:00,0.0010000000474974513,0.0010000000474974513,0.0010000000474974513,0.0010000000474974513,200,0.0,0.0
2011-04-21 00:00:00-04:00,0.0010000000474974513,0.0010000000474974513,0.0010000000474974513,0.0010000000474974513,27000,0.0,0.0
2011-04-28 00:00:00-04:00,0.0010000000474974513,0.0010000000474974513,0.0010000000474974513,0.0010000000474974513,100,0.0,0.0
2011-06-21 00:00:00-04:00,0.0010999999940395355,0.0010999999940395355,0.0010999999940395355,0.0010999999940395355,27000,0.0,0.0
2011-07-11 00:00:00-04:00,0.0010000000474974513,0.0010000000474974513,0.0010000000474974513,0.0010000000474974513,32000,0.0,0.0
2011-07-12 00:00:00-04:00,0.0010000000474974513,0.0010000000474974513,0.0010000000474974513,0.0010000000474974513,300,0.0,0.0
2011-08-25 00:00:00-04:00,0.0010000000474974513,0.0010000000474974513,0.0010000000474974513,0.0010000000474974513,117,0.0,0.0
2011-09-12 00:00:00-04:00,0.0010000000474974513,0.0010000000474974513,0.0010000000474974513,0.0010000000474974513,100,0.0,0.0
2011-09-15 00:00:00-04:00,0.0010000000474974513,0.0010000000474974513,0.0010000000474974513,0.0010000000474974513,1000,0.0,0.0
2011-09-21 00:00:00-04:00,0.0010000000474974513,0.0010000000474974513,0.0010000000474974513,0.0010000000474974513,5000,0.0,0.0
2011-11-15 00:00:00-05:00,0.0010000000474974513,0.0010000000474974513,0.0010000000474974513,0.0010000000474974513,2000,0.0,0.0
2011-12-02 00:00:00-05:00,0.0010000000474974513,0.0010000000474974513,0.0010000000474974513,0.0010000000474974513,200,0.0,0.0
2011-12-05 00:00:00-05:00,0.0010000000474974513,0.0010000000474974513,0.0010000000474974513,0.0010000000474974513,500,0.0,0.0
2011-12-08 00:00:00-05:00,0.0010000000474974513,0.0010000000474974513,0.0010000000474974513,0.0010000000474974513,100,0.0,0.0
2011-12-09 00:00:00-05:00,0.0010000000474974513,0.0010000000474974513,0.0010000000474974513,0.0010000000474974513,1200,0.0,0.0
2011-12-14 00:00:00-05:00,0.0010000000474974513,0.0010000000474974513,0.0010000000474974513,0.0010000000474974513,700,0.0,0.0
2011-12-22 00:00:00-05:00,0.0010000000474974513,0.0010000000474974513,0.0010000000474974513,0.0010000000474974513,5000,0.0,0.0
2011-12-29 00:00:00-05:00,0.0010000000474974513,0.0010000000474974513,0.0010000000474974513,0.0010000000474974513,500,0.0,0.0
2012-01-04 00:00:00-05:00,0.0010000000474974513,0.0010000000474974513,0.0010000000474974513,0.0010000000474974513,2000,0.0,0.0
2012-03-05 00:00:00-05:00,0.0010000000474974513,0.0010000000474974513,0.0010000000474974513,0.0010000000474974513,300,0.0,0.0
2012-03-06 00:00:00-05:00,0.0010000000474974513,0.0010000000474974513,0.0010000000474974513,0.0010000000474974513,1000,0.0,0.0
2012-04-05 00:00:00-04:00,0.0010000000474974513,0.0010000000474974513,0.0010000000474974513,0.0010000000474974513,1000,0.0,0.0
2012-04-23 00:00:00-04:00,0.0010000000474974513,0.0010000000474974513,0.0010000000474974513,0.0010000000474974513,100,0.0,0.0
2012-05-03 00:00:00-04:00,0.0010000000474974513,0.0010000000474974513,0.0010000000474974513,0.0010000000474974513,590,0.0,0.0
2012-05-04 00:00:00-04:00,0.0010000000474974513,0.0010000000474974513,0.0010000000474974513,0.0010000000474974513,5150,0.0,0.0
2012-08-20 00:00:00-04:00,0.0010000000474974513,0.0010000000474974513,0.0010000000474974513,0.0010000000474974513,371,0.0,0.0
2012-09-20 00:00:00-04:00,0.0010000000474974513,0.0010000000474974513,0.0010000000474974513,0.0010000000474974513,100,0.0,0.0
2016-10-27 00:00:00-04:00,9.999999747378752e-05,9.999999747378752e-05,9.999999747378752e-05,9.999999747378752e-05,500,0.0,0.0
2016-11-29 00:00:00-05:00,9.999999974752427e-07,9.999999974752427e-07,9.999999974752427e-07,9.999999974752427e-07,1500,0.0,0.0
2017-01-31 00:00:00-05:00,9.999999747378752e-06,9.999999747378752e-06,9.999999747378752e-06,9.999999747378752e-06,2000,0.0,0.0
2017-03-20 00:00:00-04:00,9.999999747378752e-06,9.999999747378752e-06,9.999999747378752e-06,9.999999747378752e-06,3000,0.0,0.0
2017-03-28 00:00:00-04:00,,,,0.0,200,0.0,0.0
2017-04-18 00:00:00-04:00,9.999999974752427e-07,9.999999974752427e-07,9.999999974752427e-07,9.999999974752427e-07,3000,0.0,0.0
2017-05-12 00:00:00-04:00,9.999999747378752e-06,9.999999747378752e-06,9.999999747378752e-06,9.999999747378752e-06,1000,0.0,0.0
2017-10-12 00:00:00-04:00,9.999999974752427e-07,9.999999974752427e-07,9.999999974752427e-07,9.999999974752427e-07,400,0.0,0.0
2018-01-25 00:00:00-05:00,9.999999747378752e-06,9.999999747378752e-06,9.999999747378752e-06,9.999999747378752e-06,2000,0.0,0.0
2018-02-13 00:00:00-05:00,9.999999974752427e-07,9.999999974752427e-07,9.999999974752427e-07,9.999999974752427e-07,432,0.0,0.0
2018-03-12 00:00:00-04:00,9.999999974752427e-07,9.999999974752427e-07,9.999999974752427e-07,9.999999974752427e-07,200,0.0,0.0
2018-07-23 00:00:00-04:00,9.999999974752427e-07,9.999999974752427e-07,9.999999974752427e-07,9.999999974752427e-07,200,0.0,0.0
2018-11-21 00:00:00-05:00,9.999999747378752e-06,9.999999747378752e-06,9.999999747378752e-06,9.999999747378752e-06,200,0.0,0.0
2018-12-10 00:00:00-05:00,9.999999974752427e-07,9.999999974752427e-07,9.999999974752427e-07,9.999999974752427e-07,200,0.0,0.0
2018-12-12 00:00:00-05:00,9.999999974752427e-07,9.999999974752427e-07,9.999999974752427e-07,9.999999974752427e-07,308,0.0,0.0
2018-12-13 00:00:00-05:00,9.999999747378752e-06,9.999999747378752e-06,9.999999747378752e-06,9.999999747378752e-06,500,0.0,0.0
2019-02-12 00:00:00-05:00,9.999999974752427e-07,9.999999974752427e-07,9.999999974752427e-07,9.999999974752427e-07,1000,0.0,0.0
2019-05-16 00:00:00-04:00,9.999999747378752e-06,9.999999747378752e-06,9.999999747378752e-06,9.999999747378752e-06,1500,0.0,0.0
2019-05-17 00:00:00-04:00,9.999999974752427e-07,9.999999974752427e-07,9.999999974752427e-07,9.999999974752427e-07,600,0.0,0.0
2019-06-17 00:00:00-04:00,9.999999974752427e-07,9.999999974752427e-07,9.999999974752427e-07,9.999999974752427e-07,250,0.0,0.0
2019-09-17 00:00:00-04:00,9.999999747378752e-05,9.999999747378752e-05,9.999999747378752e-05,9.999999747378752e-05,137,0.0,0.0
2019-09-19 00:00:00-04:00,9.999999974752427e-07,9.999999974752427e-07,9.999999974752427e-07,9.999999974752427e-07,200,0.0,0.0
2019-11-08 00:00:00-05:00,9.999999747378752e-05,9.999999747378752e-05,9.999999747378752e-05,9.999999747378752e-05,1000,0.0,0.0
2019-11-15 00:00:00-05:00,9.999999747378752e-06,9.999999747378752e-06,9.999999747378752e-06,9.999999747378752e-06,500,0.0,0.0
2020-01-07 00:00:00-05:00,9.999999747378752e-05,9.999999747378752e-05,9.999999747378752e-05,9.999999747378752e-05,1040,0.0,0.0
2020-02-04 00:00:00-05:00,9.999999747378752e-06,9.999999747378752e-06,9.999999747378752e-06,9.999999747378752e-06,100,0.0,0.0
2020-02-24 00:00:00-05:00,0.0010000000474974513,0.0010000000474974513,0.0010000000474974513,0.0010000000474974513,900,0.0,0.0
2020-03-17 00:00:00-04:00,0.0010000000474974513,0.0010000000474974513,0.0010000000474974513,0.0010000000474974513,100,0.0,0.0
2020-04-06 00:00:00-04:00,0.004999999888241291,0.004999999888241291,0.004999999888241291,0.004999999888241291,500,0.0,0.0
2020-05-20 00:00:00-04:00,9.999999974752427e-07,9.999999974752427e-07,9.999999974752427e-07,9.999999974752427e-07,1000,0.0,0.0
2020-07-29 00:00:00-04:00,9.999999747378752e-05,0.004999999888241291,9.999999747378752e-05,9.999999747378752e-05,8500,0.0,0.0
2020-08-05 00:00:00-04:00,9.999999747378752e-05,9.999999747378752e-05,9.999999747378752e-05,9.999999747378752e-05,1000,0.0,0.0
2020-09-09 00:00:00-04:00,9.999999747378752e-05,9.999999747378752e-05,9.999999747378752e-05,9.999999747378752e-05,5000,0.0,0.0
2020-09-21 00:00:00-04:00,0.00019999999494757503,0.00019999999494757503,0.00019999999494757503,0.00019999999494757503,600,0.0,0.0
2020-10-22 00:00:00-04:00,0.0010999999940395355,0.0010999999940395355,0.0010999999940395355,0.0010999999940395355,10000,0.0,0.0
2020-11-02 00:00:00-05:00,0.0010999999940395355,0.0010999999940395355,0.0010999999940395355,0.0010999999940395355,10000,0.0,0.0
2020-11-03 00:00:00-05:00,0.005499999970197678,0.005499999970197678,0.003000000026077032,0.003000000026077032,111000,0.0,0.0
2020-11-06 00:00:00-05:00,0.004999999888241291,0.004999999888241291,0.004999999888241291,0.004999999888241291,1000,0.0,0.0
2020-11-16 00:00:00-05:00,0.003599999938160181,0.003599999938160181,0.003599999938160181,0.003599999938160181,100,0.0,0.0
2020-12-23 00:00:00-05:00,0.0005499999970197678,0.0005499999970197678,0.0005499999970197678,0.0005499999970197678,106,0.0,0.0
2020-12-31 00:00:00-05:00,9.999999974752427e-07,9.999999974752427e-07,9.999999974752427e-07,9.999999974752427e-07,1200,0.0,0.0
2021-05-05 00:00:00-04:00,0.0005000000237487257,0.0005000000237487257,0.0005000000237487257,0.0005000000237487257,10000,0.0,0.0
2021-05-07 00:00:00-04:00,0.0005000000237487257,0.0005000000237487257,0.0005000000237487257,0.0005000000237487257,100,0.0,0.0
2021-08-02 00:00:00-04:00,9.999999974752427e-07,9.999999974752427e-07,9.999999974752427e-07,9.999999974752427e-07,3000,0.0,0.0
2021-09-24 00:00:00-04:00,9.999999974752427e-07,9.999999974752427e-07,9.999999974752427e-07,9.999999974752427e-07,100,0.0,0.0
2022-04-12 00:00:00-04:00,9.999999747378752e-05,9.999999747378752e-05,9.999999747378752e-05,9.999999747378752e-05,2000,0.0,0.0
2022-07-18 00:00:00-04:00,9.999999974752427e-07,9.999999974752427e-07,9.999999974752427e-07,9.999999974752427e-07,100,0.0,0.0
2022-09-16 00:00:00-04:00,9.999999974752427e-07,9.999999974752427e-07,9.999999974752427e-07,9.999999974752427e-07,4000,0.0,0.0
2022-09-20 00:00:00-04:00,9.999999974752427e-07,9.999999974752427e-07,9.999999974752427e-07,9.999999974752427e-07,200,0.0,0.0
2022-09-23 00:00:00-04:00,9.999999974752427e-07,9.999999974752427e-07,9.999999974752427e-07,9.999999974752427e-07,200,0.0,0.0
2022-09-30 00:00:00-04:00,9.999999974752427e-07,9.999999974752427e-07,9.999999974752427e-07,9.999999974752427e-07,200,0.0,0.0
2022-12-30 00:00:00-05:00,9.999999974752427e-07,9.999999974752427e-07,9.999999974752427e-07,9.999999974752427e-07,600,0.0,0.0
2023-01-18 00:00:00-05:00,9.999999747378752e-05,9.999999747378752e-05,9.999999747378752e-05,9.999999747378752e-05,200,0.0,0.0
2023-03-07 00:00:00-05:00,9.999999974752427e-07,9.999999974752427e-07,9.999999974752427e-07,9.999999974752427e-07,100,0.0,0.0
2023-03-30 00:00:00-04:00,9.999999974752427e-07,9.999999974752427e-07,9.999999974752427e-07,9.999999974752427e-07,102,0.0,0.0
2023-04-21 00:00:00-04:00,9.999999974752427e-07,9.999999974752427e-07,9.999999974752427e-07,9.999999974752427e-07,500,0.0,0.0
2023-05-23 00:00:00-04:00,9.999999974752427e-07,9.999999974752427e-07,9.999999974752427e-07,9.999999974752427e-07,250,0.0,0.0
2023-06-20 00:00:00-04:00,9.999999974752427e-07,9.999999974752427e-07,9.999999974752427e-07,9.999999974752427e-07,102,0.0,0.0
2023-07-25 00:00:00-04:00,9.999999974752427e-07,9.999999974752427e-07,9.999999974752427e-07,9.999999974752427e-07,623,0.0,0.0
