Date,Open,High,Low,Close,Volume,Dividends,Stock Splits
2022-03-28 00:00:00-04:00,2.0,4.25,2.0,4.25,3200,0.0,0.0
2022-03-29 00:00:00-04:00,4.25,4.75,4.0,4.0,1720,0.0,0.0
2022-03-30 00:00:00-04:00,4.0,5.0,4.0,5.0,3100,0.0,0.0
2022-03-31 00:00:00-04:00,5.0,5.0,5.0,5.0,0,0.0,0.0
2022-04-01 00:00:00-04:00,5.0,5.0,5.0,5.0,0,0.0,0.0
2022-04-04 00:00:00-04:00,5.0,5.0,5.0,5.0,0,0.0,0.0
2022-04-05 00:00:00-04:00,5.25,5.25,5.25,5.25,200,0.0,0.0
2022-04-06 00:00:00-04:00,5.25,5.25,5.25,5.25,0,0.0,0.0
2022-04-07 00:00:00-04:00,5.5,5.5,5.5,5.5,182,0.0,0.0
2022-04-08 00:00:00-04:00,6.0,6.0,5.739999771118164,5.739999771118164,200,0.0,0.0
2022-04-11 00:00:00-04:00,5.739999771118164,5.739999771118164,5.739999771118164,5.739999771118164,0,0.0,0.0
2022-04-12 00:00:00-04:00,5.739999771118164,5.739999771118164,5.739999771118164,5.739999771118164,0,0.0,0.0
2022-04-13 00:00:00-04:00,5.739999771118164,5.739999771118164,5.739999771118164,5.739999771118164,0,0.0,0.0
2022-04-14 00:00:00-04:00,5.739999771118164,5.739999771118164,5.739999771118164,5.739999771118164,0,0.0,0.0
2022-04-18 00:00:00-04:00,5.0,5.0,5.0,5.0,288,0.0,0.0
2022-04-19 00:00:00-04:00,5.0,5.0,5.0,5.0,0,0.0,0.0
2022-04-20 00:00:00-04:00,5.0,5.0,5.0,5.0,0,0.0,0.0
2022-04-21 00:00:00-04:00,5.0,5.0,5.0,5.0,0,0.0,0.0
2022-04-22 00:00:00-04:00,5.0,5.0,5.0,5.0,0,0.0,0.0
2022-04-25 00:00:00-04:00,5.0,5.0,5.0,5.0,112,0.0,0.0
2022-04-26 00:00:00-04:00,5.0,5.0,5.0,5.0,0,0.0,0.0
2022-04-27 00:00:00-04:00,5.0,5.0,5.0,5.0,0,0.0,0.0
2022-04-28 00:00:00-04:00,5.0,5.0,5.0,5.0,0,0.0,0.0
2022-04-29 00:00:00-04:00,5.0,5.0,5.0,5.0,0,0.0,0.0
2022-05-02 00:00:00-04:00,5.0,5.0,5.0,5.0,0,0.0,0.0
2022-05-03 00:00:00-04:00,5.0,5.0,5.0,5.0,0,0.0,0.0
2022-05-04 00:00:00-04:00,5.0,5.0,5.0,5.0,0,0.0,0.0
2022-05-05 00:00:00-04:00,5.0,5.0,5.0,5.0,0,0.0,0.0
2022-05-06 00:00:00-04:00,5.0,5.0,5.0,5.0,0,0.0,0.0
2022-05-09 00:00:00-04:00,5.0,5.0,5.0,5.0,0,0.0,0.0
2022-05-10 00:00:00-04:00,5.0,5.0,5.0,5.0,0,0.0,0.0
2022-05-11 00:00:00-04:00,4.900000095367432,5.25,4.900000095367432,5.25,988,0.0,0.0
2022-05-12 00:00:00-04:00,5.999899864196777,6.5,5.999899864196777,6.0,1334,0.0,0.0
2022-05-13 00:00:00-04:00,6.0,6.0,6.0,6.0,0,0.0,0.0
2022-05-16 00:00:00-04:00,6.0,6.0,6.0,6.0,0,0.0,0.0
2022-05-17 00:00:00-04:00,6.25,6.25,6.25,6.25,1015,0.0,0.0
2022-05-18 00:00:00-04:00,6.25,6.25,6.25,6.25,0,0.0,0.0
2022-05-19 00:00:00-04:00,6.25,6.25,6.25,6.25,0,0.0,0.0
2022-05-20 00:00:00-04:00,6.25,6.25,6.25,6.25,0,0.0,0.0
2022-05-23 00:00:00-04:00,6.25,6.25,6.25,6.25,0,0.0,0.0
2022-05-24 00:00:00-04:00,6.25,6.25,6.25,6.25,0,0.0,0.0
2022-05-25 00:00:00-04:00,6.25,6.25,6.25,6.25,0,0.0,0.0
2022-05-26 00:00:00-04:00,6.25,6.25,6.25,6.25,0,0.0,0.0
2022-05-27 00:00:00-04:00,6.25,6.25,6.25,6.25,0,0.0,0.0
2022-05-31 00:00:00-04:00,6.25,6.25,6.25,6.25,0,0.0,0.0
2022-06-01 00:00:00-04:00,6.25,6.25,6.25,6.25,0,0.0,0.0
2022-06-02 00:00:00-04:00,6.25,6.25,6.25,6.25,0,0.0,0.0
2022-06-03 00:00:00-04:00,6.25,6.25,6.25,6.25,0,0.0,0.0
2022-06-06 00:00:00-04:00,6.25,6.25,6.25,6.25,0,0.0,0.0
2022-06-07 00:00:00-04:00,6.25,6.25,6.25,6.25,0,0.0,0.0
2022-06-08 00:00:00-04:00,6.25,6.25,6.25,6.25,0,0.0,0.0
2022-06-09 00:00:00-04:00,6.25,6.25,6.25,6.25,0,0.0,0.0
2022-06-10 00:00:00-04:00,6.25,6.25,6.25,6.25,0,0.0,0.0
2022-06-13 00:00:00-04:00,6.25,6.25,6.25,6.25,0,0.0,0.0
2022-06-14 00:00:00-04:00,6.25,6.25,6.25,6.25,0,0.0,0.0
2022-06-15 00:00:00-04:00,6.25,6.25,6.25,6.25,0,0.0,0.0
2022-06-16 00:00:00-04:00,6.25,6.25,6.25,6.25,0,0.0,0.0
2022-06-17 00:00:00-04:00,6.25,6.25,6.25,6.25,0,0.0,0.0
2022-06-21 00:00:00-04:00,6.25,6.25,6.25,6.25,0,0.0,0.0
2022-06-22 00:00:00-04:00,6.25,6.25,6.25,6.25,0,0.0,0.0
2022-06-23 00:00:00-04:00,6.25,6.25,6.25,6.25,0,0.0,0.0
2022-06-24 00:00:00-04:00,6.5,6.5,6.5,6.5,100,0.0,0.0
2022-06-27 00:00:00-04:00,6.25,6.25,4.0,4.0,1050,0.0,0.0
2022-06-28 00:00:00-04:00,4.0,4.0,4.0,4.0,0,0.0,0.0
2022-06-29 00:00:00-04:00,4.0,4.0,3.9700000286102295,3.9700000286102295,600,0.0,0.0
2022-06-30 00:00:00-04:00,3.9700000286102295,3.9700000286102295,3.9700000286102295,3.9700000286102295,0,0.0,0.0
2022-07-01 00:00:00-04:00,3.75,4.0,3.0,4.0,2675,0.0,0.0
2022-07-05 00:00:00-04:00,5.75,5.75,5.0,5.0,200,0.0,0.0
2022-07-06 00:00:00-04:00,5.0,5.0,5.0,5.0,0,0.0,0.0
2022-07-07 00:00:00-04:00,5.0,5.0,4.449999809265137,4.5,1668,0.0,0.0
2022-07-08 00:00:00-04:00,4.400000095367432,4.400000095367432,4.0,4.0,1212,0.0,0.0
2022-07-11 00:00:00-04:00,4.0,4.0,4.0,4.0,0,0.0,0.0
2022-07-12 00:00:00-04:00,4.0,4.0,4.0,4.0,0,0.0,0.0
2022-07-13 00:00:00-04:00,4.0,4.0,4.0,4.0,0,0.0,0.0
2022-07-14 00:00:00-04:00,4.050000190734863,4.050000190734863,4.050000190734863,4.050000190734863,1000,0.0,0.0
2022-07-15 00:00:00-04:00,4.050000190734863,4.050000190734863,4.050000190734863,4.050000190734863,0,0.0,0.0
2022-07-18 00:00:00-04:00,3.049999952316284,3.049999952316284,3.049999952316284,3.049999952316284,100,0.0,0.0
2022-07-19 00:00:00-04:00,3.049999952316284,3.049999952316284,3.049999952316284,3.049999952316284,100,0.0,0.0
2022-07-20 00:00:00-04:00,3.049999952316284,3.049999952316284,3.049999952316284,3.049999952316284,0,0.0,0.0
2022-07-21 00:00:00-04:00,2.799999952316284,2.799999952316284,2.5999999046325684,2.5999999046325684,1600,0.0,0.0
2022-07-22 00:00:00-04:00,2.5999999046325684,2.5999999046325684,2.569999933242798,2.5999999046325684,1300,0.0,0.0
2022-07-25 00:00:00-04:00,2.5999999046325684,2.5999999046325684,2.5999999046325684,2.5999999046325684,0,0.0,0.0
2022-07-26 00:00:00-04:00,2.5,2.5,2.5,2.5,344,0.0,0.0
2022-07-27 00:00:00-04:00,2.5,2.5,2.5,2.5,0,0.0,0.0
2022-07-28 00:00:00-04:00,2.5,2.5,2.25,2.5,10300,0.0,0.0
2022-07-29 00:00:00-04:00,2.5,2.5,2.5,2.5,0,0.0,0.0
2022-08-01 00:00:00-04:00,2.2799999713897705,2.2799999713897705,2.2200000286102295,2.2200000286102295,6400,0.0,0.0
2022-08-02 00:00:00-04:00,2.2200000286102295,2.2200000286102295,2.2200000286102295,2.2200000286102295,0,0.0,0.0
2022-08-03 00:00:00-04:00,2.2200000286102295,2.2200000286102295,2.2200000286102295,2.2200000286102295,0,0.0,0.0
2022-08-04 00:00:00-04:00,2.200000047683716,2.2249999046325684,2.1700000762939453,2.2200000286102295,4700,0.0,0.0
2022-08-05 00:00:00-04:00,2.1500000953674316,2.450000047683716,2.1500000953674316,2.450000047683716,5330,0.0,0.0
2022-08-08 00:00:00-04:00,2.450000047683716,2.549999952316284,2.450000047683716,2.549999952316284,1504,0.0,0.0
2022-08-09 00:00:00-04:00,2.549999952316284,2.549999952316284,2.549999952316284,2.549999952316284,0,0.0,0.0
2022-08-10 00:00:00-04:00,2.5799999237060547,2.5799999237060547,2.5799999237060547,2.5799999237060547,100,0.0,0.0
2022-08-11 00:00:00-04:00,2.5,2.5,2.5,2.5,700,0.0,0.0
2022-08-12 00:00:00-04:00,2.200000047683716,2.200000047683716,2.200000047683716,2.200000047683716,500,0.0,0.0
2022-08-15 00:00:00-04:00,2.200000047683716,2.200000047683716,2.200000047683716,2.200000047683716,0,0.0,0.0
2022-08-16 00:00:00-04:00,2.5,2.799999952316284,2.5,2.799999952316284,1700,0.0,0.0
2022-08-17 00:00:00-04:00,2.75,2.75,2.700000047683716,2.700000047683716,900,0.0,0.0
2022-08-18 00:00:00-04:00,2.700000047683716,2.700000047683716,2.700000047683716,2.700000047683716,0,0.0,0.0
2022-08-19 00:00:00-04:00,2.5999999046325684,2.5999999046325684,2.5999999046325684,2.5999999046325684,100,0.0,0.0
2022-08-22 00:00:00-04:00,2.5999999046325684,3.0,2.5999999046325684,3.0,800,0.0,0.0
2022-08-23 00:00:00-04:00,2.9000000953674316,2.9000000953674316,2.2125000953674316,2.5,65560,0.0,0.0
2022-08-24 00:00:00-04:00,2.5244998931884766,2.549999952316284,2.450000047683716,2.450000047683716,2200,0.0,0.0
2022-08-25 00:00:00-04:00,2.4240000247955322,2.4240000247955322,2.4000000953674316,2.4000000953674316,1980,0.0,0.0
2022-08-26 00:00:00-04:00,2.549999952316284,3.0,2.5,2.700000047683716,7250,0.0,0.0
2022-08-29 00:00:00-04:00,2.700000047683716,2.700000047683716,2.5,2.5,575,0.0,0.0
2022-08-30 00:00:00-04:00,2.799999952316284,2.799999952316284,2.799999952316284,2.799999952316284,234,0.0,0.0
2022-08-31 00:00:00-04:00,2.4000000953674316,2.4000000953674316,2.4000000953674316,2.4000000953674316,100,0.0,0.0
2022-09-01 00:00:00-04:00,2.5,2.5,2.5,2.5,278,0.0,0.0
2022-09-02 00:00:00-04:00,2.25,2.299999952316284,2.25,2.299999952316284,8622,0.0,0.0
2022-09-06 00:00:00-04:00,2.299999952316284,2.299999952316284,2.299999952316284,2.299999952316284,0,0.0,0.0
2022-09-07 00:00:00-04:00,2.4000000953674316,2.4000000953674316,2.4000000953674316,2.4000000953674316,12500,0.0,0.0
2022-09-08 00:00:00-04:00,2.4000000953674316,2.4000000953674316,2.4000000953674316,2.4000000953674316,1000,0.0,0.0
2022-09-09 00:00:00-04:00,2.4000000953674316,2.4000000953674316,2.4000000953674316,2.4000000953674316,0,0.0,0.0
2022-09-12 00:00:00-04:00,2.4000000953674316,2.4000000953674316,2.4000000953674316,2.4000000953674316,0,0.0,0.0
2022-09-13 00:00:00-04:00,2.2799999713897705,2.4000000953674316,2.2799999713897705,2.4000000953674316,1100,0.0,0.0
2022-09-14 00:00:00-04:00,2.25,2.4000000953674316,2.25,2.299999952316284,3200,0.0,0.0
2022-09-15 00:00:00-04:00,2.0,2.700000047683716,1.5099999904632568,2.5,1681,0.0,0.0
2022-09-16 00:00:00-04:00,2.2200000286102295,2.2200000286102295,1.75,1.75,25200,0.0,0.0
2022-09-19 00:00:00-04:00,2.25,2.25,2.25,2.25,300,0.0,0.0
2022-09-20 00:00:00-04:00,2.700000047683716,2.799999952316284,2.0,2.0,33807,0.0,0.0
2022-09-21 00:00:00-04:00,2.0299999713897705,2.069999933242798,2.0299999713897705,2.069999933242798,26850,0.0,0.0
2022-09-22 00:00:00-04:00,2.049999952316284,2.049999952316284,2.0,2.049999952316284,24800,0.0,0.0
2022-09-23 00:00:00-04:00,2.049999952316284,2.1500000953674316,2.0,2.0,26255,0.0,0.0
2022-09-26 00:00:00-04:00,2.0999999046325684,2.0999999046325684,2.0,2.049999952316284,24400,0.0,0.0
2022-09-27 00:00:00-04:00,2.0999999046325684,2.100100040435791,2.0999999046325684,2.0999999046325684,2600,0.0,0.0
2022-09-28 00:00:00-04:00,2.130000114440918,2.25,2.0999999046325684,2.25,24083,0.0,0.0
2022-09-29 00:00:00-04:00,2.5,3.0,2.259999990463257,2.6500000953674316,22706,0.0,0.0
2022-09-30 00:00:00-04:00,2.75,3.75,2.5999999046325684,3.0799999237060547,24035,0.0,0.0
2022-10-03 00:00:00-04:00,3.75,3.75,3.25,3.25,14322,0.0,0.0
2022-10-04 00:00:00-04:00,3.25,3.3499999046325684,3.25,3.299999952316284,35178,0.0,0.0
2022-10-05 00:00:00-04:00,3.299999952316284,3.359999895095825,3.299999952316284,3.3499999046325684,8900,0.0,0.0
2022-10-06 00:00:00-04:00,3.3499999046325684,3.5,3.0399999618530273,3.5,30100,0.0,0.0
2022-10-07 00:00:00-04:00,3.5,3.549999952316284,3.5,3.549999952316284,40750,0.0,0.0
2022-10-10 00:00:00-04:00,3.549999952316284,3.75,3.5,3.5,15450,0.0,0.0
2022-10-11 00:00:00-04:00,3.5,3.5,3.5,3.5,1000,0.0,0.0
2022-10-12 00:00:00-04:00,3.4800000190734863,3.575000047683716,3.2720000743865967,3.2720000743865967,20150,0.0,0.0
2022-10-13 00:00:00-04:00,3.5,3.6500000953674316,3.5,3.6500000953674316,1700,0.0,0.0
2022-10-14 00:00:00-04:00,3.549999952316284,3.559999942779541,3.549999952316284,3.549999952316284,5350,0.0,0.0
2022-10-17 00:00:00-04:00,3.549999952316284,3.549999952316284,3.549999952316284,3.549999952316284,11250,0.0,0.0
2022-10-18 00:00:00-04:00,3.549999952316284,3.549999952316284,3.299999952316284,3.3499999046325684,10900,0.0,0.0
2022-10-19 00:00:00-04:00,3.4000000953674316,3.5299999713897705,3.25,3.25,39095,0.0,0.0
2022-10-20 00:00:00-04:00,3.4000000953674316,3.4000000953674316,3.200000047683716,3.299999952316284,11075,0.0,0.0
2022-10-21 00:00:00-04:00,3.25,3.25,3.240000009536743,3.240000009536743,5000,0.0,0.0
2022-10-24 00:00:00-04:00,3.240000009536743,3.549999952316284,3.240000009536743,3.3499999046325684,26800,0.0,0.0
2022-10-25 00:00:00-04:00,3.2799999713897705,3.299999952316284,3.0999999046325684,3.1500000953674316,22700,0.0,0.0
2022-10-26 00:00:00-04:00,3.180000066757202,3.200000047683716,3.0999999046325684,3.0999999046325684,12450,0.0,0.0
2022-10-27 00:00:00-04:00,3.009999990463257,3.049999952316284,3.0,3.049999952316284,6750,0.0,0.0
2022-10-28 00:00:00-04:00,3.0,3.200000047683716,3.0,3.200000047683716,6000,0.0,0.0
2022-10-31 00:00:00-04:00,2.9100000858306885,3.0,2.9000000953674316,3.0,2550,0.0,0.0
2022-11-01 00:00:00-04:00,3.0,3.200000047683716,2.881999969482422,3.049999952316284,13500,0.0,0.0
2022-11-02 00:00:00-04:00,3.049999952316284,3.1500000953674316,3.0,3.1500000953674316,12300,0.0,0.0
2022-11-03 00:00:00-04:00,3.200000047683716,3.200000047683716,2.8940000534057617,3.049999952316284,10549,0.0,0.0
2022-11-04 00:00:00-04:00,3.049999952316284,3.069999933242798,2.799999952316284,2.799999952316284,15053,0.0,0.0
2022-11-07 00:00:00-05:00,2.8499999046325684,2.8499999046325684,2.700000047683716,2.700000047683716,300,0.0,0.0
2022-11-08 00:00:00-05:00,2.75,2.990000009536743,2.75,2.9000000953674316,4007,0.0,0.0
2022-11-09 00:00:00-05:00,2.799999952316284,2.799999952316284,2.75,2.75,900,0.0,0.0
2022-11-10 00:00:00-05:00,2.75,2.799999952316284,2.5,2.700000047683716,4895,0.0,0.0
2022-11-11 00:00:00-05:00,2.799999952316284,2.799999952316284,2.799999952316284,2.799999952316284,5600,0.0,0.0
2022-11-14 00:00:00-05:00,2.799999952316284,2.799999952316284,2.6500000953674316,2.799999952316284,6700,0.0,0.0
2022-11-15 00:00:00-05:00,2.75,2.799999952316284,2.75,2.799999952316284,8844,0.0,0.0
2022-11-16 00:00:00-05:00,2.8499999046325684,2.8499999046325684,2.799999952316284,2.799999952316284,4321,0.0,0.0
2022-11-17 00:00:00-05:00,2.549999952316284,2.549999952316284,2.4700000286102295,2.5,11200,0.0,0.0
2022-11-18 00:00:00-05:00,2.549999952316284,2.549999952316284,2.4600000381469727,2.5,7200,0.0,0.0
2022-11-21 00:00:00-05:00,2.5,2.5,2.3499999046325684,2.3499999046325684,18394,0.0,0.0
2022-11-22 00:00:00-05:00,2.5,2.5,2.5,2.5,3300,0.0,0.0
2022-11-23 00:00:00-05:00,2.5,2.5,2.5,2.5,1300,0.0,0.0
2022-11-25 00:00:00-05:00,2.375,2.5,2.25,2.25,1100,0.0,0.0
2022-11-28 00:00:00-05:00,2.4000000953674316,2.450000047683716,2.25,2.25,5350,0.0,0.0
2022-11-29 00:00:00-05:00,2.25,2.25,2.200000047683716,2.2200000286102295,2985,0.0,0.0
2022-11-30 00:00:00-05:00,2.25,2.25,1.9800000190734863,2.0799999237060547,18030,0.0,0.0
2022-12-01 00:00:00-05:00,2.0999999046325684,2.0999999046325684,1.4500000476837158,1.5099999904632568,44250,0.0,0.0
2022-12-02 00:00:00-05:00,1.350000023841858,1.5099999904632568,1.149999976158142,1.5,25250,0.0,0.0
2022-12-05 00:00:00-05:00,1.4500000476837158,1.4500000476837158,1.4500000476837158,1.4500000476837158,13680,0.0,0.0
2022-12-06 00:00:00-05:00,1.4500000476837158,1.4500000476837158,1.4500000476837158,1.4500000476837158,7609,0.0,0.0
2022-12-07 00:00:00-05:00,1.4500000476837158,1.4500000476837158,1.399999976158142,1.4500000476837158,12254,0.0,0.0
2022-12-08 00:00:00-05:00,1.4500000476837158,1.4500000476837158,1.399999976158142,1.4500000476837158,15280,0.0,0.0
2022-12-09 00:00:00-05:00,1.4500000476837158,1.4500000476837158,1.4500000476837158,1.4500000476837158,5000,0.0,0.0
2022-12-12 00:00:00-05:00,1.4500000476837158,1.4500000476837158,1.4500000476837158,1.4500000476837158,1000,0.0,0.0
2022-12-13 00:00:00-05:00,1.4500000476837158,1.4500000476837158,1.3480000495910645,1.3799999952316284,9400,0.0,0.0
2022-12-14 00:00:00-05:00,1.5,1.5,1.399999976158142,1.4500000476837158,2600,0.0,0.0
2022-12-15 00:00:00-05:00,1.4500000476837158,1.4500000476837158,1.4500000476837158,1.4500000476837158,170,0.0,0.0
2022-12-16 00:00:00-05:00,1.4500000476837158,1.4500000476837158,1.4500000476837158,1.4500000476837158,0,0.0,0.0
2022-12-19 00:00:00-05:00,1.0499999523162842,1.25,0.7799999713897705,1.0,3695,0.0,0.0
2022-12-20 00:00:00-05:00,0.7749999761581421,0.8999999761581421,0.6299999952316284,0.75,7100,0.0,0.0
2022-12-21 00:00:00-05:00,0.75,0.75,0.75,0.75,2333,0.0,0.0
2022-12-22 00:00:00-05:00,0.6499999761581421,0.6499999761581421,0.5101000070571899,0.6000000238418579,1720,0.0,0.0
2022-12-23 00:00:00-05:00,0.6000000238418579,0.6000000238418579,0.6000000238418579,0.6000000238418579,2000,0.0,0.0
2022-12-27 00:00:00-05:00,0.6000000238418579,0.6000000238418579,0.6000000238418579,0.6000000238418579,0,0.0,0.0
2022-12-28 00:00:00-05:00,0.6499999761581421,0.6499999761581421,0.6499999761581421,0.6499999761581421,200,0.0,0.0
2022-12-29 00:00:00-05:00,0.6499999761581421,0.6499999761581421,0.6499999761581421,0.6499999761581421,0,0.0,0.0
2022-12-30 00:00:00-05:00,0.6539999842643738,0.6539999842643738,0.6539999842643738,0.6539999842643738,510,0.0,0.0
2023-01-03 00:00:00-05:00,0.6539999842643738,0.6539999842643738,0.6539999842643738,0.6539999842643738,0,0.0,0.0
2023-01-04 00:00:00-05:00,0.5099999904632568,0.5099999904632568,0.5099999904632568,0.5099999904632568,600,0.0,0.0
2023-01-05 00:00:00-05:00,0.75,0.75,0.75,0.75,100,0.0,0.0
2023-01-06 00:00:00-05:00,0.75,0.75,0.75,0.75,0,0.0,0.0
2023-01-09 00:00:00-05:00,0.75,0.75,0.75,0.75,0,0.0,0.0
2023-01-10 00:00:00-05:00,0.550000011920929,0.550000011920929,0.550000011920929,0.550000011920929,1000,0.0,0.0
2023-01-11 00:00:00-05:00,0.550000011920929,0.550000011920929,0.550000011920929,0.550000011920929,0,0.0,0.0
2023-01-12 00:00:00-05:00,0.75,1.0,0.75,1.0,1599,0.0,0.0
2023-01-13 00:00:00-05:00,1.0,1.25,1.0,1.25,1100,0.0,0.0
2023-01-17 00:00:00-05:00,1.600000023841858,1.600000023841858,1.600000023841858,1.600000023841858,1000,0.0,0.0
2023-01-18 00:00:00-05:00,1.600000023841858,1.600000023841858,1.600000023841858,1.600000023841858,0,0.0,0.0
2023-01-19 00:00:00-05:00,1.600000023841858,1.600000023841858,1.600000023841858,1.600000023841858,0,0.0,0.0
2023-01-20 00:00:00-05:00,1.600000023841858,1.600000023841858,1.600000023841858,1.600000023841858,700,0.0,0.0
2023-01-23 00:00:00-05:00,1.600000023841858,2.299999952316284,1.600000023841858,2.299999952316284,2600,0.0,0.0
2023-01-24 00:00:00-05:00,2.549999952316284,2.549999952316284,0.75,1.5,4030,0.0,0.0
2023-01-25 00:00:00-05:00,1.100000023841858,1.6299999952316284,1.100000023841858,1.6299999952316284,1825,0.0,0.0
2023-01-26 00:00:00-05:00,1.6299999952316284,1.6299999952316284,1.6299999952316284,1.6299999952316284,0,0.0,0.0
2023-01-27 00:00:00-05:00,1.649999976158142,1.649999976158142,1.649999976158142,1.649999976158142,200,0.0,0.0
2023-01-30 00:00:00-05:00,1.625,2.0,1.5,1.5,1763,0.0,0.0
2023-01-31 00:00:00-05:00,1.5,1.5,1.5,1.5,0,0.0,0.0
2023-02-01 00:00:00-05:00,2.0,2.0,2.0,2.0,500,0.0,0.0
2023-02-02 00:00:00-05:00,1.649999976158142,1.649999976158142,0.8500000238418579,1.399999976158142,2602,0.0,0.0
2023-02-03 00:00:00-05:00,1.5,1.850000023841858,1.5,1.850000023841858,400,0.0,0.0
2023-02-06 00:00:00-05:00,1.600000023841858,1.7999999523162842,1.600000023841858,1.7999999523162842,500,0.0,0.0
2023-02-07 00:00:00-05:00,1.7999999523162842,1.7999999523162842,1.7999999523162842,1.7999999523162842,0,0.0,0.0
2023-02-08 00:00:00-05:00,1.600000023841858,1.600000023841858,0.8999999761581421,0.8999999761581421,5277,0.0,0.0
2023-02-09 00:00:00-05:00,0.8999999761581421,0.8999999761581421,0.800000011920929,0.8999999761581421,7468,0.0,0.0
2023-02-10 00:00:00-05:00,0.5099999904632568,0.8999999761581421,0.5099999904632568,0.8999999761581421,3500,0.0,0.0
2023-02-13 00:00:00-05:00,0.8999999761581421,0.8999999761581421,0.8999999761581421,0.8999999761581421,766,0.0,0.0
2023-02-14 00:00:00-05:00,1.0,1.25,0.949999988079071,1.25,1200,0.0,0.0
2023-02-15 00:00:00-05:00,1.4500000476837158,1.4500000476837158,1.100000023841858,1.2999999523162842,1923,0.0,0.0
2023-02-16 00:00:00-05:00,1.2999999523162842,1.5499999523162842,1.2999999523162842,1.5,2409,0.0,0.0
2023-02-17 00:00:00-05:00,1.5,1.75,1.190000057220459,1.75,3300,0.0,0.0
2023-02-21 00:00:00-05:00,1.7999999523162842,1.7999999523162842,1.2599999904632568,1.2599999904632568,706,0.0,0.0
2023-02-22 00:00:00-05:00,1.399999976158142,1.399999976158142,1.399999976158142,1.399999976158142,100,0.0,0.0
2023-02-23 00:00:00-05:00,1.399999976158142,1.399999976158142,1.399999976158142,1.399999976158142,0,0.0,0.0
2023-02-24 00:00:00-05:00,1.2999999523162842,1.2999999523162842,1.2999999523162842,1.2999999523162842,100,0.0,0.0
2023-02-27 00:00:00-05:00,1.149999976158142,1.149999976158142,1.0099999904632568,1.0099999904632568,300,0.0,0.0
2023-02-28 00:00:00-05:00,1.0099999904632568,1.0099999904632568,1.0099999904632568,1.0099999904632568,0,0.0,0.0
2023-03-01 00:00:00-05:00,1.0099999904632568,1.0099999904632568,1.0099999904632568,1.0099999904632568,0,0.0,0.0
2023-03-02 00:00:00-05:00,1.100000023841858,1.1109999418258667,1.100000023841858,1.100000023841858,300,0.0,0.0
2023-03-03 00:00:00-05:00,1.100000023841858,1.100000023841858,1.100000023841858,1.100000023841858,0,0.0,0.0
2023-03-06 00:00:00-05:00,1.0,1.0,1.0,1.0,1350,0.0,0.0
2023-03-07 00:00:00-05:00,1.0,1.0,1.0,1.0,0,0.0,0.0
2023-03-08 00:00:00-05:00,1.0,1.0,1.0,1.0,0,0.0,0.0
2023-03-09 00:00:00-05:00,1.0,1.0,1.0,1.0,0,0.0,0.0
2023-03-10 00:00:00-05:00,1.0,1.0,1.0,1.0,0,0.0,0.0
2023-03-13 00:00:00-04:00,0.9860000014305115,0.9860000014305115,0.9860000014305115,0.9860000014305115,1000,0.0,0.0
2023-03-14 00:00:00-04:00,0.9860000014305115,0.9860000014305115,0.9860000014305115,0.9860000014305115,0,0.0,0.0
2023-03-15 00:00:00-04:00,0.8585000038146973,0.8585000038146973,0.8500000238418579,0.8500000238418579,1000,0.0,0.0
2023-03-16 00:00:00-04:00,0.8500000238418579,0.8500000238418579,0.8500000238418579,0.8500000238418579,0,0.0,0.0
2023-03-17 00:00:00-04:00,0.8500000238418579,0.8500000238418579,0.8500000238418579,0.8500000238418579,0,0.0,0.0
2023-03-20 00:00:00-04:00,0.8500000238418579,0.8500000238418579,0.8500000238418579,0.8500000238418579,0,0.0,0.0
2023-03-21 00:00:00-04:00,0.8500000238418579,0.8500000238418579,0.8500000238418579,0.8500000238418579,0,0.0,0.0
2023-03-22 00:00:00-04:00,0.8500000238418579,0.8500000238418579,0.8500000238418579,0.8500000238418579,0,0.0,0.0
2023-03-23 00:00:00-04:00,0.7549999952316284,0.8500000238418579,0.7549999952316284,0.8500000238418579,1400,0.0,0.0
2023-03-24 00:00:00-04:00,0.8500000238418579,0.8500000238418579,0.8500000238418579,0.8500000238418579,0,0.0,0.0
2023-03-27 00:00:00-04:00,0.8500000238418579,0.8500000238418579,0.8500000238418579,0.8500000238418579,0,0.0,0.0
2023-03-28 00:00:00-04:00,0.8500000238418579,0.8500000238418579,0.8500000238418579,0.8500000238418579,0,0.0,0.0
2023-03-29 00:00:00-04:00,0.6499999761581421,0.6499999761581421,0.11079999804496765,0.11079999804496765,2380,0.0,0.0
2023-03-30 00:00:00-04:00,0.11079999804496765,0.11079999804496765,0.11079999804496765,0.11079999804496765,0,0.0,0.0
2023-03-31 00:00:00-04:00,0.10000000149011612,0.10000000149011612,0.10000000149011612,0.10000000149011612,100,0.0,0.0
2023-04-03 00:00:00-04:00,0.8999999761581421,0.8999999761581421,0.800000011920929,0.800000011920929,2625,0.0,0.0
2023-04-04 00:00:00-04:00,0.800000011920929,0.800000011920929,0.800000011920929,0.800000011920929,0,0.0,0.0
2023-04-05 00:00:00-04:00,0.5099999904632568,0.75,0.10000000149011612,0.75,2150,0.0,0.0
2023-04-06 00:00:00-04:00,0.25,0.25,0.25,0.25,350,0.0,0.0
2023-04-10 00:00:00-04:00,0.25,0.25,0.25,0.25,0,0.0,0.0
2023-04-11 00:00:00-04:00,0.4000000059604645,0.4000000059604645,0.3959999978542328,0.4000000059604645,27104,0.0,0.0
2023-04-12 00:00:00-04:00,0.4000000059604645,0.4000000059604645,0.4000000059604645,0.4000000059604645,1000,0.0,0.0
2023-04-13 00:00:00-04:00,0.4000000059604645,0.4000000059604645,0.4000000059604645,0.4000000059604645,0,0.0,0.0
2023-04-14 00:00:00-04:00,0.4000000059604645,0.4000000059604645,0.4000000059604645,0.4000000059604645,0,0.0,0.0
2023-04-17 00:00:00-04:00,0.30000001192092896,0.31450000405311584,0.30000001192092896,0.30000001192092896,8250,0.0,0.0
2023-04-18 00:00:00-04:00,0.4000000059604645,0.4000000059604645,0.4000000059604645,0.4000000059604645,500,0.0,0.0
2023-04-19 00:00:00-04:00,0.4000000059604645,0.4000000059604645,0.4000000059604645,0.4000000059604645,0,0.0,0.0
2023-04-20 00:00:00-04:00,0.4000000059604645,0.4000000059604645,0.4000000059604645,0.4000000059604645,0,0.0,0.0
2023-04-21 00:00:00-04:00,0.4000000059604645,0.4000000059604645,0.4000000059604645,0.4000000059604645,200,0.0,0.0
2023-04-24 00:00:00-04:00,0.4000000059604645,0.4000000059604645,0.4000000059604645,0.4000000059604645,0,0.0,0.0
2023-04-25 00:00:00-04:00,0.3050000071525574,0.5099999904632568,0.3050000071525574,0.5099999904632568,11200,0.0,0.0
2023-04-26 00:00:00-04:00,0.550000011920929,0.550000011920929,0.550000011920929,0.550000011920929,1000,0.0,0.0
2023-04-27 00:00:00-04:00,0.5,0.550000011920929,0.5,0.550000011920929,4000,0.0,0.0
2023-04-28 00:00:00-04:00,0.550000011920929,0.550000011920929,0.550000011920929,0.550000011920929,0,0.0,0.0
2023-05-01 00:00:00-04:00,0.550000011920929,0.550000011920929,0.550000011920929,0.550000011920929,0,0.0,0.0
2023-05-02 00:00:00-04:00,0.550000011920929,0.550000011920929,0.550000011920929,0.550000011920929,0,0.0,0.0
2023-05-03 00:00:00-04:00,0.4099999964237213,0.6499999761581421,0.4000000059604645,0.44999998807907104,187235,0.0,0.0
2023-05-04 00:00:00-04:00,0.4311000108718872,0.44999998807907104,0.39500001072883606,0.4000000059604645,104100,0.0,0.0
2023-05-05 00:00:00-04:00,0.41999998688697815,0.550000011920929,0.38999998569488525,0.49000000953674316,222000,0.0,0.0
2023-05-08 00:00:00-04:00,0.48510000109672546,0.48510000109672546,0.48510000109672546,0.48510000109672546,1550,0.0,0.0
2023-05-09 00:00:00-04:00,0.40070000290870667,0.5,0.40070000290870667,0.5,47250,0.0,0.0
2023-05-10 00:00:00-04:00,0.5799999833106995,0.6299999952316284,0.5,0.5799999833106995,51508,0.0,0.0
2023-05-11 00:00:00-04:00,0.5800999999046326,0.7999899983406067,0.44999998807907104,0.44999998807907104,167482,0.0,0.0
2023-05-12 00:00:00-04:00,0.5,0.699999988079071,0.4708000123500824,0.5103999972343445,22350,0.0,0.0
2023-05-15 00:00:00-04:00,0.5,0.5,0.4000000059604645,0.5,34968,0.0,0.0
2023-05-16 00:00:00-04:00,0.5,0.5,0.5,0.5,0,0.0,0.0
2023-05-17 00:00:00-04:00,0.5,0.5,0.44999998807907104,0.45080000162124634,10865,0.0,0.0
2023-05-18 00:00:00-04:00,0.46202999353408813,0.5299999713897705,0.4106999933719635,0.5,49752,0.0,0.0
2023-05-19 00:00:00-04:00,0.45535001158714294,0.45535001158714294,0.45535001158714294,0.45535001158714294,530,0.0,0.0
2023-05-22 00:00:00-04:00,0.6000000238418579,0.6000000238418579,0.4000000059604645,0.5899999737739563,22025,0.0,0.0
2023-05-23 00:00:00-04:00,0.699999988079071,0.699999988079071,0.4131999909877777,0.5999000072479248,84370,0.0,0.0
2023-05-24 00:00:00-04:00,0.5,0.5,0.44999998807907104,0.48899999260902405,27456,0.0,0.0
2023-05-25 00:00:00-04:00,0.47999998927116394,0.47999998927116394,0.41999998688697815,0.4399999976158142,84078,0.0,0.0
2023-05-26 00:00:00-04:00,0.4000999927520752,0.4000999927520752,0.4000000059604645,0.4000000059604645,37887,0.0,0.0
2023-05-30 00:00:00-04:00,0.4000000059604645,0.4000000059604645,0.38089999556541443,0.4000000059604645,41825,0.0,0.0
2023-05-31 00:00:00-04:00,0.4000000059604645,0.44999998807907104,0.38600000739097595,0.4399999976158142,46844,0.0,0.0
2023-06-01 00:00:00-04:00,0.4000000059604645,0.4000000059604645,0.35100001096725464,0.35100001096725464,39605,0.0,0.0
2023-06-02 00:00:00-04:00,0.38999998569488525,0.4000000059604645,0.38999998569488525,0.4000000059604645,26710,0.0,0.0
2023-06-05 00:00:00-04:00,0.49000000953674316,0.49000000953674316,0.35600000619888306,0.35600000619888306,19916,0.0,0.0
2023-06-06 00:00:00-04:00,0.45500001311302185,0.5,0.4376299977302551,0.44999998807907104,16288,0.0,0.0
2023-06-07 00:00:00-04:00,0.550000011920929,0.75,0.5020999908447266,0.75,32758,0.0,0.0
2023-06-08 00:00:00-04:00,0.7799000144004822,0.800000011920929,0.699999988079071,0.7400000095367432,27905,0.0,0.0
2023-06-09 00:00:00-04:00,0.6499999761581421,0.699999988079071,0.6499999761581421,0.699999988079071,28973,0.0,0.0
2023-06-12 00:00:00-04:00,0.699999988079071,0.699999988079071,0.6499999761581421,0.6499999761581421,7705,0.0,0.0
2023-06-13 00:00:00-04:00,0.6899999976158142,0.699999988079071,0.6465399861335754,0.6465399861335754,34417,0.0,0.0
2023-06-14 00:00:00-04:00,0.6499999761581421,0.6499999761581421,0.6000000238418579,0.6499999761581421,8300,0.0,0.0
2023-06-15 00:00:00-04:00,0.6279199719429016,0.699999988079071,0.6000000238418579,0.6960499882698059,19877,0.0,0.0
2023-06-16 00:00:00-04:00,0.6600000262260437,0.6600000262260437,0.636430025100708,0.6600000262260437,10350,0.0,0.0
2023-06-20 00:00:00-04:00,0.6600000262260437,0.699999988079071,0.6299999952316284,0.6299999952316284,49573,0.0,0.0
2023-06-21 00:00:00-04:00,0.6999499797821045,0.75,0.6499999761581421,0.6499999761581421,37265,0.0,0.0
2023-06-22 00:00:00-04:00,0.7092000246047974,0.7092000246047974,0.6899999976158142,0.6899999976158142,1700,0.0,0.0
2023-06-23 00:00:00-04:00,0.6100000143051147,0.9800000190734863,0.6100000143051147,0.9800000190734863,47950,0.0,0.0
2023-06-26 00:00:00-04:00,0.8500000238418579,0.8500000238418579,0.7135999798774719,0.800000011920929,16590,0.0,0.0
2023-06-27 00:00:00-04:00,0.8500000238418579,0.8500000238418579,0.75,0.7549999952316284,26475,0.0,0.0
2023-06-28 00:00:00-04:00,0.7203999757766724,0.7799999713897705,0.7203999757766724,0.7699999809265137,14864,0.0,0.0
2023-06-29 00:00:00-04:00,0.800000011920929,0.8687999844551086,0.765500009059906,0.8500000238418579,52106,0.0,0.0
2023-06-30 00:00:00-04:00,0.9800000190734863,0.9800000190734863,0.8600000143051147,0.8799999952316284,36855,0.0,0.0
2023-07-03 00:00:00-04:00,0.8199999928474426,0.8999999761581421,0.8008999824523926,0.8999999761581421,5467,0.0,0.0
2023-07-05 00:00:00-04:00,0.8999000191688538,0.8999999761581421,0.8665599822998047,0.8665599822998047,14283,0.0,0.0
2023-07-06 00:00:00-04:00,0.9300000071525574,0.9399999976158142,0.8804500102996826,0.935259997844696,24800,0.0,0.0
2023-07-07 00:00:00-04:00,0.9399999976158142,0.9399999976158142,0.8877500295639038,0.8899999856948853,24200,0.0,0.0
2023-07-10 00:00:00-04:00,0.7400000095367432,0.9200000166893005,0.7372499704360962,0.9199900031089783,22212,0.0,0.0
2023-07-11 00:00:00-04:00,0.8999999761581421,0.9200000166893005,0.8532000184059143,0.9200000166893005,9259,0.0,0.0
2023-07-12 00:00:00-04:00,0.9150000214576721,0.9200000166893005,0.8989999890327454,0.8999999761581421,12061,0.0,0.0
2023-07-13 00:00:00-04:00,0.8999999761581421,0.9399999976158142,0.7850000262260437,0.9200000166893005,15110,0.0,0.0
2023-07-14 00:00:00-04:00,0.9399999976158142,0.9800000190734863,0.8885999917984009,0.9599999785423279,34798,0.0,0.0
2023-07-17 00:00:00-04:00,0.9595199823379517,0.9800000190734863,0.9595199823379517,0.9700000286102295,19138,0.0,0.0
2023-07-18 00:00:00-04:00,0.9000999927520752,1.5099999904632568,0.9000999927520752,1.2309999465942383,475156,0.0,0.0
2023-07-19 00:00:00-04:00,1.4500000476837158,1.4800000190734863,1.1100000143051147,1.2000000476837158,527116,0.0,0.0
2023-07-20 00:00:00-04:00,1.350000023841858,1.3899999856948853,1.0499999523162842,1.0499999523162842,214783,0.0,0.0
2023-07-21 00:00:00-04:00,1.100000023841858,1.25,1.0199999809265137,1.0800000429153442,96430,0.0,0.0
2023-07-24 00:00:00-04:00,1.0800000429153442,1.2400000095367432,1.0800000429153442,1.1799999475479126,54189,0.0,0.0
2023-07-25 00:00:00-04:00,1.190000057220459,1.190000057220459,1.0499999523162842,1.1200000047683716,89201,0.0,0.0
2023-07-26 00:00:00-04:00,1.059999942779541,1.1892999410629272,1.059999942779541,1.1799999475479126,72067,0.0,0.0
2023-07-27 00:00:00-04:00,1.1200000047683716,1.1799999475479126,1.100000023841858,1.100000023841858,87561,0.0,0.0
2023-07-28 00:00:00-04:00,1.090000033378601,1.1200000047683716,1.0119999647140503,1.0800000429153442,82715,0.0,0.0
2023-07-31 00:00:00-04:00,1.1399999856948853,1.2699999809265137,0.8550000190734863,0.9898999929428101,309562,0.0,0.0
