Date,Open,High,Low,Close,Volume,Dividends,Stock Splits,Capital Gains
2022-11-17 00:00:00-05:00,19.739999771118164,19.739999771118164,19.729999542236328,19.732999801635742,100100,0.0,0.0,0.0
2022-11-18 00:00:00-05:00,19.809999465942383,20.100000381469727,19.809999465942383,20.09000015258789,900,0.0,0.0,0.0
2022-11-21 00:00:00-05:00,19.940000534057617,19.940000534057617,19.940000534057617,19.940000534057617,100,0.0,0.0,0.0
2022-11-22 00:00:00-05:00,20.1560001373291,20.1560001373291,20.1560001373291,20.1560001373291,100,0.0,0.0,0.0
2022-11-23 00:00:00-05:00,20.264999389648438,20.264999389648438,20.264999389648438,20.264999389648438,100,0.0,0.0,0.0
2022-11-25 00:00:00-05:00,20.30900001525879,20.30900001525879,20.30900001525879,20.30900001525879,100,0.0,0.0,0.0
2022-11-28 00:00:00-05:00,20.259000778198242,20.259000778198242,20.259000778198242,20.259000778198242,0,0.0,0.0,0.0
2022-11-29 00:00:00-05:00,20.176000595092773,20.176000595092773,20.176000595092773,20.176000595092773,100,0.0,0.0,0.0
2022-11-30 00:00:00-05:00,20.808000564575195,20.808000564575195,20.808000564575195,20.808000564575195,0,0.0,0.0,0.0
2022-12-01 00:00:00-05:00,20.878999710083008,20.878999710083008,20.878999710083008,20.878999710083008,100,0.0,0.0,0.0
2022-12-02 00:00:00-05:00,21.024999618530273,21.024999618530273,21.024999618530273,21.024999618530273,100,0.0,0.0,0.0
2022-12-05 00:00:00-05:00,20.56999969482422,20.56999969482422,20.55299949645996,20.55299949645996,100,0.0,0.0,0.0
2022-12-06 00:00:00-05:00,20.329999923706055,20.363000869750977,20.329999923706055,20.363000869750977,100,0.0,0.0,0.0
2022-12-07 00:00:00-05:00,20.43000030517578,20.43000030517578,20.43000030517578,20.43000030517578,100,0.0,0.0,0.0
2022-12-08 00:00:00-05:00,20.600000381469727,20.600000381469727,20.600000381469727,20.600000381469727,100,0.0,0.0,0.0
2022-12-09 00:00:00-05:00,20.3799991607666,20.3799991607666,20.219999313354492,20.219999313354492,300,0.0,0.0,0.0
2022-12-12 00:00:00-05:00,20.534000396728516,20.534000396728516,20.534000396728516,20.534000396728516,100,0.0,0.0,0.0
2022-12-13 00:00:00-05:00,20.790000915527344,20.790000915527344,20.684999465942383,20.684999465942383,300,0.0,0.0,0.0
2022-12-14 00:00:00-05:00,20.665000915527344,20.665000915527344,20.665000915527344,20.665000915527344,100,0.0,0.0,0.0
2022-12-15 00:00:00-05:00,20.299999237060547,20.299999237060547,20.239999771118164,20.260000228881836,500,0.0,0.0,0.0
2022-12-16 00:00:00-05:00,20.054000854492188,20.054000854492188,20.054000854492188,20.054000854492188,100,0.0,0.0,0.0
2022-12-19 00:00:00-05:00,19.860000610351562,19.860000610351562,19.860000610351562,19.860000610351562,100,0.0,0.0,0.0
2022-12-20 00:00:00-05:00,19.985000610351562,19.985000610351562,19.985000610351562,19.985000610351562,100,0.0,0.0,0.0
2022-12-21 00:00:00-05:00,20.34000015258789,20.34000015258789,20.316999435424805,20.316999435424805,100,0.0,0.0,0.0
2022-12-22 00:00:00-05:00,20.18199920654297,20.18199920654297,20.18199920654297,20.18199920654297,0,0.0,0.0,0.0
2022-12-23 00:00:00-05:00,20.110000610351562,20.110000610351562,20.110000610351562,20.110000610351562,100,0.0,0.0,0.0
2022-12-27 00:00:00-05:00,19.91699981689453,19.91699981689453,19.91699981689453,19.91699981689453,0,0.0,0.0,0.0
2022-12-28 00:00:00-05:00,19.892000198364258,19.892000198364258,19.892000198364258,19.892000198364258,0,0.0,0.0,0.0
2022-12-29 00:00:00-05:00,20.297000885009766,20.297000885009766,20.297000885009766,20.297000885009766,0,0.0,0.0,0.0
2022-12-30 00:00:00-05:00,20.06999969482422,20.246000289916992,19.989999771118164,20.246000289916992,1100,0.0,0.0,0.0
2023-01-03 00:00:00-05:00,20.43000030517578,20.43000030517578,20.0,20.12299919128418,10100,0.0,0.0,0.0
2023-01-04 00:00:00-05:00,20.219999313354492,20.219999313354492,20.136999130249023,20.136999130249023,49400,0.0,0.0,0.0
2023-01-05 00:00:00-05:00,19.895999908447266,19.91200065612793,19.889999389648438,19.91200065612793,8500,0.0,0.0,0.0
2023-01-06 00:00:00-05:00,20.139999389648438,20.148000717163086,20.139999389648438,20.148000717163086,1600,0.0,0.0,0.0
2023-01-09 00:00:00-05:00,20.100000381469727,20.100000381469727,19.617000579833984,19.617000579833984,2700,0.0,0.0,0.0
2023-01-10 00:00:00-05:00,19.968000411987305,19.968000411987305,19.968000411987305,19.968000411987305,0,0.0,0.0,0.0
2023-01-11 00:00:00-05:00,20.239999771118164,20.239999771118164,20.209999084472656,20.222000122070312,6100,0.0,0.0,0.0
2023-01-12 00:00:00-05:00,20.381000518798828,20.381000518798828,20.381000518798828,20.381000518798828,100,0.0,0.0,0.0
2023-01-13 00:00:00-05:00,20.510000228881836,20.510000228881836,20.448999404907227,20.448999404907227,3200,0.0,0.0,0.0
2023-01-17 00:00:00-05:00,20.507999420166016,20.507999420166016,20.507999420166016,20.507999420166016,100,0.0,0.0,0.0
2023-01-18 00:00:00-05:00,20.320999145507812,20.320999145507812,20.320999145507812,20.320999145507812,100,0.0,0.0,0.0
2023-01-19 00:00:00-05:00,20.416000366210938,20.416000366210938,20.416000366210938,20.416000366210938,100,0.0,0.0,0.0
2023-01-20 00:00:00-05:00,20.5,20.5,20.5,20.5,0,0.0,0.0,0.0
2023-01-23 00:00:00-05:00,20.510000228881836,20.589000701904297,20.510000228881836,20.589000701904297,1300,0.0,0.0,0.0
2023-01-24 00:00:00-05:00,20.51799964904785,20.51799964904785,20.51799964904785,20.51799964904785,0,0.0,0.0,0.0
2023-01-25 00:00:00-05:00,20.48699951171875,20.48699951171875,20.48699951171875,20.48699951171875,100,0.0,0.0,0.0
2023-01-26 00:00:00-05:00,20.606000900268555,20.606000900268555,20.606000900268555,20.606000900268555,0,0.0,0.0,0.0
2023-01-27 00:00:00-05:00,20.829999923706055,20.829999923706055,20.569000244140625,20.569000244140625,200,0.0,0.0,0.0
2023-01-30 00:00:00-05:00,20.5,20.5,20.371999740600586,20.371999740600586,100,0.0,0.0,0.0
2023-01-31 00:00:00-05:00,20.68400001525879,20.68400001525879,20.68400001525879,20.68400001525879,0,0.0,0.0,0.0
2023-02-01 00:00:00-05:00,20.780000686645508,20.780000686645508,20.768999099731445,20.768999099731445,400,0.0,0.0,0.0
2023-02-02 00:00:00-05:00,20.55500030517578,20.55500030517578,20.55500030517578,20.55500030517578,200,0.0,0.0,0.0
2023-02-03 00:00:00-05:00,20.514999389648438,20.514999389648438,20.43600082397461,20.43600082397461,500,0.0,0.0,0.0
2023-02-06 00:00:00-05:00,20.368000030517578,20.368000030517578,20.368000030517578,20.368000030517578,100,0.0,0.0,0.0
2023-02-07 00:00:00-05:00,20.46500015258789,20.64900016784668,20.46500015258789,20.64900016784668,100,0.0,0.0,0.0
2023-02-08 00:00:00-05:00,20.570999145507812,20.570999145507812,20.570999145507812,20.570999145507812,100,0.0,0.0,0.0
2023-02-09 00:00:00-05:00,20.610000610351562,20.610000610351562,20.542999267578125,20.542999267578125,300,0.0,0.0,0.0
2023-02-10 00:00:00-05:00,20.652000427246094,20.652000427246094,20.652000427246094,20.652000427246094,100,0.0,0.0,0.0
2023-02-13 00:00:00-05:00,20.777000427246094,20.777000427246094,20.777000427246094,20.777000427246094,0,0.0,0.0,0.0
2023-02-14 00:00:00-05:00,20.674999237060547,20.674999237060547,20.674999237060547,20.674999237060547,100,0.0,0.0,0.0
2023-02-15 00:00:00-05:00,20.64900016784668,20.64900016784668,20.64900016784668,20.64900016784668,0,0.0,0.0,0.0
2023-02-16 00:00:00-05:00,20.684999465942383,20.684999465942383,20.500999450683594,20.500999450683594,300,0.0,0.0,0.0
2023-02-17 00:00:00-05:00,20.714000701904297,20.714000701904297,20.714000701904297,20.714000701904297,0,0.0,0.0,0.0
2023-02-21 00:00:00-05:00,20.458999633789062,20.489999771118164,20.356000900268555,20.356000900268555,300,0.0,0.0,0.0
2023-02-22 00:00:00-05:00,20.389999389648438,20.389999389648438,20.38599967956543,20.38599967956543,100,0.0,0.0,0.0
2023-02-23 00:00:00-05:00,20.64699935913086,20.64699935913086,20.64699935913086,20.64699935913086,100,0.0,0.0,0.0
2023-02-24 00:00:00-05:00,20.43899917602539,20.43899917602539,20.43899917602539,20.43899917602539,100,0.0,0.0,0.0
2023-02-27 00:00:00-05:00,20.399999618530273,20.399999618530273,20.357999801635742,20.357999801635742,300,0.0,0.0,0.0
2023-02-28 00:00:00-05:00,20.31999969482422,20.31999969482422,20.299999237060547,20.299999237060547,100,0.0,0.0,0.0
2023-03-01 00:00:00-05:00,20.430999755859375,20.430999755859375,20.430999755859375,20.430999755859375,100,0.0,0.0,0.0
2023-03-02 00:00:00-05:00,20.652999877929688,20.652999877929688,20.652999877929688,20.652999877929688,100,0.0,0.0,0.0
2023-03-03 00:00:00-05:00,20.9060001373291,20.9060001373291,20.9060001373291,20.9060001373291,100,0.0,0.0,0.0
2023-03-06 00:00:00-05:00,20.780000686645508,20.780000686645508,20.780000686645508,20.780000686645508,100,0.0,0.0,0.0
2023-03-07 00:00:00-05:00,20.47599983215332,20.47599983215332,20.47599983215332,20.47599983215332,100,0.0,0.0,0.0
2023-03-08 00:00:00-05:00,20.382999420166016,20.382999420166016,20.382999420166016,20.382999420166016,100,0.0,0.0,0.0
2023-03-09 00:00:00-05:00,20.260000228881836,20.260000228881836,20.16699981689453,20.16699981689453,100,0.0,0.0,0.0
2023-03-10 00:00:00-05:00,19.735000610351562,19.735000610351562,19.735000610351562,19.735000610351562,100,0.0,0.0,0.0
2023-03-13 00:00:00-04:00,19.95199966430664,19.95199966430664,19.95199966430664,19.95199966430664,100,0.0,0.0,0.0
2023-03-14 00:00:00-04:00,20.233999252319336,20.233999252319336,20.233999252319336,20.233999252319336,0,0.0,0.0,0.0
2023-03-15 00:00:00-04:00,20.075000762939453,20.075000762939453,20.075000762939453,20.075000762939453,100,0.0,0.0,0.0
2023-03-16 00:00:00-04:00,20.38800048828125,20.38800048828125,20.38800048828125,20.38800048828125,0,0.0,0.0,0.0
2023-03-17 00:00:00-04:00,19.975000381469727,19.975000381469727,19.975000381469727,19.975000381469727,0,0.0,0.0,0.0
2023-03-20 00:00:00-04:00,20.239999771118164,20.239999771118164,20.239999771118164,20.239999771118164,100,0.0,0.0,0.0
2023-03-21 00:00:00-04:00,20.38599967956543,20.38599967956543,20.38599967956543,20.38599967956543,100,0.0,0.0,0.0
2023-03-22 00:00:00-04:00,20.06599998474121,20.06599998474121,20.06599998474121,20.06599998474121,100,0.0,0.0,0.0
2023-03-23 00:00:00-04:00,19.97800064086914,19.97800064086914,19.97800064086914,19.97800064086914,0,0.0,0.0,0.0
2023-03-24 00:00:00-04:00,20.145999908447266,20.145999908447266,20.145999908447266,20.145999908447266,0,0.0,0.0,0.0
2023-03-27 00:00:00-04:00,20.405000686645508,20.405000686645508,20.405000686645508,20.405000686645508,0,0.0,0.0,0.0
2023-03-28 00:00:00-04:00,22.040000915527344,22.040000915527344,20.301000595092773,20.301000595092773,300,0.0,0.0,0.0
2023-03-29 00:00:00-04:00,20.343000411987305,20.343000411987305,20.343000411987305,20.343000411987305,0,0.0,0.0,0.0
2023-03-30 00:00:00-04:00,20.3799991607666,20.385000228881836,20.3799991607666,20.385000228881836,200,0.0,0.0,0.0
2023-03-31 00:00:00-04:00,20.56599998474121,20.56599998474121,20.56599998474121,20.56599998474121,100,0.0,0.0,0.0
2023-04-03 00:00:00-04:00,20.31100082397461,20.31100082397461,20.31100082397461,20.31100082397461,100,0.0,0.0,0.0
2023-04-04 00:00:00-04:00,20.34000015258789,20.34000015258789,20.298999786376953,20.298999786376953,300,0.0,0.0,0.0
2023-04-05 00:00:00-04:00,20.510000228881836,20.520000457763672,20.48699951171875,20.48699951171875,800,0.0,0.0,0.0
2023-04-06 00:00:00-04:00,20.611000061035156,20.611000061035156,20.611000061035156,20.611000061035156,0,0.0,0.0,0.0
2023-04-10 00:00:00-04:00,20.5,20.69300079345703,20.5,20.69300079345703,400,0.0,0.0,0.0
2023-04-11 00:00:00-04:00,20.91699981689453,20.91699981689453,20.889999389648438,20.91699981689453,1100,0.0,0.0,0.0
2023-04-12 00:00:00-04:00,21.09000015258789,21.09000015258789,20.959999084472656,20.959999084472656,600,0.0,0.0,0.0
2023-04-13 00:00:00-04:00,21.1200008392334,21.204999923706055,21.1200008392334,21.204999923706055,500,0.0,0.0,0.0
2023-04-14 00:00:00-04:00,20.99799919128418,20.99799919128418,20.99799919128418,20.99799919128418,100,0.0,0.0,0.0
2023-04-17 00:00:00-04:00,21.29800033569336,21.29800033569336,21.29800033569336,21.29800033569336,100,0.0,0.0,0.0
2023-04-18 00:00:00-04:00,21.159000396728516,21.159000396728516,21.159000396728516,21.159000396728516,100,0.0,0.0,0.0
2023-04-19 00:00:00-04:00,21.204999923706055,21.204999923706055,21.204999923706055,21.204999923706055,100,0.0,0.0,0.0
2023-04-20 00:00:00-04:00,21.399999618530273,21.399999618530273,21.091999053955078,21.091999053955078,100,0.0,0.0,0.0
2023-04-21 00:00:00-04:00,21.27400016784668,21.27400016784668,21.27400016784668,21.27400016784668,100,0.0,0.0,0.0
2023-04-24 00:00:00-04:00,21.284000396728516,21.284000396728516,21.284000396728516,21.284000396728516,100,0.0,0.0,0.0
2023-04-25 00:00:00-04:00,21.06599998474121,21.06599998474121,21.06599998474121,21.06599998474121,100,0.0,0.0,0.0
2023-04-26 00:00:00-04:00,20.775999069213867,20.775999069213867,20.729000091552734,20.729000091552734,2600,0.0,0.0,0.0
2023-04-27 00:00:00-04:00,20.910999298095703,20.910999298095703,20.910999298095703,20.910999298095703,200,0.0,0.0,0.0
2023-04-28 00:00:00-04:00,20.91200065612793,21.01099967956543,20.91200065612793,21.01099967956543,1400,0.0,0.0,0.0
2023-05-01 00:00:00-04:00,21.517000198364258,21.517000198364258,21.517000198364258,21.517000198364258,100,0.0,0.0,0.0
2023-05-02 00:00:00-04:00,21.323999404907227,21.34000015258789,21.304000854492188,21.304000854492188,2100,0.0,0.0,0.0
2023-05-03 00:00:00-04:00,21.770000457763672,21.770000457763672,21.70199966430664,21.70199966430664,200,0.0,0.0,0.0
2023-05-04 00:00:00-04:00,21.56100082397461,21.780000686645508,21.56100082397461,21.739999771118164,2600,0.0,0.0,0.0
2023-05-05 00:00:00-04:00,21.889999389648438,21.889999389648438,21.889999389648438,21.889999389648438,100,0.0,0.0,0.0
2023-05-08 00:00:00-04:00,21.81999969482422,21.860000610351562,21.81999969482422,21.849000930786133,600,0.0,0.0,0.0
2023-05-09 00:00:00-04:00,21.760000228881836,21.760000228881836,21.760000228881836,21.760000228881836,100,0.0,0.0,0.0
2023-05-10 00:00:00-04:00,21.76300048828125,21.76300048828125,21.76300048828125,21.76300048828125,100,0.0,0.0,0.0
2023-05-11 00:00:00-04:00,21.750999450683594,21.750999450683594,21.750999450683594,21.750999450683594,200,0.0,0.0,0.0
2023-05-12 00:00:00-04:00,21.823999404907227,21.823999404907227,21.823999404907227,21.823999404907227,100,0.0,0.0,0.0
2023-05-15 00:00:00-04:00,21.882999420166016,21.882999420166016,21.882999420166016,21.882999420166016,100,0.0,0.0,0.0
2023-05-16 00:00:00-04:00,21.760000228881836,21.760000228881836,21.735000610351562,21.735000610351562,100,0.0,0.0,0.0
2023-05-17 00:00:00-04:00,21.76300048828125,21.76300048828125,21.76300048828125,21.76300048828125,100,0.0,0.0,0.0
2023-05-18 00:00:00-04:00,21.63800048828125,21.63800048828125,21.63800048828125,21.63800048828125,100,0.0,0.0,0.0
2023-05-19 00:00:00-04:00,21.795000076293945,21.795000076293945,21.795000076293945,21.795000076293945,0,0.0,0.0,0.0
2023-05-22 00:00:00-04:00,22.040000915527344,22.040000915527344,21.801000595092773,21.801000595092773,200,0.0,0.0,0.0
2023-05-23 00:00:00-04:00,21.500999450683594,21.500999450683594,21.500999450683594,21.500999450683594,100,0.0,0.0,0.0
2023-05-24 00:00:00-04:00,21.336000442504883,21.336000442504883,21.336000442504883,21.336000442504883,100,0.0,0.0,0.0
2023-05-25 00:00:00-04:00,21.216999053955078,21.216999053955078,21.216999053955078,21.216999053955078,100,0.0,0.0,0.0
2023-05-26 00:00:00-04:00,21.284000396728516,21.284000396728516,21.284000396728516,21.284000396728516,100,0.0,0.0,0.0
2023-05-30 00:00:00-04:00,21.117000579833984,21.117000579833984,21.117000579833984,21.117000579833984,100,0.0,0.0,0.0
2023-05-31 00:00:00-04:00,21.231000900268555,21.231000900268555,21.231000900268555,21.231000900268555,100,0.0,0.0,0.0
2023-06-01 00:00:00-04:00,21.486000061035156,21.486000061035156,21.486000061035156,21.486000061035156,100,0.0,0.0,0.0
2023-06-02 00:00:00-04:00,21.670000076293945,21.80900001525879,21.670000076293945,21.80900001525879,500,0.0,0.0,0.0
2023-06-05 00:00:00-04:00,22.239999771118164,22.239999771118164,21.91200065612793,21.91200065612793,200,0.0,0.0,0.0
2023-06-06 00:00:00-04:00,21.920000076293945,21.97800064086914,21.920000076293945,21.97800064086914,500,0.0,0.0,0.0
2023-06-07 00:00:00-04:00,21.788000106811523,21.788000106811523,21.788000106811523,21.788000106811523,100,0.0,0.0,0.0
2023-06-08 00:00:00-04:00,21.908000946044922,21.908000946044922,21.908000946044922,21.908000946044922,100,0.0,0.0,0.0
2023-06-09 00:00:00-04:00,21.87700080871582,21.87700080871582,21.87700080871582,21.87700080871582,0,0.0,0.0,0.0
2023-06-12 00:00:00-04:00,21.969999313354492,21.99799919128418,21.969999313354492,21.99799919128418,300,0.0,0.0,0.0
2023-06-13 00:00:00-04:00,22.075000762939453,22.075000762939453,22.075000762939453,22.075000762939453,100,0.0,0.0,0.0
2023-06-14 00:00:00-04:00,21.889999389648438,21.889999389648438,21.708999633789062,21.708999633789062,300,0.0,0.0,0.0
2023-06-15 00:00:00-04:00,22.038000106811523,22.038000106811523,22.038000106811523,22.038000106811523,200,0.0,0.0,0.0
2023-06-16 00:00:00-04:00,21.9689998626709,21.9689998626709,21.89699935913086,21.89699935913086,200,0.0,0.0,0.0
2023-06-20 00:00:00-04:00,21.920000076293945,22.049999237060547,21.920000076293945,22.049999237060547,900,0.0,0.0,0.0
2023-06-21 00:00:00-04:00,22.035999298095703,22.035999298095703,22.035999298095703,22.035999298095703,100,0.0,0.0,0.0
2023-06-22 00:00:00-04:00,22.084999084472656,22.084999084472656,22.084999084472656,22.084999084472656,100,0.0,0.0,0.0
2023-06-23 00:00:00-04:00,21.951000213623047,21.951000213623047,21.951000213623047,21.951000213623047,100,0.0,0.0,0.0
2023-06-26 00:00:00-04:00,21.9950008392334,21.9950008392334,21.9950008392334,21.9950008392334,200,0.0,0.0,0.0
2023-06-27 00:00:00-04:00,22.010000228881836,22.139999389648438,21.81999969482422,22.139999389648438,2500,0.0,0.0,0.0
2023-06-28 00:00:00-04:00,22.20400047302246,22.20400047302246,22.077999114990234,22.077999114990234,1200,0.0,0.0,0.0
2023-06-29 00:00:00-04:00,22.2189998626709,22.2189998626709,22.2189998626709,22.2189998626709,100,0.0,0.0,0.0
2023-06-30 00:00:00-04:00,22.549999237060547,22.549999237060547,22.5049991607666,22.5049991607666,400,0.0,0.0,0.0
2023-07-03 00:00:00-04:00,22.329999923706055,22.329999923706055,22.2189998626709,22.2189998626709,200,0.0,0.0,0.0
2023-07-05 00:00:00-04:00,22.139999389648438,22.15999984741211,22.139999389648438,22.15999984741211,100,0.0,0.0,0.0
2023-07-06 00:00:00-04:00,22.3799991607666,22.3799991607666,21.961000442504883,21.961000442504883,100,0.0,0.0,0.0
2023-07-07 00:00:00-04:00,21.804000854492188,21.804000854492188,21.804000854492188,21.804000854492188,200,0.0,0.0,0.0
2023-07-10 00:00:00-04:00,22.04199981689453,22.04199981689453,22.04199981689453,22.04199981689453,100,0.0,0.0,0.0
2023-07-11 00:00:00-04:00,22.040000915527344,22.040000915527344,21.922000885009766,21.922000885009766,500,0.0,0.0,0.0
2023-07-12 00:00:00-04:00,21.822999954223633,21.822999954223633,21.822999954223633,21.822999954223633,200,0.0,0.0,0.0
2023-07-13 00:00:00-04:00,21.600000381469727,21.875,21.600000381469727,21.875,200,0.0,0.0,0.0
2023-07-14 00:00:00-04:00,22.31800079345703,22.31800079345703,22.31800079345703,22.31800079345703,100,0.0,0.0,0.0
2023-07-17 00:00:00-04:00,22.365999221801758,22.365999221801758,22.277000427246094,22.277000427246094,200,0.0,0.0,0.0
2023-07-18 00:00:00-04:00,22.489999771118164,22.489999771118164,22.329999923706055,22.329999923706055,200,0.0,0.0,0.0
2023-07-19 00:00:00-04:00,22.41900062561035,22.41900062561035,22.41900062561035,22.41900062561035,100,0.0,0.0,0.0
2023-07-20 00:00:00-04:00,22.43600082397461,22.43600082397461,22.43600082397461,22.43600082397461,100,0.0,0.0,0.0
2023-07-21 00:00:00-04:00,22.56999969482422,22.5939998626709,22.56999969482422,22.5939998626709,1000,0.0,0.0,0.0
2023-07-24 00:00:00-04:00,22.333999633789062,22.333999633789062,22.333999633789062,22.333999633789062,100,0.0,0.0,0.0
2023-07-25 00:00:00-04:00,22.3700008392334,22.43000030517578,22.360000610351562,22.43000030517578,1200,0.0,0.0,0.0
2023-07-26 00:00:00-04:00,22.35700035095215,22.35700035095215,22.35700035095215,22.35700035095215,100,0.0,0.0,0.0
2023-07-27 00:00:00-04:00,22.332000732421875,22.332000732421875,22.332000732421875,22.332000732421875,100,0.0,0.0,0.0
2023-07-28 00:00:00-04:00,22.621000289916992,22.621000289916992,22.621000289916992,22.621000289916992,100,0.0,0.0,0.0
