Date,Open,High,Low,Close,Volume,Dividends,Stock Splits,Capital Gains
2019-06-04 00:00:00-04:00,24.854673385620117,24.854673385620117,24.854673385620117,24.854673385620117,0,0.0,0.0,0.0
2019-06-05 00:00:00-04:00,25.03936004638672,25.03936004638672,25.03936004638672,25.03936004638672,0,0.0,0.0,0.0
2019-06-06 00:00:00-04:00,24.92271566022077,25.10740089416504,24.92271566022077,25.10740089416504,205,0.0,0.0,0.0
2019-06-07 00:00:00-04:00,25.27264404296875,25.27264404296875,25.27264404296875,25.27264404296875,0,0.0,0.0,0.0
2019-06-10 00:00:00-04:00,25.428171157836914,25.428171157836914,25.428171157836914,25.428171157836914,0,0.0,0.0,0.0
2019-06-11 00:00:00-04:00,25.45732879638672,25.45732879638672,25.45732879638672,25.45732879638672,0,0.0,0.0,0.0
2019-06-12 00:00:00-04:00,25.428171157836914,25.428171157836914,25.428171157836914,25.428171157836914,0,0.0,0.0,0.0
2019-06-13 00:00:00-04:00,25.58369255065918,25.58369255065918,25.58369255065918,25.58369255065918,0,0.0,0.0,0.0
2019-06-14 00:00:00-04:00,25.45732879638672,25.45732879638672,25.45732879638672,25.45732879638672,0,0.0,0.0,0.0
2019-06-17 00:00:00-04:00,25.39900779724121,25.39900779724121,25.39900779724121,25.39900779724121,45,0.0,0.0,0.0
2019-06-18 00:00:00-04:00,25.70033836364746,25.70033836364746,25.70033836364746,25.70033836364746,0,0.0,0.0,0.0
2019-06-19 00:00:00-04:00,25.855857849121094,25.855857849121094,25.855857849121094,25.855857849121094,0,0.0,0.0,0.0
2019-06-20 00:00:00-04:00,26.069704055786133,26.069704055786133,26.069704055786133,26.069704055786133,0,0.0,0.0,0.0
2019-06-21 00:00:00-04:00,25.92390251159668,25.92390251159668,25.92390251159668,25.92390251159668,0,0.0,0.0,0.0
2019-06-24 00:00:00-04:00,25.80725860595703,25.80725860595703,25.80725860595703,25.80725860595703,0,0.0,0.0,0.0
2019-06-25 00:00:00-04:00,25.622575759887695,25.622575759887695,25.622575759887695,25.622575759887695,0,0.0,0.0,0.0
2019-06-26 00:00:00-04:00,25.58369255065918,25.58369255065918,25.58369255065918,25.58369255065918,0,0.0,0.0,0.0
2019-06-27 00:00:00-04:00,25.782567977905273,25.782567977905273,25.782567977905273,25.782567977905273,50,0.0,0.0,0.0
2019-06-28 00:00:00-04:00,26.05609703063965,26.05609703063965,26.05609703063965,26.05609703063965,0,0.0,0.0,0.0
2019-07-01 00:00:00-04:00,26.297258377075195,26.297258377075195,26.297258377075195,26.297258377075195,0,0.0,0.0,0.0
2019-07-02 00:00:00-04:00,26.20393943786621,26.20393943786621,26.20393943786621,26.20393943786621,0,0.0,0.0,0.0
2019-07-03 00:00:00-04:00,26.43110466003418,26.43110466003418,26.43110466003418,26.43110466003418,50,0.0,0.0,0.0
2019-07-05 00:00:00-04:00,26.42799186706543,26.42799186706543,26.42799186706543,26.42799186706543,0,0.0,0.0,0.0
2019-07-08 00:00:00-04:00,26.278112411499023,26.278112411499023,26.278112411499023,26.278112411499023,10,0.0,0.0,0.0
2019-07-09 00:00:00-04:00,26.239227294921875,26.239227294921875,26.239227294921875,26.239227294921875,0,0.0,0.0,0.0
2019-07-10 00:00:00-04:00,26.215702056884766,26.215702056884766,26.215702056884766,26.215702056884766,5,0.0,0.0,0.0
2019-07-11 00:00:00-04:00,26.193248748779297,26.193248748779297,26.193248748779297,26.193248748779297,10,0.0,0.0,0.0
2019-07-12 00:00:00-04:00,26.516252517700195,26.516252517700195,26.516252517700195,26.516252517700195,10,0.0,0.0,0.0
2019-07-15 00:00:00-04:00,26.492245373761634,26.508769989013672,26.492245373761634,26.508769989013672,363,0.0,0.0,0.0
2019-07-16 00:00:00-04:00,26.604321619170765,26.604321619170765,26.54133415222168,26.54133415222168,106,0.0,0.0,0.0
2019-07-17 00:00:00-04:00,26.390475338859737,26.390475338859737,26.367050170898438,26.367050170898438,111,0.0,0.0,0.0
2019-07-18 00:00:00-04:00,26.348873138427734,26.348873138427734,26.348873138427734,26.348873138427734,0,0.0,0.0,0.0
2019-07-19 00:00:00-04:00,26.42935663251565,26.42935663251565,26.265764236450195,26.265764236450195,100,0.0,0.0,0.0
2019-07-22 00:00:00-04:00,26.177209854125977,26.177209854125977,26.177209854125977,26.177209854125977,0,0.0,0.0,0.0
2019-07-23 00:00:00-04:00,26.44024085998535,26.44024085998535,26.44024085998535,26.44024085998535,38,0.0,0.0,0.0
2019-07-24 00:00:00-04:00,26.698896408081055,26.698896408081055,26.698896408081055,26.698896408081055,0,0.0,0.0,0.0
2019-07-25 00:00:00-04:00,26.525197982788086,26.525197982788086,26.525197982788086,26.525197982788086,0,0.0,0.0,0.0
2019-07-26 00:00:00-04:00,26.68402671813965,26.68402671813965,26.68402671813965,26.68402671813965,0,0.0,0.0,0.0
2019-07-29 00:00:00-04:00,26.676055908203125,26.676055908203125,26.676055908203125,26.676055908203125,0,0.0,0.0,0.0
2019-07-30 00:00:00-04:00,26.69481658935547,26.69481658935547,26.69481658935547,26.69481658935547,0,0.0,0.0,0.0
2019-07-31 00:00:00-04:00,26.459388732910156,26.459388732910156,26.459388732910156,26.459388732910156,0,0.0,0.0,0.0
2019-08-01 00:00:00-04:00,26.095661163330078,26.095661163330078,26.095661163330078,26.095661163330078,0,0.0,0.0,0.0
2019-08-02 00:00:00-04:00,25.71248435974121,25.71248435974121,25.71248435974121,25.71248435974121,3,0.0,0.0,0.0
2019-08-05 00:00:00-04:00,25.016908645629883,25.016908645629883,25.016908645629883,25.016908645629883,1,0.0,0.0,0.0
2019-08-06 00:00:00-04:00,25.29529571533203,25.29529571533203,25.29529571533203,25.29529571533203,1,0.0,0.0,0.0
2019-08-07 00:00:00-04:00,25.38773536682129,25.38773536682129,25.38773536682129,25.38773536682129,1,0.0,0.0,0.0
2019-08-08 00:00:00-04:00,25.823684692382812,25.823684692382812,25.823684692382812,25.823684692382812,1,0.0,0.0,0.0
2019-08-09 00:00:00-04:00,25.54500389099121,25.54500389099121,25.54500389099121,25.54500389099121,1,0.0,0.0,0.0
2019-08-12 00:00:00-04:00,25.145015716552734,25.145015716552734,25.145015716552734,25.145015716552734,1,0.0,0.0,0.0
2019-08-13 00:00:00-04:00,25.46170425415039,25.46170425415039,25.46170425415039,25.46170425415039,1,0.0,0.0,0.0
2019-08-14 00:00:00-04:00,24.599130630493164,24.599130630493164,24.599130630493164,24.599130630493164,10,0.0,0.0,0.0
2019-08-15 00:00:00-04:00,24.580272674560547,24.580272674560547,24.580272674560547,24.580272674560547,1,0.0,0.0,0.0
2019-08-16 00:00:00-04:00,24.99775505065918,24.99775505065918,24.99775505065918,24.99775505065918,1,0.0,0.0,0.0
2019-08-19 00:00:00-04:00,25.246496200561523,25.246496200561523,25.246496200561523,25.246496200561523,1,0.0,0.0,0.0
2019-08-20 00:00:00-04:00,25.003393173217773,25.003393173217773,25.003393173217773,25.003393173217773,1,0.0,0.0,0.0
2019-08-21 00:00:00-04:00,25.287031173706055,25.287031173706055,25.287031173706055,25.287031173706055,100,0.0,0.0,0.0
2019-08-22 00:00:00-04:00,25.39482879638672,25.39482879638672,25.39482879638672,25.39482879638672,1,0.0,0.0,0.0
2019-08-23 00:00:00-04:00,24.589698791503906,24.589698791503906,24.589698791503906,24.589698791503906,158,0.0,0.0,0.0
2019-08-26 00:00:00-04:00,24.804325103759766,24.804325103759766,24.804325103759766,24.804325103759766,1,0.0,0.0,0.0
2019-08-27 00:00:00-04:00,24.666881561279297,24.666881561279297,24.666881561279297,24.666881561279297,79,0.0,0.0,0.0
2019-08-28 00:00:00-04:00,24.851661682128906,24.851661682128906,24.851661682128906,24.851661682128906,1,0.0,0.0,0.0
2019-08-29 00:00:00-04:00,25.186134338378906,25.186134338378906,25.186134338378906,25.186134338378906,1,0.0,0.0,0.0
2019-08-30 00:00:00-04:00,25.13860321044922,25.13860321044922,25.13860321044922,25.13860321044922,1,0.0,0.0,0.0
2019-09-03 00:00:00-04:00,24.922521591186523,24.922521591186523,24.922521591186523,24.922521591186523,1,0.0,0.0,0.0
2019-09-04 00:00:00-04:00,25.218311309814453,25.218311309814453,25.218311309814453,25.218311309814453,1,0.0,0.0,0.0
2019-09-05 00:00:00-04:00,25.634626388549805,25.634626388549805,25.634626388549805,25.634626388549805,1,0.0,0.0,0.0
2019-09-06 00:00:00-04:00,25.66408348083496,25.66408348083496,25.66408348083496,25.66408348083496,1,0.0,0.0,0.0
2019-09-09 00:00:00-04:00,25.803760528564453,25.803760528564453,25.803760528564453,25.803760528564453,1,0.0,0.0,0.0
2019-09-10 00:00:00-04:00,25.897367477416992,25.897367477416992,25.897367477416992,25.897367477416992,1,0.0,0.0,0.0
2019-09-11 00:00:00-04:00,26.098867933251576,26.152036666870117,26.098867933251576,26.152036666870117,125,0.0,0.0,0.0
2019-09-12 00:00:00-04:00,26.17351722717285,26.17351722717285,26.17351722717285,26.17351722717285,1,0.0,0.0,0.0
2019-09-13 00:00:00-04:00,26.10946273803711,26.10946273803711,26.10946273803711,26.10946273803711,1,0.0,0.0,0.0
2019-09-16 00:00:00-04:00,26.160785675048828,26.160785675048828,26.160785675048828,26.160785675048828,1,0.0,0.0,0.0
2019-09-17 00:00:00-04:00,26.108586249461325,26.156797409057617,26.108586249461325,26.156797409057617,125,0.0,0.0,0.0
2019-09-18 00:00:00-04:00,26.09351921081543,26.09351921081543,26.09351921081543,26.09351921081543,1,0.0,0.0,0.0
2019-09-19 00:00:00-04:00,25.949954986572266,25.949954986572266,25.949954986572266,25.949954986572266,1,0.0,0.0,0.0
2019-09-20 00:00:00-04:00,25.841083526611328,25.841083526611328,25.841083526611328,25.841083526611328,1,0.0,0.0,0.0
2019-09-23 00:00:00-04:00,25.905336380004883,25.905336380004883,25.905336380004883,25.905336380004883,1,0.0,0.0,0.0
2019-09-24 00:00:00-04:00,25.68743133544922,25.68743133544922,25.68743133544922,25.68743133544922,1,0.116,0.0,0.0
2019-09-25 00:00:00-04:00,25.90172576904297,25.90172576904297,25.90172576904297,25.90172576904297,1,0.0,0.0,0.0
2019-09-26 00:00:00-04:00,25.83885383605957,25.83885383605957,25.83885383605957,25.83885383605957,1,0.0,0.0,0.0
2019-09-27 00:00:00-04:00,25.76289939880371,25.76289939880371,25.76289939880371,25.76289939880371,50,0.0,0.0,0.0
2019-09-30 00:00:00-04:00,25.967037200927734,25.967037200927734,25.967037200927734,25.967037200927734,1,0.0,0.0,0.0
2019-10-01 00:00:00-04:00,25.617431640625,25.617431640625,25.617431640625,25.617431640625,1,0.0,0.0,0.0
2019-10-02 00:00:00-04:00,25.105379104614258,25.105379104614258,25.105379104614258,25.105379104614258,1,0.0,0.0,0.0
2019-10-03 00:00:00-04:00,25.260215759277344,25.260215759277344,25.260215759277344,25.260215759277344,1,0.0,0.0,0.0
2019-10-04 00:00:00-04:00,25.43184742248268,25.53728485107422,25.407733286879473,25.53728485107422,220,0.0,0.0,0.0
2019-10-07 00:00:00-04:00,25.476362228393555,25.476362228393555,25.476362228393555,25.476362228393555,1,0.0,0.0,0.0
2019-10-08 00:00:00-04:00,24.91813087463379,24.91813087463379,24.91813087463379,24.91813087463379,1,0.0,0.0,0.0
2019-10-09 00:00:00-04:00,25.17811124681929,25.17811124681929,25.144330978393555,25.144330978393555,100,0.0,0.0,0.0
2019-10-10 00:00:00-04:00,25.303266525268555,25.303266525268555,25.303266525268555,25.303266525268555,80,0.0,0.0,0.0
2019-10-11 00:00:00-04:00,25.700807571411133,25.700807571411133,25.700807571411133,25.700807571411133,1,0.0,0.0,0.0
2019-10-14 00:00:00-04:00,25.607084274291992,25.607084274291992,25.607084274291992,25.607084274291992,15,0.0,0.0,0.0
2019-10-15 00:00:00-04:00,25.829185485839844,25.829185485839844,25.829185485839844,25.829185485839844,80,0.0,0.0,0.0
2019-10-16 00:00:00-04:00,25.80292781470678,25.80292781470678,25.74386215209961,25.74386215209961,1000,0.0,0.0,0.0
2019-10-17 00:00:00-04:00,25.885711669921875,25.885711669921875,25.885711669921875,25.885711669921875,1,0.0,0.0,0.0
2019-10-18 00:00:00-04:00,25.858278274536133,25.858278274536133,25.858278274536133,25.858278274536133,14,0.0,0.0,0.0
2019-10-21 00:00:00-04:00,26.03947803403237,26.03947803403237,26.02141571044922,26.02141571044922,180,0.0,0.0,0.0
2019-10-22 00:00:00-04:00,26.001304626464844,26.001304626464844,26.001304626464844,26.001304626464844,1,0.0,0.0,0.0
2019-10-23 00:00:00-04:00,26.046504974365234,26.046504974365234,26.046504974365234,26.046504974365234,1,0.0,0.0,0.0
2019-10-24 00:00:00-04:00,26.143157958984375,26.143157958984375,26.143157958984375,26.143157958984375,19,0.0,0.0,0.0
2019-10-25 00:00:00-04:00,26.300823528284056,26.300823528284056,26.270071029663086,26.270071029663086,240,0.0,0.0,0.0
2019-10-28 00:00:00-04:00,26.426177978515625,26.426177978515625,26.426177978515625,26.426177978515625,40,0.0,0.0,0.0
2019-10-29 00:00:00-04:00,26.46825408935547,26.46825408935547,26.46825408935547,26.46825408935547,30,0.0,0.0,0.0
2019-10-30 00:00:00-04:00,26.455175399780273,26.455175399780273,26.455175399780273,26.455175399780273,5,0.0,0.0,0.0
2019-10-31 00:00:00-04:00,26.24176025390625,26.24176025390625,26.24176025390625,26.24176025390625,5,0.0,0.0,0.0
2019-11-01 00:00:00-04:00,26.560707092285156,26.560707092285156,26.560707092285156,26.560707092285156,5,0.0,0.0,0.0
2019-11-04 00:00:00-05:00,26.769725799560547,26.769725799560547,26.769725799560547,26.769725799560547,80,0.0,0.0,0.0
2019-11-05 00:00:00-05:00,26.82147216796875,26.82147216796875,26.82147216796875,26.82147216796875,36,0.0,0.0,0.0
2019-11-06 00:00:00-05:00,26.773441314697266,26.773441314697266,26.773441314697266,26.773441314697266,120,0.0,0.0,0.0
2019-11-07 00:00:00-05:00,26.87584686279297,26.87584686279297,26.87584686279297,26.87584686279297,5,0.0,0.0,0.0
2019-11-08 00:00:00-05:00,26.91558265686035,26.91558265686035,26.91558265686035,26.91558265686035,215,0.0,0.0,0.0
2019-11-11 00:00:00-05:00,26.975919723510742,26.975919723510742,26.975919723510742,26.975919723510742,16,0.0,0.0,0.0
2019-11-12 00:00:00-05:00,26.94253158569336,26.94253158569336,26.94253158569336,26.94253158569336,5,0.0,0.0,0.0
2019-11-13 00:00:00-05:00,26.906021118164062,26.906021118164062,26.906021118164062,26.906021118164062,55,0.0,0.0,0.0
2019-11-14 00:00:00-05:00,27.02199363708496,27.02199363708496,27.02199363708496,27.02199363708496,15,0.0,0.0,0.0
2019-11-15 00:00:00-05:00,27.22486686706543,27.22486686706543,27.22486686706543,27.22486686706543,116,0.0,0.0,0.0
2019-11-18 00:00:00-05:00,27.243419647216797,27.243419647216797,27.243419647216797,27.243419647216797,1,0.0,0.0,0.0
2019-11-19 00:00:00-05:00,27.182987213134766,27.182987213134766,27.182987213134766,27.182987213134766,15,0.0,0.0,0.0
2019-11-20 00:00:00-05:00,27.05451011657715,27.05451011657715,27.05451011657715,27.05451011657715,15,0.0,0.0,0.0
2019-11-21 00:00:00-05:00,26.942141539686457,26.942141539686457,26.921932220458984,26.921932220458984,1600,0.0,0.0,0.0
2019-11-22 00:00:00-05:00,27.062999725341797,27.062999725341797,27.062999725341797,27.062999725341797,1,0.0,0.0,0.0
2019-11-25 00:00:00-05:00,27.33069610595703,27.33069610595703,27.33069610595703,27.33069610595703,15,0.0,0.0,0.0
2019-11-26 00:00:00-05:00,27.433302860050862,27.477527618408203,27.423539895500653,27.477527618408203,7136,0.0,0.0,0.0
2019-11-27 00:00:00-05:00,27.540499965310794,27.549968719482422,27.540499965310794,27.549968719482422,1599,0.0,0.0,0.0
2019-11-29 00:00:00-05:00,27.356470108032227,27.356470108032227,27.356470108032227,27.356470108032227,101,0.0,0.0,0.0
2019-12-02 00:00:00-05:00,27.116209030151367,27.116209030151367,27.116209030151367,27.116209030151367,15,0.0,0.0,0.0
2019-12-03 00:00:00-05:00,26.828013878389847,26.9256416682954,26.798726844884833,26.92437171936035,5573,0.0,0.0,0.0
2019-12-04 00:00:00-05:00,27.130658647006477,27.130658647006477,27.05011558532715,27.05011558532715,137,0.0,0.0,0.0
2019-12-05 00:00:00-05:00,27.05197173681812,27.105667114257812,27.05197173681812,27.105667114257812,183,0.0,0.0,0.0
2019-12-06 00:00:00-05:00,27.30892562866211,27.30892562866211,27.30892562866211,27.30892562866211,2,0.0,0.0,0.0
2019-12-09 00:00:00-05:00,27.25249671936035,27.25249671936035,27.25249671936035,27.25249671936035,15,0.0,0.0,0.0
2019-12-10 00:00:00-05:00,27.198511123657227,27.198511123657227,27.198511123657227,27.198511123657227,276,0.0,0.0,0.0
2019-12-11 00:00:00-05:00,27.29271697998047,27.29271697998047,27.29271697998047,27.29271697998047,2,0.0,0.0,0.0
2019-12-12 00:00:00-05:00,27.529565811157227,27.529565811157227,27.529565811157227,27.529565811157227,15,0.0,0.0,0.0
2019-12-13 00:00:00-05:00,27.53093299697849,27.53093299697849,27.449607849121094,27.449607849121094,350,0.0,0.0,0.0
2019-12-16 00:00:00-05:00,27.627392429211945,27.627392429211945,27.62474250793457,27.62474250793457,194,0.14,0.0,0.0
2019-12-17 00:00:00-05:00,27.61954488062818,27.61954488062818,27.603944778442383,27.603944778442383,165,0.0,0.0,0.0
2019-12-18 00:00:00-05:00,27.668699635134136,27.668699635134136,27.667030334472656,27.667030334472656,189,0.0,0.0,0.0
2019-12-19 00:00:00-05:00,27.75700807831241,27.76299285888672,27.75700807831241,27.76299285888672,150,0.0,0.0,0.0
2019-12-20 00:00:00-05:00,27.889066696166992,27.889066696166992,27.889066696166992,27.889066696166992,194,0.0,0.0,0.0
2019-12-23 00:00:00-05:00,27.81096649169922,27.81096649169922,27.81096649169922,27.81096649169922,87,0.0,0.0,0.0
2019-12-24 00:00:00-05:00,27.815877497148755,27.825590133666992,27.815877497148755,27.825590133666992,156,0.0,0.0,0.0
2019-12-26 00:00:00-05:00,27.87974739074707,27.87974739074707,27.87974739074707,27.87974739074707,1,0.0,0.0,0.0
2019-12-27 00:00:00-05:00,27.87131118774414,27.87131118774414,27.87131118774414,27.87131118774414,248,0.0,0.0,0.0
2019-12-30 00:00:00-05:00,27.836185644267946,27.836185644267946,27.787126541137695,27.787126541137695,128,0.0,0.0,0.0
2019-12-31 00:00:00-05:00,27.884065628051758,27.884065628051758,27.884065628051758,27.884065628051758,31,0.0,0.0,0.0
2020-01-02 00:00:00-05:00,27.892501831054688,27.892501831054688,27.892501831054688,27.892501831054688,24,0.0,0.0,0.0
2020-01-03 00:00:00-05:00,27.730117797851562,27.730117797851562,27.730117797851562,27.730117797851562,20,0.0,0.0,0.0
2020-01-06 00:00:00-05:00,27.679197493707935,27.679197493707935,27.66242027282715,27.66242027282715,123,0.0,0.0,0.0
2020-01-07 00:00:00-05:00,27.703336715698242,27.703336715698242,27.703336715698242,27.703336715698242,2,0.0,0.0,0.0
2020-01-08 00:00:00-05:00,27.770936965942383,27.770936965942383,27.770936965942383,27.770936965942383,44,0.0,0.0,0.0
2020-01-09 00:00:00-05:00,27.865419387817383,27.865419387817383,27.865419387817383,27.865419387817383,58,0.0,0.0,0.0
2020-01-10 00:00:00-05:00,27.894367483685986,27.894367483685986,27.84511375427246,27.84511375427246,102,0.0,0.0,0.0
2020-01-13 00:00:00-05:00,28.089521408081055,28.089521408081055,28.089521408081055,28.089521408081055,5,0.0,0.0,0.0
2020-01-14 00:00:00-05:00,28.090600542058397,28.13259506225586,28.090600542058397,28.13259506225586,245,0.0,0.0,0.0
2020-01-15 00:00:00-05:00,28.22796332471355,28.22796332471355,28.184301376342773,28.184301376342773,101,0.0,0.0,0.0
2020-01-16 00:00:00-05:00,28.444406509399414,28.444406509399414,28.444406509399414,28.444406509399414,10,0.0,0.0,0.0
2020-01-17 00:00:00-05:00,28.471580505371094,28.471580505371094,28.471580505371094,28.471580505371094,20,0.0,0.0,0.0
2020-01-21 00:00:00-05:00,28.397701263427734,28.397701263427734,28.397701263427734,28.397701263427734,12,0.0,0.0,0.0
2020-01-22 00:00:00-05:00,28.422916412353516,28.422916412353516,28.422916412353516,28.422916412353516,20,0.0,0.0,0.0
2020-01-23 00:00:00-05:00,28.522308349609375,28.522308349609375,28.522308349609375,28.522308349609375,54,0.0,0.0,0.0
2020-01-24 00:00:00-05:00,28.240814208984375,28.240814208984375,28.240814208984375,28.240814208984375,2,0.0,0.0,0.0
2020-01-27 00:00:00-05:00,27.845504760742188,27.845504760742188,27.845504760742188,27.845504760742188,20,0.0,0.0,0.0
2020-01-28 00:00:00-05:00,28.1126766204834,28.1126766204834,28.1126766204834,28.1126766204834,20,0.0,0.0,0.0
2020-01-29 00:00:00-05:00,27.98482894897461,27.98482894897461,27.98482894897461,27.98482894897461,91,0.0,0.0,0.0
2020-01-30 00:00:00-05:00,27.87474250793457,27.87474250793457,27.87474250793457,27.87474250793457,91,0.0,0.0,0.0
2020-01-31 00:00:00-05:00,27.33707046508789,27.33707046508789,27.33707046508789,27.33707046508789,37,0.0,0.0,0.0
2020-02-03 00:00:00-05:00,27.542522430419922,27.542522430419922,27.542522430419922,27.542522430419922,51,0.0,0.0,0.0
2020-02-04 00:00:00-05:00,27.88455581665039,27.88455581665039,27.88406550633551,27.88455581665039,940,0.0,0.0,0.0
2020-02-05 00:00:00-05:00,28.18341636657715,28.18341636657715,28.18341636657715,28.18341636657715,91,0.0,0.0,0.0
2020-02-06 00:00:00-05:00,28.17095375061035,28.17095375061035,28.17095375061035,28.17095375061035,2,0.0,0.0,0.0
2020-02-07 00:00:00-05:00,27.91526222229004,27.91526222229004,27.91526222229004,27.91526222229004,121,0.0,0.0,0.0
2020-02-10 00:00:00-05:00,28.04713249206543,28.04713249206543,28.04713249206543,28.04713249206543,1,0.0,0.0,0.0
2020-02-11 00:00:00-05:00,28.306454216404614,28.306454216404614,28.288204193115234,28.288204193115234,1386,0.0,0.0,0.0
2020-02-12 00:00:00-05:00,28.48423957824707,28.48423957824707,28.48423957824707,28.48423957824707,40,0.0,0.0,0.0
2020-02-13 00:00:00-05:00,28.527801513671875,28.527801513671875,28.527801513671875,28.527801513671875,71,0.0,0.0,0.0
2020-02-14 00:00:00-05:00,28.518875122070312,28.518875122070312,28.518875122070312,28.518875122070312,2,0.0,0.0,0.0
2020-02-18 00:00:00-05:00,28.400056838989258,28.400056838989258,28.400056838989258,28.400056838989258,64,0.0,0.0,0.0
2020-02-19 00:00:00-05:00,28.434006439304014,28.434006439304014,28.42311668395996,28.42311668395996,154,0.0,0.0,0.0
2020-02-20 00:00:00-05:00,28.438222885131836,28.438222885131836,28.438222885131836,28.438222885131836,1,0.0,0.0,0.0
2020-02-21 00:00:00-05:00,28.15437387036884,28.175567626953125,28.15437387036884,28.175567626953125,421,0.0,0.0,0.0
2020-02-24 00:00:00-05:00,27.37071990966797,27.37071990966797,27.37071990966797,27.37071990966797,6,0.0,0.0,0.0
2020-02-25 00:00:00-05:00,26.589425310679527,26.589425310679527,26.464033126831055,26.464033126831055,267,0.0,0.0,0.0
2020-02-26 00:00:00-05:00,26.225317001342773,26.225317001342773,26.225317001342773,26.225317001342773,1,0.0,0.0,0.0
2020-02-27 00:00:00-05:00,25.21491813659668,25.21491813659668,25.21491813659668,25.21491813659668,46,0.0,0.0,0.0
2020-02-28 00:00:00-05:00,24.682640075683594,24.682640075683594,24.682640075683594,24.682640075683594,22,0.0,0.0,0.0
2020-03-02 00:00:00-05:00,25.63151741027832,25.63151741027832,25.63151741027832,25.63151741027832,18,0.0,0.0,0.0
2020-03-03 00:00:00-05:00,25.16409683227539,25.16409683227539,25.16409683227539,25.16409683227539,46,0.0,0.0,0.0
2020-03-04 00:00:00-05:00,26.108264923095703,26.108264923095703,26.108264923095703,26.108264923095703,46,0.0,0.0,0.0
2020-03-05 00:00:00-05:00,25.218156814575195,25.218156814575195,25.218156814575195,25.218156814575195,4,0.0,0.0,0.0
2020-03-06 00:00:00-05:00,24.825593948364258,24.825593948364258,24.825593948364258,24.825593948364258,19,0.0,0.0,0.0
2020-03-09 00:00:00-04:00,22.988372802734375,22.988372802734375,22.988372802734375,22.988372802734375,17,0.0,0.0,0.0
2020-03-10 00:00:00-04:00,23.862194061279297,23.862194061279297,23.862194061279297,23.862194061279297,50,0.0,0.0,0.0
2020-03-11 00:00:00-04:00,22.592180252075195,22.592180252075195,22.592180252075195,22.592180252075195,2,0.0,0.0,0.0
2020-03-12 00:00:00-04:00,20.58472824774139,20.629370815540895,20.424211502075195,20.424211502075195,576,0.0,0.0,0.0
2020-03-13 00:00:00-04:00,21.539493560791016,21.539493560791016,21.539493560791016,21.539493560791016,4,0.0,0.0,0.0
2020-03-16 00:00:00-04:00,19.309222511489043,19.309222511489043,19.05510139465332,19.05510139465332,100,0.0,0.0,0.0
2020-03-17 00:00:00-04:00,19.772722244262695,19.772722244262695,19.772722244262695,19.772722244262695,4,0.0,0.0,0.0
2020-03-18 00:00:00-04:00,18.394088745117188,18.394088745117188,18.394088745117188,18.394088745117188,97,0.0,0.0,0.0
2020-03-19 00:00:00-04:00,19.0344951323362,19.0344951323362,18.806671142578125,18.806671142578125,634,0.0,0.0,0.0
2020-03-20 00:00:00-04:00,18.5439158541353,18.544015039045515,17.88114356994629,17.88114356994629,888,0.0,0.0,0.0
2020-03-23 00:00:00-04:00,17.34297752380371,17.34297752380371,17.34297752380371,17.34297752380371,4,0.0,0.0,0.0
2020-03-24 00:00:00-04:00,18.740146437932268,19.150564193725586,18.49485656798921,19.150564193725586,2270,0.0,0.0,0.0
2020-03-25 00:00:00-04:00,18.92455582525134,20.304470923345875,18.92455582525134,19.8203182220459,6984,0.089,0.0,0.0
2020-03-26 00:00:00-04:00,20.87467384338379,20.87467384338379,20.87467384338379,20.87467384338379,4,0.0,0.0,0.0
2020-03-27 00:00:00-04:00,20.156622692666605,20.156622692666605,20.11788558959961,20.11788558959961,357,0.0,0.0,0.0
2020-03-30 00:00:00-04:00,20.723770141601562,20.723770141601562,20.723770141601562,20.723770141601562,4,0.0,0.0,0.0
2020-03-31 00:00:00-04:00,20.203933715820312,20.203933715820312,20.203933715820312,20.203933715820312,36,0.0,0.0,0.0
2020-04-01 00:00:00-04:00,19.245487213134766,19.245487213134766,19.245487213134766,19.245487213134766,4,0.0,0.0,0.0
2020-04-02 00:00:00-04:00,19.42635154724121,19.42635154724121,19.42635154724121,19.42635154724121,6,0.0,0.0,0.0
2020-04-03 00:00:00-04:00,19.095272064208984,19.095272064208984,19.095272064208984,19.095272064208984,1,0.0,0.0,0.0
2020-04-06 00:00:00-04:00,20.7222900390625,20.7222900390625,20.7222900390625,20.7222900390625,1,0.0,0.0,0.0
2020-04-07 00:00:00-04:00,20.989009857177734,20.989009857177734,20.989009857177734,20.989009857177734,1,0.0,0.0,0.0
2020-04-08 00:00:00-04:00,21.811439514160156,21.811439514160156,21.811439514160156,21.811439514160156,1,0.0,0.0,0.0
2020-04-09 00:00:00-04:00,22.248279571533203,22.248279571533203,22.248279571533203,22.248279571533203,20,0.0,0.0,0.0
2020-04-13 00:00:00-04:00,21.71149444580078,21.71149444580078,21.71149444580078,21.71149444580078,92,0.0,0.0,0.0
2020-04-14 00:00:00-04:00,22.216641153613576,22.256263732910156,22.216641153613576,22.256263732910156,250,0.0,0.0,0.0
2020-04-15 00:00:00-04:00,21.580402374267578,21.580402374267578,21.580402374267578,21.580402374267578,88,0.0,0.0,0.0
2020-04-16 00:00:00-04:00,21.656099319458008,21.656099319458008,21.656099319458008,21.656099319458008,88,0.0,0.0,0.0
2020-04-17 00:00:00-04:00,22.315205820932714,22.47291030956232,22.206785159990986,22.41278648376465,2172,0.0,0.0,0.0
2020-04-20 00:00:00-04:00,21.90123095665342,21.930801253115426,21.881519305664536,21.92764663696289,35724,0.0,0.0,0.0
2020-04-21 00:00:00-04:00,21.260358584540118,21.329551460637617,21.220143809031313,21.24330711364746,21784,0.0,0.0,0.0
2020-04-22 00:00:00-04:00,21.703411102294922,21.703411102294922,21.703411102294922,21.703411102294922,88,0.0,0.0,0.0
2020-04-23 00:00:00-04:00,21.99989459350601,21.99989459350601,21.75860595703125,21.75860595703125,165,0.0,0.0,0.0
2020-04-24 00:00:00-04:00,22.095699310302734,22.095699310302734,22.095699310302734,22.095699310302734,88,0.0,0.0,0.0
2020-04-27 00:00:00-04:00,22.70946598178771,22.81305694580078,22.69763711268005,22.81305694580078,666,0.0,0.0,0.0
2020-04-28 00:00:00-04:00,23.31071566122399,23.31071566122399,23.034929275512695,23.034929275512695,5200,0.0,0.0,0.0
2020-04-29 00:00:00-04:00,23.695122233797008,23.775354385375977,23.695122233797008,23.775354385375977,796,0.0,0.0,0.0
2020-04-30 00:00:00-04:00,23.202294542379843,23.20722198486328,23.202294542379843,23.20722198486328,810,0.0,0.0,0.0
2020-05-01 00:00:00-04:00,22.414262771606445,22.414262771606445,22.414262771606445,22.414262771606445,2,0.0,0.0,0.0
2020-05-04 00:00:00-04:00,22.429737091064453,22.429737091064453,22.429737091064453,22.429737091064453,15,0.0,0.0,0.0
2020-05-05 00:00:00-04:00,22.704736709594727,22.704736709594727,22.704736709594727,22.704736709594727,15,0.0,0.0,0.0
2020-05-06 00:00:00-04:00,22.54811668395996,22.54811668395996,22.54811668395996,22.54811668395996,15,0.0,0.0,0.0
2020-05-07 00:00:00-04:00,22.837305068969727,22.837305068969727,22.837305068969727,22.837305068969727,15,0.0,0.0,0.0
2020-05-08 00:00:00-04:00,23.487642288208008,23.487642288208008,23.487642288208008,23.487642288208008,15,0.0,0.0,0.0
2020-05-11 00:00:00-04:00,23.388288497924805,23.388288497924805,23.388288497924805,23.388288497924805,51,0.0,0.0,0.0
2020-05-12 00:00:00-04:00,23.12344191460185,23.12344191460185,22.73765754699707,22.73765754699707,800,0.0,0.0,0.0
2020-05-13 00:00:00-04:00,22.068498611450195,22.068498611450195,22.068498611450195,22.068498611450195,15,0.0,0.0,0.0
2020-05-14 00:00:00-04:00,22.35443687438965,22.35443687438965,22.35443687438965,22.35443687438965,15,0.0,0.0,0.0
2020-05-15 00:00:00-04:00,22.43742561340332,22.43742561340332,22.43742561340332,22.43742561340332,2,0.0,0.0,0.0
2020-05-18 00:00:00-04:00,23.547272336792798,23.630659103393555,23.547272336792798,23.630659103393555,300,0.0,0.0,0.0
2020-05-19 00:00:00-04:00,23.364139556884766,23.364139556884766,23.364139556884766,23.364139556884766,9,0.0,0.0,0.0
2020-05-20 00:00:00-04:00,23.688121795654297,23.688121795654297,23.688121795654297,23.688121795654297,15,0.0,0.0,0.0
2020-05-21 00:00:00-04:00,23.58058738708496,23.58058738708496,23.58058738708496,23.58058738708496,6,0.0,0.0,0.0
2020-05-22 00:00:00-04:00,23.63884162902832,23.63884162902832,23.63884162902832,23.63884162902832,5,0.0,0.0,0.0
2020-05-26 00:00:00-04:00,24.454073507076284,24.483643801807613,24.28335952758789,24.28335952758789,81924,0.0,0.0,0.0
2020-05-27 00:00:00-04:00,24.730060320725475,24.746816635131836,24.345655841953192,24.746816635131836,87439,0.0,0.0,0.0
2020-05-28 00:00:00-04:00,24.602710723876953,24.602710723876953,24.602710723876953,24.602710723876953,10,0.0,0.0,0.0
2020-05-29 00:00:00-04:00,24.74691390991211,24.74691390991211,24.74691390991211,24.74691390991211,5,0.0,0.0,0.0
2020-06-01 00:00:00-04:00,24.808912565510518,25.02575578016845,24.808912565510518,25.023193359375,200,0.0,0.0,0.0
2020-06-02 00:00:00-04:00,25.17498207092285,25.17498207092285,25.17498207092285,25.17498207092285,5,0.0,0.0,0.0
2020-06-03 00:00:00-04:00,25.67530059814453,25.67530059814453,25.67530059814453,25.67530059814453,79,0.0,0.0,0.0
2020-06-04 00:00:00-04:00,25.659828186035156,25.659828186035156,25.659828186035156,25.659828186035156,2,0.0,0.0,0.0
2020-06-05 00:00:00-04:00,26.41552517264696,26.49437741364049,26.362695693969727,26.362695693969727,210,0.0,0.0,0.0
2020-06-08 00:00:00-04:00,26.59294275349279,26.766023635864258,26.59294275349279,26.766023635864258,107,0.0,0.0,0.0
2020-06-09 00:00:00-04:00,26.25782160056751,26.258708953857422,26.25782160056751,26.258708953857422,184,0.0,0.0,0.0
2020-06-10 00:00:00-04:00,25.84493064880371,25.84493064880371,25.84493064880371,25.84493064880371,10,0.0,0.0,0.0
2020-06-11 00:00:00-04:00,24.1678409576416,24.1678409576416,24.1678409576416,24.1678409576416,10,0.0,0.0,0.0
2020-06-12 00:00:00-04:00,24.45368194580078,24.45368194580078,24.45368194580078,24.45368194580078,10,0.0,0.0,0.0
2020-06-15 00:00:00-04:00,24.748687744140625,24.748687744140625,24.748687744140625,24.748687744140625,10,0.091,0.0,0.0
2020-06-16 00:00:00-04:00,25.160127639770508,25.160127639770508,25.160127639770508,25.160127639770508,10,0.0,0.0,0.0
2020-06-17 00:00:00-04:00,25.08979034423828,25.08979034423828,25.08979034423828,25.08979034423828,13,0.0,0.0,0.0
2020-06-18 00:00:00-04:00,25.01401008103615,25.01401008103615,25.013713836669922,25.013713836669922,100,0.0,0.0,0.0
2020-06-19 00:00:00-04:00,24.93427276611328,24.93427276611328,24.93427276611328,24.93427276611328,1,0.0,0.0,0.0
2020-06-22 00:00:00-04:00,24.92547035217285,24.92547035217285,24.92547035217285,24.92547035217285,70,0.0,0.0,0.0
2020-06-23 00:00:00-04:00,24.93941879272461,24.93941879272461,24.93941879272461,24.93941879272461,22,0.0,0.0,0.0
2020-06-24 00:00:00-04:00,24.248604006753443,24.248604006753443,24.213584899902344,24.213584899902344,500,0.0,0.0,0.0
2020-06-25 00:00:00-04:00,24.13849565287158,24.357622146606445,24.13849565287158,24.357622146606445,100,0.0,0.0,0.0
2020-06-26 00:00:00-04:00,24.128602069611237,24.128602069611237,24.06390380859375,24.06390380859375,100,0.0,0.0,0.0
2020-06-29 00:00:00-04:00,24.32646116070688,24.451406478881836,24.32646116070688,24.451406478881836,100,0.0,0.0,0.0
2020-06-30 00:00:00-04:00,24.593564493662218,24.89598846435547,24.593564493662218,24.89598846435547,100,0.0,0.0,0.0
2020-07-01 00:00:00-04:00,24.773319244384766,24.773319244384766,24.773319244384766,24.773319244384766,10,0.0,0.0,0.0
2020-07-02 00:00:00-04:00,24.92596435546875,24.92596435546875,24.92596435546875,24.92596435546875,10,0.0,0.0,0.0
2020-07-06 00:00:00-04:00,25.25153923034668,25.25153923034668,25.25153923034668,25.25153923034668,10,0.0,0.0,0.0
2020-07-07 00:00:00-04:00,24.89044952392578,24.89044952392578,24.89044952392578,24.89044952392578,40,0.0,0.0,0.0
2020-07-08 00:00:00-04:00,24.906375885009766,24.906375885009766,24.906375885009766,24.906375885009766,67,0.0,0.0,0.0
2020-07-09 00:00:00-04:00,24.68309783935547,24.68309783935547,24.68309783935547,24.68309783935547,10,0.0,0.0,0.0
2020-07-10 00:00:00-04:00,24.928735733032227,24.928735733032227,24.928735733032227,24.928735733032227,10,0.0,0.0,0.0
2020-07-13 00:00:00-04:00,25.246491931609,25.25638498385237,24.85137176513672,24.85137176513672,987,0.0,0.0,0.0
2020-07-14 00:00:00-04:00,25.25124168395996,25.25124168395996,25.25124168395996,25.25124168395996,10,0.0,0.0,0.0
2020-07-15 00:00:00-04:00,25.818099975585938,25.818099975585938,25.818099975585938,25.818099975585938,10,0.0,0.0,0.0
2020-07-16 00:00:00-04:00,25.823444366455078,25.823444366455078,25.823444366455078,25.823444366455078,4,0.0,0.0,0.0
2020-07-17 00:00:00-04:00,25.988847732543945,25.988847732543945,25.988847732543945,25.988847732543945,25,0.0,0.0,0.0
2020-07-20 00:00:00-04:00,25.984891891479492,25.984891891479492,25.984891891479492,25.984891891479492,44,0.0,0.0,0.0
2020-07-21 00:00:00-04:00,26.062253952026367,26.062253952026367,26.062253952026367,26.062253952026367,16,0.0,0.0,0.0
2020-07-22 00:00:00-04:00,26.398019790649414,26.398019790649414,26.398019790649414,26.398019790649414,8,0.0,0.0,0.0
2020-07-23 00:00:00-04:00,26.32985496520996,26.32985496520996,26.32985496520996,26.32985496520996,8,0.0,0.0,0.0
2020-07-24 00:00:00-04:00,26.080556869506836,26.080556869506836,26.080556869506836,26.080556869506836,8,0.0,0.0,0.0
2020-07-27 00:00:00-04:00,26.372493743896484,26.372493743896484,26.372493743896484,26.372493743896484,8,0.0,0.0,0.0
2020-07-28 00:00:00-04:00,26.09777069091797,26.09777069091797,26.09777069091797,26.09777069091797,8,0.0,0.0,0.0
2020-07-29 00:00:00-04:00,26.52751350402832,26.52751350402832,26.52751350402832,26.52751350402832,8,0.0,0.0,0.0
2020-07-30 00:00:00-04:00,26.4567813873291,26.4567813873291,26.4567813873291,26.4567813873291,8,0.0,0.0,0.0
2020-07-31 00:00:00-04:00,26.479930877685547,26.479930877685547,26.479930877685547,26.479930877685547,8,0.0,0.0,0.0
2020-08-03 00:00:00-04:00,26.769786834716797,26.769786834716797,26.769786834716797,26.769786834716797,8,0.0,0.0,0.0
2020-08-04 00:00:00-04:00,26.800357818603516,26.800357818603516,26.800357818603516,26.800357818603516,8,0.0,0.0,0.0
2020-08-05 00:00:00-04:00,26.96289825439453,26.96289825439453,26.96289825439453,26.96289825439453,72,0.0,0.0,0.0
2020-08-06 00:00:00-04:00,26.89503288269043,26.89503288269043,26.89503288269043,26.89503288269043,8,0.0,0.0,0.0
2020-08-07 00:00:00-04:00,27.094867706298828,27.094867706298828,27.094867706298828,27.094867706298828,8,0.0,0.0,0.0
2020-08-10 00:00:00-04:00,27.284513473510742,27.284513473510742,27.284513473510742,27.284513473510742,8,0.0,0.0,0.0
2020-08-11 00:00:00-04:00,27.19290542602539,27.19290542602539,27.19290542602539,27.19290542602539,8,0.0,0.0,0.0
2020-08-12 00:00:00-04:00,27.442699819068487,27.442699819068487,27.402931369998946,27.409460067749023,200,0.0,0.0,0.0
2020-08-13 00:00:00-04:00,27.344661712646484,27.344661712646484,27.344661712646484,27.344661712646484,8,0.0,0.0,0.0
2020-08-14 00:00:00-04:00,27.361083984375,27.361083984375,27.361083984375,27.361083984375,8,0.0,0.0,0.0
2020-08-17 00:00:00-04:00,27.448932647705078,27.448932647705078,27.448932647705078,27.448932647705078,75,0.0,0.0,0.0
2020-08-18 00:00:00-04:00,27.316268920898438,27.316268920898438,27.316268920898438,27.316268920898438,11,0.0,0.0,0.0
2020-08-19 00:00:00-04:00,27.16758155822754,27.16758155822754,27.16758155822754,27.16758155822754,31,0.0,0.0,0.0
2020-08-20 00:00:00-04:00,27.12622833251953,27.12622833251953,27.12622833251953,27.12622833251953,8,0.0,0.0,0.0
2020-08-21 00:00:00-04:00,27.063013076782227,27.063013076782227,27.063013076782227,27.063013076782227,8,0.0,0.0,0.0
2020-08-24 00:00:00-04:00,27.393136978149414,27.393136978149414,27.393136978149414,27.393136978149414,8,0.0,0.0,0.0
2020-08-25 00:00:00-04:00,27.393236019026684,27.393236019026684,27.38512420654297,27.38512420654297,1000,0.0,0.0,0.0
2020-08-26 00:00:00-04:00,27.363557449246265,27.364051818847656,27.343771343749278,27.364051818847656,1200,0.0,0.0,0.0
2020-08-27 00:00:00-04:00,27.314290164004024,27.395904541015625,27.314290164004024,27.395904541015625,100,0.0,0.0,0.0
2020-08-28 00:00:00-04:00,27.555381774902344,27.555381774902344,27.555381774902344,27.555381774902344,1,0.0,0.0,0.0
2020-08-31 00:00:00-04:00,27.45001983642578,27.45001983642578,27.45001983642578,27.45001983642578,1,0.0,0.0,0.0
2020-09-01 00:00:00-04:00,27.528470993041992,27.528470993041992,27.528470993041992,27.528470993041992,8,0.0,0.0,0.0
2020-09-02 00:00:00-04:00,28.08929443359375,28.08929443359375,28.08929443359375,28.08929443359375,8,0.0,0.0,0.0
2020-09-03 00:00:00-04:00,27.200424194335938,27.200424194335938,27.200424194335938,27.200424194335938,26,0.0,0.0,0.0
2020-09-04 00:00:00-04:00,27.0881404876709,27.0881404876709,27.0881404876709,27.0881404876709,1,0.0,0.0,0.0
2020-09-08 00:00:00-04:00,26.538593292236328,26.538593292236328,26.538593292236328,26.538593292236328,4,0.0,0.0,0.0
2020-09-09 00:00:00-04:00,27.06172752380371,27.06172752380371,27.06172752380371,27.06172752380371,4,0.0,0.0,0.0
2020-09-10 00:00:00-04:00,26.67887306213379,26.67887306213379,26.67887306213379,26.67887306213379,43,0.0,0.0,0.0
2020-09-11 00:00:00-04:00,26.68391990661621,26.68391990661621,26.68391990661621,26.68391990661621,48,0.0,0.0,0.0
2020-09-14 00:00:00-04:00,27.177867889404297,27.177867889404297,27.177867889404297,27.177867889404297,4,0.0,0.0,0.0
2020-09-15 00:00:00-04:00,27.312015533447266,27.312015533447266,27.312015533447266,27.312015533447266,4,0.0,0.0,0.0
2020-09-16 00:00:00-04:00,27.433496475219727,27.433496475219727,27.433496475219727,27.433496475219727,50,0.0,0.0,0.0
2020-09-17 00:00:00-04:00,27.29034996032715,27.29034996032715,27.29034996032715,27.29034996032715,50,0.0,0.0,0.0
2020-09-18 00:00:00-04:00,26.97932243347168,26.97932243347168,26.97932243347168,26.97932243347168,40,0.0,0.0,0.0
2020-09-21 00:00:00-04:00,26.30502569502677,26.367053985595703,26.255562317514098,26.367053985595703,302,0.0,0.0,0.0
2020-09-22 00:00:00-04:00,26.52939224243164,26.52939224243164,26.52939224243164,26.52939224243164,2,0.0,0.0,0.0
2020-09-23 00:00:00-04:00,25.900419235229492,25.900419235229492,25.900419235229492,25.900419235229492,18,0.105,0.0,0.0
2020-09-24 00:00:00-04:00,26.00311279296875,26.00311279296875,26.00311279296875,26.00311279296875,121,0.0,0.0,0.0
2020-09-25 00:00:00-04:00,26.438220500694843,26.438220500694843,26.386276245117188,26.386276245117188,813,0.0,0.0,0.0
2020-09-28 00:00:00-04:00,26.865282839760322,26.865282839760322,26.862899780273438,26.862899780273438,478,0.0,0.0,0.0
2020-09-29 00:00:00-04:00,26.748783111572266,26.748783111572266,26.748783111572266,26.748783111572266,19,0.0,0.0,0.0
2020-09-30 00:00:00-04:00,26.92884635925293,26.92884635925293,26.92884635925293,26.92884635925293,5003,0.0,0.0,0.0
2020-10-01 00:00:00-04:00,27.041669845581055,27.041669845581055,27.041669845581055,27.041669845581055,51,0.0,0.0,0.0
2020-10-02 00:00:00-04:00,27.173168182373047,27.173168182373047,27.173168182373047,27.173168182373047,1,0.0,0.0,0.0
2020-10-05 00:00:00-04:00,27.722091674804688,27.722091674804688,27.722091674804688,27.722091674804688,118,0.0,0.0,0.0
2020-10-06 00:00:00-04:00,27.912979470270887,28.047156323334605,27.5704345703125,27.5704345703125,579,0.0,0.0,0.0
2020-10-07 00:00:00-04:00,28.004152297973633,28.004152297973633,28.004152297973633,28.004152297973633,1,0.0,0.0,0.0
2020-10-08 00:00:00-04:00,28.331899642944336,28.331899642944336,28.331899642944336,28.331899642944336,1,0.0,0.0,0.0
2020-10-09 00:00:00-04:00,28.40003204345703,28.40003204345703,28.40003204345703,28.40003204345703,1,0.0,0.0,0.0
2020-10-12 00:00:00-04:00,28.660737991333008,28.660737991333008,28.660737991333008,28.660737991333008,1,0.0,0.0,0.0
2020-10-13 00:00:00-04:00,28.504014609078112,28.504014609078112,28.44094688820947,28.46706771850586,1676,0.0,0.0,0.0
2020-10-14 00:00:00-04:00,28.391984939575195,28.391984939575195,28.391984939575195,28.391984939575195,108,0.0,0.0,0.0
2020-10-15 00:00:00-04:00,28.49259376525879,28.49259376525879,28.49259376525879,28.49259376525879,106,0.0,0.0,0.0
2020-10-16 00:00:00-04:00,28.633127620512937,28.633127620512937,28.511960983276367,28.511960983276367,602,0.0,0.0,0.0
2020-10-19 00:00:00-04:00,28.1160831451416,28.1160831451416,28.1160831451416,28.1160831451416,1,0.0,0.0,0.0
2020-10-20 00:00:00-04:00,28.297435760498047,28.297435760498047,28.297435760498047,28.297435760498047,1,0.0,0.0,0.0
2020-10-21 00:00:00-04:00,28.242414474487305,28.242414474487305,28.242414474487305,28.242414474487305,1,0.0,0.0,0.0
2020-10-22 00:00:00-04:00,28.36000633239746,28.36000633239746,28.36000633239746,28.36000633239746,26,0.0,0.0,0.0
2020-10-23 00:00:00-04:00,28.52308464050293,28.52308464050293,28.52308464050293,28.52308464050293,17,0.0,0.0,0.0
2020-10-26 00:00:00-04:00,27.907915115356445,27.907915115356445,27.907915115356445,27.907915115356445,92,0.0,0.0,0.0
2020-10-27 00:00:00-04:00,27.672534942626953,27.672534942626953,27.672534942626953,27.672534942626953,1,0.0,0.0,0.0
2020-10-28 00:00:00-04:00,26.896766662597656,26.896766662597656,26.896766662597656,26.896766662597656,108,0.0,0.0,0.0
2020-10-29 00:00:00-04:00,27.05398740810242,27.22679901123047,27.05398740810242,27.22679901123047,396,0.0,0.0,0.0
2020-10-30 00:00:00-04:00,26.98208236694336,26.98208236694336,26.98208236694336,26.98208236694336,34,0.0,0.0,0.0
2020-11-02 00:00:00-05:00,27.649890899658203,27.649890899658203,27.649890899658203,27.649890899658203,111,0.0,0.0,0.0
2020-11-03 00:00:00-05:00,28.20368194580078,28.20368194580078,28.20368194580078,28.20368194580078,1,0.0,0.0,0.0
2020-11-04 00:00:00-05:00,28.275983810424805,28.275983810424805,28.275983810424805,28.275983810424805,1,0.0,0.0,0.0
2020-11-05 00:00:00-05:00,28.93108055560663,28.93108055560663,28.89095687866211,28.89095687866211,400,0.0,0.0,0.0
2020-11-06 00:00:00-05:00,28.836034774780273,28.836034774780273,28.836034774780273,28.836034774780273,6,0.0,0.0,0.0
2020-11-09 00:00:00-05:00,29.31494140625,29.31494140625,29.31494140625,29.31494140625,1,0.0,0.0,0.0
2020-11-10 00:00:00-05:00,29.358142924405108,29.402538299560547,29.358142924405108,29.402538299560547,216,0.0,0.0,0.0
2020-11-11 00:00:00-05:00,29.457461016054516,29.469478607177734,29.457461016054516,29.469478607177734,26303,0.0,0.0,0.0
2020-11-12 00:00:00-05:00,29.48725757110337,29.48725757110337,29.067344665527344,29.067344665527344,200,0.0,0.0,0.0
2020-11-13 00:00:00-05:00,29.348212834121327,29.74846076965332,29.348212834121327,29.74846076965332,696,0.0,0.0,0.0
2020-11-16 00:00:00-05:00,30.0434334961368,30.281794394076524,30.0434334961368,30.264711380004883,200,0.0,0.0,0.0
2020-11-17 00:00:00-05:00,30.103020633976815,30.205516815185547,30.103020633976815,30.205516815185547,115,0.0,0.0,0.0
2020-11-18 00:00:00-05:00,29.897436141967773,29.897436141967773,29.897436141967773,29.897436141967773,1,0.0,0.0,0.0
2020-11-19 00:00:00-05:00,30.015226364135742,30.015226364135742,30.015226364135742,30.015226364135742,1,0.0,0.0,0.0
2020-11-20 00:00:00-05:00,29.924152374267578,29.924152374267578,29.924152374267578,29.924152374267578,1,0.0,0.0,0.0
2020-11-23 00:00:00-05:00,30.1796932220459,30.1796932220459,30.1796932220459,30.1796932220459,1,0.0,0.0,0.0
2020-11-24 00:00:00-05:00,30.599608248956436,30.599608248956436,30.53952218648438,30.5570011138916,1319,0.0,0.0,0.0
2020-11-25 00:00:00-05:00,30.400974508912384,30.400974508912384,30.34247589111328,30.34247589111328,326,0.0,0.0,0.0
2020-11-27 00:00:00-05:00,30.37117946398412,30.37117946398412,30.364227294921875,30.364227294921875,698,0.0,0.0,0.0
2020-11-30 00:00:00-05:00,30.05614482941002,30.09527587890625,30.05614482941002,30.09527587890625,4233,0.0,0.0,0.0
2020-12-01 00:00:00-05:00,30.3513145690124,30.392929077148438,30.3513145690124,30.392929077148438,159,0.0,0.0,0.0
2020-12-02 00:00:00-05:00,30.289241790771484,30.289241790771484,30.289241790771484,30.289241790771484,1,0.0,0.0,0.0
2020-12-03 00:00:00-05:00,30.42143440246582,30.42143440246582,30.42143440246582,30.42143440246582,1,0.0,0.0,0.0
2020-12-04 00:00:00-05:00,30.8857421875,30.8857421875,30.8857421875,30.8857421875,14,0.0,0.0,0.0
2020-12-07 00:00:00-05:00,30.887626034662752,30.907787322998047,30.887626034662752,30.907787322998047,102,0.0,0.0,0.0
2020-12-08 00:00:00-05:00,31.02667126320027,31.033723831176758,31.02667126320027,31.033723831176758,320,0.0,0.0,0.0
2020-12-09 00:00:00-05:00,30.969265279164023,30.969265279164023,30.881370544433594,30.881370544433594,211,0.0,0.0,0.0
2020-12-10 00:00:00-05:00,30.833001573994988,30.898948669433594,30.833001573994988,30.898948669433594,100,0.0,0.0,0.0
2020-12-11 00:00:00-05:00,30.722362518310547,30.722362518310547,30.722362518310547,30.722362518310547,52,0.0,0.0,0.0
2020-12-14 00:00:00-05:00,30.91430818421321,30.91430818421321,30.682003021240234,30.682003021240234,878,0.106,0.0,0.0
2020-12-15 00:00:00-05:00,30.983767282439672,31.08342629198884,30.983767282439672,31.059707641601562,200,0.0,0.0,0.0
2020-12-16 00:00:00-05:00,31.15328621014598,31.15328621014598,31.139432907104492,31.139432907104492,451,0.0,0.0,0.0
2020-12-17 00:00:00-05:00,31.263109073117523,31.332672119140625,31.26291138602641,31.332672119140625,687,0.0,0.0,0.0
2020-12-18 00:00:00-05:00,31.40781593322754,31.40781593322754,31.40781593322754,31.40781593322754,50,0.0,0.0,0.0
2020-12-21 00:00:00-05:00,31.17421531677246,31.17421531677246,31.17421531677246,31.17421531677246,58,0.0,0.0,0.0
2020-12-22 00:00:00-05:00,31.364463806152344,31.364463806152344,31.364463806152344,31.364463806152344,1,0.0,0.0,0.0
2020-12-23 00:00:00-05:00,31.445884704589844,31.445884704589844,31.445884704589844,31.445884704589844,1,0.0,0.0,0.0
2020-12-24 00:00:00-05:00,31.500795364379883,31.500795364379883,31.500795364379883,31.500795364379883,1,0.0,0.0,0.0
2020-12-28 00:00:00-05:00,31.45774269104004,31.45774269104004,31.45774269104004,31.45774269104004,100,0.0,0.0,0.0
2020-12-29 00:00:00-05:00,31.226137161254883,31.226137161254883,31.226137161254883,31.226137161254883,10,0.0,0.0,0.0
2020-12-30 00:00:00-05:00,31.422367433412724,31.45754623413086,31.422367433412724,31.45754623413086,100,0.0,0.0,0.0
2020-12-31 00:00:00-05:00,31.571853637695312,31.571853637695312,31.571853637695312,31.571853637695312,420,0.0,0.0,0.0
2021-01-04 00:00:00-05:00,31.163551330566406,31.163551330566406,31.163551330566406,31.163551330566406,102,0.0,0.0,0.0
2021-01-05 00:00:00-05:00,31.417781829833984,31.417781829833984,31.417781829833984,31.417781829833984,22,0.0,0.0,0.0
2021-01-06 00:00:00-05:00,32.043235778808594,32.043235778808594,32.043235778808594,32.043235778808594,1,0.0,0.0,0.0
2021-01-07 00:00:00-05:00,32.55070114135742,32.55070114135742,32.55070114135742,32.55070114135742,1,0.0,0.0,0.0
2021-01-08 00:00:00-05:00,32.55229187011719,32.55229187011719,32.55229187011719,32.55229187011719,1,0.0,0.0,0.0
2021-01-11 00:00:00-05:00,32.563358306884766,32.563358306884766,32.563358306884766,32.563358306884766,3,0.0,0.0,0.0
2021-01-12 00:00:00-05:00,32.78709030151367,32.78709030151367,32.78709030151367,32.78709030151367,48,0.0,0.0,0.0
2021-01-13 00:00:00-05:00,32.66769552827488,32.66769552827488,32.641387939453125,32.641387939453125,652,0.0,0.0,0.0
2021-01-14 00:00:00-05:00,32.65673828125,32.65673828125,32.65673828125,32.65673828125,1,0.0,0.0,0.0
2021-01-15 00:00:00-05:00,32.56843785968164,32.56843785968164,32.508941650390625,32.508941650390625,202,0.0,0.0,0.0
2021-01-19 00:00:00-05:00,32.81638717651367,32.81638717651367,32.81638717651367,32.81638717651367,2,0.0,0.0,0.0
2021-01-20 00:00:00-05:00,33.06623840332031,33.06623840332031,33.06623840332031,33.06623840332031,9,0.0,0.0,0.0
2021-01-21 00:00:00-05:00,33.010826110839844,33.010826110839844,33.010826110839844,33.010826110839844,18,0.0,0.0,0.0
2021-01-22 00:00:00-05:00,32.954017639160156,32.954017639160156,32.954017639160156,32.954017639160156,2,0.0,0.0,0.0
2021-01-25 00:00:00-05:00,32.998565673828125,32.998565673828125,32.998565673828125,32.998565673828125,66,0.0,0.0,0.0
2021-01-26 00:00:00-05:00,32.84409713745117,32.84409713745117,32.84409713745117,32.84409713745117,12,0.0,0.0,0.0
2021-01-27 00:00:00-05:00,32.32706832885742,32.32706832885742,32.32706832885742,32.32706832885742,13,0.0,0.0,0.0
2021-01-28 00:00:00-05:00,32.355567932128906,32.355567932128906,32.355567932128906,32.355567932128906,5,0.0,0.0,0.0
2021-01-29 00:00:00-05:00,31.844219207763672,31.844219207763672,31.844219207763672,31.844219207763672,17,0.0,0.0,0.0
2021-02-01 00:00:00-05:00,32.360450744628906,32.360450744628906,32.360450744628906,32.360450744628906,183,0.0,0.0,0.0
2021-02-02 00:00:00-05:00,32.57680892944336,32.57680892944336,32.57680892944336,32.57680892944336,7,0.0,0.0,0.0
2021-02-03 00:00:00-05:00,32.57232666015625,32.57232666015625,32.57232666015625,32.57232666015625,52,0.0,0.0,0.0
2021-02-04 00:00:00-05:00,32.71912118519356,32.73616409301758,32.71912118519356,32.73616409301758,160,0.0,0.0,0.0
2021-02-05 00:00:00-05:00,33.03205108642578,33.03205108642578,33.03205108642578,33.03205108642578,6,0.0,0.0,0.0
2021-02-08 00:00:00-05:00,33.40557354425938,33.54509501929471,33.40557354425938,33.54330062866211,18591,0.0,0.0,0.0
2021-02-09 00:00:00-05:00,33.40557199918086,33.64475057341461,33.40557199918086,33.64196014404297,1081,0.0,0.0,0.0
2021-02-10 00:00:00-05:00,33.619239807128906,33.619239807128906,33.619239807128906,33.619239807128906,28,0.0,0.0,0.0
2021-02-11 00:00:00-05:00,33.8435709755858,33.851444244384766,33.8435709755858,33.851444244384766,300,0.0,0.0,0.0
2021-02-12 00:00:00-05:00,34.0995979309082,34.0995979309082,34.0995979309082,34.0995979309082,8,0.0,0.0,0.0
2021-02-16 00:00:00-05:00,33.90675354003906,33.90675354003906,33.90675354003906,33.90675354003906,11,0.0,0.0,0.0
2021-02-17 00:00:00-05:00,33.78556823730469,33.78556823730469,33.78556823730469,33.78556823730469,90,0.0,0.0,0.0
2021-02-18 00:00:00-05:00,33.506526947021484,33.506526947021484,33.506526947021484,33.506526947021484,27,0.0,0.0,0.0
2021-02-19 00:00:00-05:00,33.85393524169922,33.85393524169922,33.85393524169922,33.85393524169922,333,0.0,0.0,0.0
2021-02-22 00:00:00-05:00,33.51738739013672,33.51738739013672,33.51738739013672,33.51738739013672,103,0.0,0.0,0.0
2021-02-23 00:00:00-05:00,33.478721618652344,33.478721618652344,33.478721618652344,33.478721618652344,13,0.0,0.0,0.0
2021-02-24 00:00:00-05:00,33.99236297607422,33.99236297607422,33.99236297607422,33.99236297607422,28,0.0,0.0,0.0
2021-02-25 00:00:00-05:00,33.983591516471506,33.983591516471506,33.03544235229492,33.03544235229492,1043,0.0,0.0,0.0
2021-02-26 00:00:00-05:00,33.120052337646484,33.120052337646484,33.120052337646484,33.120052337646484,46,0.0,0.0,0.0
2021-03-01 00:00:00-05:00,34.00352535505081,34.00352535505081,33.891212463378906,33.891212463378906,1016,0.0,0.0,0.0
2021-03-02 00:00:00-05:00,33.73025894165039,33.73025894165039,33.73025894165039,33.73025894165039,14,0.0,0.0,0.0
2021-03-03 00:00:00-05:00,33.28598312605591,33.28598312605591,33.28348922729492,33.28348922729492,1287,0.0,0.0,0.0
2021-03-04 00:00:00-05:00,32.50386047363281,32.50386047363281,32.50386047363281,32.50386047363281,156,0.0,0.0,0.0
2021-03-05 00:00:00-05:00,33.37567519543342,33.40128707885742,33.37567519543342,33.40128707885742,526,0.0,0.0,0.0
2021-03-08 00:00:00-05:00,33.4813117980957,33.4813117980957,33.4813117980957,33.4813117980957,84,0.0,0.0,0.0
2021-03-09 00:00:00-05:00,33.716705322265625,33.716705322265625,33.716705322265625,33.716705322265625,12,0.0,0.0,0.0
2021-03-10 00:00:00-05:00,34.04846954345703,34.04846954345703,34.04846954345703,34.04846954345703,11,0.0,0.0,0.0
2021-03-11 00:00:00-05:00,34.40913772583008,34.40913772583008,34.40913772583008,34.40913772583008,2,0.0,0.0,0.0
2021-03-12 00:00:00-05:00,34.6212043762207,34.6212043762207,34.6212043762207,34.6212043762207,12,0.0,0.0,0.0
2021-03-15 00:00:00-04:00,35.05253219604492,35.05253219604492,35.05253219604492,35.05253219604492,8,0.0,0.0,0.0
2021-03-16 00:00:00-04:00,35.16952877884637,35.16952877884637,34.81534194946289,34.81534194946289,430,0.0,0.0,0.0
2021-03-17 00:00:00-04:00,35.009376525878906,35.009376525878906,35.009376525878906,35.009376525878906,1,0.0,0.0,0.0
2021-03-18 00:00:00-04:00,34.68528747558594,34.68528747558594,34.68528747558594,34.68528747558594,11,0.0,0.0,0.0
2021-03-19 00:00:00-04:00,34.856903076171875,34.856903076171875,34.856903076171875,34.856903076171875,2,0.0,0.0,0.0
2021-03-22 00:00:00-04:00,34.89427185058594,34.89427185058594,34.89427185058594,34.89427185058594,24,0.0,0.0,0.0
2021-03-23 00:00:00-04:00,34.21759033203125,34.21759033203125,34.21759033203125,34.21759033203125,8,0.0,0.0,0.0
2021-03-24 00:00:00-04:00,34.302399531350005,34.302399531350005,33.88502883911133,33.88502883911133,362,0.0,0.0,0.0
2021-03-25 00:00:00-04:00,34.057713040158795,34.26395797729492,34.030048870640286,34.26395797729492,623,0.074,0.0,0.0
2021-03-26 00:00:00-04:00,34.783912658691406,34.783912658691406,34.783912658691406,34.783912658691406,18,0.0,0.0,0.0
2021-03-29 00:00:00-04:00,34.676949681932456,34.676949681932456,34.536521911621094,34.536521911621094,561,0.0,0.0,0.0
2021-03-30 00:00:00-04:00,34.65996551513672,34.65996551513672,34.65996551513672,34.65996551513672,29,0.0,0.0,0.0
2021-03-31 00:00:00-04:00,34.90066909790039,34.90066909790039,34.90066909790039,34.90066909790039,79,0.0,0.0,0.0
2021-04-01 00:00:00-04:00,35.10581331397467,35.27580261230469,35.10581331397467,35.27580261230469,2457,0.0,0.0,0.0
2021-04-05 00:00:00-04:00,35.69937515258789,35.69937515258789,35.69937515258789,35.69937515258789,60,0.0,0.0,0.0
2021-04-06 00:00:00-04:00,35.64274597167969,35.64274597167969,35.64274597167969,35.64274597167969,78,0.0,0.0,0.0
2021-04-07 00:00:00-04:00,35.41602837413123,35.444694565895716,35.41093444824219,35.41093444824219,546,0.0,0.0,0.0
2021-04-08 00:00:00-04:00,35.51011276245117,35.51011276245117,35.51011276245117,35.51011276245117,10,0.0,0.0,0.0
2021-04-09 00:00:00-04:00,35.555855378460514,35.734535217285156,35.555855378460514,35.734535217285156,2175,0.0,0.0,0.0
2021-04-12 00:00:00-04:00,35.7056698113609,35.81353759765625,35.7056698113609,35.81353759765625,1000,0.0,0.0,0.0
2021-04-13 00:00:00-04:00,35.70566995856436,35.764495849609375,35.6565328136934,35.764495849609375,6200,0.0,0.0,0.0
2021-04-14 00:00:00-04:00,35.82551929101746,35.94537323137618,35.69318389892578,35.69318389892578,2342,0.0,0.0,0.0
2021-04-15 00:00:00-04:00,36.02497102759253,36.05263900756836,36.02497102759253,36.05263900756836,403,0.0,0.0,0.0
2021-04-16 00:00:00-04:00,36.30492574322788,36.30492574322788,36.26637649536133,36.26637649536133,111,0.0,0.0,0.0
2021-04-19 00:00:00-04:00,36.15511309039687,36.15511309039687,36.050540924072266,36.050540924072266,304,0.0,0.0,0.0
2021-04-20 00:00:00-04:00,35.68569354943441,35.72394561767578,35.68569354943441,35.72394561767578,10123,0.0,0.0,0.0
2021-04-21 00:00:00-04:00,36.178680419921875,36.178680419921875,36.178680419921875,36.178680419921875,894,0.0,0.0,0.0
2021-04-22 00:00:00-04:00,36.06502151489258,36.06502151489258,36.06502151489258,36.06502151489258,355,0.0,0.0,0.0
2021-04-23 00:00:00-04:00,36.63471603393555,36.63471603393555,36.63471603393555,36.63471603393555,12,0.0,0.0,0.0
2021-04-26 00:00:00-04:00,36.86243438720703,36.86243438720703,36.86243438720703,36.86243438720703,12,0.0,0.0,0.0
2021-04-27 00:00:00-04:00,36.860633850097656,36.860633850097656,36.860633850097656,36.860633850097656,5,0.0,0.0,0.0
2021-04-28 00:00:00-04:00,36.69324493408203,36.69324493408203,36.69324493408203,36.69324493408203,12,0.0,0.0,0.0
2021-04-29 00:00:00-04:00,36.98407999078226,36.98407999078226,36.94003677368164,36.94003677368164,1105,0.0,0.0,0.0
2021-04-30 00:00:00-04:00,36.65449381932455,36.65449381932455,36.47821044921875,36.47821044921875,564,0.0,0.0,0.0
2021-05-03 00:00:00-04:00,36.77434233324232,36.77434233324232,36.64590072631836,36.64590072631836,1634,0.0,0.0,0.0
2021-05-04 00:00:00-04:00,36.61244583129883,36.61244583129883,36.61244583129883,36.61244583129883,50,0.0,0.0,0.0
2021-05-05 00:00:00-04:00,36.76125717163086,36.76125717163086,36.76125717163086,36.76125717163086,137,0.0,0.0,0.0
2021-05-06 00:00:00-04:00,36.94792938232422,36.94792938232422,36.94792938232422,36.94792938232422,55,0.0,0.0,0.0
2021-05-07 00:00:00-04:00,37.26373615958953,37.38618087768555,37.26373615958953,37.38618087768555,150,0.0,0.0,0.0
2021-05-10 00:00:00-04:00,37.27861785888672,37.27861785888672,37.27861785888672,37.27861785888672,24,0.0,0.0,0.0
2021-05-11 00:00:00-04:00,36.81698989868164,36.81698989868164,36.81698989868164,36.81698989868164,12,0.0,0.0,0.0
2021-05-12 00:00:00-04:00,36.23501229645723,36.23501229645723,35.81733322143555,35.81733322143555,106,0.0,0.0,0.0
2021-05-13 00:00:00-04:00,36.491493225097656,36.491493225097656,36.491493225097656,36.491493225097656,15,0.0,0.0,0.0
2021-05-14 00:00:00-04:00,37.060386657714844,37.060386657714844,37.060386657714844,37.060386657714844,29,0.0,0.0,0.0
2021-05-17 00:00:00-04:00,37.00246047973633,37.00246047973633,37.00246047973633,37.00246047973633,13,0.0,0.0,0.0
2021-05-18 00:00:00-04:00,36.924157653898895,36.924157653898895,36.611942291259766,36.611942291259766,560,0.0,0.0,0.0
2021-05-19 00:00:00-04:00,36.40839767456055,36.40839767456055,36.40839767456055,36.40839767456055,20,0.0,0.0,0.0
2021-05-20 00:00:00-04:00,36.60455520488915,36.72290802001953,36.60455520488915,36.72290802001953,3030,0.0,0.0,0.0
2021-05-21 00:00:00-04:00,36.71990966796875,36.71990966796875,36.71990966796875,36.71990966796875,3,0.0,0.0,0.0
2021-05-24 00:00:00-04:00,37.00725173950195,37.00725173950195,37.00725173950195,37.00725173950195,9,0.0,0.0,0.0
2021-05-25 00:00:00-04:00,36.750572204589844,36.750572204589844,36.750572204589844,36.750572204589844,15,0.0,0.0,0.0
2021-05-26 00:00:00-04:00,36.864231191309024,36.93803787231445,36.864231191309024,36.93803787231445,417,0.0,0.0,0.0
2021-05-27 00:00:00-04:00,37.16385857107743,37.16385857107743,37.134796142578125,37.134796142578125,63426,0.0,0.0,0.0
2021-05-28 00:00:00-04:00,37.05898765312462,37.124305725097656,37.05898765312462,37.124305725097656,333,0.0,0.0,0.0
2021-06-01 00:00:00-04:00,37.33484649658203,37.33484649658203,37.33484649658203,37.33484649658203,4,0.0,0.0,0.0
2021-06-02 00:00:00-04:00,37.221588134765625,37.221588134765625,37.221588134765625,37.221588134765625,24137,0.0,0.0,0.0
2021-06-03 00:00:00-04:00,37.16385802269012,37.16815185546875,37.16385802269012,37.16815185546875,330,0.0,0.0,0.0
2021-06-04 00:00:00-04:00,37.38358589339036,37.435020446777344,37.35362431355071,37.435020446777344,325,0.0,0.0,0.0
2021-06-07 00:00:00-04:00,37.21010208129883,37.21010208129883,37.21010208129883,37.21010208129883,18,0.0,0.0,0.0
2021-06-08 00:00:00-04:00,37.223785392002085,37.373597104954555,37.223785392002085,37.35282516479492,1279,0.0,0.0,0.0
2021-06-09 00:00:00-04:00,37.05119705200195,37.05119705200195,37.05119705200195,37.05119705200195,84,0.0,0.0,0.0
2021-06-10 00:00:00-04:00,37.02000045776367,37.02000045776367,36.90290069580078,36.90290069580078,584,0.046,0.0,0.0
2021-06-11 00:00:00-04:00,37.040000915527344,37.07709884643555,37.03990173339844,37.07709884643555,2075,0.0,0.0,0.0
2021-06-14 00:00:00-04:00,36.79130172729492,36.79130172729492,36.79130172729492,36.79130172729492,70,0.0,0.0,0.0
2021-06-15 00:00:00-04:00,36.84000015258789,36.84000015258789,36.80670166015625,36.80670166015625,903,0.0,0.0,0.0
2021-06-16 00:00:00-04:00,36.48440170288086,36.48440170288086,36.48440170288086,36.48440170288086,33,0.0,0.0,0.0
2021-06-17 00:00:00-04:00,36.279998779296875,36.279998779296875,35.70000076293945,35.96200180053711,1338,0.0,0.0,0.0
2021-06-18 00:00:00-04:00,35.400001525878906,35.400001525878906,35.39929962158203,35.39929962158203,293,0.0,0.0,0.0
2021-06-21 00:00:00-04:00,36.06669998168945,36.06669998168945,36.06669998168945,36.06669998168945,30,0.0,0.0,0.0
2021-06-22 00:00:00-04:00,36.209999084472656,36.209999084472656,36.16339874267578,36.16339874267578,2537,0.0,0.0,0.0
2021-06-23 00:00:00-04:00,36.220001220703125,36.220001220703125,36.09859848022461,36.09859848022461,332,0.0,0.0,0.0
2021-06-24 00:00:00-04:00,36.380001068115234,36.414100646972656,36.380001068115234,36.414100646972656,200,0.0,0.0,0.0
2021-06-25 00:00:00-04:00,36.63420104980469,36.63420104980469,36.63420104980469,36.63420104980469,25,0.0,0.0,0.0
2021-06-28 00:00:00-04:00,36.46070098876953,36.61790084838867,36.46070098876953,36.61790084838867,262,0.0,0.0,0.0
2021-06-29 00:00:00-04:00,36.72930145263672,36.72930145263672,36.72930145263672,36.72930145263672,1,0.0,0.0,0.0
2021-06-30 00:00:00-04:00,36.7510986328125,36.7510986328125,36.7510986328125,36.7510986328125,1,0.0,0.0,0.0
2021-07-01 00:00:00-04:00,37.0369987487793,37.0369987487793,37.02090072631836,37.02090072631836,418,0.0,0.0,0.0
2021-07-02 00:00:00-04:00,37.0,37.06999969482422,36.999900817871094,37.05440139770508,2474,0.0,0.0,0.0
2021-07-06 00:00:00-04:00,36.60240173339844,36.60240173339844,36.60240173339844,36.60240173339844,2,0.0,0.0,0.0
2021-07-07 00:00:00-04:00,36.783199310302734,36.783199310302734,36.783199310302734,36.783199310302734,85,0.0,0.0,0.0
2021-07-08 00:00:00-04:00,36.229000091552734,36.229000091552734,36.229000091552734,36.229000091552734,33,0.0,0.0,0.0
2021-07-09 00:00:00-04:00,36.92340087890625,36.92340087890625,36.92340087890625,36.92340087890625,1029,0.0,0.0,0.0
2021-07-12 00:00:00-04:00,37.030601501464844,37.030601501464844,37.018798828125,37.018798828125,279,0.0,0.0,0.0
2021-07-13 00:00:00-04:00,36.790000915527344,36.790000915527344,36.5713005065918,36.5713005065918,348,0.0,0.0,0.0
2021-07-14 00:00:00-04:00,36.556400299072266,36.556400299072266,36.556400299072266,36.556400299072266,12,0.0,0.0,0.0
2021-07-15 00:00:00-04:00,36.47010040283203,36.47010040283203,36.40660095214844,36.40660095214844,295,0.0,0.0,0.0
2021-07-16 00:00:00-04:00,36.08000183105469,36.08000183105469,35.96889877319336,35.96889877319336,332,0.0,0.0,0.0
2021-07-19 00:00:00-04:00,35.371700286865234,35.371700286865234,35.371700286865234,35.371700286865234,134,0.0,0.0,0.0
2021-07-20 00:00:00-04:00,36.16999816894531,36.16999816894531,36.11000061035156,36.13159942626953,1153,0.0,0.0,0.0
2021-07-21 00:00:00-04:00,36.531700134277344,36.531700134277344,36.531700134277344,36.531700134277344,24,0.0,0.0,0.0
2021-07-22 00:00:00-04:00,36.36600112915039,36.36600112915039,36.36600112915039,36.36600112915039,80,0.0,0.0,0.0
2021-07-23 00:00:00-04:00,36.78820037841797,36.78820037841797,36.78820037841797,36.78820037841797,1,0.0,0.0,0.0
2021-07-26 00:00:00-04:00,36.869998931884766,36.87710189819336,36.869998931884766,36.87710189819336,134,0.0,0.0,0.0
2021-07-27 00:00:00-04:00,36.83549880981445,36.83549880981445,36.83549880981445,36.83549880981445,83,0.0,0.0,0.0
2021-07-28 00:00:00-04:00,36.9379997253418,36.9379997253418,36.9379997253418,36.9379997253418,4,0.0,0.0,0.0
2021-07-29 00:00:00-04:00,37.4900016784668,37.4900016784668,37.4900016784668,37.4900016784668,4,0.0,0.0,0.0
2021-07-30 00:00:00-04:00,37.529998779296875,37.529998779296875,37.47999954223633,37.500301361083984,379,0.0,0.0,0.0
2021-08-02 00:00:00-04:00,37.49570083618164,37.49570083618164,37.49570083618164,37.49570083618164,66,0.0,0.0,0.0
2021-08-03 00:00:00-04:00,37.439998626708984,37.970699310302734,37.439998626708984,37.970699310302734,102,0.0,0.0,0.0
2021-08-04 00:00:00-04:00,37.687801361083984,37.687801361083984,37.687801361083984,37.687801361083984,67,0.0,0.0,0.0
2021-08-05 00:00:00-04:00,37.80910110473633,37.80910110473633,37.80910110473633,37.80910110473633,4,0.0,0.0,0.0
2021-08-06 00:00:00-04:00,37.91999816894531,37.93960189819336,37.91999816894531,37.93960189819336,235,0.0,0.0,0.0
2021-08-09 00:00:00-04:00,37.95000076293945,37.970001220703125,37.8921012878418,37.8921012878418,225,0.0,0.0,0.0
2021-08-10 00:00:00-04:00,38.09159851074219,38.09159851074219,38.09159851074219,38.09159851074219,3,0.0,0.0,0.0
2021-08-11 00:00:00-04:00,38.47800064086914,38.47800064086914,38.47800064086914,38.47800064086914,9,0.0,0.0,0.0
2021-08-12 00:00:00-04:00,38.457000732421875,38.457000732421875,38.457000732421875,38.457000732421875,13,0.0,0.0,0.0
2021-08-13 00:00:00-04:00,38.39659881591797,38.39659881591797,38.39659881591797,38.39659881591797,6,0.0,0.0,0.0
2021-08-16 00:00:00-04:00,38.369998931884766,38.39820098876953,38.362998962402344,38.39820098876953,492,0.0,0.0,0.0
2021-08-17 00:00:00-04:00,37.849998474121094,37.852699279785156,37.83000183105469,37.852699279785156,374,0.0,0.0,0.0
2021-08-18 00:00:00-04:00,37.47740173339844,37.47740173339844,37.47740173339844,37.47740173339844,10,0.0,0.0,0.0
2021-08-19 00:00:00-04:00,37.341800689697266,37.341800689697266,37.341800689697266,37.341800689697266,79,0.0,0.0,0.0
2021-08-20 00:00:00-04:00,37.720001220703125,37.73360061645508,37.720001220703125,37.73360061645508,101,0.0,0.0,0.0
2021-08-23 00:00:00-04:00,38.044700622558594,38.044700622558594,38.044700622558594,38.044700622558594,41,0.0,0.0,0.0
2021-08-24 00:00:00-04:00,38.333900451660156,38.333900451660156,38.333900451660156,38.333900451660156,7,0.0,0.0,0.0
2021-08-25 00:00:00-04:00,38.53620147705078,38.53620147705078,38.53620147705078,38.53620147705078,12,0.0,0.0,0.0
2021-08-26 00:00:00-04:00,38.337799072265625,38.337799072265625,38.24800109863281,38.24800109863281,127,0.0,0.0,0.0
2021-08-27 00:00:00-04:00,38.773799896240234,38.773799896240234,38.773799896240234,38.773799896240234,1,0.0,0.0,0.0
2021-08-30 00:00:00-04:00,38.85060119628906,38.959999084472656,38.778099060058594,38.778099060058594,1001,0.0,0.0,0.0
2021-08-31 00:00:00-04:00,38.7400016784668,38.7400016784668,38.63959884643555,38.63959884643555,1611,0.0,0.0,0.0
2021-09-01 00:00:00-04:00,38.529998779296875,38.630001068115234,38.529998779296875,38.554901123046875,357,0.0,0.0,0.0
2021-09-02 00:00:00-04:00,38.890098571777344,38.890098571777344,38.794700622558594,38.83169937133789,755,0.0,0.0,0.0
2021-09-03 00:00:00-04:00,38.77000045776367,38.77000045776367,38.73469924926758,38.73469924926758,158,0.0,0.0,0.0
2021-09-07 00:00:00-04:00,38.286800384521484,38.286800384521484,38.286800384521484,38.286800384521484,33,0.0,0.0,0.0
2021-09-08 00:00:00-04:00,38.0,38.04999923706055,37.97650146484375,38.02159881591797,732,0.0,0.0,0.0
2021-09-09 00:00:00-04:00,38.04999923706055,38.249900817871094,38.011600494384766,38.03020095825195,556,0.0,0.0,0.0
2021-09-10 00:00:00-04:00,37.907501220703125,37.907501220703125,37.907501220703125,37.907501220703125,26,0.0,0.0,0.0
2021-09-13 00:00:00-04:00,37.90999984741211,38.02000045776367,37.90999984741211,38.00550079345703,770,0.0,0.0,0.0
2021-09-14 00:00:00-04:00,37.880001068115234,37.93000030517578,37.701900482177734,37.701900482177734,1073,0.0,0.0,0.0
2021-09-15 00:00:00-04:00,38.09000015258789,38.09489822387695,38.09000015258789,38.09489822387695,296,0.0,0.0,0.0
2021-09-16 00:00:00-04:00,38.089500427246094,38.089500427246094,38.089500427246094,38.089500427246094,1,0.0,0.0,0.0
2021-09-17 00:00:00-04:00,37.66999816894531,37.6952018737793,37.66999816894531,37.6952018737793,143,0.0,0.0,0.0
2021-09-20 00:00:00-04:00,36.93000030517578,36.93000030517578,36.925498962402344,36.925498962402344,155,0.0,0.0,0.0
2021-09-21 00:00:00-04:00,36.8140983581543,36.8140983581543,36.8140983581543,36.8140983581543,77,0.0,0.0,0.0
2021-09-22 00:00:00-04:00,37.23619842529297,37.23619842529297,37.23619842529297,37.23619842529297,7,0.0,0.0,0.0
2021-09-23 00:00:00-04:00,37.904998779296875,37.904998779296875,37.78839874267578,37.78839874267578,527,0.0,0.0,0.0
2021-09-24 00:00:00-04:00,37.811100006103516,37.811100006103516,37.811100006103516,37.811100006103516,30,0.0,0.0,0.0
2021-09-27 00:00:00-04:00,37.93000030517578,37.93000030517578,37.93000030517578,37.93000030517578,11,0.0,0.0,0.0
2021-09-28 00:00:00-04:00,37.25669860839844,37.25669860839844,37.25669860839844,37.25669860839844,13,0.0,0.0,0.0
2021-09-29 00:00:00-04:00,37.3489990234375,37.36000061035156,37.206199645996094,37.206199645996094,2121,0.0,0.0,0.0
2021-09-30 00:00:00-04:00,36.79999923706055,36.90999984741211,36.591800689697266,36.591800689697266,1211,0.0,0.0,0.0
2021-10-01 00:00:00-04:00,36.349998474121094,36.8916015625,36.349998474121094,36.8916015625,2888,0.0,0.0,0.0
2021-10-04 00:00:00-04:00,36.60070037841797,36.60070037841797,36.60070037841797,36.60070037841797,5,0.0,0.0,0.0
2021-10-05 00:00:00-04:00,37.012298583984375,37.012298583984375,37.012298583984375,37.012298583984375,26,0.0,0.0,0.0
2021-10-06 00:00:00-04:00,36.599998474121094,36.88679885864258,36.599998474121094,36.88679885864258,107,0.0,0.0,0.0
2021-10-07 00:00:00-04:00,37.3401985168457,37.3401985168457,37.3401985168457,37.3401985168457,174,0.0,0.0,0.0
2021-10-08 00:00:00-04:00,37.18330001831055,37.18330001831055,37.18330001831055,37.18330001831055,80,0.0,0.0,0.0
2021-10-11 00:00:00-04:00,37.05569839477539,37.05569839477539,37.05569839477539,37.05569839477539,1,0.0,0.0,0.0
2021-10-12 00:00:00-04:00,36.961700439453125,36.961700439453125,36.961700439453125,36.961700439453125,54,0.0,0.0,0.0
2021-10-13 00:00:00-04:00,37.04999923706055,37.04999923706055,37.038700103759766,37.038700103759766,304,0.0,0.0,0.0
2021-10-14 00:00:00-04:00,37.783599853515625,37.783599853515625,37.783599853515625,37.783599853515625,2,0.0,0.0,0.0
2021-10-15 00:00:00-04:00,37.873600006103516,37.873600006103516,37.873600006103516,37.873600006103516,1,0.0,0.0,0.0
2021-10-18 00:00:00-04:00,38.070499420166016,38.070499420166016,38.070499420166016,38.070499420166016,161,0.0,0.0,0.0
2021-10-19 00:00:00-04:00,38.18000030517578,38.23310089111328,38.179901123046875,38.23310089111328,294,0.0,0.0,0.0
2021-10-20 00:00:00-04:00,38.609798431396484,38.609798431396484,38.609798431396484,38.609798431396484,5,0.0,0.0,0.0
2021-10-21 00:00:00-04:00,38.69900131225586,38.779300689697266,38.69900131225586,38.779300689697266,201,0.0,0.0,0.0
2021-10-22 00:00:00-04:00,38.89849853515625,38.89849853515625,38.87630081176758,38.87630081176758,1083,0.0,0.0,0.0
2021-10-25 00:00:00-04:00,38.79999923706055,39.01240158081055,38.79999923706055,39.01240158081055,1251,0.0,0.0,0.0
2021-10-26 00:00:00-04:00,38.90810012817383,38.90810012817383,38.815101623535156,38.815101623535156,113,0.0,0.0,0.0
2021-10-27 00:00:00-04:00,38.28419876098633,38.28419876098633,38.28419876098633,38.28419876098633,20,0.0,0.0,0.0
2021-10-28 00:00:00-04:00,39.03559875488281,39.03559875488281,39.03559875488281,39.03559875488281,21,0.0,0.0,0.0
2021-10-29 00:00:00-04:00,39.02399826049805,39.02399826049805,39.02399826049805,39.02399826049805,11,0.0,0.0,0.0
2021-11-01 00:00:00-04:00,39.45500183105469,39.45500183105469,39.45500183105469,39.45500183105469,11,0.0,0.0,0.0
2021-11-02 00:00:00-04:00,39.51810073852539,39.51810073852539,39.50529861450195,39.50529861450195,325,0.0,0.0,0.0
2021-11-03 00:00:00-04:00,39.906700134277344,39.906700134277344,39.906700134277344,39.906700134277344,1,0.0,0.0,0.0
2021-11-04 00:00:00-04:00,39.859901428222656,39.880001068115234,39.859901428222656,39.880001068115234,232,0.0,0.0,0.0
2021-11-05 00:00:00-04:00,39.839599609375,39.839599609375,39.839599609375,39.839599609375,78,0.0,0.0,0.0
2021-11-08 00:00:00-05:00,40.029998779296875,40.029998779296875,39.993499755859375,39.993499755859375,136,0.0,0.0,0.0
2021-11-09 00:00:00-05:00,40.079498291015625,40.079498291015625,40.079498291015625,40.079498291015625,7,0.0,0.0,0.0
2021-11-10 00:00:00-05:00,39.684898376464844,39.684898376464844,39.684898376464844,39.684898376464844,3,0.0,0.0,0.0
2021-11-11 00:00:00-05:00,40.01129913330078,40.01129913330078,40.01129913330078,40.01129913330078,4,0.0,0.0,0.0
2021-11-12 00:00:00-05:00,40.25510025024414,40.35770034790039,40.25510025024414,40.35770034790039,265,0.0,0.0,0.0
2021-11-15 00:00:00-05:00,40.400001525878906,40.400001525878906,40.24079895019531,40.24079895019531,210,0.0,0.0,0.0
2021-11-16 00:00:00-05:00,40.33000183105469,40.500701904296875,40.33000183105469,40.500701904296875,314,0.0,0.0,0.0
2021-11-17 00:00:00-05:00,40.1776008605957,40.1776008605957,40.1776008605957,40.1776008605957,78,0.0,0.0,0.0
2021-11-18 00:00:00-05:00,40.0890007019043,40.0890007019043,40.0890007019043,40.0890007019043,187,0.0,0.0,0.0
2021-11-19 00:00:00-05:00,39.88840103149414,39.88840103149414,39.88840103149414,39.88840103149414,17,0.0,0.0,0.0
2021-11-22 00:00:00-05:00,40.250099182128906,40.250099182128906,39.9723014831543,39.9723014831543,937,0.0,0.0,0.0
2021-11-23 00:00:00-05:00,40.18000030517578,40.18000030517578,40.02000045776367,40.0369987487793,1296,0.0,0.0,0.0
2021-11-24 00:00:00-05:00,39.99359893798828,39.99359893798828,39.99359893798828,39.99359893798828,2,0.0,0.0,0.0
2021-11-26 00:00:00-05:00,38.939998626708984,39.06999969482422,38.939998626708984,39.029300689697266,274,0.0,0.0,0.0
2021-11-29 00:00:00-05:00,39.130001068115234,39.40079879760742,39.130001068115234,39.40079879760742,526,0.0,0.0,0.0
2021-11-30 00:00:00-05:00,38.599998474121094,38.599998474121094,38.38119888305664,38.38119888305664,294,0.0,0.0,0.0
2021-12-01 00:00:00-05:00,38.2400016784668,38.2400016784668,38.048099517822266,38.048099517822266,137,0.0,0.0,0.0
2021-12-02 00:00:00-05:00,38.900001525878906,39.06999969482422,38.84550094604492,38.84550094604492,1667,0.0,0.0,0.0
2021-12-03 00:00:00-05:00,39.220001220703125,39.220001220703125,38.61000061035156,38.827301025390625,2876,0.0,0.0,0.0
2021-12-06 00:00:00-05:00,39.130001068115234,39.130001068115234,39.12200164794922,39.12200164794922,216,0.0,0.0,0.0
2021-12-07 00:00:00-05:00,39.947601318359375,39.947601318359375,39.947601318359375,39.947601318359375,67,0.0,0.0,0.0
2021-12-08 00:00:00-05:00,40.15999984741211,40.17449951171875,40.12009811401367,40.17449951171875,242,0.0,0.0,0.0
2021-12-09 00:00:00-05:00,39.970001220703125,39.970001220703125,39.76689910888672,39.76689910888672,396,0.0,0.0,0.0
2021-12-10 00:00:00-05:00,40.01850128173828,40.01850128173828,40.01850128173828,40.01850128173828,148,0.0,0.0,0.0
2021-12-13 00:00:00-05:00,39.582298278808594,39.582298278808594,39.55950164794922,39.55950164794922,362,0.0,0.0,0.0
2021-12-14 00:00:00-05:00,39.29990005493164,39.29990005493164,39.29990005493164,39.29990005493164,47,0.0,0.0,0.0
2021-12-15 00:00:00-05:00,39.189998626708984,39.756099700927734,39.18989944458008,39.756099700927734,11494,0.0,0.0,0.0
2021-12-16 00:00:00-05:00,39.84000015258789,39.84000015258789,39.61000061035156,39.6338005065918,292,0.0,0.0,0.0
2021-12-17 00:00:00-05:00,39.297000885009766,39.297000885009766,39.297000885009766,39.297000885009766,17,0.0,0.0,0.0
2021-12-20 00:00:00-05:00,38.36240005493164,38.595001220703125,38.36240005493164,38.595001220703125,189,0.0,0.0,0.0
2021-12-21 00:00:00-05:00,39.310001373291016,39.44929885864258,39.310001373291016,39.44929885864258,694,0.0,0.0,0.0
2021-12-22 00:00:00-05:00,39.85060119628906,39.85060119628906,39.85060119628906,39.85060119628906,1,0.0,0.0,0.0
2021-12-23 00:00:00-05:00,40.14059829711914,40.20209884643555,40.14059829711914,40.20209884643555,329,0.0,0.0,0.0
2021-12-27 00:00:00-05:00,40.38999938964844,40.85860061645508,40.38999938964844,40.85860061645508,3391,0.0,0.0,0.0
2021-12-28 00:00:00-05:00,40.869998931884766,40.95000076293945,40.869998931884766,40.909000396728516,2325,0.0,0.0,0.0
2021-12-29 00:00:00-05:00,41.040000915527344,41.20000076293945,41.040000915527344,41.11140060424805,1402,0.0,0.0,0.0
2021-12-30 00:00:00-05:00,41.04999923706055,41.106998443603516,40.89390182495117,40.89390182495117,876,0.0,0.0,0.0
2021-12-31 00:00:00-05:00,40.880001068115234,40.97999954223633,40.869998931884766,40.869998931884766,1553,0.0,0.0,0.0
2022-01-03 00:00:00-05:00,41.0099983215332,41.029998779296875,40.76839828491211,40.76839828491211,446,0.0,0.0,0.0
2022-01-04 00:00:00-05:00,41.319698333740234,41.34000015258789,41.27750015258789,41.27750015258789,715,0.0,0.0,0.0
2022-01-05 00:00:00-05:00,41.4900016784668,41.4900016784668,40.640899658203125,40.640899658203125,213,0.0,0.0,0.0
2022-01-06 00:00:00-05:00,40.560001373291016,40.72999954223633,40.5276985168457,40.5276985168457,875,0.0,0.0,0.0
2022-01-07 00:00:00-05:00,40.43000030517578,40.43000030517578,40.27149963378906,40.27149963378906,1284,0.0,0.0,0.0
2022-01-10 00:00:00-05:00,39.68000030517578,40.1338005065918,39.650001525878906,40.1338005065918,3865,0.0,0.0,0.0
2022-01-11 00:00:00-05:00,40.459999084472656,40.52159881591797,40.459999084472656,40.52159881591797,2086,0.0,0.0,0.0
2022-01-12 00:00:00-05:00,40.40999984741211,40.630001068115234,40.40999984741211,40.629398345947266,1420,0.0,0.0,0.0
2022-01-13 00:00:00-05:00,40.665000915527344,40.709999084472656,40.3385009765625,40.3385009765625,1310,0.0,0.0,0.0
2022-01-14 00:00:00-05:00,39.959999084472656,40.34189987182617,39.959999084472656,40.34189987182617,10773,0.0,0.0,0.0
2022-01-18 00:00:00-05:00,39.66999816894531,39.66999816894531,39.47999954223633,39.47999954223633,938,0.0,0.0,0.0
2022-01-19 00:00:00-05:00,39.22999954223633,39.2400016784668,38.95989990234375,38.95989990234375,476,0.0,0.0,0.0
2022-01-20 00:00:00-05:00,39.349998474121094,39.349998474121094,38.147098541259766,38.147098541259766,718,0.0,0.0,0.0
2022-01-21 00:00:00-05:00,37.788299560546875,37.788299560546875,37.53030014038086,37.53030014038086,442,0.0,0.0,0.0
2022-01-24 00:00:00-05:00,37.04999923706055,38.06100082397461,36.470001220703125,38.06100082397461,2659,0.0,0.0,0.0
2022-01-25 00:00:00-05:00,37.29029846191406,37.61920166015625,37.29029846191406,37.61920166015625,211,0.0,0.0,0.0
2022-01-26 00:00:00-05:00,38.04999923706055,38.04999923706055,37.2578010559082,37.2578010559082,146,0.0,0.0,0.0
2022-01-27 00:00:00-05:00,36.97999954223633,37.310001373291016,36.97999954223633,37.12080001831055,1399,0.0,0.0,0.0
2022-01-28 00:00:00-05:00,37.150001525878906,37.64699935913086,37.150001525878906,37.64699935913086,101,0.0,0.0,0.0
2022-01-31 00:00:00-05:00,37.9900016784668,38.387001037597656,37.9900016784668,38.387001037597656,105,0.0,0.0,0.0
2022-02-01 00:00:00-05:00,38.609901428222656,38.780601501464844,38.609901428222656,38.780601501464844,176,0.0,0.0,0.0
2022-02-02 00:00:00-05:00,38.9900016784668,39.207298278808594,38.9900016784668,39.207298278808594,324,0.0,0.0,0.0
2022-02-03 00:00:00-05:00,38.86000061035156,38.86000061035156,38.61109924316406,38.61109924316406,123,0.0,0.0,0.0
2022-02-04 00:00:00-05:00,38.06999969482422,38.5099983215332,38.06999969482422,38.42890167236328,10220,0.0,0.0,0.0
2022-02-07 00:00:00-05:00,38.40999984741211,38.5099983215332,38.32899856567383,38.32899856567383,812,0.0,0.0,0.0
2022-02-08 00:00:00-05:00,38.810001373291016,38.85020065307617,38.810001373291016,38.85020065307617,105,0.0,0.0,0.0
2022-02-09 00:00:00-05:00,39.545101165771484,39.545101165771484,39.545101165771484,39.545101165771484,7,0.0,0.0,0.0
2022-02-10 00:00:00-05:00,39.77000045776367,39.79710006713867,38.78990173339844,38.95989990234375,360,0.0,0.0,0.0
2022-02-11 00:00:00-05:00,39.07080078125,39.07080078125,38.42020034790039,38.55839920043945,245,0.0,0.0,0.0
2022-02-14 00:00:00-05:00,38.2400016784668,38.2400016784668,38.15520095825195,38.15520095825195,151,0.0,0.0,0.0
2022-02-15 00:00:00-05:00,38.868099212646484,38.868099212646484,38.868099212646484,38.868099212646484,83,0.0,0.0,0.0
2022-02-16 00:00:00-05:00,38.810001373291016,39.112098693847656,38.810001373291016,39.112098693847656,173,0.0,0.0,0.0
2022-02-17 00:00:00-05:00,38.460601806640625,38.460601806640625,38.460601806640625,38.460601806640625,131,0.0,0.0,0.0
2022-02-18 00:00:00-05:00,38.2400016784668,38.31909942626953,38.15999984741211,38.31909942626953,306,0.0,0.0,0.0
2022-02-22 00:00:00-05:00,37.58000183105469,37.58000183105469,37.58000183105469,37.58000183105469,2,0.0,0.0,0.0
2022-02-23 00:00:00-05:00,37.63999938964844,37.64889907836914,37.08769989013672,37.08769989013672,1170,0.0,0.0,0.0
2022-02-24 00:00:00-05:00,37.44169998168945,37.44169998168945,37.44169998168945,37.44169998168945,203,0.0,0.0,0.0
2022-02-25 00:00:00-05:00,37.869998931884766,38.516998291015625,37.869998931884766,38.516998291015625,879,0.0,0.0,0.0
2022-02-28 00:00:00-05:00,38.04999923706055,38.2677001953125,37.97999954223633,38.2677001953125,493,0.0,0.0,0.0
2022-03-01 00:00:00-05:00,38.31999969482422,38.31999969482422,37.560001373291016,37.599998474121094,2723,0.0,0.0,0.0
2022-03-02 00:00:00-05:00,38.68000030517578,38.716400146484375,38.663700103759766,38.716400146484375,881,0.0,0.0,0.0
2022-03-03 00:00:00-05:00,38.52000045776367,38.630001068115234,38.52000045776367,38.6172981262207,295,0.0,0.0,0.0
2022-03-04 00:00:00-05:00,38.2400016784668,38.27000045776367,38.2400016784668,38.26959991455078,1186,0.0,0.0,0.0
2022-03-07 00:00:00-05:00,38.2400016784668,38.2400016784668,37.09389877319336,37.09389877319336,595,0.0,0.0,0.0
2022-03-08 00:00:00-05:00,36.77080154418945,36.77080154418945,36.77080154418945,36.77080154418945,355,0.0,0.0,0.0
2022-03-09 00:00:00-05:00,37.400001525878906,37.49760055541992,37.400001525878906,37.49760055541992,169,0.0,0.0,0.0
2022-03-10 00:00:00-05:00,37.04999923706055,37.500099182128906,37.04999923706055,37.500099182128906,107,0.0,0.0,0.0
2022-03-11 00:00:00-05:00,37.56999969482422,37.56999969482422,37.1422004699707,37.1422004699707,1539,0.0,0.0,0.0
2022-03-14 00:00:00-04:00,37.130001068115234,37.179901123046875,36.59000015258789,36.70220184326172,16075,0.0,0.0,0.0
2022-03-15 00:00:00-04:00,37.38290023803711,37.38290023803711,37.38290023803711,37.38290023803711,74,0.0,0.0,0.0
2022-03-16 00:00:00-04:00,38.0,38.156898498535156,37.790000915527344,38.156898498535156,577,0.0,0.0,0.0
2022-03-17 00:00:00-04:00,38.73740005493164,38.73740005493164,38.73740005493164,38.73740005493164,30,0.0,0.0,0.0
2022-03-18 00:00:00-04:00,38.61000061035156,39.25339889526367,38.61000061035156,39.25339889526367,123,0.0,0.0,0.0
2022-03-21 00:00:00-04:00,39.20280075073242,39.20280075073242,39.20280075073242,39.20280075073242,127,0.0,0.0,0.0
2022-03-22 00:00:00-04:00,39.27000045776367,39.404701232910156,39.27000045776367,39.404701232910156,1184,0.0,0.0,0.0
2022-03-23 00:00:00-04:00,38.964599609375,38.964599609375,38.964599609375,38.964599609375,3,0.0,0.0,0.0
2022-03-24 00:00:00-04:00,39.23870086669922,39.23870086669922,39.23870086669922,39.23870086669922,28,0.0,0.0,0.0
2022-03-25 00:00:00-04:00,39.49399948120117,39.49399948120117,39.49399948120117,39.49399948120117,7,0.0,0.0,0.0
2022-03-28 00:00:00-04:00,39.32270050048828,39.32270050048828,39.32270050048828,39.32270050048828,97,0.0,0.0,0.0
2022-03-29 00:00:00-04:00,39.63999938964844,39.8406982421875,39.61000061035156,39.8406982421875,279,0.0,0.0,0.0
2022-03-30 00:00:00-04:00,39.70000076293945,39.70000076293945,39.324100494384766,39.324100494384766,263,0.0,0.0,0.0
2022-03-31 00:00:00-04:00,38.74190139770508,38.74190139770508,38.74190139770508,38.74190139770508,31,0.0,0.0,0.0
2022-04-01 00:00:00-04:00,38.59149932861328,38.59149932861328,38.59149932861328,38.59149932861328,7,0.0,0.0,0.0
2022-04-04 00:00:00-04:00,38.65370178222656,38.65370178222656,38.65370178222656,38.65370178222656,99,0.0,0.0,0.0
2022-04-05 00:00:00-04:00,38.0442008972168,38.0442008972168,38.0442008972168,38.0442008972168,165,0.0,0.0,0.0
2022-04-06 00:00:00-04:00,37.76679992675781,37.76679992675781,37.76679992675781,37.76679992675781,124,0.0,0.0,0.0
2022-04-07 00:00:00-04:00,37.6697998046875,38.130001068115234,37.6697998046875,37.95209884643555,380,0.0,0.0,0.0
2022-04-08 00:00:00-04:00,38.138301849365234,38.138301849365234,38.138301849365234,38.138301849365234,120,0.0,0.0,0.0
2022-04-11 00:00:00-04:00,38.06999969482422,38.06999969482422,37.87480163574219,37.87480163574219,430,0.0,0.0,0.0
2022-04-12 00:00:00-04:00,38.45000076293945,38.45000076293945,37.903900146484375,37.903900146484375,117,0.0,0.0,0.0
2022-04-13 00:00:00-04:00,38.3588981628418,38.3588981628418,38.3588981628418,38.3588981628418,30,0.0,0.0,0.0
2022-04-14 00:00:00-04:00,38.41999816894531,38.41999816894531,38.092498779296875,38.092498779296875,309,0.0,0.0,0.0
2022-04-18 00:00:00-04:00,38.222999572753906,38.222999572753906,38.222999572753906,38.222999572753906,211,0.0,0.0,0.0
2022-04-19 00:00:00-04:00,38.86000061035156,38.88840103149414,38.86000061035156,38.88840103149414,271,0.0,0.0,0.0
2022-04-20 00:00:00-04:00,39.2327995300293,39.2327995300293,39.2327995300293,39.2327995300293,7,0.0,0.0,0.0
2022-04-21 00:00:00-04:00,38.65190124511719,38.65190124511719,38.65190124511719,38.65190124511719,45,0.0,0.0,0.0
2022-04-22 00:00:00-04:00,37.86000061035156,37.887001037597656,37.465301513671875,37.465301513671875,214,0.0,0.0,0.0
2022-04-25 00:00:00-04:00,36.7599983215332,36.7599983215332,36.7599983215332,36.7599983215332,129,0.0,0.0,0.0
2022-04-26 00:00:00-04:00,37.25,37.25,36.77880096435547,36.77880096435547,670,0.0,0.0,0.0
2022-04-27 00:00:00-04:00,36.5,36.76020050048828,36.5,36.76020050048828,317,0.0,0.0,0.0
2022-04-28 00:00:00-04:00,37.405799865722656,37.405799865722656,37.405799865722656,37.405799865722656,150,0.0,0.0,0.0
2022-04-29 00:00:00-04:00,36.44670104980469,36.44670104980469,36.44670104980469,36.44670104980469,2,0.0,0.0,0.0
2022-05-02 00:00:00-04:00,36.70930099487305,36.70930099487305,36.70930099487305,36.70930099487305,54,0.0,0.0,0.0
2022-05-03 00:00:00-04:00,37.543800354003906,37.543800354003906,37.543800354003906,37.543800354003906,174,0.0,0.0,0.0
2022-05-04 00:00:00-04:00,37.7318000793457,38.520301818847656,37.7318000793457,38.520301818847656,522,0.0,0.0,0.0
2022-05-05 00:00:00-04:00,37.459999084472656,37.459999084472656,37.248600006103516,37.248600006103516,119,0.0,0.0,0.0
2022-05-06 00:00:00-04:00,37.140098571777344,37.20000076293945,36.869998931884766,36.91859817504883,3007,0.0,0.0,0.0
2022-05-09 00:00:00-04:00,35.7411994934082,35.7411994934082,35.7411994934082,35.7411994934082,219,0.0,0.0,0.0
2022-05-10 00:00:00-04:00,36.040000915527344,36.04999923706055,35.742801666259766,35.742801666259766,502,0.0,0.0,0.0
2022-05-11 00:00:00-04:00,36.117401123046875,36.117401123046875,35.10029983520508,35.10029983520508,466,0.0,0.0,0.0
2022-05-12 00:00:00-04:00,35.24549865722656,35.24549865722656,35.24549865722656,35.24549865722656,120,0.0,0.0,0.0
2022-05-13 00:00:00-04:00,36.29999923706055,36.29999923706055,36.109901428222656,36.14929962158203,3035,0.0,0.0,0.0
2022-05-16 00:00:00-04:00,36.047298431396484,36.047298431396484,36.047298431396484,36.047298431396484,146,0.0,0.0,0.0
2022-05-17 00:00:00-04:00,36.91999816894531,37.06909942626953,36.91999816894531,37.06909942626953,6777,0.0,0.0,0.0
2022-05-18 00:00:00-04:00,35.54999923706055,35.54999923706055,35.51179885864258,35.51179885864258,150,0.0,0.0,0.0
2022-05-19 00:00:00-04:00,35.650001525878906,35.650001525878906,35.487098693847656,35.487098693847656,200,0.0,0.0,0.0
2022-05-20 00:00:00-04:00,34.599998474121094,35.28120040893555,34.56999969482422,35.28120040893555,17210,0.0,0.0,0.0
2022-05-23 00:00:00-04:00,35.83000183105469,35.93000030517578,35.76029968261719,35.76029968261719,214,0.0,0.0,0.0
2022-05-24 00:00:00-04:00,35.189998626708984,35.30419921875,35.119998931884766,35.30419921875,2376,0.0,0.0,0.0
2022-05-25 00:00:00-04:00,35.79990005493164,35.98419952392578,35.65999984741211,35.98419952392578,1002,0.0,0.0,0.0
2022-05-26 00:00:00-04:00,36.77000045776367,36.77000045776367,36.75120162963867,36.75120162963867,451,0.0,0.0,0.0
2022-05-27 00:00:00-04:00,37.3400993347168,37.59339904785156,37.32500076293945,37.59339904785156,63121,0.0,0.0,0.0
2022-05-31 00:00:00-04:00,37.27220153808594,37.27220153808594,37.27220153808594,37.27220153808594,112,0.0,0.0,0.0
2022-06-01 00:00:00-04:00,36.86000061035156,36.88999938964844,36.86000061035156,36.88999938964844,7671,0.0,0.0,0.0
2022-06-02 00:00:00-04:00,37.36989974975586,37.437599182128906,37.36989974975586,37.437599182128906,404,0.0,0.0,0.0
2022-06-03 00:00:00-04:00,37.060001373291016,37.1890983581543,37.02899932861328,37.02899932861328,1988,0.0,0.0,0.0
2022-06-06 00:00:00-04:00,37.220001220703125,37.29999923706055,37.201698303222656,37.205299377441406,1240,0.0,0.0,0.0
2022-06-07 00:00:00-04:00,37.339698791503906,37.57270050048828,37.31999969482422,37.57270050048828,502,0.0,0.0,0.0
2022-06-08 00:00:00-04:00,37.130001068115234,37.13010025024414,36.889198303222656,36.889198303222656,1503,0.0,0.0,0.0
2022-06-09 00:00:00-04:00,36.5099983215332,36.70000076293945,36.02119827270508,36.02119827270508,928,0.0,0.0,0.0
2022-06-10 00:00:00-04:00,35.04999923706055,35.1349983215332,34.92770004272461,34.92770004272461,592,0.0,0.0,0.0
2022-06-13 00:00:00-04:00,33.52000045776367,33.52000045776367,33.19990158081055,33.26750183105469,971,0.0,0.0,0.0
2022-06-14 00:00:00-04:00,33.309898376464844,33.310001373291016,33.2672004699707,33.2672004699707,1424,0.0,0.0,0.0
2022-06-15 00:00:00-04:00,33.7400016784668,33.75,33.59450149536133,33.62160110473633,5826,0.0,0.0,0.0
2022-06-16 00:00:00-04:00,32.179901123046875,32.179901123046875,32.09629821777344,32.09629821777344,341,0.0,0.0,0.0
2022-06-17 00:00:00-04:00,32.09000015258789,32.17150115966797,32.07709884643555,32.17150115966797,1441,0.0,0.0,0.0
2022-06-21 00:00:00-04:00,32.639400482177734,32.742401123046875,32.61669921875,32.63570022583008,1426,0.0,0.0,0.0
2022-06-22 00:00:00-04:00,32.18000030517578,32.5099983215332,32.18000030517578,32.49660110473633,1624,0.0,0.0,0.0
2022-06-23 00:00:00-04:00,32.65999984741211,32.65999984741211,32.15999984741211,32.47019958496094,612,0.0,0.0,0.0
2022-06-24 00:00:00-04:00,33.4900016784668,33.4900016784668,33.44620132446289,33.44620132446289,159,0.0,0.0,0.0
2022-06-27 00:00:00-04:00,33.75559997558594,33.790000915527344,33.61750030517578,33.61750030517578,2401,0.0,0.0,0.0
2022-06-28 00:00:00-04:00,33.253501892089844,33.253501892089844,33.253501892089844,33.253501892089844,17,0.0,0.0,0.0
2022-06-29 00:00:00-04:00,32.78010177612305,32.9031982421875,32.72999954223633,32.9031982421875,2105,0.0,0.0,0.0
2022-06-30 00:00:00-04:00,32.83000183105469,32.83000183105469,32.48030090332031,32.48030090332031,120,0.0,0.0,0.0
2022-07-01 00:00:00-04:00,32.909698486328125,32.909698486328125,32.909698486328125,32.909698486328125,247,0.0,0.0,0.0
2022-07-05 00:00:00-04:00,32.757198333740234,32.757198333740234,32.757198333740234,32.757198333740234,228,0.0,0.0,0.0
2022-07-06 00:00:00-04:00,32.43009948730469,32.72840118408203,32.34000015258789,32.72840118408203,887,0.0,0.0,0.0
2022-07-07 00:00:00-04:00,33.43600082397461,33.43600082397461,33.43600082397461,33.43600082397461,55,0.0,0.0,0.0
2022-07-08 00:00:00-04:00,33.5,33.5,33.254798889160156,33.35540008544922,371,0.0,0.0,0.0
2022-07-11 00:00:00-04:00,33.059898376464844,33.09989929199219,33.02000045776367,33.060001373291016,2765,0.0,0.0,0.0
2022-07-12 00:00:00-04:00,33.084999084472656,33.084999084472656,33.04650115966797,33.04650115966797,240,0.0,0.0,0.0
2022-07-13 00:00:00-04:00,32.68000030517578,32.941200256347656,32.68000030517578,32.941200256347656,124,0.0,0.0,0.0
2022-07-14 00:00:00-04:00,32.33000183105469,32.50600051879883,32.304500579833984,32.50600051879883,347,0.0,0.0,0.0
2022-07-15 00:00:00-04:00,33.107601165771484,33.107601165771484,33.107601165771484,33.107601165771484,59,0.0,0.0,0.0
2022-07-18 00:00:00-04:00,32.959999084472656,33.07310104370117,32.959999084472656,33.07310104370117,150,0.0,0.0,0.0
2022-07-19 00:00:00-04:00,33.959999084472656,34.14889907836914,33.959999084472656,34.14889907836914,1836,0.0,0.0,0.0
2022-07-20 00:00:00-04:00,34.29999923706055,34.398101806640625,34.29999923706055,34.398101806640625,489,0.0,0.0,0.0
2022-07-21 00:00:00-04:00,34.71780014038086,34.71780014038086,34.71780014038086,34.71780014038086,53,0.0,0.0,0.0
2022-07-22 00:00:00-04:00,34.86220169067383,34.86220169067383,34.31999969482422,34.36589813232422,1068,0.0,0.0,0.0
2022-07-25 00:00:00-04:00,34.41999816894531,34.5807991027832,34.41999816894531,34.5807991027832,896,0.0,0.0,0.0
2022-07-26 00:00:00-04:00,34.325801849365234,34.336299896240234,34.325801849365234,34.336299896240234,418,0.0,0.0,0.0
2022-07-27 00:00:00-04:00,34.45000076293945,35.130001068115234,34.45000076293945,35.039798736572266,3226,0.0,0.0,0.0
2022-07-28 00:00:00-04:00,35.53089904785156,35.53089904785156,35.53089904785156,35.53089904785156,97,0.0,0.0,0.0
2022-07-29 00:00:00-04:00,36.01490020751953,36.01490020751953,36.01490020751953,36.01490020751953,54,0.0,0.0,0.0
2022-08-01 00:00:00-04:00,35.849998474121094,35.849998474121094,35.81420135498047,35.81420135498047,3548,0.0,0.0,0.0
2022-08-02 00:00:00-04:00,35.35969924926758,35.35969924926758,35.35969924926758,35.35969924926758,20,0.0,0.0,0.0
2022-08-03 00:00:00-04:00,35.47999954223633,35.62839889526367,35.47999954223633,35.62839889526367,64832,0.0,0.0,0.0
2022-08-04 00:00:00-04:00,35.560001373291016,35.560001373291016,35.43000030517578,35.43000030517578,6213,0.0,0.0,0.0
2022-08-05 00:00:00-04:00,35.310001373291016,35.51409912109375,35.18000030517578,35.51409912109375,463,0.0,0.0,0.0
2022-08-08 00:00:00-04:00,35.970001220703125,35.970001220703125,35.69240188598633,35.69240188598633,2099,0.0,0.0,0.0
2022-08-09 00:00:00-04:00,35.310001373291016,35.32720184326172,35.310001373291016,35.32720184326172,1352,0.0,0.0,0.0
2022-08-10 00:00:00-04:00,36.209999084472656,36.209999084472656,36.19779968261719,36.19779968261719,281,0.0,0.0,0.0
2022-08-11 00:00:00-04:00,36.567501068115234,36.567501068115234,36.567501068115234,36.567501068115234,79,0.0,0.0,0.0
2022-08-12 00:00:00-04:00,36.9900016784668,37.03010177612305,36.9900016784668,37.03010177612305,102,0.0,0.0,0.0
2022-08-15 00:00:00-04:00,36.68000030517578,37.019901275634766,36.68000030517578,36.939998626708984,4473,0.0,0.0,0.0
2022-08-16 00:00:00-04:00,37.189998626708984,37.20000076293945,37.16859817504883,37.16859817504883,1854,0.0,0.0,0.0
2022-08-17 00:00:00-04:00,36.70000076293945,36.73500061035156,36.67319869995117,36.67319869995117,1291,0.0,0.0,0.0
2022-08-18 00:00:00-04:00,36.66999816894531,36.689998626708984,36.66999816894531,36.689998626708984,900,0.0,0.0,0.0
2022-08-19 00:00:00-04:00,36.709999084472656,36.720001220703125,36.63999938964844,36.68000030517578,4442,0.0,0.0,0.0
2022-08-22 00:00:00-04:00,36.64030075073242,36.68000030517578,36.630001068115234,36.68000030517578,4569,0.0,0.0,0.0
2022-08-23 00:00:00-04:00,36.68000030517578,36.68000030517578,36.68000030517578,36.68000030517578,0,0.0,0.0,0.0
2022-08-24 00:00:00-04:00,36.68000030517578,36.68000030517578,36.68000030517578,36.68000030517578,0,0.0,0.0,0.0
2022-08-25 00:00:00-04:00,36.68000030517578,36.68000030517578,36.68000030517578,36.68000030517578,0,0.0,0.0,0.0
2022-08-26 00:00:00-04:00,36.68000030517578,36.68000030517578,36.68000030517578,36.68000030517578,0,0.0,0.0,0.0
2022-08-29 00:00:00-04:00,36.68000030517578,36.68000030517578,36.68000030517578,36.68000030517578,0,0.0,0.0,0.0
