Date,Open,High,Low,Close,Volume,Dividends,Stock Splits
2020-08-14 00:00:00-04:00,9.789999961853027,9.800000190734863,9.789999961853027,9.800000190734863,250028,0.0,0.0
2020-08-17 00:00:00-04:00,9.800000190734863,9.800000190734863,9.800000190734863,9.800000190734863,0,0.0,0.0
2020-08-18 00:00:00-04:00,10.0,10.0,9.800000190734863,9.800000190734863,1112,0.0,0.0
2020-08-19 00:00:00-04:00,9.75,9.750100135803223,9.75,9.75,621,0.0,0.0
2020-08-20 00:00:00-04:00,9.75,9.75,9.75,9.75,746,0.0,0.0
2020-08-21 00:00:00-04:00,9.720000267028809,9.729999542236328,9.699999809265137,9.699999809265137,205313,0.0,0.0
2020-08-24 00:00:00-04:00,9.770000457763672,9.770000457763672,9.770000457763672,9.770000457763672,204,0.0,0.0
2020-08-25 00:00:00-04:00,9.770000457763672,9.770000457763672,9.770000457763672,9.770000457763672,0,0.0,0.0
2020-08-26 00:00:00-04:00,9.770000457763672,9.770000457763672,9.770000457763672,9.770000457763672,0,0.0,0.0
2020-08-27 00:00:00-04:00,9.770000457763672,9.770000457763672,9.770000457763672,9.770000457763672,0,0.0,0.0
2020-08-28 00:00:00-04:00,9.710000038146973,9.710000038146973,9.710000038146973,9.710000038146973,1948,0.0,0.0
2020-08-31 00:00:00-04:00,9.710000038146973,9.710000038146973,9.710000038146973,9.710000038146973,0,0.0,0.0
2020-09-01 00:00:00-04:00,9.699999809265137,9.75,9.699999809265137,9.739999771118164,18416,0.0,0.0
2020-09-02 00:00:00-04:00,9.739999771118164,9.739999771118164,9.729999542236328,9.729999542236328,5543,0.0,0.0
2020-09-03 00:00:00-04:00,9.710000038146973,9.729999542236328,9.710000038146973,9.729999542236328,312511,0.0,0.0
2020-09-04 00:00:00-04:00,9.75,9.789999961853027,9.75,9.789999961853027,1014,0.0,0.0
2020-09-08 00:00:00-04:00,9.729999542236328,9.75,9.729999542236328,9.75,103619,0.0,0.0
2020-09-09 00:00:00-04:00,9.75,9.760499954223633,9.75,9.75,63410,0.0,0.0
2020-09-10 00:00:00-04:00,9.75,9.760000228881836,9.739999771118164,9.75,39856,0.0,0.0
2020-09-11 00:00:00-04:00,9.75,9.75,9.75,9.75,0,0.0,0.0
2020-09-14 00:00:00-04:00,9.750200271606445,9.750200271606445,9.750200271606445,9.750200271606445,233,0.0,0.0
2020-09-15 00:00:00-04:00,9.770000457763672,9.770000457763672,9.770000457763672,9.770000457763672,142,0.0,0.0
2020-09-16 00:00:00-04:00,9.800000190734863,9.800000190734863,9.770000457763672,9.800000190734863,2192,0.0,0.0
2020-09-17 00:00:00-04:00,9.789999961853027,9.789999961853027,9.7746000289917,9.7746000289917,100432,0.0,0.0
2020-09-18 00:00:00-04:00,9.800000190734863,9.8100004196167,9.770000457763672,9.8100004196167,259306,0.0,0.0
2020-09-21 00:00:00-04:00,9.789999961853027,9.800000190734863,9.779999732971191,9.800000190734863,215770,0.0,0.0
2020-09-22 00:00:00-04:00,9.75,9.800000190734863,9.75,9.789999961853027,1500,0.0,0.0
2020-09-23 00:00:00-04:00,9.800000190734863,9.800000190734863,9.800000190734863,9.800000190734863,429,0.0,0.0
2020-09-24 00:00:00-04:00,9.75,9.800000190734863,9.75,9.770000457763672,8679,0.0,0.0
2020-09-25 00:00:00-04:00,9.760000228881836,9.760000228881836,9.75,9.75,698,0.0,0.0
2020-09-28 00:00:00-04:00,9.770000457763672,9.770000457763672,9.760000228881836,9.770000457763672,227325,0.0,0.0
2020-09-29 00:00:00-04:00,9.770000457763672,9.770000457763672,9.770000457763672,9.770000457763672,111323,0.0,0.0
2020-09-30 00:00:00-04:00,9.75,9.800000190734863,9.75,9.770000457763672,38193,0.0,0.0
2020-10-01 00:00:00-04:00,9.789999961853027,9.829999923706055,9.770000457763672,9.829999923706055,272947,0.0,0.0
2020-10-02 00:00:00-04:00,9.800000190734863,9.800000190734863,9.800000190734863,9.800000190734863,2148,0.0,0.0
2020-10-05 00:00:00-04:00,9.800000190734863,9.800000190734863,9.800000190734863,9.800000190734863,0,0.0,0.0
2020-10-06 00:00:00-04:00,9.800000190734863,9.800000190734863,9.800000190734863,9.800000190734863,0,0.0,0.0
2020-10-07 00:00:00-04:00,9.819999694824219,9.819999694824219,9.789999961853027,9.789999961853027,7339,0.0,0.0
2020-10-08 00:00:00-04:00,9.779999732971191,9.779999732971191,9.760000228881836,9.760000228881836,548,0.0,0.0
2020-10-09 00:00:00-04:00,9.760000228881836,9.760000228881836,9.760000228881836,9.760000228881836,0,0.0,0.0
2020-10-12 00:00:00-04:00,9.760199546813965,9.760299682617188,9.75,9.75,1100,0.0,0.0
2020-10-13 00:00:00-04:00,9.75,9.75,9.75,9.75,10601,0.0,0.0
2020-10-14 00:00:00-04:00,9.75,9.75,9.75,9.75,0,0.0,0.0
2020-10-15 00:00:00-04:00,9.75,9.75,9.744999885559082,9.744999885559082,1111,0.0,0.0
2020-10-16 00:00:00-04:00,9.744999885559082,9.744999885559082,9.744999885559082,9.744999885559082,0,0.0,0.0
2020-10-19 00:00:00-04:00,9.744999885559082,9.744999885559082,9.744999885559082,9.744999885559082,0,0.0,0.0
2020-10-20 00:00:00-04:00,9.744999885559082,9.744999885559082,9.744999885559082,9.744999885559082,0,0.0,0.0
2020-10-21 00:00:00-04:00,9.739999771118164,9.739999771118164,9.710000038146973,9.710000038146973,5710,0.0,0.0
2020-10-22 00:00:00-04:00,9.729999542236328,9.729999542236328,9.729999542236328,9.729999542236328,5900,0.0,0.0
2020-10-23 00:00:00-04:00,9.75,9.75,9.720000267028809,9.720000267028809,110200,0.0,0.0
2020-10-26 00:00:00-04:00,9.710000038146973,9.720000267028809,9.699999809265137,9.710000038146973,113963,0.0,0.0
2020-10-27 00:00:00-04:00,9.710000038146973,9.710000038146973,9.710000038146973,9.710000038146973,0,0.0,0.0
2020-10-28 00:00:00-04:00,9.699999809265137,9.710000038146973,9.619999885559082,9.649999618530273,369754,0.0,0.0
2020-10-29 00:00:00-04:00,9.649999618530273,9.649999618530273,9.649999618530273,9.649999618530273,14194,0.0,0.0
2020-10-30 00:00:00-04:00,9.6850004196167,9.6850004196167,9.649999618530273,9.649999618530273,33482,0.0,0.0
2020-11-02 00:00:00-05:00,9.664999961853027,9.800000190734863,9.65999984741211,9.6850004196167,46689,0.0,0.0
2020-11-03 00:00:00-05:00,9.65999984741211,9.65999984741211,9.65999984741211,9.65999984741211,39750,0.0,0.0
2020-11-04 00:00:00-05:00,9.65999984741211,9.65999984741211,9.65999984741211,9.65999984741211,0,0.0,0.0
2020-11-05 00:00:00-05:00,9.65999984741211,9.65999984741211,9.649999618530273,9.649999618530273,8430,0.0,0.0
2020-11-06 00:00:00-05:00,9.683199882507324,9.683199882507324,9.670000076293945,9.670000076293945,12107,0.0,0.0
2020-11-09 00:00:00-05:00,9.673999786376953,9.748900413513184,9.673999786376953,9.710000038146973,1331,0.0,0.0
2020-11-10 00:00:00-05:00,9.710000038146973,9.710000038146973,9.710000038146973,9.710000038146973,0,0.0,0.0
2020-11-11 00:00:00-05:00,9.710000038146973,9.710000038146973,9.710000038146973,9.710000038146973,0,0.0,0.0
2020-11-12 00:00:00-05:00,9.729999542236328,9.729999542236328,9.729999542236328,9.729999542236328,454,0.0,0.0
2020-11-13 00:00:00-05:00,9.729999542236328,9.729999542236328,9.729999542236328,9.729999542236328,694,0.0,0.0
2020-11-16 00:00:00-05:00,9.743900299072266,9.743900299072266,9.729999542236328,9.729999542236328,20350,0.0,0.0
2020-11-17 00:00:00-05:00,9.779999732971191,9.789999961853027,9.770000457763672,9.770000457763672,417,0.0,0.0
2020-11-18 00:00:00-05:00,9.770000457763672,9.770000457763672,9.770000457763672,9.770000457763672,0,0.0,0.0
2020-11-19 00:00:00-05:00,9.699999809265137,9.699999809265137,9.699999809265137,9.699999809265137,175,0.0,0.0
2020-11-20 00:00:00-05:00,9.742199897766113,9.742199897766113,9.742199897766113,9.742199897766113,1625,0.0,0.0
2020-11-23 00:00:00-05:00,9.742199897766113,9.742199897766113,9.742199897766113,9.742199897766113,0,0.0,0.0
2020-11-24 00:00:00-05:00,9.742199897766113,9.742199897766113,9.742199897766113,9.742199897766113,0,0.0,0.0
2020-11-25 00:00:00-05:00,9.75,9.760000228881836,9.720000267028809,9.75,23144,0.0,0.0
2020-11-27 00:00:00-05:00,9.774800300598145,9.774800300598145,9.774800300598145,9.774800300598145,5005,0.0,0.0
2020-11-30 00:00:00-05:00,9.774800300598145,9.774800300598145,9.774800300598145,9.774800300598145,0,0.0,0.0
2020-12-01 00:00:00-05:00,9.779999732971191,9.789999961853027,9.770000457763672,9.770000457763672,3761,0.0,0.0
2020-12-02 00:00:00-05:00,9.779999732971191,9.899999618530273,9.779999732971191,9.789999961853027,9747,0.0,0.0
2020-12-03 00:00:00-05:00,9.800000190734863,9.869999885559082,9.760000228881836,9.789999961853027,5892,0.0,0.0
2020-12-04 00:00:00-05:00,9.789999961853027,9.800000190734863,9.789999961853027,9.800000190734863,1200,0.0,0.0
2020-12-07 00:00:00-05:00,9.789999961853027,9.899999618530273,9.789999961853027,9.8100004196167,20391,0.0,0.0
2020-12-08 00:00:00-05:00,9.850000381469727,9.899999618530273,9.829999923706055,9.869999885559082,282833,0.0,0.0
2020-12-09 00:00:00-05:00,9.850000381469727,9.899999618530273,9.850000381469727,9.850000381469727,2005,0.0,0.0
2020-12-10 00:00:00-05:00,9.850000381469727,9.859999656677246,9.850000381469727,9.850000381469727,13431,0.0,0.0
2020-12-11 00:00:00-05:00,9.9399995803833,9.949999809265137,9.850000381469727,9.90999984741211,52160,0.0,0.0
2020-12-14 00:00:00-05:00,9.960000038146973,9.960000038146973,9.850000381469727,9.899999618530273,10884,0.0,0.0
2020-12-15 00:00:00-05:00,9.899999618530273,9.949999809265137,9.890000343322754,9.890000343322754,29107,0.0,0.0
2020-12-16 00:00:00-05:00,9.900300025939941,9.949999809265137,9.890000343322754,9.890000343322754,2101,0.0,0.0
2020-12-17 00:00:00-05:00,9.949999809265137,9.960000038146973,9.890000343322754,9.890000343322754,145564,0.0,0.0
2020-12-18 00:00:00-05:00,9.90999984741211,9.947199821472168,9.880000114440918,9.947199821472168,3600,0.0,0.0
2020-12-21 00:00:00-05:00,9.9399995803833,9.960000038146973,9.890000343322754,9.890000343322754,9742,0.0,0.0
2020-12-22 00:00:00-05:00,10.0,10.34000015258789,9.960000038146973,10.09000015258789,70195,0.0,0.0
2020-12-23 00:00:00-05:00,10.130000114440918,10.135299682617188,9.934000015258789,10.050000190734863,1856,0.0,0.0
2020-12-24 00:00:00-05:00,9.970000267028809,10.130000114440918,9.970000267028809,10.0,23871,0.0,0.0
2020-12-28 00:00:00-05:00,10.0,10.099900245666504,10.0,10.0,51777,0.0,0.0
2020-12-29 00:00:00-05:00,10.050000190734863,10.050000190734863,10.0,10.0,8823,0.0,0.0
2020-12-30 00:00:00-05:00,10.0,10.029999732971191,9.9399995803833,9.9399995803833,15301,0.0,0.0
2020-12-31 00:00:00-05:00,9.960000038146973,9.960000038146973,9.90999984741211,9.90999984741211,40799,0.0,0.0
2021-01-04 00:00:00-05:00,10.0,10.069999694824219,9.979999542236328,9.989999771118164,66034,0.0,0.0
2021-01-05 00:00:00-05:00,10.0600004196167,10.0600004196167,10.0,10.010000228881836,45905,0.0,0.0
2021-01-06 00:00:00-05:00,10.050000190734863,10.109999656677246,10.050000190734863,10.079999923706055,12645,0.0,0.0
2021-01-07 00:00:00-05:00,10.100000381469727,10.204999923706055,10.100000381469727,10.140000343322754,73605,0.0,0.0
2021-01-08 00:00:00-05:00,10.149999618530273,10.239999771118164,10.140000343322754,10.239999771118164,391068,0.0,0.0
2021-01-11 00:00:00-05:00,10.25,10.25,10.130000114440918,10.170000076293945,42148,0.0,0.0
2021-01-12 00:00:00-05:00,10.170000076293945,10.25,10.170000076293945,10.25,50446,0.0,0.0
2021-01-13 00:00:00-05:00,10.25,10.25,10.210000038146973,10.229999542236328,35119,0.0,0.0
2021-01-14 00:00:00-05:00,10.25,10.25,10.149999618530273,10.25,31451,0.0,0.0
2021-01-15 00:00:00-05:00,10.25,10.25,10.149999618530273,10.199999809265137,16989,0.0,0.0
2021-01-19 00:00:00-05:00,10.124699592590332,10.210000038146973,10.124699592590332,10.149999618530273,5476,0.0,0.0
2021-01-20 00:00:00-05:00,10.194999694824219,10.25,10.142499923706055,10.180000305175781,116385,0.0,0.0
2021-01-21 00:00:00-05:00,10.210700035095215,10.239999771118164,10.100000381469727,10.109999656677246,39954,0.0,0.0
2021-01-22 00:00:00-05:00,10.199899673461914,10.25,10.100000381469727,10.149900436401367,54014,0.0,0.0
2021-01-25 00:00:00-05:00,10.199999809265137,10.454999923706055,10.199999809265137,10.300000190734863,172024,0.0,0.0
2021-01-26 00:00:00-05:00,10.25,10.300000190734863,10.1899995803833,10.1899995803833,107424,0.0,0.0
2021-01-27 00:00:00-05:00,10.130000114440918,10.1899995803833,9.989999771118164,10.100000381469727,60532,0.0,0.0
2021-01-28 00:00:00-05:00,10.149999618530273,10.399999618530273,10.069999694824219,10.25,98895,0.0,0.0
2021-01-29 00:00:00-05:00,10.25,10.25,10.069999694824219,10.069999694824219,263567,0.0,0.0
2021-02-01 00:00:00-05:00,10.069999694824219,10.380000114440918,10.069999694824219,10.380000114440918,33826,0.0,0.0
2021-02-02 00:00:00-05:00,10.140000343322754,10.380000114440918,10.140000343322754,10.239999771118164,48362,0.0,0.0
2021-02-03 00:00:00-05:00,10.25,10.5,10.239999771118164,10.329999923706055,71256,0.0,0.0
2021-02-04 00:00:00-05:00,10.390000343322754,10.390000343322754,10.15999984741211,10.229999542236328,20042,0.0,0.0
2021-02-05 00:00:00-05:00,10.279999732971191,10.460000038146973,10.15999984741211,10.279999732971191,39150,0.0,0.0
2021-02-08 00:00:00-05:00,10.279999732971191,10.479999542236328,10.15999984741211,10.329999923706055,621180,0.0,0.0
2021-02-09 00:00:00-05:00,10.220000267028809,10.470000267028809,10.199999809265137,10.210000038146973,48154,0.0,0.0
2021-02-10 00:00:00-05:00,10.220000267028809,10.399100303649902,10.130000114440918,10.239999771118164,163191,0.0,0.0
2021-02-11 00:00:00-05:00,10.15999984741211,10.25,10.149999618530273,10.149999618530273,92829,0.0,0.0
2021-02-12 00:00:00-05:00,10.229999542236328,10.229999542236328,10.100000381469727,10.170000076293945,73413,0.0,0.0
2021-02-16 00:00:00-05:00,10.149999618530273,10.210000038146973,10.130000114440918,10.160599708557129,79535,0.0,0.0
2021-02-17 00:00:00-05:00,10.1899995803833,10.300000190734863,10.15999984741211,10.210000038146973,52785,0.0,0.0
2021-02-18 00:00:00-05:00,10.199999809265137,10.350000381469727,10.199999809265137,10.279999732971191,32837,0.0,0.0
2021-02-19 00:00:00-05:00,10.350000381469727,10.390000343322754,10.180000305175781,10.300000190734863,47730,0.0,0.0
2021-02-22 00:00:00-05:00,10.279999732971191,10.279999732971191,10.170000076293945,10.199999809265137,128524,0.0,0.0
2021-02-23 00:00:00-05:00,10.109999656677246,10.260000228881836,10.039999961853027,10.25,277545,0.0,0.0
2021-02-24 00:00:00-05:00,10.130000114440918,10.329999923706055,10.119999885559082,10.25,37687,0.0,0.0
2021-02-25 00:00:00-05:00,10.5,10.5,10.239999771118164,10.350000381469727,1473093,0.0,0.0
2021-02-26 00:00:00-05:00,10.220000267028809,10.390000343322754,10.170000076293945,10.319999694824219,557347,0.0,0.0
2021-03-01 00:00:00-05:00,10.350000381469727,10.390000343322754,10.210000038146973,10.300000190734863,174757,0.0,0.0
2021-03-02 00:00:00-05:00,10.300000190734863,10.300000190734863,9.989999771118164,10.029999732971191,261680,0.0,0.0
2021-03-03 00:00:00-05:00,10.020000457763672,10.15999984741211,9.859999656677246,9.880000114440918,271008,0.0,0.0
2021-03-04 00:00:00-05:00,9.859999656677246,9.979999542236328,9.800000190734863,9.880000114440918,187114,0.0,0.0
2021-03-05 00:00:00-05:00,9.960000038146973,10.09000015258789,9.850000381469727,10.050000190734863,142393,0.0,0.0
2021-03-08 00:00:00-05:00,9.979999542236328,10.119999885559082,9.880000114440918,9.949999809265137,74712,0.0,0.0
2021-03-09 00:00:00-05:00,9.9399995803833,10.029999732971191,9.899999618530273,9.949999809265137,155167,0.0,0.0
2021-03-10 00:00:00-05:00,9.930000305175781,10.0,9.914999961853027,9.979999542236328,130890,0.0,0.0
2021-03-11 00:00:00-05:00,10.010000228881836,10.010000228881836,9.90999984741211,9.90999984741211,64071,0.0,0.0
2021-03-12 00:00:00-05:00,9.899999618530273,9.989999771118164,9.899999618530273,9.930000305175781,35675,0.0,0.0
2021-03-15 00:00:00-04:00,9.925000190734863,10.0,9.850000381469727,9.880000114440918,35542,0.0,0.0
2021-03-16 00:00:00-04:00,9.899999618530273,9.970000267028809,9.850000381469727,9.880000114440918,142328,0.0,0.0
2021-03-17 00:00:00-04:00,9.869999885559082,9.960000038146973,9.819999694824219,9.9399995803833,232953,0.0,0.0
2021-03-18 00:00:00-04:00,9.899999618530273,9.949999809265137,9.75,9.890000343322754,129582,0.0,0.0
2021-03-19 00:00:00-04:00,9.8100004196167,9.899999618530273,9.800000190734863,9.859999656677246,108756,0.0,0.0
2021-03-22 00:00:00-04:00,9.899999618530273,10.0,9.829999923706055,9.880000114440918,1445510,0.0,0.0
2021-03-23 00:00:00-04:00,9.899999618530273,9.9399995803833,9.829999923706055,9.850000381469727,353400,0.0,0.0
2021-03-24 00:00:00-04:00,9.850000381469727,9.850000381469727,9.65999984741211,9.75,103698,0.0,0.0
2021-03-25 00:00:00-04:00,9.800000190734863,9.869999885559082,9.6899995803833,9.869999885559082,108165,0.0,0.0
2021-03-26 00:00:00-04:00,9.859999656677246,9.960000038146973,9.850000381469727,9.920000076293945,84496,0.0,0.0
2021-03-29 00:00:00-04:00,9.90999984741211,9.920000076293945,9.850000381469727,9.869999885559082,296704,0.0,0.0
2021-03-30 00:00:00-04:00,9.850000381469727,9.899999618530273,9.800000190734863,9.880000114440918,357194,0.0,0.0
2021-03-31 00:00:00-04:00,9.850000381469727,9.869999885559082,9.84000015258789,9.869999885559082,128495,0.0,0.0
2021-04-01 00:00:00-04:00,9.890000343322754,9.949999809265137,9.859999656677246,9.880000114440918,229087,0.0,0.0
2021-04-05 00:00:00-04:00,9.880000114440918,9.920000076293945,9.869999885559082,9.90999984741211,53275,0.0,0.0
2021-04-06 00:00:00-04:00,9.90999984741211,9.90999984741211,9.88010025024414,9.890000343322754,69301,0.0,0.0
2021-04-07 00:00:00-04:00,9.930000305175781,9.930000305175781,9.880000114440918,9.890000343322754,27245,0.0,0.0
2021-04-08 00:00:00-04:00,9.890000343322754,9.899999618530273,9.859999656677246,9.859999656677246,176452,0.0,0.0
2021-04-09 00:00:00-04:00,9.869999885559082,9.949999809265137,9.869999885559082,9.899999618530273,66634,0.0,0.0
2021-04-12 00:00:00-04:00,9.920000076293945,9.949999809265137,9.890000343322754,9.9399995803833,120404,0.0,0.0
2021-04-13 00:00:00-04:00,9.9399995803833,9.9399995803833,9.890000343322754,9.899999618530273,15974,0.0,0.0
2021-04-14 00:00:00-04:00,9.9399995803833,9.9399995803833,9.890000343322754,9.920000076293945,7557,0.0,0.0
2021-04-15 00:00:00-04:00,9.9399995803833,9.9399995803833,9.869999885559082,9.899999618530273,56533,0.0,0.0
2021-04-16 00:00:00-04:00,9.890000343322754,9.920000076293945,9.890000343322754,9.90999984741211,179296,0.0,0.0
2021-04-19 00:00:00-04:00,9.869999885559082,9.90999984741211,9.869999885559082,9.899999618530273,42789,0.0,0.0
2021-04-20 00:00:00-04:00,9.869999885559082,9.890000343322754,9.869999885559082,9.869999885559082,8938,0.0,0.0
2021-04-21 00:00:00-04:00,9.880000114440918,9.880000114440918,9.859999656677246,9.869999885559082,47409,0.0,0.0
2021-04-22 00:00:00-04:00,9.890000343322754,9.890000343322754,9.84000015258789,9.859999656677246,58060,0.0,0.0
2021-04-23 00:00:00-04:00,9.859999656677246,9.890000343322754,9.829999923706055,9.859999656677246,31298,0.0,0.0
2021-04-26 00:00:00-04:00,9.859999656677246,9.880000114440918,9.859999656677246,9.869999885559082,9845,0.0,0.0
2021-04-27 00:00:00-04:00,9.87399959564209,9.890000343322754,9.850000381469727,9.880000114440918,42048,0.0,0.0
2021-04-28 00:00:00-04:00,9.869999885559082,9.899999618530273,9.859999656677246,9.880000114440918,20765,0.0,0.0
2021-04-29 00:00:00-04:00,9.899999618530273,9.90999984741211,9.871000289916992,9.90999984741211,30545,0.0,0.0
2021-04-30 00:00:00-04:00,9.90999984741211,9.920000076293945,9.880000114440918,9.90999984741211,120021,0.0,0.0
2021-05-03 00:00:00-04:00,9.869999885559082,9.9399995803833,9.869999885559082,9.930000305175781,51021,0.0,0.0
2021-05-04 00:00:00-04:00,9.949999809265137,9.949999809265137,9.90999984741211,9.90999984741211,16903,0.0,0.0
2021-05-05 00:00:00-04:00,9.890000343322754,9.930000305175781,9.869999885559082,9.899999618530273,42961,0.0,0.0
2021-05-06 00:00:00-04:00,9.90999984741211,9.920000076293945,9.890000343322754,9.899999618530273,9976,0.0,0.0
2021-05-07 00:00:00-04:00,9.899999618530273,9.930000305175781,9.890000343322754,9.899999618530273,3276,0.0,0.0
2021-05-10 00:00:00-04:00,9.899999618530273,9.930000305175781,9.899999618530273,9.899999618530273,11801,0.0,0.0
2021-05-11 00:00:00-04:00,9.859999656677246,9.930000305175781,9.859999656677246,9.899999618530273,26095,0.0,0.0
2021-05-12 00:00:00-04:00,9.890000343322754,9.899999618530273,9.880000114440918,9.890000343322754,20172,0.0,0.0
2021-05-13 00:00:00-04:00,9.930000305175781,9.930000305175781,9.859999656677246,9.880000114440918,105439,0.0,0.0
2021-05-14 00:00:00-04:00,9.880000114440918,9.890000343322754,9.859999656677246,9.880000114440918,46400,0.0,0.0
2021-05-17 00:00:00-04:00,9.875,9.890000343322754,9.875,9.880000114440918,15578,0.0,0.0
2021-05-18 00:00:00-04:00,9.880000114440918,9.890000343322754,9.869999885559082,9.880000114440918,41462,0.0,0.0
2021-05-19 00:00:00-04:00,9.859999656677246,9.890000343322754,9.859999656677246,9.880000114440918,17744,0.0,0.0
2021-05-20 00:00:00-04:00,9.880000114440918,9.890000343322754,9.869999885559082,9.880000114440918,27133,0.0,0.0
2021-05-21 00:00:00-04:00,9.890000343322754,9.890000343322754,9.869999885559082,9.880000114440918,55704,0.0,0.0
2021-05-24 00:00:00-04:00,9.869999885559082,9.890000343322754,9.869999885559082,9.880000114440918,26468,0.0,0.0
2021-05-25 00:00:00-04:00,9.872200012207031,9.890000343322754,9.872200012207031,9.880000114440918,12354,0.0,0.0
2021-05-26 00:00:00-04:00,9.885000228881836,9.890000343322754,9.869999885559082,9.869999885559082,24871,0.0,0.0
2021-05-27 00:00:00-04:00,9.880000114440918,9.899999618530273,9.869999885559082,9.899999618530273,56579,0.0,0.0
2021-05-28 00:00:00-04:00,9.899999618530273,9.899999618530273,9.890000343322754,9.890000343322754,9248,0.0,0.0
2021-06-01 00:00:00-04:00,9.899999618530273,9.899999618530273,9.890000343322754,9.899999618530273,11759,0.0,0.0
2021-06-02 00:00:00-04:00,9.899999618530273,9.90999984741211,9.899999618530273,9.90999984741211,21876,0.0,0.0
2021-06-03 00:00:00-04:00,9.880000114440918,9.920000076293945,9.859999656677246,9.890000343322754,93333,0.0,0.0
2021-06-04 00:00:00-04:00,9.899999618530273,9.90999984741211,9.89009952545166,9.899999618530273,2720,0.0,0.0
2021-06-07 00:00:00-04:00,9.899999618530273,9.899999618530273,9.890000343322754,9.890000343322754,2580,0.0,0.0
2021-06-08 00:00:00-04:00,9.90999984741211,9.920000076293945,9.880000114440918,9.880000114440918,22969,0.0,0.0
2021-06-09 00:00:00-04:00,9.890000343322754,9.930000305175781,9.890000343322754,9.890000343322754,44257,0.0,0.0
2021-06-10 00:00:00-04:00,9.890000343322754,9.920000076293945,9.890000343322754,9.920000076293945,18055,0.0,0.0
2021-06-11 00:00:00-04:00,9.899999618530273,9.930000305175781,9.899999618530273,9.90999984741211,33001,0.0,0.0
2021-06-14 00:00:00-04:00,9.920000076293945,9.920000076293945,9.890000343322754,9.920000076293945,34714,0.0,0.0
2021-06-15 00:00:00-04:00,9.912099838256836,9.930000305175781,9.880000114440918,9.920000076293945,53682,0.0,0.0
2021-06-16 00:00:00-04:00,9.90999984741211,9.920000076293945,9.890000343322754,9.890000343322754,24828,0.0,0.0
2021-06-17 00:00:00-04:00,9.90999984741211,9.90999984741211,9.899999618530273,9.899999618530273,1941,0.0,0.0
2021-06-18 00:00:00-04:00,9.899999618530273,9.90999984741211,9.899999618530273,9.899999618530273,1767,0.0,0.0
2021-06-21 00:00:00-04:00,9.899999618530273,9.899999618530273,9.899999618530273,9.899999618530273,422,0.0,0.0
2021-06-22 00:00:00-04:00,9.899999618530273,9.920000076293945,9.899999618530273,9.899999618530273,2080,0.0,0.0
2021-06-23 00:00:00-04:00,9.899999618530273,9.900199890136719,9.899999618530273,9.899999618530273,6149,0.0,0.0
2021-06-24 00:00:00-04:00,9.899999618530273,9.90999984741211,9.899999618530273,9.899999618530273,11719,0.0,0.0
2021-06-25 00:00:00-04:00,9.90999984741211,9.920000076293945,9.899999618530273,9.899999618530273,94426,0.0,0.0
2021-06-28 00:00:00-04:00,9.899999618530273,9.920000076293945,9.899999618530273,9.920000076293945,8142,0.0,0.0
2021-06-29 00:00:00-04:00,9.899999618530273,9.930000305175781,9.899999618530273,9.904999732971191,12687,0.0,0.0
2021-06-30 00:00:00-04:00,9.930000305175781,9.930000305175781,9.899999618530273,9.899999618530273,21431,0.0,0.0
2021-07-01 00:00:00-04:00,9.909299850463867,9.90999984741211,9.899999618530273,9.899999618530273,4102,0.0,0.0
2021-07-02 00:00:00-04:00,9.90999984741211,9.90999984741211,9.899999618530273,9.899999618530273,22564,0.0,0.0
2021-07-06 00:00:00-04:00,9.930000305175781,9.930000305175781,9.920000076293945,9.920000076293945,591,0.0,0.0
2021-07-07 00:00:00-04:00,9.899999618530273,9.9399995803833,9.899999618530273,9.90999984741211,135541,0.0,0.0
2021-07-08 00:00:00-04:00,9.899999618530273,9.9399995803833,9.899999618530273,9.90999984741211,37412,0.0,0.0
2021-07-09 00:00:00-04:00,9.90999984741211,9.9399995803833,9.899999618530273,9.899999618530273,9784,0.0,0.0
2021-07-12 00:00:00-04:00,9.902999877929688,9.9399995803833,9.899999618530273,9.9399995803833,1016,0.0,0.0
2021-07-13 00:00:00-04:00,9.899999618530273,9.9399995803833,9.899999618530273,9.899999618530273,15429,0.0,0.0
2021-07-14 00:00:00-04:00,9.930000305175781,9.930000305175781,9.914999961853027,9.920000076293945,15299,0.0,0.0
2021-07-15 00:00:00-04:00,9.920000076293945,9.930000305175781,9.899999618530273,9.899999618530273,33251,0.0,0.0
2021-07-16 00:00:00-04:00,9.930000305175781,9.930000305175781,9.930000305175781,9.930000305175781,213,0.0,0.0
2021-07-19 00:00:00-04:00,9.930000305175781,9.9350004196167,9.880000114440918,9.899999618530273,140448,0.0,0.0
2021-07-20 00:00:00-04:00,9.920000076293945,9.920000076293945,9.890000343322754,9.890000343322754,103320,0.0,0.0
2021-07-21 00:00:00-04:00,9.9399995803833,9.9399995803833,9.890000343322754,9.890000343322754,1341,0.0,0.0
2021-07-22 00:00:00-04:00,9.899999618530273,9.899999618530273,9.899999618530273,9.899999618530273,319,0.0,0.0
2021-07-23 00:00:00-04:00,9.893400192260742,9.90999984741211,9.890000343322754,9.90999984741211,865,0.0,0.0
2021-07-26 00:00:00-04:00,9.90999984741211,9.90999984741211,9.90250015258789,9.90999984741211,745,0.0,0.0
2021-07-27 00:00:00-04:00,9.899999618530273,9.90999984741211,9.890000343322754,9.899999618530273,114830,0.0,0.0
2021-07-28 00:00:00-04:00,9.880000114440918,9.90999984741211,9.880000114440918,9.880000114440918,4632,0.0,0.0
2021-07-29 00:00:00-04:00,9.880000114440918,9.90999984741211,9.880000114440918,9.890000343322754,4742,0.0,0.0
2021-07-30 00:00:00-04:00,9.90999984741211,9.90999984741211,9.890000343322754,9.899999618530273,6267,0.0,0.0
2021-08-02 00:00:00-04:00,9.890000343322754,9.90999984741211,9.880000114440918,9.890000343322754,14734,0.0,0.0
2021-08-03 00:00:00-04:00,9.90999984741211,9.90999984741211,9.895000457763672,9.899999618530273,1344,0.0,0.0
2021-08-04 00:00:00-04:00,9.899999618530273,9.90999984741211,9.880000114440918,9.899999618530273,75448,0.0,0.0
2021-08-05 00:00:00-04:00,9.890000343322754,9.90999984741211,9.890000343322754,9.890000343322754,16917,0.0,0.0
2021-08-06 00:00:00-04:00,9.90999984741211,9.90999984741211,9.90999984741211,9.90999984741211,155,0.0,0.0
2021-08-09 00:00:00-04:00,9.899999618530273,9.90999984741211,9.859999656677246,9.899999618530273,39671,0.0,0.0
2021-08-10 00:00:00-04:00,9.890000343322754,9.90999984741211,9.890000343322754,9.899999618530273,13976,0.0,0.0
2021-08-11 00:00:00-04:00,9.9399995803833,9.9399995803833,9.9399995803833,9.9399995803833,5181,0.0,0.0
2021-08-12 00:00:00-04:00,9.9399995803833,9.9399995803833,9.890000343322754,9.90999984741211,946802,0.0,0.0
2021-08-13 00:00:00-04:00,9.899999618530273,9.90999984741211,9.899999618530273,9.90999984741211,237835,0.0,0.0
2021-08-16 00:00:00-04:00,9.899999618530273,9.920000076293945,9.890000343322754,9.920000076293945,34588,0.0,0.0
2021-08-17 00:00:00-04:00,9.90999984741211,9.920000076293945,9.890000343322754,9.890000343322754,9922,0.0,0.0
2021-08-18 00:00:00-04:00,9.899999618530273,9.899999618530273,9.899999618530273,9.899999618530273,192,0.0,0.0
2021-08-19 00:00:00-04:00,9.899999618530273,9.90999984741211,9.899999618530273,9.90999984741211,3785,0.0,0.0
2021-08-20 00:00:00-04:00,9.90999984741211,9.90999984741211,9.899999618530273,9.899999618530273,41519,0.0,0.0
2021-08-23 00:00:00-04:00,9.90999984741211,9.90999984741211,9.890000343322754,9.890000343322754,1234,0.0,0.0
2021-08-24 00:00:00-04:00,9.920000076293945,9.920000076293945,9.890000343322754,9.890000343322754,8607,0.0,0.0
2021-08-25 00:00:00-04:00,9.899999618530273,9.899999618530273,9.899999618530273,9.899999618530273,328,0.0,0.0
2021-08-26 00:00:00-04:00,9.899999618530273,9.90999984741211,9.895000457763672,9.90999984741211,22968,0.0,0.0
2021-08-27 00:00:00-04:00,9.899999618530273,9.920000076293945,9.899999618530273,9.920000076293945,3363,0.0,0.0
2021-08-30 00:00:00-04:00,9.899999618530273,9.920000076293945,9.899999618530273,9.920000076293945,5411,0.0,0.0
2021-08-31 00:00:00-04:00,9.90999984741211,9.920000076293945,9.90999984741211,9.920000076293945,16621,0.0,0.0
2021-09-01 00:00:00-04:00,9.920000076293945,9.920000076293945,9.914999961853027,9.920000076293945,3277,0.0,0.0
2021-09-02 00:00:00-04:00,9.90999984741211,9.920000076293945,9.90999984741211,9.920000076293945,971,0.0,0.0
2021-09-03 00:00:00-04:00,9.911999702453613,9.920000076293945,9.899999618530273,9.899999618530273,216470,0.0,0.0
2021-09-07 00:00:00-04:00,9.899999618530273,9.90999984741211,9.859999656677246,9.890000343322754,2191016,0.0,0.0
2021-09-08 00:00:00-04:00,9.890000343322754,9.920000076293945,9.890000343322754,9.900099754333496,271679,0.0,0.0
2021-09-09 00:00:00-04:00,9.90999984741211,9.920000076293945,9.90999984741211,9.90999984741211,315128,0.0,0.0
2021-09-10 00:00:00-04:00,9.90999984741211,9.90999984741211,9.90999984741211,9.90999984741211,0,0.0,0.0
2021-09-13 00:00:00-04:00,9.90999984741211,9.90999984741211,9.90999984741211,9.90999984741211,428,0.0,0.0
2021-09-14 00:00:00-04:00,9.90999984741211,9.90999984741211,9.90999984741211,9.90999984741211,0,0.0,0.0
2021-09-15 00:00:00-04:00,9.90999984741211,9.90999984741211,9.90999984741211,9.90999984741211,267,0.0,0.0
2021-09-16 00:00:00-04:00,9.90999984741211,9.920000076293945,9.90999984741211,9.920000076293945,15781,0.0,0.0
2021-09-17 00:00:00-04:00,9.920000076293945,9.920000076293945,9.920000076293945,9.920000076293945,0,0.0,0.0
2021-09-20 00:00:00-04:00,9.90999984741211,9.930000305175781,9.90999984741211,9.930000305175781,6056,0.0,0.0
2021-09-21 00:00:00-04:00,9.925000190734863,9.9399995803833,9.925000190734863,9.9399995803833,599,0.0,0.0
2021-09-22 00:00:00-04:00,9.9399995803833,9.949999809265137,9.920000076293945,9.949999809265137,20865,0.0,0.0
2021-09-23 00:00:00-04:00,9.920000076293945,9.920000076293945,9.920000076293945,9.920000076293945,172,0.0,0.0
2021-09-24 00:00:00-04:00,9.920000076293945,9.920000076293945,9.920000076293945,9.920000076293945,668,0.0,0.0
2021-09-27 00:00:00-04:00,9.920000076293945,9.920000076293945,9.920000076293945,9.920000076293945,150,0.0,0.0
2021-09-28 00:00:00-04:00,9.930000305175781,9.9399995803833,9.920000076293945,9.9399995803833,60448,0.0,0.0
2021-09-29 00:00:00-04:00,9.930000305175781,9.930000305175781,9.930000305175781,9.930000305175781,965,0.0,0.0
2021-09-30 00:00:00-04:00,9.949999809265137,9.949999809265137,9.920000076293945,9.9399995803833,21459,0.0,0.0
2021-10-01 00:00:00-04:00,9.949999809265137,9.960000038146973,9.949999809265137,9.960000038146973,25290,0.0,0.0
2021-10-04 00:00:00-04:00,9.9399995803833,9.9399995803833,9.930000305175781,9.930000305175781,2257,0.0,0.0
2021-10-05 00:00:00-04:00,9.934000015258789,9.934000015258789,9.930000305175781,9.930000305175781,888,0.0,0.0
2021-10-06 00:00:00-04:00,9.9399995803833,9.9399995803833,9.9350004196167,9.9350004196167,3697,0.0,0.0
2021-10-07 00:00:00-04:00,9.9399995803833,9.9399995803833,9.932900428771973,9.9399995803833,2333,0.0,0.0
2021-10-08 00:00:00-04:00,9.9399995803833,9.9399995803833,9.9399995803833,9.9399995803833,154,0.0,0.0
2021-10-11 00:00:00-04:00,9.9399995803833,9.9399995803833,9.9399995803833,9.9399995803833,0,0.0,0.0
2021-10-12 00:00:00-04:00,9.9399995803833,9.9399995803833,9.930000305175781,9.9399995803833,280928,0.0,0.0
2021-10-13 00:00:00-04:00,9.9399995803833,9.9399995803833,9.9399995803833,9.9399995803833,0,0.0,0.0
2021-10-14 00:00:00-04:00,9.9399995803833,9.944999694824219,9.9399995803833,9.9399995803833,5085,0.0,0.0
2021-10-15 00:00:00-04:00,9.9399995803833,9.960000038146973,9.9350004196167,9.949999809265137,51461,0.0,0.0
2021-10-18 00:00:00-04:00,9.930000305175781,9.949999809265137,9.930000305175781,9.930000305175781,15736,0.0,0.0
2021-10-19 00:00:00-04:00,9.930000305175781,9.930299758911133,9.930000305175781,9.930000305175781,35703,0.0,0.0
2021-10-20 00:00:00-04:00,9.930000305175781,9.944999694824219,9.930000305175781,9.9399995803833,28879,0.0,0.0
2021-10-21 00:00:00-04:00,9.944999694824219,9.949999809265137,9.9350004196167,9.949999809265137,128125,0.0,0.0
2021-10-22 00:00:00-04:00,9.9399995803833,9.9399995803833,9.930000305175781,9.930000305175781,29952,0.0,0.0
2021-10-25 00:00:00-04:00,9.930000305175781,9.940500259399414,9.930000305175781,9.9399995803833,1755,0.0,0.0
2021-10-26 00:00:00-04:00,9.930000305175781,9.9399995803833,9.920000076293945,9.9399995803833,2526,0.0,0.0
2021-10-27 00:00:00-04:00,9.9399995803833,9.9399995803833,9.9399995803833,9.9399995803833,1680,0.0,0.0
2021-10-28 00:00:00-04:00,9.930000305175781,9.949999809265137,9.930000305175781,9.9399995803833,297607,0.0,0.0
2021-10-29 00:00:00-04:00,9.930000305175781,9.960000038146973,9.930000305175781,9.960000038146973,210213,0.0,0.0
2021-11-01 00:00:00-04:00,9.949999809265137,9.960000038146973,9.9399995803833,9.960000038146973,7229,0.0,0.0
2021-11-02 00:00:00-04:00,9.949999809265137,9.954999923706055,9.949999809265137,9.954999923706055,5117,0.0,0.0
2021-11-03 00:00:00-04:00,9.960000038146973,9.960000038146973,9.960000038146973,9.960000038146973,1021,0.0,0.0
2021-11-04 00:00:00-04:00,9.949999809265137,9.949999809265137,9.949999809265137,9.949999809265137,469,0.0,0.0
2021-11-05 00:00:00-04:00,9.954999923706055,9.960000038146973,9.954999923706055,9.960000038146973,13864,0.0,0.0
2021-11-08 00:00:00-05:00,9.960000038146973,9.960000038146973,9.949999809265137,9.949999809265137,257238,0.0,0.0
2021-11-09 00:00:00-05:00,9.960000038146973,9.961199760437012,9.960000038146973,9.960000038146973,5345,0.0,0.0
2021-11-10 00:00:00-05:00,9.979999542236328,9.979999542236328,9.960000038146973,9.960000038146973,7362,0.0,0.0
2021-11-11 00:00:00-05:00,9.960000038146973,9.960000038146973,9.960000038146973,9.960000038146973,0,0.0,0.0
2021-11-12 00:00:00-05:00,9.960000038146973,9.96500015258789,9.960000038146973,9.96500015258789,10278,0.0,0.0
2021-11-15 00:00:00-05:00,9.960000038146973,9.970000267028809,9.960000038146973,9.970000267028809,29914,0.0,0.0
2021-11-16 00:00:00-05:00,9.960100173950195,9.970000267028809,9.960100173950195,9.970000267028809,64751,0.0,0.0
2021-11-17 00:00:00-05:00,9.979999542236328,9.979999542236328,9.960000038146973,9.960000038146973,957,0.0,0.0
2021-11-18 00:00:00-05:00,9.949999809265137,9.970000267028809,9.949999809265137,9.970000267028809,6971,0.0,0.0
2021-11-19 00:00:00-05:00,9.970000267028809,9.970000267028809,9.96500015258789,9.970000267028809,34947,0.0,0.0
2021-11-22 00:00:00-05:00,9.970000267028809,9.970000267028809,9.970000267028809,9.970000267028809,45629,0.0,0.0
2021-11-23 00:00:00-05:00,9.960000038146973,9.970000267028809,9.960000038146973,9.960000038146973,75782,0.0,0.0
2021-11-24 00:00:00-05:00,9.970000267028809,9.970000267028809,9.960000038146973,9.960000038146973,291,0.0,0.0
2021-11-26 00:00:00-05:00,9.970000267028809,9.979999542236328,9.960000038146973,9.979999542236328,12059,0.0,0.0
2021-11-29 00:00:00-05:00,9.963500022888184,9.963500022888184,9.963500022888184,9.963500022888184,2611,0.0,0.0
2021-11-30 00:00:00-05:00,9.960100173950195,9.989999771118164,9.960000038146973,9.989999771118164,103402,0.0,0.0
2021-12-01 00:00:00-05:00,9.989999771118164,9.989999771118164,9.989999771118164,9.989999771118164,0,0.0,0.0
2021-12-02 00:00:00-05:00,9.960000038146973,9.970000267028809,9.949999809265137,9.970000267028809,124812,0.0,0.0
2021-12-03 00:00:00-05:00,9.979999542236328,9.989999771118164,9.979999542236328,9.979999542236328,132329,0.0,0.0
2021-12-06 00:00:00-05:00,9.977800369262695,9.977800369262695,9.960000038146973,9.970000267028809,4624,0.0,0.0
2021-12-07 00:00:00-05:00,9.979999542236328,9.989999771118164,9.970000267028809,9.989999771118164,58649,0.0,0.0
2021-12-08 00:00:00-05:00,9.960000038146973,9.979999542236328,9.960000038146973,9.979999542236328,38304,0.0,0.0
2021-12-09 00:00:00-05:00,9.979999542236328,9.979999542236328,9.970100402832031,9.970100402832031,424,0.0,0.0
2021-12-10 00:00:00-05:00,9.979999542236328,9.989999771118164,9.960000038146973,9.979999542236328,36253,0.0,0.0
2021-12-13 00:00:00-05:00,9.970000267028809,9.970000267028809,9.970000267028809,9.970000267028809,39114,0.0,0.0
2021-12-14 00:00:00-05:00,9.979999542236328,9.979999542236328,9.970000267028809,9.970000267028809,15272,0.0,0.0
2021-12-15 00:00:00-05:00,9.984999656677246,9.984999656677246,9.970000267028809,9.970000267028809,10589,0.0,0.0
2021-12-16 00:00:00-05:00,9.970000267028809,9.979999542236328,9.970000267028809,9.970000267028809,31211,0.0,0.0
2021-12-17 00:00:00-05:00,9.970100402832031,9.979999542236328,9.970000267028809,9.970000267028809,19890,0.0,0.0
2021-12-20 00:00:00-05:00,9.970000267028809,9.989999771118164,9.970000267028809,9.989999771118164,37180,0.0,0.0
2021-12-21 00:00:00-05:00,9.979999542236328,9.979999542236328,9.979999542236328,9.979999542236328,3559,0.0,0.0
2021-12-22 00:00:00-05:00,9.979999542236328,10.0,9.970000267028809,10.0,13031,0.0,0.0
2021-12-23 00:00:00-05:00,9.979999542236328,9.994999885559082,9.979999542236328,9.989999771118164,6766,0.0,0.0
2021-12-27 00:00:00-05:00,9.960000038146973,9.960000038146973,9.960000038146973,9.960000038146973,205,0.0,0.0
2021-12-28 00:00:00-05:00,9.984999656677246,9.984999656677246,9.979999542236328,9.979999542236328,24913,0.0,0.0
2021-12-29 00:00:00-05:00,9.970999717712402,9.989999771118164,9.960000038146973,9.989999771118164,38552,0.0,0.0
2021-12-30 00:00:00-05:00,10.0,10.0,9.979999542236328,10.0,34214,0.0,0.0
2021-12-31 00:00:00-05:00,9.984999656677246,10.25,9.970000267028809,10.210000038146973,53615,0.0,0.0
2022-01-03 00:00:00-05:00,10.079999923706055,10.079999923706055,10.0,10.029999732971191,51729,0.0,0.0
2022-01-04 00:00:00-05:00,10.0,10.050000190734863,10.0,10.050000190734863,341103,0.0,0.0
2022-01-05 00:00:00-05:00,10.0600004196167,10.0600004196167,10.020000457763672,10.020000457763672,576,0.0,0.0
2022-01-06 00:00:00-05:00,10.010000228881836,10.039999961853027,10.0,10.020000457763672,317894,0.0,0.0
2022-01-07 00:00:00-05:00,10.020000457763672,10.024999618530273,10.010000228881836,10.024999618530273,25798,0.0,0.0
2022-01-10 00:00:00-05:00,10.020000457763672,10.029999732971191,10.020000457763672,10.029999732971191,28672,0.0,0.0
2022-01-11 00:00:00-05:00,10.029999732971191,10.039999961853027,10.029999732971191,10.039999961853027,5778,0.0,0.0
2022-01-12 00:00:00-05:00,10.039999961853027,10.039999961853027,10.039999961853027,10.039999961853027,0,0.0,0.0
2022-01-13 00:00:00-05:00,10.039999961853027,10.039999961853027,10.039999961853027,10.039999961853027,0,0.0,0.0
2022-01-14 00:00:00-05:00,10.029999732971191,10.039999961853027,10.029999732971191,10.029999732971191,34411,0.0,0.0
2022-01-18 00:00:00-05:00,10.020000457763672,10.029999732971191,10.020000457763672,10.029999732971191,3335,0.0,0.0
2022-01-19 00:00:00-05:00,10.020099639892578,10.050000190734863,10.020099639892578,10.050000190734863,14496,0.0,0.0
2022-01-20 00:00:00-05:00,10.029999732971191,10.029999732971191,10.029999732971191,10.029999732971191,360,0.0,0.0
2022-01-21 00:00:00-05:00,10.029999732971191,10.029999732971191,10.029999732971191,10.029999732971191,7423,0.0,0.0
2022-01-24 00:00:00-05:00,10.029999732971191,10.039999961853027,10.029999732971191,10.035400390625,11023,0.0,0.0
2022-01-25 00:00:00-05:00,10.035400390625,10.035400390625,10.035400390625,10.035400390625,0,0.0,0.0
2022-01-26 00:00:00-05:00,10.015000343322754,10.029999732971191,10.015000343322754,10.029999732971191,1617,0.0,0.0
2022-01-27 00:00:00-05:00,10.039999961853027,10.0600004196167,10.039999961853027,10.050000190734863,72499,0.0,0.0
2022-01-28 00:00:00-05:00,10.050000190734863,10.050000190734863,10.050000190734863,10.050000190734863,0,0.0,0.0
2022-01-31 00:00:00-05:00,10.050000190734863,10.050000190734863,10.050000190734863,10.050000190734863,0,0.0,0.0
2022-02-01 00:00:00-05:00,10.0600004196167,10.097599983215332,10.0600004196167,10.085000038146973,29304,0.0,0.0
2022-02-02 00:00:00-05:00,10.086199760437012,10.109999656677246,10.079999923706055,10.10219955444336,4117,0.0,0.0
2022-02-03 00:00:00-05:00,10.039999961853027,10.109999656677246,10.039999961853027,10.100000381469727,874,0.0,0.0
2022-02-04 00:00:00-05:00,10.104000091552734,10.109999656677246,10.0600004196167,10.109999656677246,20294,0.0,0.0
2022-02-07 00:00:00-05:00,10.15999984741211,10.15999984741211,10.069999694824219,10.069999694824219,101040,0.0,0.0
2022-02-08 00:00:00-05:00,10.079999923706055,10.09000015258789,10.069999694824219,10.069999694824219,1690,0.0,0.0
2022-02-09 00:00:00-05:00,10.07919979095459,10.079999923706055,10.079000473022461,10.079999923706055,1230,0.0,0.0
2022-02-10 00:00:00-05:00,10.079999923706055,10.079999923706055,10.069999694824219,10.069999694824219,622,0.0,0.0
2022-02-11 00:00:00-05:00,10.069999694824219,10.079999923706055,10.069999694824219,10.079000473022461,362,0.0,0.0
2022-02-14 00:00:00-05:00,10.109999656677246,10.109999656677246,10.069999694824219,10.069999694824219,657,0.0,0.0
2022-02-15 00:00:00-05:00,10.07919979095459,10.07919979095459,10.069999694824219,10.074999809265137,1729,0.0,0.0
2022-02-16 00:00:00-05:00,10.130000114440918,10.130000114440918,10.069999694824219,10.069999694824219,450,0.0,0.0
2022-02-17 00:00:00-05:00,10.100000381469727,10.100000381469727,10.085000038146973,10.085000038146973,512,0.0,0.0
2022-02-18 00:00:00-05:00,10.076299667358398,10.07960033416748,10.076299667358398,10.07960033416748,765,0.0,0.0
2022-02-22 00:00:00-05:00,10.089400291442871,10.089400291442871,10.089400291442871,10.089400291442871,1258,0.0,0.0
2022-02-23 00:00:00-05:00,10.125,10.125,10.079999923706055,10.100000381469727,8732,0.0,0.0
2022-02-24 00:00:00-05:00,10.100000381469727,10.100000381469727,10.100000381469727,10.100000381469727,154,0.0,0.0
2022-02-25 00:00:00-05:00,10.081999778747559,10.119999885559082,10.081999778747559,10.119999885559082,1542,0.0,0.0
2022-02-28 00:00:00-05:00,10.119999885559082,10.119999885559082,10.0600004196167,10.09000015258789,106134,0.0,0.0
2022-03-01 00:00:00-05:00,10.069999694824219,10.069999694824219,10.069999694824219,10.069999694824219,1228,0.0,0.0
2022-03-02 00:00:00-05:00,10.069999694824219,10.089799880981445,10.069999694824219,10.089799880981445,31771,0.0,0.0
2022-03-03 00:00:00-05:00,10.069999694824219,10.069999694824219,10.069999694824219,10.069999694824219,12487,0.0,0.0
2022-03-04 00:00:00-05:00,10.069999694824219,10.069999694824219,10.069999694824219,10.069999694824219,0,0.0,0.0
2022-03-07 00:00:00-05:00,10.069999694824219,10.085000038146973,10.069999694824219,10.077799797058105,1768,0.0,0.0
2022-03-08 00:00:00-05:00,10.085000038146973,10.085000038146973,10.069999694824219,10.069999694824219,2849,0.0,0.0
2022-03-09 00:00:00-05:00,10.109999656677246,10.109999656677246,10.069999694824219,10.069999694824219,15852,0.0,0.0
2022-03-10 00:00:00-05:00,10.079999923706055,10.079999923706055,10.075699806213379,10.075699806213379,10706,0.0,0.0
2022-03-11 00:00:00-05:00,10.077099800109863,10.07979965209961,10.077099800109863,10.07979965209961,822,0.0,0.0
2022-03-14 00:00:00-04:00,10.07979965209961,10.07979965209961,10.07979965209961,10.07979965209961,0,0.0,0.0
2022-03-15 00:00:00-04:00,10.069999694824219,10.079999923706055,10.069999694824219,10.074999809265137,22467,0.0,0.0
2022-03-16 00:00:00-04:00,10.069999694824219,10.069999694824219,10.069999694824219,10.069999694824219,13088,0.0,0.0
2022-03-17 00:00:00-04:00,10.079999923706055,10.079999923706055,10.079999923706055,10.079999923706055,15633,0.0,0.0
2022-03-18 00:00:00-04:00,10.079999923706055,10.079999923706055,10.069999694824219,10.079999923706055,1474,0.0,0.0
2022-03-21 00:00:00-04:00,10.069999694824219,10.079999923706055,10.069999694824219,10.079999923706055,8423,0.0,0.0
2022-03-22 00:00:00-04:00,10.089900016784668,10.089900016784668,10.089900016784668,10.089900016784668,594,0.0,0.0
2022-03-23 00:00:00-04:00,10.090900421142578,10.090900421142578,10.089099884033203,10.089099884033203,540,0.0,0.0
2022-03-24 00:00:00-04:00,10.08430004119873,10.08430004119873,10.08430004119873,10.08430004119873,231,0.0,0.0
2022-03-25 00:00:00-04:00,10.08430004119873,10.08430004119873,10.08430004119873,10.08430004119873,0,0.0,0.0
2022-03-28 00:00:00-04:00,10.08430004119873,10.08430004119873,10.08430004119873,10.08430004119873,0,0.0,0.0
2022-03-29 00:00:00-04:00,10.098400115966797,10.098400115966797,10.095000267028809,10.095000267028809,750,0.0,0.0
2022-03-30 00:00:00-04:00,10.100000381469727,10.100000381469727,10.09000015258789,10.09000015258789,116304,0.0,0.0
2022-03-31 00:00:00-04:00,10.100000381469727,10.109999656677246,10.09000015258789,10.109999656677246,35343,0.0,0.0
2022-04-01 00:00:00-04:00,10.109999656677246,10.109999656677246,10.109999656677246,10.109999656677246,0,0.0,0.0
2022-04-04 00:00:00-04:00,10.109999656677246,10.109999656677246,10.109999656677246,10.109999656677246,0,0.0,0.0
2022-04-05 00:00:00-04:00,10.09000015258789,10.09000015258789,10.09000015258789,10.09000015258789,264,0.0,0.0
2022-04-06 00:00:00-04:00,10.109999656677246,10.109999656677246,10.100000381469727,10.100000381469727,227,0.0,0.0
2022-04-07 00:00:00-04:00,10.100000381469727,10.100000381469727,10.100000381469727,10.100000381469727,0,0.0,0.0
2022-04-08 00:00:00-04:00,10.109999656677246,10.119999885559082,10.109999656677246,10.119999885559082,11908,0.0,0.0
2022-04-11 00:00:00-04:00,10.119999885559082,10.119999885559082,10.119999885559082,10.119999885559082,0,0.0,0.0
2022-04-12 00:00:00-04:00,10.119999885559082,10.119999885559082,10.119999885559082,10.119999885559082,0,0.0,0.0
2022-04-13 00:00:00-04:00,10.112600326538086,10.112600326538086,10.112600326538086,10.112600326538086,101,0.0,0.0
2022-04-14 00:00:00-04:00,10.119999885559082,10.130000114440918,10.119999885559082,10.130000114440918,507,0.0,0.0
2022-04-18 00:00:00-04:00,10.100000381469727,10.140000343322754,10.100000381469727,10.130000114440918,23690,0.0,0.0
2022-04-19 00:00:00-04:00,10.140000343322754,10.140000343322754,10.140000343322754,10.140000343322754,4028,0.0,0.0
2022-04-20 00:00:00-04:00,10.140000343322754,10.140000343322754,10.140000343322754,10.140000343322754,0,0.0,0.0
2022-04-21 00:00:00-04:00,10.119999885559082,10.119999885559082,10.119999885559082,10.119999885559082,106,0.0,0.0
2022-04-22 00:00:00-04:00,10.120100021362305,10.120100021362305,10.120100021362305,10.120100021362305,200,0.0,0.0
2022-04-25 00:00:00-04:00,10.120100021362305,10.120100021362305,10.120100021362305,10.120100021362305,0,0.0,0.0
2022-04-26 00:00:00-04:00,10.130000114440918,10.130000114440918,10.130000114440918,10.130000114440918,126,0.0,0.0
2022-04-27 00:00:00-04:00,10.130000114440918,10.130000114440918,10.119999885559082,10.130000114440918,25130,0.0,0.0
2022-04-28 00:00:00-04:00,10.130000114440918,10.130000114440918,10.130000114440918,10.130000114440918,0,0.0,0.0
2022-04-29 00:00:00-04:00,10.130000114440918,10.140000343322754,10.119999885559082,10.119999885559082,33825,0.0,0.0
2022-05-02 00:00:00-04:00,10.119999885559082,10.119999885559082,10.119999885559082,10.119999885559082,0,0.0,0.0
2022-05-03 00:00:00-04:00,10.119999885559082,10.119999885559082,10.119999885559082,10.119999885559082,0,0.0,0.0
2022-05-04 00:00:00-04:00,10.140000343322754,10.140000343322754,10.140000343322754,10.140000343322754,20120,0.0,0.0
2022-05-05 00:00:00-04:00,10.130000114440918,10.149999618530273,10.130000114440918,10.140000343322754,7600,0.0,0.0
2022-05-06 00:00:00-04:00,10.140000343322754,10.140000343322754,10.140000343322754,10.140000343322754,0,0.0,0.0
2022-05-09 00:00:00-04:00,10.149999618530273,10.149999618530273,10.149999618530273,10.149999618530273,662,0.0,0.0
2022-05-10 00:00:00-04:00,10.149900436401367,10.149900436401367,10.131400108337402,10.140000343322754,580,0.0,0.0
2022-05-11 00:00:00-04:00,10.140000343322754,10.140000343322754,10.140000343322754,10.140000343322754,0,0.0,0.0
2022-05-12 00:00:00-04:00,10.154399871826172,10.154399871826172,10.154399871826172,10.154399871826172,150,0.0,0.0
2022-05-13 00:00:00-04:00,10.130000114440918,10.130000114440918,10.130000114440918,10.130000114440918,210,0.0,0.0
2022-05-16 00:00:00-04:00,10.130000114440918,10.130000114440918,10.130000114440918,10.130000114440918,205,0.0,0.0
2022-05-17 00:00:00-04:00,10.130000114440918,10.130000114440918,10.130000114440918,10.130000114440918,0,0.0,0.0
2022-05-18 00:00:00-04:00,10.130000114440918,10.130000114440918,10.130000114440918,10.130000114440918,105,0.0,0.0
2022-05-19 00:00:00-04:00,10.130000114440918,10.130000114440918,10.130000114440918,10.130000114440918,0,0.0,0.0
2022-05-20 00:00:00-04:00,10.140000343322754,10.140000343322754,10.130000114440918,10.130000114440918,12600,0.0,0.0
2022-05-23 00:00:00-04:00,10.130000114440918,10.130000114440918,10.130000114440918,10.130000114440918,0,0.0,0.0
2022-05-24 00:00:00-04:00,10.130000114440918,10.130000114440918,10.130000114440918,10.130000114440918,0,0.0,0.0
2022-05-25 00:00:00-04:00,10.130000114440918,10.130000114440918,10.130000114440918,10.130000114440918,0,0.0,0.0
2022-05-26 00:00:00-04:00,10.130000114440918,10.130000114440918,10.130000114440918,10.130000114440918,0,0.0,0.0
2022-05-27 00:00:00-04:00,10.130000114440918,10.130000114440918,10.130000114440918,10.130000114440918,115,0.0,0.0
2022-05-31 00:00:00-04:00,10.130000114440918,10.130000114440918,10.130000114440918,10.130000114440918,234,0.0,0.0
2022-06-01 00:00:00-04:00,10.149999618530273,10.15999984741211,10.149999618530273,10.15999984741211,5015,0.0,0.0
2022-06-02 00:00:00-04:00,10.15999984741211,10.15999984741211,10.15999984741211,10.15999984741211,0,0.0,0.0
2022-06-03 00:00:00-04:00,10.170000076293945,10.170000076293945,10.170000076293945,10.170000076293945,101,0.0,0.0
2022-06-06 00:00:00-04:00,10.149999618530273,10.149999618530273,10.149999618530273,10.149999618530273,557,0.0,0.0
2022-06-07 00:00:00-04:00,10.149999618530273,10.149999618530273,10.149999618530273,10.149999618530273,521,0.0,0.0
2022-06-08 00:00:00-04:00,10.149999618530273,10.149999618530273,10.149999618530273,10.149999618530273,706,0.0,0.0
2022-06-09 00:00:00-04:00,10.149999618530273,10.149999618530273,10.149999618530273,10.149999618530273,0,0.0,0.0
2022-06-10 00:00:00-04:00,10.149999618530273,10.149999618530273,10.149999618530273,10.149999618530273,0,0.0,0.0
2022-06-13 00:00:00-04:00,10.149999618530273,10.149999618530273,10.149999618530273,10.149999618530273,0,0.0,0.0
2022-06-14 00:00:00-04:00,10.149999618530273,10.149999618530273,10.149999618530273,10.149999618530273,0,0.0,0.0
2022-06-15 00:00:00-04:00,10.149999618530273,10.149999618530273,10.149999618530273,10.149999618530273,0,0.0,0.0
2022-06-16 00:00:00-04:00,10.149999618530273,10.149999618530273,10.149999618530273,10.149999618530273,151,0.0,0.0
2022-06-17 00:00:00-04:00,10.149999618530273,10.149999618530273,10.149999618530273,10.149999618530273,0,0.0,0.0
2022-06-21 00:00:00-04:00,10.149999618530273,10.149999618530273,10.149999618530273,10.149999618530273,0,0.0,0.0
2022-06-22 00:00:00-04:00,10.15999984741211,10.180000305175781,10.15999984741211,10.180000305175781,527,0.0,0.0
2022-06-23 00:00:00-04:00,10.180000305175781,10.180000305175781,10.180000305175781,10.180000305175781,0,0.0,0.0
2022-06-24 00:00:00-04:00,10.180000305175781,10.180000305175781,10.180000305175781,10.180000305175781,0,0.0,0.0
2022-06-27 00:00:00-04:00,10.164999961853027,10.164999961853027,10.164999961853027,10.164999961853027,701,0.0,0.0
2022-06-28 00:00:00-04:00,10.160099983215332,10.160099983215332,10.160099983215332,10.160099983215332,100,0.0,0.0
2022-06-29 00:00:00-04:00,10.160099983215332,10.160099983215332,10.160099983215332,10.160099983215332,0,0.0,0.0
2022-06-30 00:00:00-04:00,10.15999984741211,10.170000076293945,10.149999618530273,10.170000076293945,43153,0.0,0.0
2022-07-01 00:00:00-04:00,10.170000076293945,10.170000076293945,10.170000076293945,10.170000076293945,0,0.0,0.0
2022-07-05 00:00:00-04:00,10.194999694824219,10.194999694824219,10.194999694824219,10.194999694824219,134,0.0,0.0
2022-07-06 00:00:00-04:00,10.194999694824219,10.194999694824219,10.194999694824219,10.194999694824219,0,0.0,0.0
2022-07-07 00:00:00-04:00,10.170000076293945,10.180000305175781,10.170000076293945,10.170000076293945,923,0.0,0.0
2022-07-08 00:00:00-04:00,10.1899995803833,10.1899995803833,10.170000076293945,10.170000076293945,201,0.0,0.0
2022-07-11 00:00:00-04:00,10.170000076293945,10.170000076293945,10.170000076293945,10.170000076293945,0,0.0,0.0
2022-07-12 00:00:00-04:00,10.170000076293945,10.170000076293945,10.170000076293945,10.170000076293945,0,0.0,0.0
2022-07-13 00:00:00-04:00,10.170000076293945,10.170000076293945,10.170000076293945,10.170000076293945,0,0.0,0.0
2022-07-14 00:00:00-04:00,10.170000076293945,10.170000076293945,10.170000076293945,10.170000076293945,0,0.0,0.0
2022-07-15 00:00:00-04:00,10.1899995803833,10.199999809265137,10.1899995803833,10.199999809265137,5799,0.0,0.0
2022-07-18 00:00:00-04:00,10.199999809265137,10.199999809265137,10.199999809265137,10.199999809265137,0,0.0,0.0
2022-07-19 00:00:00-04:00,10.199999809265137,10.199999809265137,10.199999809265137,10.199999809265137,0,0.0,0.0
2022-07-20 00:00:00-04:00,10.199999809265137,10.199999809265137,10.199999809265137,10.199999809265137,10215,0.0,0.0
2022-07-21 00:00:00-04:00,10.199999809265137,10.200699806213379,10.199999809265137,10.199999809265137,47524,0.0,0.0
2022-07-22 00:00:00-04:00,10.199999809265137,10.210000038146973,10.199999809265137,10.210000038146973,20100,0.0,0.0
2022-07-25 00:00:00-04:00,10.210000038146973,10.220000267028809,10.210000038146973,10.220000267028809,117264,0.0,0.0
2022-07-26 00:00:00-04:00,10.220000267028809,10.220000267028809,10.220000267028809,10.220000267028809,0,0.0,0.0
2022-07-27 00:00:00-04:00,10.220000267028809,10.220000267028809,10.220000267028809,10.220000267028809,0,0.0,0.0
2022-07-28 00:00:00-04:00,10.220000267028809,10.220000267028809,10.220000267028809,10.220000267028809,0,0.0,0.0
2022-07-29 00:00:00-04:00,10.1899995803833,10.1899995803833,10.180000305175781,10.180000305175781,600217,0.0,0.0
2022-08-01 00:00:00-04:00,10.229999542236328,10.229999542236328,10.1899995803833,10.1899995803833,3743,0.0,0.0
2022-08-02 00:00:00-04:00,10.210000038146973,10.210000038146973,10.210000038146973,10.210000038146973,518,0.0,0.0
2022-08-03 00:00:00-04:00,10.210000038146973,10.210000038146973,10.210000038146973,10.210000038146973,0,0.0,0.0
2022-08-04 00:00:00-04:00,10.229999542236328,10.229999542236328,10.229999542236328,10.229999542236328,10215,0.0,0.0
2022-08-05 00:00:00-04:00,10.229999542236328,10.229999542236328,10.220000267028809,10.220000267028809,11980,0.0,0.0
2022-08-08 00:00:00-04:00,10.211899757385254,10.211899757385254,10.21049976348877,10.21049976348877,602,0.0,0.0
2022-08-09 00:00:00-04:00,10.210000038146973,10.229999542236328,10.210000038146973,10.220000267028809,52948,0.0,0.0
2022-08-10 00:00:00-04:00,10.220000267028809,10.220000267028809,10.220000267028809,10.220000267028809,0,0.0,0.0
2022-08-11 00:00:00-04:00,10.220000267028809,10.220000267028809,10.220000267028809,10.220000267028809,0,0.0,0.0
2022-08-12 00:00:00-04:00,10.210000038146973,10.210000038146973,10.210000038146973,10.210000038146973,887,0.0,0.0
2022-08-15 00:00:00-04:00,10.210000038146973,10.210000038146973,10.210000038146973,10.210000038146973,244,0.0,0.0
2022-08-16 00:00:00-04:00,10.210000038146973,10.210000038146973,10.210000038146973,10.210000038146973,0,0.0,0.0
2022-08-17 00:00:00-04:00,10.229999542236328,10.229999542236328,10.229999542236328,10.229999542236328,187,0.0,0.0
2022-08-18 00:00:00-04:00,10.229999542236328,10.229999542236328,10.229999542236328,10.229999542236328,238,0.0,0.0
2022-08-19 00:00:00-04:00,10.239800453186035,10.239800453186035,10.239800453186035,10.239800453186035,220,0.0,0.0
2022-08-22 00:00:00-04:00,10.229999542236328,10.23960018157959,10.229999542236328,10.229999542236328,3450,0.0,0.0
2022-08-23 00:00:00-04:00,10.210000038146973,10.210100173950195,10.210000038146973,10.210100173950195,631,0.0,0.0
2022-08-24 00:00:00-04:00,10.220100402832031,10.220100402832031,10.220100402832031,10.220100402832031,1204,0.0,0.0
2022-08-25 00:00:00-04:00,10.220100402832031,10.220100402832031,10.220100402832031,10.220100402832031,0,0.0,0.0
2022-08-26 00:00:00-04:00,10.220100402832031,10.220100402832031,10.220100402832031,10.220100402832031,0,0.0,0.0
2022-08-29 00:00:00-04:00,10.210000038146973,10.210100173950195,10.210000038146973,10.210100173950195,831,0.0,0.0
2022-08-30 00:00:00-04:00,10.220000267028809,10.220000267028809,10.210000038146973,10.210000038146973,4588,0.0,0.0
2022-08-31 00:00:00-04:00,10.220000267028809,10.220000267028809,10.210000038146973,10.220000267028809,24030,0.0,0.0
2022-09-01 00:00:00-04:00,10.220000267028809,10.229999542236328,10.220000267028809,10.229999542236328,8770,0.0,0.0
2022-09-02 00:00:00-04:00,10.210000038146973,10.210000038146973,10.210000038146973,10.210000038146973,541,0.0,0.0
2022-09-06 00:00:00-04:00,10.220000267028809,10.220100402832031,10.220000267028809,10.220100402832031,1270,0.0,0.0
2022-09-07 00:00:00-04:00,10.229999542236328,10.229999542236328,10.229999542236328,10.229999542236328,252,0.0,0.0
2022-09-08 00:00:00-04:00,10.236200332641602,10.236200332641602,10.236200332641602,10.236200332641602,200,0.0,0.0
2022-09-09 00:00:00-04:00,10.236200332641602,10.236200332641602,10.236200332641602,10.236200332641602,0,0.0,0.0
2022-09-12 00:00:00-04:00,10.236200332641602,10.236200332641602,10.236200332641602,10.236200332641602,0,0.0,0.0
2022-09-13 00:00:00-04:00,10.236200332641602,10.236200332641602,10.236200332641602,10.236200332641602,0,0.0,0.0
2022-09-14 00:00:00-04:00,10.236200332641602,10.236200332641602,10.236200332641602,10.236200332641602,0,0.0,0.0
2022-09-15 00:00:00-04:00,10.236200332641602,10.236200332641602,10.236200332641602,10.236200332641602,0,0.0,0.0
2022-09-16 00:00:00-04:00,10.236200332641602,10.236200332641602,10.236200332641602,10.236200332641602,0,0.0,0.0
2022-09-19 00:00:00-04:00,10.25,10.25,10.239999771118164,10.25,13227,0.0,0.0
2022-09-20 00:00:00-04:00,10.270000457763672,10.3100004196167,10.270000457763672,10.279999732971191,1098,0.0,0.0
2022-09-21 00:00:00-04:00,10.239999771118164,10.3100004196167,10.239999771118164,10.3100004196167,1242,0.0,0.0
2022-09-22 00:00:00-04:00,10.308199882507324,10.308199882507324,10.308199882507324,10.308199882507324,121,0.0,0.0
2022-09-23 00:00:00-04:00,10.300000190734863,10.300000190734863,10.300000190734863,10.300000190734863,135,0.0,0.0
2022-09-26 00:00:00-04:00,10.300000190734863,10.300000190734863,10.300000190734863,10.300000190734863,0,0.0,0.0
2022-09-27 00:00:00-04:00,10.300000190734863,10.300000190734863,10.300000190734863,10.300000190734863,0,0.0,0.0
2022-09-28 00:00:00-04:00,10.25,10.260000228881836,10.25,10.25,6130,0.0,0.0
2022-09-29 00:00:00-04:00,10.260000228881836,10.260000228881836,10.260000228881836,10.260000228881836,5129,0.0,0.0
2022-09-30 00:00:00-04:00,10.260000228881836,10.260000228881836,10.25,10.25,22488,0.0,0.0
2022-10-03 00:00:00-04:00,10.279899597167969,10.34000015258789,10.279899597167969,10.3100004196167,17021,0.0,0.0
2022-10-04 00:00:00-04:00,10.3100004196167,10.3100004196167,10.3100004196167,10.3100004196167,0,0.0,0.0
2022-10-05 00:00:00-04:00,10.279999732971191,10.314000129699707,10.270000457763672,10.3100004196167,5034,0.0,0.0
2022-10-06 00:00:00-04:00,10.260000228881836,10.300200462341309,10.234999656677246,10.239999771118164,117148,0.0,0.0
2022-10-07 00:00:00-04:00,10.25,10.319999694824219,10.25,10.270000457763672,8637,0.0,0.0
2022-10-10 00:00:00-04:00,10.273599624633789,10.319999694824219,10.245800018310547,10.319999694824219,11458,0.0,0.0
2022-10-11 00:00:00-04:00,10.29419994354248,10.390000343322754,10.279999732971191,10.329999923706055,40228,0.0,0.0
2022-10-12 00:00:00-04:00,10.3100004196167,10.329999923706055,10.3100004196167,10.3149995803833,12547,0.0,0.0
2022-10-13 00:00:00-04:00,10.300000190734863,10.329999923706055,10.265000343322754,10.289999961853027,52213,0.0,0.0
2022-10-14 00:00:00-04:00,10.260000228881836,10.270000457763672,10.260000228881836,10.260000228881836,11681,0.0,0.0
2022-10-17 00:00:00-04:00,10.270000457763672,10.270000457763672,10.239999771118164,10.25100040435791,172637,0.0,0.0
2022-10-18 00:00:00-04:00,10.449999809265137,10.460000038146973,10.273300170898438,10.300000190734863,51944,0.0,0.0
2022-10-19 00:00:00-04:00,10.270000457763672,10.270000457763672,10.239999771118164,10.25,45501,0.0,0.0
2022-10-20 00:00:00-04:00,10.260000228881836,10.270000457763672,10.239999771118164,10.260000228881836,6843,0.0,0.0
2022-10-21 00:00:00-04:00,10.300000190734863,10.300000190734863,10.260000228881836,10.260000228881836,11246,0.0,0.0
2022-10-24 00:00:00-04:00,10.260000228881836,10.271499633789062,10.260000228881836,10.260100364685059,6360,0.0,0.0
2022-10-25 00:00:00-04:00,10.260000228881836,10.260000228881836,10.260000228881836,10.260000228881836,502,0.0,0.0
2022-10-26 00:00:00-04:00,10.260000228881836,10.260000228881836,10.260000228881836,10.260000228881836,1185,0.0,0.0
2022-10-27 00:00:00-04:00,10.260000228881836,10.260000228881836,10.260000228881836,10.260000228881836,3779,0.0,0.0
2022-10-28 00:00:00-04:00,10.25,10.25,10.219900131225586,10.239999771118164,14327,0.0,0.0
2022-10-31 00:00:00-04:00,10.239999771118164,10.239999771118164,10.239999771118164,10.239999771118164,0,0.0,0.0
2022-11-01 00:00:00-04:00,10.220000267028809,10.239999771118164,10.220000267028809,10.220000267028809,4766,0.0,0.0
2022-11-02 00:00:00-04:00,10.234999656677246,10.234999656677246,10.194999694824219,10.210000038146973,18717,0.0,0.0
2022-11-03 00:00:00-04:00,10.235400199890137,10.235400199890137,10.170000076293945,10.170000076293945,632,0.0,0.0
2022-11-04 00:00:00-04:00,10.160099983215332,10.160099983215332,10.15999984741211,10.15999984741211,3014,0.0,0.0
2022-11-07 00:00:00-05:00,10.15999984741211,10.15999984741211,10.15999984741211,10.15999984741211,0,0.0,0.0
2022-11-08 00:00:00-05:00,10.220000267028809,10.220000267028809,10.220000267028809,10.220000267028809,2954,0.0,0.0
2022-11-09 00:00:00-05:00,10.199999809265137,10.199999809265137,10.199999809265137,10.199999809265137,434,0.0,0.0
2022-11-10 00:00:00-05:00,10.199999809265137,10.199999809265137,10.199999809265137,10.199999809265137,0,0.0,0.0
2022-11-11 00:00:00-05:00,10.199999809265137,10.199999809265137,10.199999809265137,10.199999809265137,0,0.0,0.0
2022-11-14 00:00:00-05:00,10.210000038146973,10.210000038146973,10.199999809265137,10.199999809265137,200,0.0,0.0
2022-11-15 00:00:00-05:00,10.199999809265137,10.199999809265137,10.15999984741211,10.15999984741211,7365,0.0,0.0
2022-11-16 00:00:00-05:00,10.180000305175781,10.18019962310791,10.180000305175781,10.180000305175781,1547,0.0,0.0
2022-11-17 00:00:00-05:00,10.180000305175781,10.190199851989746,10.180000305175781,10.190199851989746,9430,0.0,0.0
2022-11-18 00:00:00-05:00,10.190199851989746,10.190199851989746,10.190199851989746,10.190199851989746,0,0.0,0.0
2022-11-21 00:00:00-05:00,10.190199851989746,10.190199851989746,10.190199851989746,10.190199851989746,0,0.0,0.0
2022-11-22 00:00:00-05:00,10.190199851989746,10.190199851989746,10.190199851989746,10.190199851989746,0,0.0,0.0
2022-11-23 00:00:00-05:00,10.199999809265137,10.199999809265137,10.199999809265137,10.199999809265137,819,0.0,0.0
2022-11-25 00:00:00-05:00,10.199999809265137,10.199999809265137,10.199999809265137,10.199999809265137,0,0.0,0.0
2022-11-28 00:00:00-05:00,10.199999809265137,10.199999809265137,10.199999809265137,10.199999809265137,0,0.0,0.0
2022-11-29 00:00:00-05:00,10.210000038146973,10.220100402832031,10.210000038146973,10.210000038146973,10992,0.0,0.0
2022-11-30 00:00:00-05:00,10.220000267028809,10.220199584960938,10.220000267028809,10.220000267028809,6675,0.0,0.0
2022-12-01 00:00:00-05:00,10.220000267028809,10.220000267028809,10.220000267028809,10.220000267028809,0,0.0,0.0
2022-12-02 00:00:00-05:00,10.220000267028809,10.220000267028809,10.220000267028809,10.220000267028809,0,0.0,0.0
2022-12-05 00:00:00-05:00,10.199999809265137,10.199999809265137,10.194999694824219,10.199999809265137,4000,0.0,0.0
2022-12-06 00:00:00-05:00,10.199999809265137,10.199999809265137,10.199999809265137,10.199999809265137,0,0.0,0.0
2022-12-07 00:00:00-05:00,10.199999809265137,10.199999809265137,10.199999809265137,10.199999809265137,0,0.0,0.0
2022-12-08 00:00:00-05:00,10.199999809265137,10.199999809265137,10.199999809265137,10.199999809265137,0,0.0,0.0
2022-12-09 00:00:00-05:00,10.199999809265137,10.199999809265137,10.199999809265137,10.199999809265137,0,0.0,0.0
2022-12-12 00:00:00-05:00,10.199999809265137,10.199999809265137,10.199999809265137,10.199999809265137,0,0.0,0.0
2022-12-13 00:00:00-05:00,10.21500015258789,10.21500015258789,10.199999809265137,10.199999809265137,645,0.0,0.0
2022-12-14 00:00:00-05:00,10.199999809265137,10.199999809265137,10.199999809265137,10.199999809265137,4000,0.0,0.0
2022-12-15 00:00:00-05:00,10.20009994506836,10.20009994506836,10.199999809265137,10.199999809265137,700,0.0,0.0
2022-12-16 00:00:00-05:00,10.199999809265137,10.199999809265137,10.199999809265137,10.199999809265137,100,0.0,0.0
2022-12-19 00:00:00-05:00,10.199999809265137,10.199999809265137,10.199999809265137,10.199999809265137,0,0.0,0.0
2022-12-20 00:00:00-05:00,10.199999809265137,10.20009994506836,10.199999809265137,10.199999809265137,998,0.0,0.0
2022-12-21 00:00:00-05:00,10.199999809265137,10.199999809265137,10.199999809265137,10.199999809265137,1946,0.0,0.0
2022-12-22 00:00:00-05:00,10.199999809265137,10.199999809265137,10.199999809265137,10.199999809265137,0,0.0,0.0
2022-12-23 00:00:00-05:00,10.199999809265137,10.199999809265137,10.199999809265137,10.199999809265137,0,0.0,0.0
2022-12-27 00:00:00-05:00,10.199999809265137,10.199999809265137,10.1899995803833,10.1899995803833,12135,0.0,0.0
2022-12-28 00:00:00-05:00,10.15999984741211,10.199999809265137,10.15999984741211,10.199999809265137,1022,0.0,0.0
2022-12-29 00:00:00-05:00,10.199999809265137,10.199999809265137,10.199999809265137,10.199999809265137,0,0.0,0.0
2022-12-30 00:00:00-05:00,10.199999809265137,10.199999809265137,10.199999809265137,10.199999809265137,0,0.0,0.0
2023-01-03 00:00:00-05:00,10.220000267028809,10.25,10.220000267028809,10.25,6341,0.0,0.0
2023-01-04 00:00:00-05:00,10.260000228881836,10.270000457763672,10.260000228881836,10.270000457763672,4304,0.0,0.0
2023-01-05 00:00:00-05:00,10.270000457763672,10.270000457763672,10.270000457763672,10.270000457763672,0,0.0,0.0
2023-01-06 00:00:00-05:00,10.270000457763672,10.300000190734863,10.270000457763672,10.289999961853027,21014,0.0,0.0
2023-01-09 00:00:00-05:00,10.289999961853027,10.289999961853027,10.289999961853027,10.289999961853027,0,0.0,0.0
2023-01-10 00:00:00-05:00,10.5600004196167,10.5600004196167,10.5600004196167,10.5600004196167,303,0.0,0.0
2023-01-11 00:00:00-05:00,10.34000015258789,10.34000015258789,10.3100004196167,10.329999923706055,1820,0.0,0.0
2023-01-12 00:00:00-05:00,10.399999618530273,10.989999771118164,10.350000381469727,10.369999885559082,14192,0.0,0.0
2023-01-13 00:00:00-05:00,10.369999885559082,10.399900436401367,10.359999656677246,10.390000343322754,3249,0.0,0.0
2023-01-17 00:00:00-05:00,10.360099792480469,10.460000038146973,10.360099792480469,10.460000038146973,2096,0.0,0.0
2023-01-18 00:00:00-05:00,10.489999771118164,10.539999961853027,10.479999542236328,10.510000228881836,8981,0.0,0.0
2023-01-19 00:00:00-05:00,10.529999732971191,10.529999732971191,10.529999732971191,10.529999732971191,136,0.0,0.0
2023-01-20 00:00:00-05:00,10.529999732971191,10.529999732971191,10.529999732971191,10.529999732971191,0,0.0,0.0
2023-01-23 00:00:00-05:00,10.529999732971191,10.529999732971191,10.529999732971191,10.529999732971191,107,0.0,0.0
2023-01-24 00:00:00-05:00,10.460000038146973,10.600000381469727,10.460000038146973,10.600000381469727,952,0.0,0.0
2023-01-25 00:00:00-05:00,10.600000381469727,10.600000381469727,10.600000381469727,10.600000381469727,0,0.0,0.0
2023-01-26 00:00:00-05:00,10.470000267028809,10.520000457763672,10.449999809265137,10.520000457763672,2125,0.0,0.0
2023-01-27 00:00:00-05:00,10.567700386047363,10.569999694824219,10.539999961853027,10.569999694824219,3755,0.0,0.0
2023-01-30 00:00:00-05:00,10.569999694824219,10.569999694824219,10.569999694824219,10.569999694824219,0,0.0,0.0
2023-01-31 00:00:00-05:00,10.569999694824219,10.569999694824219,10.569999694824219,10.569999694824219,0,0.0,0.0
2023-02-01 00:00:00-05:00,10.430000305175781,10.430000305175781,10.430000305175781,10.430000305175781,339,0.0,0.0
2023-02-02 00:00:00-05:00,10.5600004196167,10.5600004196167,10.539999961853027,10.539999961853027,457,0.0,0.0
2023-02-03 00:00:00-05:00,10.539999961853027,10.539999961853027,10.539999961853027,10.539999961853027,0,0.0,0.0
2023-02-06 00:00:00-05:00,10.539999961853027,10.539999961853027,10.539999961853027,10.539999961853027,0,0.0,0.0
2023-02-07 00:00:00-05:00,10.539999961853027,10.539999961853027,10.539999961853027,10.539999961853027,0,0.0,0.0
2023-02-08 00:00:00-05:00,10.539999961853027,10.539999961853027,10.539999961853027,10.539999961853027,0,0.0,0.0
2023-02-09 00:00:00-05:00,10.539999961853027,10.539999961853027,10.539999961853027,10.539999961853027,0,0.0,0.0
2023-02-10 00:00:00-05:00,10.449999809265137,10.449999809265137,10.430000305175781,10.430000305175781,1261,0.0,0.0
2023-02-13 00:00:00-05:00,10.430000305175781,10.430000305175781,10.430000305175781,10.430000305175781,154,0.0,0.0
2023-02-14 00:00:00-05:00,10.430000305175781,10.430000305175781,10.430000305175781,10.430000305175781,0,0.0,0.0
2023-02-15 00:00:00-05:00,10.430000305175781,10.430000305175781,10.430000305175781,10.430000305175781,0,0.0,0.0
2023-02-16 00:00:00-05:00,10.430000305175781,10.430000305175781,10.430000305175781,10.430000305175781,0,0.0,0.0
2023-02-17 00:00:00-05:00,10.430000305175781,10.430000305175781,10.430000305175781,10.430000305175781,0,0.0,0.0
2023-02-21 00:00:00-05:00,10.430000305175781,10.430000305175781,10.430000305175781,10.430000305175781,0,0.0,0.0
2023-02-22 00:00:00-05:00,10.400099754333496,10.449999809265137,10.399999618530273,10.399999618530273,1634,0.0,0.0
2023-02-23 00:00:00-05:00,10.460000038146973,10.489999771118164,10.460000038146973,10.489999771118164,5510,0.0,0.0
2023-02-24 00:00:00-05:00,10.45009994506836,10.45009994506836,10.45009994506836,10.45009994506836,200,0.0,0.0
2023-02-27 00:00:00-05:00,10.449999809265137,10.449999809265137,10.449999809265137,10.449999809265137,112,0.0,0.0
2023-02-28 00:00:00-05:00,10.449999809265137,10.449999809265137,10.449999809265137,10.449999809265137,0,0.0,0.0
2023-03-01 00:00:00-05:00,10.449999809265137,10.449999809265137,10.449999809265137,10.449999809265137,0,0.0,0.0
2023-03-02 00:00:00-05:00,10.449999809265137,10.449999809265137,10.449999809265137,10.449999809265137,0,0.0,0.0
2023-03-03 00:00:00-05:00,10.449999809265137,10.449999809265137,10.449999809265137,10.449999809265137,0,0.0,0.0
2023-03-06 00:00:00-05:00,10.449999809265137,10.449999809265137,10.449999809265137,10.449999809265137,100,0.0,0.0
2023-03-07 00:00:00-05:00,10.449999809265137,10.449999809265137,10.449999809265137,10.449999809265137,136,0.0,0.0
2023-03-08 00:00:00-05:00,10.475000381469727,10.475000381469727,10.475000381469727,10.475000381469727,100,0.0,0.0
2023-03-09 00:00:00-05:00,10.475000381469727,10.475000381469727,10.475000381469727,10.475000381469727,0,0.0,0.0
2023-03-10 00:00:00-05:00,10.475000381469727,10.475000381469727,10.475000381469727,10.475000381469727,0,0.0,0.0
2023-03-13 00:00:00-04:00,10.475000381469727,10.475000381469727,10.475000381469727,10.475000381469727,0,0.0,0.0
2023-03-14 00:00:00-04:00,10.475000381469727,10.475000381469727,10.475000381469727,10.475000381469727,0,0.0,0.0
2023-03-15 00:00:00-04:00,10.475000381469727,10.475000381469727,10.475000381469727,10.475000381469727,0,0.0,0.0
2023-03-16 00:00:00-04:00,10.449999809265137,10.449999809265137,10.449999809265137,10.449999809265137,135,0.0,0.0
2023-03-17 00:00:00-04:00,10.449999809265137,10.449999809265137,10.449999809265137,10.449999809265137,165,0.0,0.0
2023-03-20 00:00:00-04:00,10.489999771118164,10.489999771118164,10.449999809265137,10.475000381469727,428,0.0,0.0
2023-03-21 00:00:00-04:00,10.475000381469727,10.475000381469727,10.475000381469727,10.475000381469727,102,0.0,0.0
2023-03-22 00:00:00-04:00,10.475000381469727,10.449999809265137,10.449999809265137,10.449999809265137,100,0.0,0.0
2023-03-23 00:00:00-04:00,10.497300148010254,10.5,10.489999771118164,10.5,2803,0.0,0.0
2023-03-24 00:00:00-04:00,10.529999732971191,10.550000190734863,10.489999771118164,10.550000190734863,2000,0.0,0.0
2023-03-27 00:00:00-04:00,10.532999992370605,10.569999694824219,10.510000228881836,10.5600004196167,3100,0.0,0.0
2023-03-28 00:00:00-04:00,10.5600004196167,10.5600004196167,10.460000038146973,10.460000038146973,1200,0.0,0.0
2023-03-29 00:00:00-04:00,10.539999961853027,10.569999694824219,10.505000114440918,10.569999694824219,1123,0.0,0.0
2023-03-30 00:00:00-04:00,10.579999923706055,10.579999923706055,10.460000038146973,10.460000038146973,201,0.0,0.0
2023-03-31 00:00:00-04:00,10.569999694824219,10.569999694824219,10.5600004196167,10.569999694824219,479,0.0,0.0
2023-04-03 00:00:00-04:00,10.5600004196167,10.5600004196167,10.5600004196167,10.5600004196167,100,0.0,0.0
2023-04-04 00:00:00-04:00,10.460000038146973,10.460000038146973,10.449999809265137,10.449999809265137,4212,0.0,0.0
2023-04-05 00:00:00-04:00,10.449999809265137,10.449999809265137,10.449999809265137,10.449999809265137,100,0.0,0.0
2023-04-06 00:00:00-04:00,10.399999618530273,10.399999618530273,10.399999618530273,10.399999618530273,758,0.0,0.0
2023-04-10 00:00:00-04:00,10.399999618530273,10.399999618530273,10.399999618530273,10.399999618530273,101,0.0,0.0
2023-04-11 00:00:00-04:00,10.399999618530273,10.399999618530273,10.399999618530273,10.399999618530273,100,0.0,0.0
2023-04-12 00:00:00-04:00,10.489999771118164,10.5,10.410099983215332,10.5,4000,0.0,0.0
2023-04-13 00:00:00-04:00,10.5,10.5,10.5,10.5,0,0.0,0.0
2023-04-14 00:00:00-04:00,10.5,10.5,10.5,10.5,100,0.0,0.0
2023-04-17 00:00:00-04:00,10.5,10.5,10.5,10.5,0,0.0,0.0
2023-04-18 00:00:00-04:00,10.550000190734863,10.550000190734863,10.529999732971191,10.529999732971191,992,0.0,0.0
2023-04-19 00:00:00-04:00,10.539999961853027,10.5600004196167,10.539999961853027,10.5600004196167,506,0.0,0.0
2023-04-20 00:00:00-04:00,10.5600004196167,10.5600004196167,10.5,10.5,681,0.0,0.0
2023-04-21 00:00:00-04:00,10.5,10.5,10.5,10.5,100,0.0,0.0
2023-04-24 00:00:00-04:00,10.5,10.5,10.5,10.5,100,0.0,0.0
2023-04-25 00:00:00-04:00,10.5,10.5,10.5,10.5,122,0.0,0.0
2023-04-26 00:00:00-04:00,10.5,10.5,10.5,10.5,100,0.0,0.0
2023-04-27 00:00:00-04:00,10.5,10.5,10.5,10.5,4179,0.0,0.0
2023-04-28 00:00:00-04:00,10.579999923706055,10.579999923706055,10.5,10.5,7390,0.0,0.0
2023-05-01 00:00:00-04:00,10.553000450134277,10.579999923706055,10.553000450134277,10.579999923706055,1405,0.0,0.0
2023-05-02 00:00:00-04:00,10.539999961853027,10.539999961853027,10.500100135803223,10.500100135803223,788,0.0,0.0
2023-05-03 00:00:00-04:00,10.5,10.500100135803223,10.5,10.500100135803223,652,0.0,0.0
2023-05-04 00:00:00-04:00,10.5,10.534000396728516,10.5,10.534000396728516,440,0.0,0.0
2023-05-05 00:00:00-04:00,10.534000396728516,10.534000396728516,10.534000396728516,10.534000396728516,0,0.0,0.0
2023-05-08 00:00:00-04:00,10.534000396728516,10.534000396728516,10.534000396728516,10.534000396728516,0,0.0,0.0
2023-05-09 00:00:00-04:00,10.510000228881836,10.510000228881836,10.510000228881836,10.510000228881836,111,0.0,0.0
2023-05-10 00:00:00-04:00,10.510000228881836,10.510000228881836,10.510000228881836,10.510000228881836,103,0.0,0.0
2023-05-11 00:00:00-04:00,10.510000228881836,10.510000228881836,10.510000228881836,10.510000228881836,345,0.0,0.0
2023-05-12 00:00:00-04:00,10.539999961853027,10.539999961853027,10.529999732971191,10.539999961853027,1366,0.0,0.0
2023-05-15 00:00:00-04:00,10.510000228881836,10.510000228881836,10.510000228881836,10.510000228881836,804,0.0,0.0
2023-05-16 00:00:00-04:00,10.510000228881836,10.510100364685059,10.510000228881836,10.510100364685059,1100,0.0,0.0
2023-05-17 00:00:00-04:00,10.510100364685059,10.510100364685059,10.510100364685059,10.510100364685059,0,0.0,0.0
2023-05-18 00:00:00-04:00,10.510100364685059,10.510100364685059,10.510100364685059,10.510100364685059,0,0.0,0.0
2023-05-19 00:00:00-04:00,10.510100364685059,10.510100364685059,10.510100364685059,10.510100364685059,0,0.0,0.0
2023-05-22 00:00:00-04:00,10.510100364685059,10.510100364685059,10.510100364685059,10.510100364685059,0,0.0,0.0
2023-05-23 00:00:00-04:00,10.510100364685059,10.510100364685059,10.510100364685059,10.510100364685059,0,0.0,0.0
2023-05-24 00:00:00-04:00,10.510000228881836,10.510000228881836,10.510000228881836,10.510000228881836,200,0.0,0.0
2023-05-25 00:00:00-04:00,10.539999961853027,10.579999923706055,10.539999961853027,10.579999923706055,2980,0.0,0.0
2023-05-26 00:00:00-04:00,10.579999923706055,10.579999923706055,10.579999923706055,10.579999923706055,101,0.0,0.0
2023-05-30 00:00:00-04:00,10.579999923706055,10.579999923706055,10.579999923706055,10.579999923706055,102,0.0,0.0
2023-05-31 00:00:00-04:00,10.579999923706055,10.579999923706055,10.579999923706055,10.579999923706055,0,0.0,0.0
2023-06-01 00:00:00-04:00,10.579999923706055,10.579999923706055,10.579999923706055,10.579999923706055,105,0.0,0.0
2023-06-02 00:00:00-04:00,10.59000015258789,10.59000015258789,10.59000015258789,10.59000015258789,128,0.0,0.0
2023-06-05 00:00:00-04:00,10.579999923706055,10.579999923706055,10.579999923706055,10.579999923706055,239,0.0,0.0
2023-06-06 00:00:00-04:00,10.579999923706055,10.579999923706055,10.579999923706055,10.579999923706055,100,0.0,0.0
2023-06-07 00:00:00-04:00,10.579999923706055,10.579999923706055,10.579999923706055,10.579999923706055,0,0.0,0.0
2023-06-08 00:00:00-04:00,10.579999923706055,10.59000015258789,10.539999961853027,10.579999923706055,5202,0.0,0.0
2023-06-09 00:00:00-04:00,10.579999923706055,10.59000015258789,10.579999923706055,10.59000015258789,2127,0.0,0.0
2023-06-12 00:00:00-04:00,10.59000015258789,10.59000015258789,10.59000015258789,10.59000015258789,101,0.0,0.0
2023-06-13 00:00:00-04:00,10.59000015258789,10.59000015258789,10.59000015258789,10.59000015258789,0,0.0,0.0
2023-06-14 00:00:00-04:00,10.520099639892578,10.539999961853027,10.520000457763672,10.520000457763672,3401,0.0,0.0
2023-06-15 00:00:00-04:00,10.529999732971191,10.529999732971191,10.529999732971191,10.529999732971191,300,0.0,0.0
2023-06-16 00:00:00-04:00,10.529999732971191,10.529999732971191,10.529999732971191,10.529999732971191,0,0.0,0.0
2023-06-20 00:00:00-04:00,10.529999732971191,10.529999732971191,10.529999732971191,10.529999732971191,0,0.0,0.0
2023-06-21 00:00:00-04:00,10.529999732971191,10.529999732971191,10.529999732971191,10.529999732971191,0,0.0,0.0
2023-06-22 00:00:00-04:00,10.529999732971191,10.529999732971191,10.529999732971191,10.529999732971191,0,0.0,0.0
2023-06-23 00:00:00-04:00,10.529999732971191,10.529999732971191,10.529999732971191,10.529999732971191,0,0.0,0.0
