Date,Open,High,Low,Close,Volume,Dividends,Stock Splits,Capital Gains
2021-04-26 00:00:00-04:00,1.100000023841858,1.25,1.0,1.2400000095367432,16142579,0.0,0.0,0.0
2021-04-27 00:00:00-04:00,1.2400000095367432,1.2799999713897705,1.1799999475479126,1.2300000190734863,203856,0.0,0.0,0.0
2021-04-28 00:00:00-04:00,1.2300000190734863,1.2799999713897705,1.1799999475479126,1.2300000190734863,67178,0.0,0.0,0.0
2021-04-29 00:00:00-04:00,1.2300000190734863,1.2599999904632568,1.189769983291626,1.25,7916401,0.0,0.0,0.0
2021-04-30 00:00:00-04:00,1.25,1.2990000247955322,1.2000000476837158,1.25,102217,0.0,0.0,0.0
2021-05-03 00:00:00-04:00,1.25,1.25,1.25,1.25,0,0.0,0.0,0.0
2021-05-04 00:00:00-04:00,1.25,1.2999999523162842,1.2000000476837158,1.25,1242443,0.0,0.0,0.0
2021-05-05 00:00:00-04:00,1.25,1.2979999780654907,1.2000000476837158,1.2300000190734863,315642,0.0,0.0,0.0
2021-05-06 00:00:00-04:00,1.25,1.2899999618530273,1.2000000476837158,1.25,439051,0.0,0.0,0.0
2021-05-07 00:00:00-04:00,1.25,1.2890000343322754,1.2000000476837158,1.25,73052,0.0,0.0,0.0
2021-05-10 00:00:00-04:00,1.25,1.2877999544143677,1.2274999618530273,1.25,155022,0.0,0.0,0.0
2021-05-11 00:00:00-04:00,1.25,1.2999999523162842,1.2274999618530273,1.25,75350,0.0,0.0,0.0
2021-05-12 00:00:00-04:00,1.25,1.2899999618530273,1.2300000190734863,1.2899999618530273,30997,0.0,0.0,0.0
2021-05-13 00:00:00-04:00,1.25,1.2999999523162842,1.2324999570846558,1.25,285484,0.0,0.0,0.0
2021-05-14 00:00:00-04:00,1.25,1.2899999618530273,1.2325999736785889,1.25,117338,0.0,0.0,0.0
2021-05-17 00:00:00-04:00,1.25,1.2999999523162842,1.2000000476837158,1.2799999713897705,3226905,0.0,0.0,0.0
2021-05-18 00:00:00-04:00,1.25,1.2799999713897705,1.2359999418258667,1.25,656016,0.0,0.0,0.0
2021-05-19 00:00:00-04:00,1.25,1.2999999523162842,1.2000000476837158,1.25,139417,0.0,0.0,0.0
2021-05-20 00:00:00-04:00,1.25,1.25,1.2384999990463257,1.25,24061,0.0,0.0,0.0
2021-05-21 00:00:00-04:00,1.25,1.2999999523162842,1.2000000476837158,1.25,209892,0.0,0.0,0.0
2021-05-24 00:00:00-04:00,1.25,1.25,1.2000000476837158,1.2350000143051147,220975,0.0,0.0,0.0
2021-05-25 00:00:00-04:00,1.25,1.274999976158142,1.2209999561309814,1.2350000143051147,96218,0.0,0.0,0.0
2021-05-26 00:00:00-04:00,1.25,1.274999976158142,1.222000002861023,1.25,273997,0.0,0.0,0.0
2021-05-27 00:00:00-04:00,1.25,1.2734999656677246,1.2000000476837158,1.25,239446,0.0,0.0,0.0
2021-05-28 00:00:00-04:00,1.25,1.2699999809265137,1.2000000476837158,1.25,546620,0.0,0.0,0.0
2021-06-01 00:00:00-04:00,1.25,1.2680000066757202,1.2300000190734863,1.25,19369,0.0,0.0,0.0
2021-06-02 00:00:00-04:00,1.25,1.2649999856948853,1.2000000476837158,1.25,49224,0.0,0.0,0.0
2021-06-03 00:00:00-04:00,1.25,1.2680000066757202,1.2300000190734863,1.25,17124,0.0,0.0,0.0
2021-06-04 00:00:00-04:00,1.25,1.2680000066757202,1.2300000190734863,1.25,79844,0.0,0.0,0.0
2021-06-07 00:00:00-04:00,1.25,1.2999999523162842,1.2309999465942383,1.25,147940,0.0,0.0,0.0
2021-06-08 00:00:00-04:00,1.25,1.2319999933242798,1.2319999933242798,1.25,35586,0.0,0.0,0.0
2021-06-09 00:00:00-04:00,1.25,1.2680000066757202,1.2300000190734863,1.25,99823,0.0,0.0,0.0
2021-06-10 00:00:00-04:00,1.25,1.2680000066757202,1.2319999933242798,1.25,98887,0.0,0.0,0.0
2021-06-11 00:00:00-04:00,1.25,1.2680000066757202,1.243749976158142,1.25,392248,0.0,0.0,0.0
2021-06-14 00:00:00-04:00,1.25,1.2899999618530273,1.2330000400543213,1.25,234797,0.0,0.0,0.0
2021-06-15 00:00:00-04:00,1.25,1.2669999599456787,1.233299970626831,1.25,45043,0.0,0.0,0.0
2021-06-16 00:00:00-04:00,1.25,1.2660000324249268,1.2350000143051147,1.25,613933,0.0,0.0,0.0
2021-06-17 00:00:00-04:00,1.25,1.2649999856948853,1.2000000476837158,1.25,172070,0.0,0.0,0.0
2021-06-18 00:00:00-04:00,1.25,1.2599999904632568,1.2410000562667847,1.25,96842,0.0,0.0,0.0
2021-06-21 00:00:00-04:00,1.25,1.2549999952316284,1.2410999536514282,1.25,26490,0.0,0.0,0.0
2021-06-22 00:00:00-04:00,1.25,1.2547999620437622,1.2000000476837158,1.25,31474,0.0,0.0,0.0
2021-06-23 00:00:00-04:00,1.25,1.2547999620437622,1.2412999868392944,1.25,41126,0.0,0.0,0.0
2021-06-24 00:00:00-04:00,1.25,1.2799999713897705,1.2200000286102295,1.25,829856,0.0,0.0,0.0
2021-06-25 00:00:00-04:00,1.25,1.2799999713897705,1.2450000047683716,1.25,24606,0.0,0.0,0.0
2021-06-28 00:00:00-04:00,1.25,1.2547999620437622,1.2452000379562378,1.25,35622,0.0,0.0,0.0
2021-06-29 00:00:00-04:00,1.25,1.2547999620437622,1.2455999851226807,1.25,375382,0.0,0.0,0.0
2021-06-30 00:00:00-04:00,1.25,1.2549999952316284,1.25,1.25,92739,0.0,0.0,0.0
2021-07-01 00:00:00-04:00,1.25,1.2547999620437622,1.245710015296936,1.25,1285362,0.0,0.0,0.0
2021-07-02 00:00:00-04:00,1.25,1.2549999952316284,1.245710015296936,1.25,109578,0.0,0.0,0.0
2021-07-06 00:00:00-04:00,1.25,1.2547999620437622,1.250100016593933,1.25,50262,0.0,0.0,0.0
2021-07-07 00:00:00-04:00,1.25,1.2549999952316284,1.2503000497817993,1.25,65123,0.0,0.0,0.0
2021-07-08 00:00:00-04:00,1.25,1.2549999952316284,1.2200000286102295,1.25,170073,0.0,0.0,0.0
2021-07-09 00:00:00-04:00,1.25,1.2547999620437622,1.2400000095367432,1.25,321586,0.0,0.0,0.0
2021-07-12 00:00:00-04:00,1.25,1.2799999713897705,1.2400000095367432,1.25,35798,0.0,0.0,0.0
2021-07-13 00:00:00-04:00,1.25,1.2549999952316284,1.2200000286102295,1.25,679512,0.0,0.0,0.0
2021-07-14 00:00:00-04:00,1.25,1.2547999620437622,1.2400000095367432,1.25,907522,0.0,0.0,0.0
2021-07-15 00:00:00-04:00,1.25,1.2547999620437622,1.2200000286102295,1.25,77734,0.0,0.0,0.0
2021-07-16 00:00:00-04:00,1.25,1.2547999620437622,1.2400000095367432,1.25,824774,0.0,0.0,0.0
2021-07-19 00:00:00-04:00,1.25,1.2547999620437622,1.2400000095367432,1.25,61036,0.0,0.0,0.0
2021-07-20 00:00:00-04:00,1.25,1.2547999620437622,1.2200000286102295,1.25,94771,0.0,0.0,0.0
2021-07-21 00:00:00-04:00,1.25,1.2547999620437622,1.2400000095367432,1.25,459483,0.0,0.0,0.0
2021-07-22 00:00:00-04:00,1.25,1.2799999713897705,1.2200000286102295,1.25,99113,0.0,0.0,0.0
2021-07-23 00:00:00-04:00,1.25,1.2547999620437622,1.243299961090088,1.25,11309,0.0,0.0,0.0
2021-07-26 00:00:00-04:00,1.25,1.2547999620437622,1.2200000286102295,1.25,68627,0.0,0.0,0.0
2021-07-27 00:00:00-04:00,1.25,1.2549999952316284,1.2436000108718872,1.25,90945,0.0,0.0,0.0
2021-07-28 00:00:00-04:00,1.25,1.2547999620437622,1.2400000095367432,1.25,112422,0.0,0.0,0.0
2021-07-29 00:00:00-04:00,1.25,1.2799999713897705,1.2400000095367432,1.25,389696,0.0,0.0,0.0
2021-07-30 00:00:00-04:00,1.25,1.2799999713897705,1.24399995803833,1.25,146684,0.0,0.0,0.0
2021-08-02 00:00:00-04:00,1.25,1.2727999687194824,1.25,1.25,313847,0.0,0.0,0.0
2021-08-03 00:00:00-04:00,1.25,1.2727999687194824,1.2400000095367432,1.25,781933,0.0,0.0,0.0
2021-08-04 00:00:00-04:00,1.25,1.2727999687194824,1.2510000467300415,1.25,140821,0.0,0.0,0.0
2021-08-05 00:00:00-04:00,1.25,1.2727999687194824,1.2510000467300415,1.25,51193,0.0,0.0,0.0
2021-08-06 00:00:00-04:00,1.25,1.2727999687194824,1.2450000047683716,1.25,464761,0.0,0.0,0.0
2021-08-09 00:00:00-04:00,1.25,1.2799999713897705,1.2308000326156616,1.25,193147,0.0,0.0,0.0
2021-08-10 00:00:00-04:00,1.25,1.2799999713897705,1.2308000326156616,1.25,610172,0.0,0.0,0.0
2021-08-11 00:00:00-04:00,1.25,1.2799999713897705,1.25,1.25,281824,0.0,0.0,0.0
2021-08-12 00:00:00-04:00,1.25,1.2727999687194824,1.25,1.25,345481,0.0,0.0,0.0
2021-08-13 00:00:00-04:00,1.25,1.2727999687194824,1.25,1.25,125774,0.0,0.0,0.0
2021-08-16 00:00:00-04:00,1.25,1.2727999687194824,1.25,1.25,90587,0.0,0.0,0.0
2021-08-17 00:00:00-04:00,1.25,1.2699999809265137,1.2200000286102295,1.25,485919,0.0,0.0,0.0
2021-08-18 00:00:00-04:00,1.25,1.2690000534057617,1.2400000095367432,1.25,89434,0.0,0.0,0.0
2021-08-19 00:00:00-04:00,1.25,1.2799999713897705,1.2400000095367432,1.25,90589,0.0,0.0,0.0
2021-08-20 00:00:00-04:00,1.25,1.2649999856948853,1.2400000095367432,1.25,88251,0.0,0.0,0.0
2021-08-23 00:00:00-04:00,1.25,1.264799952507019,1.2400000095367432,1.25,347159,0.0,0.0,0.0
2021-08-24 00:00:00-04:00,1.25,1.2646000385284424,1.2400000095367432,1.25,35020,0.0,0.0,0.0
2021-08-25 00:00:00-04:00,1.25,1.2646000385284424,1.2400000095367432,1.25,151610,0.0,0.0,0.0
2021-08-26 00:00:00-04:00,1.25,1.264299988746643,1.2599999904632568,1.25,84677,0.0,0.0,0.0
2021-08-27 00:00:00-04:00,1.25,1.2599999904632568,1.2400000095367432,1.25,262636,0.0,0.0,0.0
2021-08-30 00:00:00-04:00,1.25,1.25,1.25,1.25,0,0.0,0.0,0.0
2021-08-31 00:00:00-04:00,1.25,1.264299988746643,1.2000000476837158,1.25,1331211,0.0,0.0,0.0
2021-09-01 00:00:00-04:00,1.25,1.2599999904632568,1.2206000089645386,1.25,51431,0.0,0.0,0.0
2021-09-02 00:00:00-04:00,1.25,1.2599999904632568,1.2206000089645386,1.25,182710,0.0,0.0,0.0
2021-09-03 00:00:00-04:00,1.25,1.2599999904632568,1.2206000089645386,1.25,96508,0.0,0.0,0.0
2021-09-07 00:00:00-04:00,1.25,1.2599999904632568,1.2200000286102295,1.25,149106,0.0,0.0,0.0
2021-09-08 00:00:00-04:00,1.25,1.2799999713897705,1.2200000286102295,1.25,55235,0.0,0.0,0.0
2021-09-09 00:00:00-04:00,1.25,1.2699999809265137,1.2211999893188477,1.25,63157,0.0,0.0,0.0
2021-09-10 00:00:00-04:00,1.25,1.2699999809265137,1.221500039100647,1.25,205907,0.0,0.0,0.0
2021-09-13 00:00:00-04:00,1.25,1.25,1.25,1.25,0,0.0,0.0,0.0
2021-09-14 00:00:00-04:00,1.25,1.2599999904632568,1.2217999696731567,1.25,106903,0.0,0.0,0.0
2021-09-15 00:00:00-04:00,1.25,1.2589000463485718,1.2217999696731567,1.25,65195,0.0,0.0,0.0
2021-09-16 00:00:00-04:00,1.25,1.2599999904632568,1.2218999862670898,1.25,61019,0.0,0.0,0.0
2021-09-17 00:00:00-04:00,1.25,1.2625000476837158,1.222040057182312,1.2549999952316284,739350,0.0,0.0,0.0
2021-09-20 00:00:00-04:00,1.2549999952316284,1.2799999713897705,1.232800006866455,1.2549999952316284,281485,0.0,0.0,0.0
2021-09-21 00:00:00-04:00,1.2549999952316284,1.2619999647140503,1.2336000204086304,1.2549999952316284,282667,0.0,0.0,0.0
2021-09-22 00:00:00-04:00,1.2549999952316284,1.2619999647140503,1.2300000190734863,1.2549999952316284,551607,0.0,0.0,0.0
2021-09-23 00:00:00-04:00,1.2549999952316284,1.2619999647140503,1.2350000143051147,1.2549999952316284,174619,0.0,0.0,0.0
2021-09-24 00:00:00-04:00,1.2549999952316284,1.2619999647140503,1.2359999418258667,1.2549999952316284,325402,0.0,0.0,0.0
2021-09-27 00:00:00-04:00,1.2549999952316284,1.2710000276565552,1.2359999418258667,1.2549999952316284,215912,0.0,0.0,0.0
2021-09-28 00:00:00-04:00,1.2549999952316284,1.2795000076293945,1.2300000190734863,1.2599999904632568,531887,0.0,0.0,0.0
2021-09-29 00:00:00-04:00,1.2599999904632568,1.2796000242233276,1.25,1.2699999809265137,116297,0.0,0.0,0.0
2021-09-30 00:00:00-04:00,1.2699999809265137,1.2949999570846558,1.25,1.2699999809265137,319041,0.0,0.0,0.0
2021-10-01 00:00:00-04:00,1.2699999809265137,1.2699999809265137,1.25600004196167,1.2699999809265137,179040,0.0,0.0,0.0
2021-10-04 00:00:00-04:00,1.2699999809265137,1.2938799858093262,1.25600004196167,1.2699999809265137,225692,0.0,0.0,0.0
2021-10-05 00:00:00-04:00,1.2699999809265137,1.2938799858093262,1.2400000095367432,1.2699999809265137,316092,0.0,0.0,0.0
2021-10-06 00:00:00-04:00,1.2699999809265137,1.2938799858093262,1.25,1.2699999809265137,1146404,0.0,0.0,0.0
2021-10-07 00:00:00-04:00,1.2699999809265137,1.2970000505447388,1.2400000095367432,1.2699999809265137,85034,0.0,0.0,0.0
2021-10-08 00:00:00-04:00,1.2699999809265137,1.2970000505447388,1.25,1.2699999809265137,23773,0.0,0.0,0.0
2021-10-11 00:00:00-04:00,1.2699999809265137,1.2970000505447388,1.2400000095367432,1.2699999809265137,49143,0.0,0.0,0.0
2021-10-12 00:00:00-04:00,1.2699999809265137,1.2970000505447388,1.25,1.2699999809265137,233539,0.0,0.0,0.0
2021-10-13 00:00:00-04:00,1.2699999809265137,1.2970000505447388,1.2619999647140503,1.2799999713897705,240686,0.0,0.0,0.0
2021-10-14 00:00:00-04:00,1.2799999713897705,1.309999942779541,1.25,1.2799999713897705,105370,0.0,0.0,0.0
2021-10-15 00:00:00-04:00,1.2799999713897705,1.309999942779541,1.2710000276565552,1.2799999713897705,136256,0.0,0.0,0.0
2021-10-18 00:00:00-04:00,1.2799999713897705,1.3070000410079956,1.2599999904632568,1.2799999713897705,1386656,0.0,0.0,0.0
2021-10-19 00:00:00-04:00,1.2799999713897705,1.3070000410079956,1.2752000093460083,1.2799999713897705,163911,0.0,0.0,0.0
2021-10-20 00:00:00-04:00,1.2799999713897705,1.3070000410079956,1.2752000093460083,1.2799999713897705,554897,0.0,0.0,0.0
2021-10-21 00:00:00-04:00,1.2799999713897705,1.3200000524520874,1.2599999904632568,1.3200000524520874,239378,0.0,0.0,0.0
2021-10-22 00:00:00-04:00,1.2949999570846558,1.3270000219345093,1.2899999618530273,1.2999999523162842,143896,0.0,0.0,0.0
2021-10-25 00:00:00-04:00,1.2999999523162842,1.309999942779541,1.2699999809265137,1.2999999523162842,35543,0.0,0.0,0.0
2021-10-26 00:00:00-04:00,1.2999999523162842,1.3270000219345093,1.3006000518798828,1.2999999523162842,74214,0.0,0.0,0.0
2021-10-27 00:00:00-04:00,1.3049999475479126,1.340000033378601,1.3049999475479126,1.309999942779541,133142,0.0,0.0,0.0
2021-10-28 00:00:00-04:00,1.309999942779541,1.350000023841858,1.309999942779541,1.3300000429153442,89846,0.0,0.0,0.0
2021-10-29 00:00:00-04:00,1.3300000429153442,1.3600000143051147,1.309999942779541,1.340000033378601,125679,0.0,0.0,0.0
2021-11-01 00:00:00-04:00,1.340000033378601,1.368499994277954,1.309999942779541,1.340000033378601,45758,0.0,0.0,0.0
2021-11-02 00:00:00-04:00,1.3450000286102295,1.3799999952316284,1.350000023841858,1.350000023841858,268938,0.0,0.0,0.0
2021-11-03 00:00:00-04:00,1.350000023841858,1.3799999952316284,1.3200000524520874,1.3799999952316284,94794,0.0,0.0,0.0
2021-11-04 00:00:00-04:00,1.3550000190734863,1.3869999647140503,1.3300000429153442,1.3799999952316284,75614,0.0,0.0,0.0
2021-11-05 00:00:00-04:00,1.3600000143051147,1.3869999647140503,1.3630000352859497,1.3600000143051147,198845,0.0,0.0,0.0
2021-11-08 00:00:00-05:00,1.3600000143051147,1.3833999633789062,1.3300000429153442,1.3600000143051147,196547,0.0,0.0,0.0
2021-11-09 00:00:00-05:00,1.3600000143051147,1.3833999633789062,1.340000033378601,1.3799999952316284,416721,0.0,0.0,0.0
2021-11-10 00:00:00-05:00,1.3799999952316284,1.4299999475479126,1.399999976158142,1.399999976158142,26724,0.0,0.0,0.0
2021-11-11 00:00:00-05:00,1.399999976158142,1.4594000577926636,1.3700000047683716,1.4299999475479126,498454,0.0,0.0,0.0
2021-11-12 00:00:00-05:00,1.4299999475479126,1.4538999795913696,1.4299999475479126,1.4299999475479126,341749,0.0,0.0,0.0
2021-11-15 00:00:00-05:00,1.4299999475479126,1.4538999795913696,1.4299999475479126,1.4500000476837158,119644,0.0,0.0,0.0
2021-11-16 00:00:00-05:00,1.4299999475479126,1.4600000381469727,1.409999966621399,1.4299999475479126,239865,0.0,0.0,0.0
2021-11-17 00:00:00-05:00,1.4299999475479126,1.4520000219345093,1.4149999618530273,1.4299999475479126,1031199,0.0,0.0,0.0
2021-11-18 00:00:00-05:00,1.4299999475479126,1.440000057220459,1.4210000038146973,1.4299999475479126,141399,0.0,0.0,0.0
2021-11-19 00:00:00-05:00,1.4299999475479126,1.4397000074386597,1.399999976158142,1.4299999475479126,88137,0.0,0.0,0.0
2021-11-22 00:00:00-05:00,1.4299999475479126,1.4390000104904175,1.4210000038146973,1.4299999475479126,158040,0.0,0.0,0.0
2021-11-23 00:00:00-05:00,1.4299999475479126,1.4600000381469727,1.4210000038146973,1.4299999475479126,126649,0.0,0.0,0.0
2021-11-24 00:00:00-05:00,1.4299999475479126,1.4500000476837158,1.399999976158142,1.4299999475479126,77211,0.0,0.0,0.0
2021-11-26 00:00:00-05:00,1.4299999475479126,1.440000057220459,1.4149999618530273,1.4299999475479126,94995,0.0,0.0,0.0
2021-11-29 00:00:00-05:00,1.4299999475479126,1.4500000476837158,1.3799999952316284,1.3799999952316284,238336,0.0,0.0,0.0
2021-11-30 00:00:00-05:00,1.3899999856948853,1.3600000143051147,1.309999942779541,1.3300000429153442,185730,0.0,0.0,0.0
2021-12-01 00:00:00-05:00,1.3300000429153442,1.3550000190734863,1.315999984741211,1.340000033378601,2218053,0.0,0.0,0.0
2021-12-02 00:00:00-05:00,1.340000033378601,1.3200000524520874,1.309999942779541,1.3300000429153442,124150,0.0,0.0,0.0
2021-12-03 00:00:00-05:00,1.3300000429153442,1.3300000429153442,1.3148000240325928,1.3300000429153442,83413,0.0,0.0,0.0
2021-12-06 00:00:00-05:00,1.3300000429153442,1.340000033378601,1.2999999523162842,1.3200000524520874,67646,0.0,0.0,0.0
2021-12-07 00:00:00-05:00,1.3200000524520874,1.315000057220459,1.2899999618530273,1.315000057220459,82930,0.0,0.0,0.0
2021-12-08 00:00:00-05:00,1.315000057220459,1.3300000429153442,1.2905000448226929,1.315000057220459,97951,0.0,0.0,0.0
2021-12-09 00:00:00-05:00,1.315000057220459,1.2910000085830688,1.2910000085830688,1.315000057220459,53336,0.0,0.0,0.0
2021-12-10 00:00:00-05:00,1.315000057220459,1.309000015258789,1.2910000085830688,1.309999942779541,204420,0.0,0.0,0.0
2021-12-13 00:00:00-05:00,1.309999942779541,1.3044999837875366,1.2799999713897705,1.309999942779541,213756,0.0,0.0,0.0
2021-12-14 00:00:00-05:00,1.309999942779541,1.3040000200271606,1.281000018119812,1.2999999523162842,162795,0.0,0.0,0.0
2021-12-15 00:00:00-05:00,1.2999999523162842,1.2999999523162842,1.281000018119812,1.2999999523162842,258480,0.0,0.0,0.0
2021-12-16 00:00:00-05:00,1.2999999523162842,1.315999984741211,1.2799999713897705,1.2999999523162842,986613,0.0,0.0,0.0
2021-12-17 00:00:00-05:00,1.2999999523162842,1.3200000524520874,1.280400037765503,1.2999999523162842,9865835,0.0,0.0,0.0
2021-12-20 00:00:00-05:00,1.2999999523162842,1.2999999523162842,1.2812000513076782,1.2999999523162842,112063,0.0,0.0,0.0
2021-12-21 00:00:00-05:00,1.2999999523162842,1.2999999523162842,1.2799999713897705,1.2999999523162842,64016,0.0,0.0,0.0
2021-12-22 00:00:00-05:00,1.2999999523162842,1.2990000247955322,1.281499981880188,1.2999999523162842,65193,0.0,0.0,0.0
2021-12-23 00:00:00-05:00,1.2999999523162842,1.2999999523162842,1.2799999713897705,1.2999999523162842,806498,0.0,0.0,0.0
2021-12-27 00:00:00-05:00,1.2999999523162842,1.2999999523162842,1.2999999523162842,1.2999999523162842,0,0.0,0.0,0.0
2021-12-28 00:00:00-05:00,1.2999999523162842,1.2999999523162842,1.2999999523162842,1.2999999523162842,0,0.0,0.0,0.0
2021-12-29 00:00:00-05:00,1.2999999523162842,1.309999942779541,1.281999945640564,1.309999942779541,50609,0.0,0.0,0.0
2021-12-30 00:00:00-05:00,1.2999999523162842,1.309999942779541,1.2799999713897705,1.2999999523162842,109959,0.0,0.0,0.0
2021-12-31 00:00:00-05:00,1.2999999523162842,1.2999999523162842,1.2994999885559082,1.2999999523162842,45504,0.0,0.0,0.0
2022-01-03 00:00:00-05:00,1.2999999523162842,1.2999999523162842,1.2999999523162842,1.2999999523162842,0,0.0,0.0,0.0
2022-01-04 00:00:00-05:00,1.2999999523162842,1.2999999523162842,1.281999945640564,1.2999999523162842,230823,0.0,0.0,0.0
2022-01-05 00:00:00-05:00,1.2999999523162842,1.2999999523162842,1.2799999713897705,1.2999999523162842,328069,0.0,0.0,0.0
2022-01-06 00:00:00-05:00,1.2999999523162842,1.2970000505447388,1.2799999713897705,1.2999999523162842,63108,0.0,0.0,0.0
2022-01-07 00:00:00-05:00,1.2899999618530273,1.2968000173568726,1.274999976158142,1.2899999618530273,260427,0.0,0.0,0.0
2022-01-10 00:00:00-05:00,1.2899999618530273,1.2999999523162842,1.2599999904632568,1.2799999713897705,274554,0.0,0.0,0.0
2022-01-11 00:00:00-05:00,1.2799999713897705,1.2944999933242798,1.2430000305175781,1.2799999713897705,154775,0.0,0.0,0.0
2022-01-12 00:00:00-05:00,1.2699999809265137,1.2649999856948853,1.2400000095367432,1.2400000095367432,137672,0.0,0.0,0.0
2022-01-13 00:00:00-05:00,1.2599999904632568,1.2634999752044678,1.2400000095367432,1.2599999904632568,8138442,0.0,0.0,0.0
2022-01-14 00:00:00-05:00,1.2599999904632568,1.2599999904632568,1.2000000476837158,1.2300000190734863,140048,0.0,0.0,0.0
2022-01-18 00:00:00-05:00,1.215000033378601,1.2056000232696533,1.149999976158142,1.1749999523162842,87969,0.0,0.0,0.0
2022-01-19 00:00:00-05:00,1.1749999523162842,1.1904000043869019,1.149999976158142,1.1749999523162842,335606,0.0,0.0,0.0
2022-01-20 00:00:00-05:00,1.1749999523162842,1.190000057220459,1.159999966621399,1.1749999523162842,1738218,0.0,0.0,0.0
2022-01-21 00:00:00-05:00,1.1749999523162842,1.1916699409484863,1.1505000591278076,1.1749999523162842,1328430,0.0,0.0,0.0
2022-01-24 00:00:00-05:00,1.1749999523162842,1.2000000476837158,1.149999976158142,1.1749999523162842,1115056,0.0,0.0,0.0
2022-01-25 00:00:00-05:00,1.1749999523162842,1.1887999773025513,1.149999976158142,1.1749999523162842,830324,0.0,0.0,0.0
2022-01-26 00:00:00-05:00,1.184999942779541,1.1942499876022339,1.149999976158142,1.1799999475479126,231602,0.0,0.0,0.0
2022-01-27 00:00:00-05:00,1.1749999523162842,1.2000000476837158,1.1505000591278076,1.184999942779541,144557,0.0,0.0,0.0
2022-01-28 00:00:00-05:00,1.1799999475479126,1.2094000577926636,1.152500033378601,1.1799999475479126,1169538,0.0,0.0,0.0
2022-01-31 00:00:00-05:00,1.1799999475479126,1.2000000476837158,1.1549999713897705,1.1799999475479126,204758,0.0,0.0,0.0
2022-02-01 00:00:00-05:00,1.1799999475479126,1.2000000476837158,1.1605000495910645,1.184999942779541,345886,0.0,0.0,0.0
2022-02-02 00:00:00-05:00,1.184999942779541,1.2000000476837158,1.1619999408721924,1.184999942779541,158340,0.0,0.0,0.0
2022-02-03 00:00:00-05:00,1.184999942779541,1.2100000381469727,1.1710000038146973,1.184999942779541,3531791,0.0,0.0,0.0
2022-02-04 00:00:00-05:00,1.184999942779541,1.2294000387191772,1.1770000457763672,1.2000000476837158,284710,0.0,0.0,0.0
2022-02-07 00:00:00-05:00,1.2000000476837158,1.2300000190734863,1.190000057220459,1.2100000381469727,75773,0.0,0.0,0.0
2022-02-08 00:00:00-05:00,1.2100000381469727,1.273900032043457,1.2000000476837158,1.2549999952316284,250380,0.0,0.0,0.0
2022-02-09 00:00:00-05:00,1.2549999952316284,1.2899999618530273,1.2300000190734863,1.2699999809265137,446521,0.0,0.0,0.0
2022-02-10 00:00:00-05:00,1.2699999809265137,1.2999999523162842,1.281000018119812,1.2799999713897705,2177303,0.0,0.0,0.0
2022-02-11 00:00:00-05:00,1.2799999713897705,1.2999999523162842,1.2599999904632568,1.2899999618530273,1032050,0.0,0.0,0.0
2022-02-14 00:00:00-05:00,1.284999966621399,1.2899999618530273,1.25,1.2799999713897705,304169,0.0,0.0,0.0
2022-02-15 00:00:00-05:00,1.274999976158142,1.2999999523162842,1.2400000095367432,1.2699999809265137,109855,0.0,0.0,0.0
2022-02-16 00:00:00-05:00,1.2699999809265137,1.2699999809265137,1.2400000095367432,1.2699999809265137,42888,0.0,0.0,0.0
2022-02-17 00:00:00-05:00,1.2699999809265137,1.2699999809265137,1.2400000095367432,1.2699999809265137,102542,0.0,0.0,0.0
2022-02-18 00:00:00-05:00,1.2699999809265137,1.2630000114440918,1.2400000095367432,1.2649999856948853,43563,0.0,0.0,0.0
2022-02-22 00:00:00-05:00,1.2400000095367432,1.2400000095367432,1.2100000381469727,1.2350000143051147,360820,0.0,0.0,0.0
2022-02-23 00:00:00-05:00,1.2350000143051147,1.2350000143051147,1.2000000476837158,1.2050000429153442,151267,0.0,0.0,0.0
2022-02-24 00:00:00-05:00,1.2050000429153442,1.2200000286102295,1.1200000047683716,1.1549999713897705,223266,0.0,0.0,0.0
2022-02-25 00:00:00-05:00,1.1549999713897705,1.156999945640564,1.1299999952316284,1.1549999713897705,287146,0.0,0.0,0.0
2022-02-28 00:00:00-05:00,1.1549999713897705,1.1699999570846558,1.1299999952316284,1.1549999713897705,83475,0.0,0.0,0.0
2022-03-01 00:00:00-05:00,1.159999966621399,1.1895999908447266,1.1543999910354614,1.1699999570846558,179635,0.0,0.0,0.0
2022-03-02 00:00:00-05:00,1.1699999570846558,1.190000057220459,1.159999966621399,1.190000057220459,181438,0.0,0.0,0.0
2022-03-03 00:00:00-05:00,1.1699999570846558,1.190000057220459,1.149999976158142,1.1699999570846558,190052,0.0,0.0,0.0
2022-03-04 00:00:00-05:00,1.1699999570846558,1.184999942779541,1.1640000343322754,1.1699999570846558,440332,0.0,0.0,0.0
2022-03-07 00:00:00-05:00,1.1699999570846558,1.1799999475479126,1.1404999494552612,1.1549999713897705,230442,0.0,0.0,0.0
2022-03-08 00:00:00-05:00,1.1549999713897705,1.1549999713897705,1.090000033378601,1.1050000190734863,501913,0.0,0.0,0.0
2022-03-09 00:00:00-05:00,1.1050000190734863,1.1200000047683716,1.0700000524520874,1.100000023841858,238133,0.0,0.0,0.0
2022-03-10 00:00:00-05:00,1.100000023841858,1.1200000047683716,1.0706000328063965,1.100000023841858,298978,0.0,0.0,0.0
2022-03-11 00:00:00-05:00,1.1100000143051147,1.1299999952316284,1.0972000360488892,1.1100000143051147,149683,0.0,0.0,0.0
2022-03-14 00:00:00-04:00,1.1100000143051147,1.149999976158142,1.090000033378601,1.125,146500,0.0,0.0,0.0
2022-03-15 00:00:00-04:00,1.125,1.159999966621399,1.100000023841858,1.149999976158142,526652,0.0,0.0,0.0
2022-03-16 00:00:00-04:00,1.149999976158142,1.229200005531311,1.152400016784668,1.1950000524520874,98488,0.0,0.0,0.0
2022-03-17 00:00:00-04:00,1.1950000524520874,1.2350000143051147,1.1950000524520874,1.2100000381469727,170834,0.0,0.0,0.0
2022-03-18 00:00:00-04:00,1.2100000381469727,1.2599999904632568,1.2000000476837158,1.2350000143051147,231772,0.0,0.0,0.0
2022-03-21 00:00:00-04:00,1.2450000047683716,1.2925000190734863,1.2300000190734863,1.2599999904632568,1158409,0.0,0.0,0.0
2022-03-22 00:00:00-04:00,1.2599999904632568,1.2960000038146973,1.2300000190734863,1.2649999856948853,779103,0.0,0.0,0.0
2022-03-23 00:00:00-04:00,1.2649999856948853,1.2660000324249268,1.2300000190734863,1.2549999952316284,245038,0.0,0.0,0.0
2022-03-24 00:00:00-04:00,1.2549999952316284,1.2480000257492065,1.2200000286102295,1.2200000286102295,42633,0.0,0.0,0.0
2022-03-25 00:00:00-04:00,1.2450000047683716,1.2699999809265137,1.2050000429153442,1.25,305359,0.0,0.0,0.0
2022-03-28 00:00:00-04:00,1.2549999952316284,1.2699999809265137,1.2487000226974487,1.2549999952316284,454263,0.0,0.0,0.0
2022-03-29 00:00:00-04:00,1.2649999856948853,1.2999999523162842,1.2645000219345093,1.2799999713897705,1031740,0.0,0.0,0.0
2022-03-30 00:00:00-04:00,1.2799999713897705,1.295699954032898,1.2599999904632568,1.2899999618530273,233715,0.0,0.0,0.0
2022-03-31 00:00:00-04:00,1.2899999618530273,1.2956000566482544,1.2699999809265137,1.2899999618530273,96260,0.0,0.0,0.0
2022-04-01 00:00:00-04:00,1.2899999618530273,1.2940000295639038,1.2799999713897705,1.2899999618530273,156773,0.0,0.0,0.0
2022-04-04 00:00:00-04:00,1.2899999618530273,1.2999999523162842,1.2599999904632568,1.2899999618530273,167436,0.0,0.0,0.0
2022-04-05 00:00:00-04:00,1.2899999618530273,1.309999942779541,1.212499976158142,1.274999976158142,391528,0.0,0.0,0.0
2022-04-06 00:00:00-04:00,1.2699999809265137,1.2649999856948853,1.2200000286102295,1.2450000047683716,115158,0.0,0.0,0.0
2022-04-07 00:00:00-04:00,1.2450000047683716,1.2200000286102295,1.1200000047683716,1.149999976158142,473145,0.0,0.0,0.0
2022-04-08 00:00:00-04:00,1.149999976158142,1.1549999713897705,1.1205999851226807,1.149999976158142,477440,0.0,0.0,0.0
2022-04-11 00:00:00-04:00,1.149999976158142,1.1399999856948853,1.0950000286102295,1.1399999856948853,480055,0.0,0.0,0.0
2022-04-12 00:00:00-04:00,1.1399999856948853,1.1299999952316284,1.1100000143051147,1.1349999904632568,703549,0.0,0.0,0.0
2022-04-13 00:00:00-04:00,1.1349999904632568,1.1375000476837158,1.1100000143051147,1.1349999904632568,214892,0.0,0.0,0.0
2022-04-14 00:00:00-04:00,1.125,1.1399999856948853,1.1100000143051147,1.1200000047683716,351476,0.0,0.0,0.0
2022-04-18 00:00:00-04:00,1.1200000047683716,1.1200000047683716,1.1200000047683716,1.1200000047683716,0,0.0,0.0,0.0
2022-04-19 00:00:00-04:00,1.1200000047683716,1.1399999856948853,1.0800000429153442,1.1050000190734863,64282,0.0,0.0,0.0
2022-04-20 00:00:00-04:00,1.1050000190734863,1.0980000495910645,1.0499999523162842,1.059999942779541,69993,0.0,0.0,0.0
2022-04-21 00:00:00-04:00,1.0449999570846558,1.059999942779541,1.0011999607086182,1.059999942779541,787902,0.0,0.0,0.0
2022-04-22 00:00:00-04:00,1.0399999618530273,1.059999942779541,1.0152000188827515,1.0399999618530273,124755,0.0,0.0,0.0
2022-04-25 00:00:00-04:00,1.0399999618530273,1.0829999446868896,1.0,1.0399999618530273,344506,0.0,0.0,0.0
2022-04-26 00:00:00-04:00,1.0399999618530273,1.0592000484466553,1.0,1.0299999713897705,481605,0.0,0.0,0.0
2022-04-27 00:00:00-04:00,1.0299999713897705,1.031000018119812,1.0,1.024999976158142,624753,0.0,0.0,0.0
2022-04-28 00:00:00-04:00,1.024999976158142,1.0149999856948853,0.9610000252723694,0.9900000095367432,541312,0.0,0.0,0.0
2022-04-29 00:00:00-04:00,0.9900000095367432,1.0,0.9200000166893005,0.9599999785423279,917381,0.0,0.0,0.0
2022-05-02 00:00:00-04:00,0.9599999785423279,0.9599999785423279,0.9599999785423279,0.9599999785423279,0,0.0,0.0,0.0
2022-05-03 00:00:00-04:00,0.9599999785423279,0.9991999864578247,0.8999999761581421,0.9300000071525574,481923,0.0,0.0,0.0
2022-05-04 00:00:00-04:00,0.9300000071525574,0.9157999753952026,0.8600000143051147,0.8899999856948853,528815,0.0,0.0,0.0
2022-05-05 00:00:00-04:00,0.8899999856948853,0.9100000262260437,0.8600000143051147,0.8799999952316284,990921,0.0,0.0,0.0
2022-05-06 00:00:00-04:00,0.8799999952316284,0.8859999775886536,0.861840009689331,0.8799999952316284,848764,0.0,0.0,0.0
2022-05-09 00:00:00-04:00,0.8799999952316284,0.8899999856948853,0.8246200084686279,0.8550000190734863,109181,0.0,0.0,0.0
2022-05-10 00:00:00-04:00,0.8550000190734863,0.8640000224113464,0.8199999928474426,0.8550000190734863,497193,0.0,0.0,0.0
2022-05-11 00:00:00-04:00,0.8550000190734863,0.8799999952316284,0.800000011920929,0.8500000238418579,448646,0.0,0.0,0.0
2022-05-12 00:00:00-04:00,0.8349999785423279,0.8600000143051147,0.7799999713897705,0.8149999976158142,223703,0.0,0.0,0.0
2022-05-13 00:00:00-04:00,0.8149999976158142,0.7968800067901611,0.7799999713897705,0.8149999976158142,606108,0.0,0.0,0.0
2022-05-16 00:00:00-04:00,0.8149999976158142,0.8500000238418579,0.7846199870109558,0.8149999976158142,1777823,0.0,0.0,0.0
2022-05-17 00:00:00-04:00,0.8149999976158142,0.9200000166893005,0.800000011920929,0.8700000047683716,466202,0.0,0.0,0.0
2022-05-18 00:00:00-04:00,0.8899999856948853,0.9750000238418579,0.8500000238418579,0.9300000071525574,221509,0.0,0.0,0.0
2022-05-19 00:00:00-04:00,0.9300000071525574,0.9800000190734863,0.8799999952316284,0.9300000071525574,555640,0.0,0.0,0.0
2022-05-20 00:00:00-04:00,0.9300000071525574,0.9750000238418579,0.9100000262260437,0.9300000071525574,474566,0.0,0.0,0.0
2022-05-23 00:00:00-04:00,0.9300000071525574,0.9677000045776367,0.9375,0.9300000071525574,692582,0.0,0.0,0.0
2022-05-24 00:00:00-04:00,0.9300000071525574,0.9394999742507935,0.8810999989509583,0.9300000071525574,294519,0.0,0.0,0.0
2022-05-25 00:00:00-04:00,0.9300000071525574,0.9319999814033508,0.8799999952316284,0.9300000071525574,87293,0.0,0.0,0.0
2022-05-26 00:00:00-04:00,0.9300000071525574,0.9160000085830688,0.8399999737739563,0.875,130416,0.0,0.0,0.0
2022-05-27 00:00:00-04:00,0.8650000095367432,0.8450000286102295,0.800000011920929,0.8199999928474426,125072,0.0,0.0,0.0
2022-05-31 00:00:00-04:00,0.8450000286102295,0.8450000286102295,0.8100000023841858,0.8100000023841858,2796693,0.0,0.0,0.0
2022-06-01 00:00:00-04:00,0.8450000286102295,0.8450000286102295,0.8100000023841858,0.8450000286102295,343225,0.0,0.0,0.0
2022-06-02 00:00:00-04:00,0.8450000286102295,0.8450000286102295,0.8450000286102295,0.8450000286102295,0,0.0,0.0,0.0
2022-06-03 00:00:00-04:00,0.8450000286102295,0.8450000286102295,0.8450000286102295,0.8450000286102295,0,0.0,0.0,0.0
2022-06-06 00:00:00-04:00,0.8450000286102295,0.8349999785423279,0.8100000023841858,0.8550000190734863,128407,0.0,0.0,0.0
2022-06-07 00:00:00-04:00,0.8550000190734863,0.8899999856948853,0.7799999713897705,0.8399999737739563,151337,0.0,0.0,0.0
2022-06-08 00:00:00-04:00,0.8399999737739563,0.8169999718666077,0.7699999809265137,0.8149999976158142,259460,0.0,0.0,0.0
2022-06-09 00:00:00-04:00,0.8149999976158142,0.8500000238418579,0.699999988079071,0.75,437573,0.0,0.0,0.0
2022-06-10 00:00:00-04:00,0.75,0.75,0.699999988079071,0.699999988079071,604604,0.0,0.0,0.0
2022-06-13 00:00:00-04:00,0.7350000143051147,0.7699999809265137,0.6399999856948853,0.7099999785423279,242958,0.0,0.0,0.0
2022-06-14 00:00:00-04:00,0.7099999785423279,0.7400000095367432,0.6200000047683716,0.6700000166893005,151106,0.0,0.0,0.0
2022-06-15 00:00:00-04:00,0.6700000166893005,0.6700000166893005,0.625,0.675000011920929,258165,0.0,0.0,0.0
2022-06-16 00:00:00-04:00,0.675000011920929,0.7200000286102295,0.6420000195503235,0.675000011920929,4023130,0.0,0.0,0.0
2022-06-17 00:00:00-04:00,0.675000011920929,0.7099999785423279,0.6399999856948853,0.675000011920929,959930,0.0,0.0,0.0
2022-06-21 00:00:00-04:00,0.675000011920929,0.6850000023841858,0.6299999952316284,0.6700000166893005,656870,0.0,0.0,0.0
2022-06-22 00:00:00-04:00,0.6700000166893005,0.6600000262260437,0.6200000047683716,0.6700000166893005,183735,0.0,0.0,0.0
2022-06-23 00:00:00-04:00,0.6700000166893005,0.652999997138977,0.6200000047683716,0.6700000166893005,200406,0.0,0.0,0.0
2022-06-24 00:00:00-04:00,0.6650000214576721,0.699999988079071,0.6100000143051147,0.6200000047683716,266938,0.0,0.0,0.0
2022-06-27 00:00:00-04:00,0.6549999713897705,0.6499999761581421,0.6100000143051147,0.6549999713897705,271555,0.0,0.0,0.0
2022-06-28 00:00:00-04:00,0.6549999713897705,0.6800000071525574,0.6310999989509583,0.6600000262260437,937698,0.0,0.0,0.0
2022-06-29 00:00:00-04:00,0.6600000262260437,0.6777799725532532,0.6499999761581421,0.6600000262260437,213495,0.0,0.0,0.0
2022-06-30 00:00:00-04:00,0.6600000262260437,0.6991999745368958,0.6200000047683716,0.6600000262260437,143549,0.0,0.0,0.0
2022-07-01 00:00:00-04:00,0.6600000262260437,0.699999988079071,0.6299999952316284,0.6600000262260437,352324,0.0,0.0,0.0
2022-07-05 00:00:00-04:00,0.6650000214576721,0.6899999976158142,0.6499999761581421,0.6759999990463257,584312,0.0,0.0,0.0
2022-07-06 00:00:00-04:00,0.675000011920929,0.6880000233650208,0.6740000247955322,0.6740000247955322,802160,0.0,0.0,0.0
2022-07-07 00:00:00-04:00,0.675000011920929,0.7200000286102295,0.6700000166893005,0.6899999976158142,503760,0.0,0.0,0.0
2022-07-08 00:00:00-04:00,0.6899999976158142,0.6949999928474426,0.671999990940094,0.6899999976158142,98867,0.0,0.0,0.0
2022-07-11 00:00:00-04:00,0.6899999976158142,0.7103999853134155,0.6815000176429749,0.6959999799728394,623151,0.0,0.0,0.0
2022-07-12 00:00:00-04:00,0.6899999976158142,0.7049999833106995,0.6855000257492065,0.6899999976158142,272772,0.0,0.0,0.0
2022-07-13 00:00:00-04:00,0.6899999976158142,0.7149999737739563,0.6955999732017517,0.6899999976158142,68553,0.0,0.0,0.0
2022-07-14 00:00:00-04:00,0.699999988079071,0.7279999852180481,0.6800000071525574,0.7099999785423279,750436,0.0,0.0,0.0
2022-07-15 00:00:00-04:00,0.6949999928474426,0.671999990940094,0.6700000166893005,0.6800000071525574,61442,0.0,0.0,0.0
2022-07-18 00:00:00-04:00,0.6800000071525574,0.6935999989509583,0.6600000262260437,0.6800000071525574,847643,0.0,0.0,0.0
2022-07-19 00:00:00-04:00,0.6800000071525574,0.6700000166893005,0.6654999852180481,0.6700000166893005,45166,0.0,0.0,0.0
2022-07-20 00:00:00-04:00,0.675000011920929,0.6700000166893005,0.6600000262260437,0.6800000071525574,71628,0.0,0.0,0.0
2022-07-21 00:00:00-04:00,0.6800000071525574,0.6899999976158142,0.6600000262260437,0.6800000071525574,204398,0.0,0.0,0.0
2022-07-22 00:00:00-04:00,0.6800000071525574,0.699999988079071,0.6654999852180481,0.675000011920929,61015,0.0,0.0,0.0
2022-07-25 00:00:00-04:00,0.675000011920929,0.699999988079071,0.6579999923706055,0.6800000071525574,599819,0.0,0.0,0.0
2022-07-26 00:00:00-04:00,0.6800000071525574,0.699999988079071,0.6600000262260437,0.6940000057220459,387184,0.0,0.0,0.0
2022-07-27 00:00:00-04:00,0.6850000023841858,0.6984999775886536,0.6700000166893005,0.6850000023841858,105902,0.0,0.0,0.0
2022-07-28 00:00:00-04:00,0.699999988079071,0.7200000286102295,0.6875,0.7250000238418579,309604,0.0,0.0,0.0
2022-07-29 00:00:00-04:00,0.7250000238418579,0.7599999904632568,0.7172999978065491,0.7300000190734863,269088,0.0,0.0,0.0
2022-08-01 00:00:00-04:00,0.7300000190734863,0.7599999904632568,0.7200000286102295,0.7300000190734863,119186,0.0,0.0,0.0
2022-08-02 00:00:00-04:00,0.7300000190734863,0.7599999904632568,0.7300000190734863,0.7300000190734863,3304648,0.0,0.0,0.0
2022-08-03 00:00:00-04:00,0.7350000143051147,0.8199999928474426,0.7400000095367432,0.8199999928474426,391495,0.0,0.0,0.0
2022-08-04 00:00:00-04:00,0.7770000100135803,0.8899999856948853,0.7950000166893005,0.8389999866485596,1062632,0.0,0.0,0.0
2022-08-05 00:00:00-04:00,0.8389999866485596,1.0,0.878000020980835,0.9300000071525574,212851,0.0,0.0,0.0
2022-08-08 00:00:00-04:00,0.9449999928474426,0.949999988079071,0.8799999952316284,0.9300000071525574,617159,0.0,0.0,0.0
2022-08-09 00:00:00-04:00,0.9300000071525574,0.9649999737739563,0.8700000047683716,0.9150000214576721,511233,0.0,0.0,0.0
2022-08-10 00:00:00-04:00,0.9150000214576721,0.9100000262260437,0.8600000143051147,0.9049999713897705,106125,0.0,0.0,0.0
2022-08-11 00:00:00-04:00,0.9049999713897705,0.8960000276565552,0.8500000238418579,0.8999999761581421,971565,0.0,0.0,0.0
2022-08-12 00:00:00-04:00,0.8999999761581421,0.8820000290870667,0.8399999737739563,0.8799999952316284,192570,0.0,0.0,0.0
2022-08-15 00:00:00-04:00,0.8799999952316284,0.8539999723434448,0.8100000023841858,0.8550000190734863,69694,0.0,0.0,0.0
2022-08-16 00:00:00-04:00,0.8550000190734863,0.8399999737739563,0.8100000023841858,0.8550000190734863,67740,0.0,0.0,0.0
2022-08-17 00:00:00-04:00,0.8550000190734863,0.8550000190734863,0.8100000023841858,0.8550000190734863,988510,0.0,0.0,0.0
2022-08-18 00:00:00-04:00,0.8550000190734863,0.8774999976158142,0.8100000023841858,0.8550000190734863,107468,0.0,0.0,0.0
2022-08-19 00:00:00-04:00,0.8550000190734863,0.8659999966621399,0.8100000023841858,0.8550000190734863,511614,0.0,0.0,0.0
2022-08-22 00:00:00-04:00,0.8550000190734863,0.8650000095367432,0.8100000023841858,0.8550000190734863,143985,0.0,0.0,0.0
2022-08-23 00:00:00-04:00,0.8550000190734863,0.8539999723434448,0.8100000023841858,0.8550000190734863,151321,0.0,0.0,0.0
2022-08-24 00:00:00-04:00,0.8550000190734863,0.8999999761581421,0.8100000023841858,0.8550000190734863,694595,0.0,0.0,0.0
2022-08-25 00:00:00-04:00,0.8550000190734863,0.8799999952316284,0.8199999928474426,0.8550000190734863,154633,0.0,0.0,0.0
2022-08-26 00:00:00-04:00,0.8550000190734863,0.8799999952316284,0.8100000023841858,0.8550000190734863,181996,0.0,0.0,0.0
2022-08-29 00:00:00-04:00,0.8550000190734863,0.8550000190734863,0.8550000190734863,0.8550000190734863,0,0.0,0.0,0.0
2022-08-30 00:00:00-04:00,0.8550000190734863,0.8263000249862671,0.8100000023841858,0.8550000190734863,69744,0.0,0.0,0.0
2022-08-31 00:00:00-04:00,0.8500000238418579,0.8999999761581421,0.7699999809265137,0.824999988079071,1214917,0.0,0.0,0.0
2022-09-01 00:00:00-04:00,0.824999988079071,0.7699999809265137,0.6899999976158142,0.7250000238418579,815381,0.0,0.0,0.0
2022-09-02 00:00:00-04:00,0.7149999737739563,0.75,0.6800000071525574,0.7149999737739563,1279965,0.0,0.0,0.0
2022-09-06 00:00:00-04:00,0.7400000095367432,0.7599999904632568,0.704800009727478,0.7400000095367432,61002,0.0,0.0,0.0
2022-09-07 00:00:00-04:00,0.7400000095367432,0.7570000290870667,0.699999988079071,0.7400000095367432,213703,0.0,0.0,0.0
2022-09-08 00:00:00-04:00,0.7400000095367432,0.7549999952316284,0.699999988079071,0.7400000095367432,159927,0.0,0.0,0.0
2022-09-09 00:00:00-04:00,0.75,0.7649999856948853,0.7300000190734863,0.75,837946,0.0,0.0,0.0
2022-09-12 00:00:00-04:00,0.7450000047683716,0.7799999713897705,0.7200000286102295,0.75,575545,0.0,0.0,0.0
2022-09-13 00:00:00-04:00,0.75,0.7799999713897705,0.75,0.7599999904632568,175198,0.0,0.0,0.0
2022-09-14 00:00:00-04:00,0.7599999904632568,0.800000011920929,0.7599999904632568,0.7599999904632568,3731958,0.0,0.0,0.0
2022-09-15 00:00:00-04:00,0.7599999904632568,0.7850000262260437,0.7475000023841858,0.7599999904632568,1466191,0.0,0.0,0.0
2022-09-16 00:00:00-04:00,0.7599999904632568,0.7889999747276306,0.7419999837875366,0.7599999904632568,262707,0.0,0.0,0.0
2022-09-19 00:00:00-04:00,0.7599999904632568,0.7599999904632568,0.7599999904632568,0.7599999904632568,0,0.0,0.0,0.0
2022-09-20 00:00:00-04:00,0.7599999904632568,0.800000011920929,0.7400000095367432,0.7599999904632568,584181,0.0,0.0,0.0
2022-09-21 00:00:00-04:00,0.7599999904632568,0.7799999713897705,0.7103400230407715,0.75,282626,0.0,0.0,0.0
2022-09-22 00:00:00-04:00,0.75,0.7599999904632568,0.699999988079071,0.7300000190734863,1062717,0.0,0.0,0.0
2022-09-23 00:00:00-04:00,0.7300000190734863,0.7075600028038025,0.6800000071525574,0.7149999737739563,179375,0.0,0.0,0.0
2022-09-26 00:00:00-04:00,0.7149999737739563,0.7300000190734863,0.670799970626831,0.7099999785423279,262910,0.0,0.0,0.0
2022-09-27 00:00:00-04:00,0.7099999785423279,0.75,0.6700000166893005,0.7049999833106995,227754,0.0,0.0,0.0
2022-09-28 00:00:00-04:00,0.699999988079071,0.6800000071525574,0.6409000158309937,0.6800000071525574,1699372,0.0,0.0,0.0
2022-09-29 00:00:00-04:00,0.6800000071525574,0.7200000286102295,0.6299999952316284,0.6549999713897705,535790,0.0,0.0,0.0
2022-09-30 00:00:00-04:00,0.6499999761581421,0.699999988079071,0.6010000109672546,0.699999988079071,391598,0.0,0.0,0.0
2022-10-03 00:00:00-04:00,0.6499999761581421,0.6349999904632568,0.6000000238418579,0.6399999856948853,301580,0.0,0.0,0.0
2022-10-04 00:00:00-04:00,0.6399999856948853,0.6299999952316284,0.5799999833106995,0.6150000095367432,135441,0.0,0.0,0.0
2022-10-05 00:00:00-04:00,0.6150000095367432,0.6100000143051147,0.550000011920929,0.6050000190734863,177992,0.0,0.0,0.0
2022-10-06 00:00:00-04:00,0.6050000190734863,0.6159999966621399,0.5600000023841858,0.5950000286102295,291383,0.0,0.0,0.0
2022-10-07 00:00:00-04:00,0.5950000286102295,0.5989999771118164,0.5149999856948853,0.5600000023841858,923118,0.0,0.0,0.0
2022-10-10 00:00:00-04:00,0.5550000071525574,0.5331100225448608,0.49000000953674316,0.5400000214576721,168679,0.0,0.0,0.0
2022-10-11 00:00:00-04:00,0.5400000214576721,0.550000011920929,0.4853000044822693,0.5299999713897705,246061,0.0,0.0,0.0
2022-10-12 00:00:00-04:00,0.5299999713897705,0.5540000200271606,0.46000000834465027,0.5099999904632568,196477,0.0,0.0,0.0
2022-10-13 00:00:00-04:00,0.5099999904632568,0.49000000953674316,0.46000000834465027,0.5099999904632568,36773,0.0,0.0,0.0
2022-10-14 00:00:00-04:00,0.5099999904632568,0.49000000953674316,0.47119998931884766,0.5099999904632568,359590,0.0,0.0,0.0
2022-10-17 00:00:00-04:00,0.5099999904632568,0.5210000276565552,0.4909999966621399,0.5,467966,0.0,0.0,0.0
2022-10-18 00:00:00-04:00,0.5099999904632568,0.6600000262260437,0.538569986820221,0.6000000238418579,269167,0.0,0.0,0.0
2022-10-19 00:00:00-04:00,0.6000000238418579,0.6700000166893005,0.5600000023841858,0.6200000047683716,258357,0.0,0.0,0.0
2022-10-20 00:00:00-04:00,0.6200000047683716,0.6000000238418579,0.585099995136261,0.5899999737739563,802111,0.0,0.0,0.0
2022-10-21 00:00:00-04:00,0.6200000047683716,0.6370000243186951,0.5600000023841858,0.6100000143051147,928251,0.0,0.0,0.0
2022-10-24 00:00:00-04:00,0.6100000143051147,0.5799999833106995,0.5199999809265137,0.5600000023841858,55428,0.0,0.0,0.0
2022-10-25 00:00:00-04:00,0.5600000023841858,0.5899999737739563,0.47999998927116394,0.5299999713897705,79068,0.0,0.0,0.0
2022-10-26 00:00:00-04:00,0.5299999713897705,0.574999988079071,0.47999998927116394,0.5299999713897705,641500,0.0,0.0,0.0
2022-10-27 00:00:00-04:00,0.5299999713897705,0.5044999718666077,0.47999998927116394,0.5299999713897705,147574,0.0,0.0,0.0
2022-10-28 00:00:00-04:00,0.5299999713897705,0.550000011920929,0.44999998807907104,0.5,398764,0.0,0.0,0.0
2022-10-31 00:00:00-04:00,0.5,0.4950000047683716,0.44999998807907104,0.49000000953674316,2269248,0.0,0.0,0.0
2022-11-01 00:00:00-04:00,0.49000000953674316,0.5390999913215637,0.4560000002384186,0.5,1006035,0.0,0.0,0.0
2022-11-02 00:00:00-04:00,0.5,0.5791000127792358,0.5134999752044678,0.5400000214576721,673628,0.0,0.0,0.0
2022-11-03 00:00:00-04:00,0.5400000214576721,0.5600000023841858,0.4950000047683716,0.5400000214576721,319598,0.0,0.0,0.0
2022-11-04 00:00:00-04:00,0.5400000214576721,0.5490000247955322,0.4999000132083893,0.5199999809265137,1683259,0.0,0.0,0.0
2022-11-07 00:00:00-05:00,0.5350000262260437,0.5475999712944031,0.49000000953674316,0.5299999713897705,1155366,0.0,0.0,0.0
2022-11-08 00:00:00-05:00,0.5199999809265137,0.5475999712944031,0.4959999918937683,0.5199999809265137,576381,0.0,0.0,0.0
2022-11-09 00:00:00-05:00,0.5149999856948853,0.5285500288009644,0.49000000953674316,0.5149999856948853,874312,0.0,0.0,0.0
2022-11-10 00:00:00-05:00,0.5249999761581421,0.5430600047111511,0.49799999594688416,0.5249999761581421,173280,0.0,0.0,0.0
2022-11-11 00:00:00-05:00,0.5350000262260437,0.5799999833106995,0.49000000953674316,0.5350000262260437,625464,0.0,0.0,0.0
2022-11-14 00:00:00-05:00,0.5350000262260437,0.5600000023841858,0.49000000953674316,0.5400000214576721,440123,0.0,0.0,0.0
2022-11-15 00:00:00-05:00,0.5249999761581421,0.5600000023841858,0.4909999966621399,0.5249999761581421,284743,0.0,0.0,0.0
2022-11-16 00:00:00-05:00,0.5249999761581421,0.5164999961853027,0.4749999940395355,0.5099999904632568,319613,0.0,0.0,0.0
2022-11-17 00:00:00-05:00,0.5099999904632568,0.5127000212669373,0.4699999988079071,0.5049999952316284,461757,0.0,0.0,0.0
2022-11-18 00:00:00-05:00,0.5049999952316284,0.5113000273704529,0.4860000014305115,0.5049999952316284,501235,0.0,0.0,0.0
2022-11-21 00:00:00-05:00,0.5,0.5113000273704529,0.47999998927116394,0.5049999952316284,333238,0.0,0.0,0.0
2022-11-22 00:00:00-05:00,0.5049999952316284,0.5450000166893005,0.5040000081062317,0.5099999904632568,647415,0.0,0.0,0.0
2022-11-23 00:00:00-05:00,0.5099999904632568,0.5133000016212463,0.5120999813079834,0.5099999904632568,364039,0.0,0.0,0.0
2022-11-25 00:00:00-05:00,0.5099999904632568,0.5195000171661377,0.5189999938011169,0.5099999904632568,46700,0.0,0.0,0.0
2022-11-28 00:00:00-05:00,0.5099999904632568,0.5491999983787537,0.4699999988079071,0.5099999904632568,379514,0.0,0.0,0.0
2022-11-29 00:00:00-05:00,0.5199999809265137,0.5600000023841858,0.47999998927116394,0.5350000262260437,421269,0.0,0.0,0.0
2022-11-30 00:00:00-05:00,0.5400000214576721,0.550000011920929,0.5400000214576721,0.5400000214576721,319713,0.0,0.0,0.0
2022-12-01 00:00:00-05:00,0.5600000023841858,0.5674999952316284,0.5521000027656555,0.5600000023841858,520239,0.0,0.0,0.0
2022-12-02 00:00:00-05:00,0.5600000023841858,0.5666000247001648,0.5550000071525574,0.5600000023841858,245468,0.0,0.0,0.0
2022-12-05 00:00:00-05:00,0.5600000023841858,0.6100000143051147,0.5582000017166138,0.5799999833106995,649370,0.0,0.0,0.0
2022-12-06 00:00:00-05:00,0.5799999833106995,0.609000027179718,0.550000011920929,0.5799999833106995,172507,0.0,0.0,0.0
2022-12-07 00:00:00-05:00,0.5799999833106995,0.5527999997138977,0.5527999997138977,0.5799999833106995,30700,0.0,0.0,0.0
2022-12-08 00:00:00-05:00,0.5799999833106995,0.6079999804496765,0.5400000214576721,0.5799999833106995,55705,0.0,0.0,0.0
2022-12-09 00:00:00-05:00,0.5799999833106995,0.6050000190734863,0.5400000214576721,0.5799999833106995,126803,0.0,0.0,0.0
2022-12-12 00:00:00-05:00,0.5799999833106995,0.5527999997138977,0.5527999997138977,0.5799999833106995,61412,0.0,0.0,0.0
2022-12-13 00:00:00-05:00,0.5699999928474426,0.5799999833106995,0.5400000214576721,0.5799999833106995,277820,0.0,0.0,0.0
2022-12-14 00:00:00-05:00,0.5799999833106995,0.6100000143051147,0.5099999904632568,0.5400000214576721,305204,0.0,0.0,0.0
2022-12-15 00:00:00-05:00,0.5400000214576721,0.5099999904632568,0.46838998794555664,0.5199999809265137,286459,0.0,0.0,0.0
2022-12-16 00:00:00-05:00,0.5199999809265137,0.504800021648407,0.47999998927116394,0.5199999809265137,1108990,0.0,0.0,0.0
2022-12-19 00:00:00-05:00,0.5199999809265137,0.5,0.47999998927116394,0.5199999809265137,609867,0.0,0.0,0.0
2022-12-20 00:00:00-05:00,0.5199999809265137,0.49000000953674316,0.47999998927116394,0.5199999809265137,107347,0.0,0.0,0.0
2022-12-21 00:00:00-05:00,0.5199999809265137,0.5200300216674805,0.4699999988079071,0.5099999904632568,595011,0.0,0.0,0.0
2022-12-22 00:00:00-05:00,0.5099999904632568,0.47600001096725464,0.4699999988079071,0.5099999904632568,364026,0.0,0.0,0.0
2022-12-23 00:00:00-05:00,0.5099999904632568,0.48500001430511475,0.4699999988079071,0.5099999904632568,85572,0.0,0.0,0.0
2022-12-27 00:00:00-05:00,0.5099999904632568,0.5099999904632568,0.5099999904632568,0.5099999904632568,0,0.0,0.0,0.0
2022-12-28 00:00:00-05:00,0.5099999904632568,0.550000011920929,0.47016000747680664,0.5099999904632568,14819,0.0,0.0,0.0
2022-12-29 00:00:00-05:00,0.5099999904632568,0.5099999904632568,0.4699999988079071,0.5099999904632568,468375,0.0,0.0,0.0
2022-12-30 00:00:00-05:00,0.5099999904632568,0.4737800061702728,0.4737800061702728,0.5099999904632568,8159,0.0,0.0,0.0
2023-01-03 00:00:00-05:00,0.5099999904632568,0.550000011920929,0.4752500057220459,0.5099999904632568,76588,0.0,0.0,0.0
2023-01-04 00:00:00-05:00,0.5099999904632568,0.5059999823570251,0.47999998927116394,0.5099999904632568,189607,0.0,0.0,0.0
2023-01-05 00:00:00-05:00,0.5099999904632568,0.5040000081062317,0.4699999988079071,0.5099999904632568,335987,0.0,0.0,0.0
2023-01-06 00:00:00-05:00,0.5099999904632568,0.5109999775886536,0.49000000953674316,0.5099999904632568,533253,0.0,0.0,0.0
2023-01-09 00:00:00-05:00,0.5099999904632568,0.550000011920929,0.49000000953674316,0.5149999856948853,411702,0.0,0.0,0.0
2023-01-10 00:00:00-05:00,0.5149999856948853,0.5139999985694885,0.5049999952316284,0.5149999856948853,92082,0.0,0.0,0.0
2023-01-11 00:00:00-05:00,0.5149999856948853,0.5379999876022339,0.5123000144958496,0.5149999856948853,197142,0.0,0.0,0.0
2023-01-12 00:00:00-05:00,0.5149999856948853,0.5368000268936157,0.48420000076293945,0.5149999856948853,81706,0.0,0.0,0.0
2023-01-13 00:00:00-05:00,0.5149999856948853,0.5350000262260437,0.49000000953674316,0.5149999856948853,463554,0.0,0.0,0.0
2023-01-17 00:00:00-05:00,0.5149999856948853,0.531000018119812,0.47999998927116394,0.5099999904632568,357262,0.0,0.0,0.0
2023-01-18 00:00:00-05:00,0.5099999904632568,0.5699999928474426,0.47999998927116394,0.5400000214576721,309651,0.0,0.0,0.0
2023-01-19 00:00:00-05:00,0.5400000214576721,0.5680000185966492,0.5099999904632568,0.5389999747276306,106210,0.0,0.0,0.0
2023-01-20 00:00:00-05:00,0.5389999747276306,0.5677899718284607,0.5,0.5400000214576721,925026,0.0,0.0,0.0
2023-01-23 00:00:00-05:00,0.5400000214576721,0.5799999833106995,0.5264300107955933,0.5400000214576721,659509,0.0,0.0,0.0
2023-01-24 00:00:00-05:00,0.5400000214576721,0.5799999833106995,0.5299999713897705,0.5400000214576721,199815,0.0,0.0,0.0
2023-01-25 00:00:00-05:00,0.5400000214576721,0.550000011920929,0.5,0.5400000214576721,251525,0.0,0.0,0.0
2023-01-26 00:00:00-05:00,0.5400000214576721,0.5485000014305115,0.5,0.5400000214576721,729474,0.0,0.0,0.0
2023-01-27 00:00:00-05:00,0.5400000214576721,0.5400000214576721,0.5115000009536743,0.5400000214576721,626601,0.0,0.0,0.0
2023-01-30 00:00:00-05:00,0.5400000214576721,0.5383999943733215,0.5,0.5350000262260437,163430,0.0,0.0,0.0
2023-01-31 00:00:00-05:00,0.5350000262260437,0.5400000214576721,0.4699999988079071,0.49000000953674316,1153508,0.0,0.0,0.0
2023-02-01 00:00:00-05:00,0.5,0.5199999809265137,0.46000000834465027,0.5,521178,0.0,0.0,0.0
2023-02-02 00:00:00-05:00,0.5,0.5299999713897705,0.4650000035762787,0.5,639708,0.0,0.0,0.0
2023-02-03 00:00:00-05:00,0.5,0.5299999713897705,0.46000000834465027,0.5,1099772,0.0,0.0,0.0
2023-02-06 00:00:00-05:00,0.4699999988079071,0.5,0.4399999976158142,0.49000000953674316,417853,0.0,0.0,0.0
2023-02-07 00:00:00-05:00,0.4749999940395355,0.4994199872016907,0.44999998807907104,0.4749999940395355,793238,0.0,0.0,0.0
2023-02-08 00:00:00-05:00,0.4790000021457672,0.47850000858306885,0.45399999618530273,0.4790000021457672,220346,0.0,0.0,0.0
2023-02-09 00:00:00-05:00,0.4790000021457672,0.5040000081062317,0.4569999873638153,0.4790000021457672,107268,0.0,0.0,0.0
2023-02-10 00:00:00-05:00,0.4790000021457672,0.49000000953674316,0.47920000553131104,0.4790000021457672,933707,0.0,0.0,0.0
2023-02-13 00:00:00-05:00,0.4790000021457672,0.5040000081062317,0.4830000102519989,0.4790000021457672,282800,0.0,0.0,0.0
2023-02-14 00:00:00-05:00,0.4819999933242798,0.5040000081062317,0.4749999940395355,0.4819999933242798,433495,0.0,0.0,0.0
2023-02-15 00:00:00-05:00,0.47999998927116394,0.5040000081062317,0.4560000002384186,0.47999998927116394,431797,0.0,0.0,0.0
2023-02-16 00:00:00-05:00,0.47999998927116394,0.5,0.4699999988079071,0.47999998927116394,357683,0.0,0.0,0.0
2023-02-17 00:00:00-05:00,0.47999998927116394,0.5040000081062317,0.45399999618530273,0.4790000021457672,983805,0.0,0.0,0.0
2023-02-21 00:00:00-05:00,0.4790000021457672,0.48500001430511475,0.46000000834465027,0.4819999933242798,799883,0.0,0.0,0.0
2023-02-22 00:00:00-05:00,0.4819999933242798,0.5,0.46000000834465027,0.47999998927116394,876134,0.0,0.0,0.0
2023-02-23 00:00:00-05:00,0.47999998927116394,0.4814999997615814,0.46000000834465027,0.47999998927116394,549230,0.0,0.0,0.0
2023-02-24 00:00:00-05:00,0.47999998927116394,0.47999998927116394,0.4555799961090088,0.46000000834465027,2309128,0.0,0.0,0.0
2023-02-27 00:00:00-05:00,0.47999998927116394,0.4749999940395355,0.46000000834465027,0.47999998927116394,628351,0.0,0.0,0.0
2023-02-28 00:00:00-05:00,0.47999998927116394,0.4800499975681305,0.46000000834465027,0.47999998927116394,1075764,0.0,0.0,0.0
2023-03-01 00:00:00-05:00,0.47999998927116394,0.4650000035762787,0.46000000834465027,0.47999998927116394,434912,0.0,0.0,0.0
2023-03-02 00:00:00-05:00,0.47999998927116394,0.4749999940395355,0.45500001311302185,0.4650000035762787,454464,0.0,0.0,0.0
2023-03-03 00:00:00-05:00,0.4650000035762787,0.45899999141693115,0.4410000145435333,0.4480000138282776,635541,0.0,0.0,0.0
2023-03-06 00:00:00-05:00,0.4480000138282776,0.44999998807907104,0.42500001192092896,0.4399999976158142,9120088,0.0,0.0,0.0
2023-03-07 00:00:00-05:00,0.4399999976158142,0.44999998807907104,0.4099999964237213,0.4350000023841858,1103116,0.0,0.0,0.0
2023-03-08 00:00:00-05:00,0.4350000023841858,0.4350000023841858,0.41999998688697815,0.4350000023841858,1565213,0.0,0.0,0.0
2023-03-09 00:00:00-05:00,0.4350000023841858,0.44999998807907104,0.4099999964237213,0.4300000071525574,1187650,0.0,0.0,0.0
2023-03-10 00:00:00-05:00,0.4300000071525574,0.4399999976158142,0.38999998569488525,0.4099999964237213,1353256,0.0,0.0,0.0
2023-03-13 00:00:00-04:00,0.4099999964237213,0.41499999165534973,0.3700000047683716,0.4000000059604645,1424185,0.0,0.0,0.0
2023-03-14 00:00:00-04:00,0.38999998569488525,0.4000000059604645,0.3799999952316284,0.39250001311302185,875722,0.0,0.0,0.0
2023-03-15 00:00:00-04:00,0.39250001311302185,0.4050000011920929,0.384799987077713,0.39100000262260437,257427,0.0,0.0,0.0
2023-03-16 00:00:00-04:00,0.390500009059906,0.4047499895095825,0.3799999952316284,0.39250001311302185,678999,0.0,0.0,0.0
2023-03-17 00:00:00-04:00,0.39250001311302185,0.4050000011920929,0.3799999952316284,0.39250001311302185,1611065,0.0,0.0,0.0
2023-03-20 00:00:00-04:00,0.39250001311302185,0.4059999883174896,0.3799999952316284,0.4059999883174896,761268,0.0,0.0,0.0
2023-03-21 00:00:00-04:00,0.39250001311302185,0.4099999964237213,0.3799999952316284,0.39500001072883606,930908,0.0,0.0,0.0
2023-03-22 00:00:00-04:00,0.39500001072883606,0.4050000011920929,0.39800000190734863,0.39500001072883606,1051706,0.0,0.0,0.0
2023-03-23 00:00:00-04:00,0.39500001072883606,0.4009999930858612,0.3882000148296356,0.4000000059604645,1041713,0.0,0.0,0.0
2023-03-24 00:00:00-04:00,0.39500001072883606,0.39559000730514526,0.38499999046325684,0.39500001072883606,810404,0.0,0.0,0.0
2023-03-27 00:00:00-04:00,0.39500001072883606,0.4025000035762787,0.3799999952316284,0.4020000100135803,6666170,0.0,0.0,0.0
2023-03-28 00:00:00-04:00,0.4050000011920929,0.4300000071525574,0.3799999952316284,0.3930000066757202,1657222,0.0,0.0,0.0
2023-03-29 00:00:00-04:00,0.4050000011920929,0.4099999964237213,0.3799999952316284,0.4000000059604645,2468054,0.0,0.0,0.0
2023-03-30 00:00:00-04:00,0.4050000011920929,0.4300000071525574,0.3869999945163727,0.4000000059604645,1123986,0.0,0.0,0.0
2023-03-31 00:00:00-04:00,0.4050000011920929,0.41749998927116394,0.3799999952316284,0.4000000059604645,930451,0.0,0.0,0.0
2023-04-03 00:00:00-04:00,0.4050000011920929,0.4300000071525574,0.38999998569488525,0.4050000011920929,750879,0.0,0.0,0.0
2023-04-04 00:00:00-04:00,0.4050000011920929,0.4300000071525574,0.38749998807907104,0.4050000011920929,677320,0.0,0.0,0.0
2023-04-05 00:00:00-04:00,0.4050000011920929,0.4090000092983246,0.38499999046325684,0.4000000059604645,1002113,0.0,0.0,0.0
2023-04-06 00:00:00-04:00,0.4000000059604645,0.44999998807907104,0.3799999952316284,0.41999998688697815,593110,0.0,0.0,0.0
2023-04-10 00:00:00-04:00,0.41999998688697815,0.41999998688697815,0.41999998688697815,0.41999998688697815,0,0.0,0.0,0.0
2023-04-11 00:00:00-04:00,0.41999998688697815,0.44999998807907104,0.4000000059604645,0.42100000381469727,175176,0.0,0.0,0.0
2023-04-12 00:00:00-04:00,0.4350000023841858,0.4699999988079071,0.4250999987125397,0.44999998807907104,436266,0.0,0.0,0.0
2023-04-13 00:00:00-04:00,0.44999998807907104,0.4699999988079071,0.4300000071525574,0.44999998807907104,112182,0.0,0.0,0.0
2023-04-14 00:00:00-04:00,0.44999998807907104,0.4675000011920929,0.4300000071525574,0.45750001072883606,179719,0.0,0.0,0.0
2023-04-17 00:00:00-04:00,0.45750001072883606,0.47600001096725464,0.4399999976158142,0.45500001311302185,744959,0.0,0.0,0.0
2023-04-18 00:00:00-04:00,0.45500001311302185,0.44519999623298645,0.4399999976158142,0.46000000834465027,99888,0.0,0.0,0.0
2023-04-19 00:00:00-04:00,0.46000000834465027,0.47999998927116394,0.4399999976158142,0.46000000834465027,264126,0.0,0.0,0.0
2023-04-20 00:00:00-04:00,0.46000000834465027,0.4569999873638153,0.44620001316070557,0.46000000834465027,16941,0.0,0.0,0.0
2023-04-21 00:00:00-04:00,0.46000000834465027,0.47999998927116394,0.4399999976158142,0.46000000834465027,99011,0.0,0.0,0.0
2023-04-24 00:00:00-04:00,0.46000000834465027,0.4478999972343445,0.4399999976158142,0.46000000834465027,297919,0.0,0.0,0.0
2023-04-25 00:00:00-04:00,0.46000000834465027,0.47999998927116394,0.4300000071525574,0.45500001311302185,401616,0.0,0.0,0.0
2023-04-26 00:00:00-04:00,0.45500001311302185,0.47999998927116394,0.4300000071525574,0.45500001311302185,125476,0.0,0.0,0.0
2023-04-27 00:00:00-04:00,0.45500001311302185,0.4350000023841858,0.4300000071525574,0.45500001311302185,136066,0.0,0.0,0.0
2023-04-28 00:00:00-04:00,0.45500001311302185,0.47999998927116394,0.41999998688697815,0.4350000023841858,505372,0.0,0.0,0.0
2023-05-01 00:00:00-04:00,0.4350000023841858,0.4350000023841858,0.4350000023841858,0.4350000023841858,0,0.0,0.0,0.0
2023-05-02 00:00:00-04:00,0.4350000023841858,0.4390000104904175,0.41999998688697815,0.4350000023841858,5002831,0.0,0.0,0.0
2023-05-03 00:00:00-04:00,0.4350000023841858,0.44999998807907104,0.41999998688697815,0.4350000023841858,266983,0.0,0.0,0.0
2023-05-04 00:00:00-04:00,0.4350000023841858,0.43470001220703125,0.41999998688697815,0.4350000023841858,212142,0.0,0.0,0.0
2023-05-05 00:00:00-04:00,0.4350000023841858,0.44999998807907104,0.41999998688697815,0.4350000023841858,150506,0.0,0.0,0.0
2023-05-08 00:00:00-04:00,0.4350000023841858,0.4350000023841858,0.4350000023841858,0.4350000023841858,0,0.0,0.0,0.0
2023-05-09 00:00:00-04:00,0.4350000023841858,0.4350000023841858,0.41999998688697815,0.4350000023841858,284171,0.0,0.0,0.0
2023-05-10 00:00:00-04:00,0.4350000023841858,0.4337199926376343,0.42052000761032104,0.4300000071525574,151380,0.0,0.0,0.0
2023-05-11 00:00:00-04:00,0.4300000071525574,0.4336000084877014,0.41999998688697815,0.4350000023841858,95054,0.0,0.0,0.0
2023-05-12 00:00:00-04:00,0.4350000023841858,0.44999998807907104,0.41999998688697815,0.4350000023841858,2398155,0.0,0.0,0.0
2023-05-15 00:00:00-04:00,0.4350000023841858,0.44999998807907104,0.41999998688697815,0.4350000023841858,133249,0.0,0.0,0.0
2023-05-16 00:00:00-04:00,0.4350000023841858,0.44999998807907104,0.41999998688697815,0.4350000023841858,308220,0.0,0.0,0.0
2023-05-17 00:00:00-04:00,0.4350000023841858,0.4424999952316284,0.42250001430511475,0.4350000023841858,343946,0.0,0.0,0.0
2023-05-18 00:00:00-04:00,0.4350000023841858,0.44999998807907104,0.41999998688697815,0.4350000023841858,432872,0.0,0.0,0.0
2023-05-19 00:00:00-04:00,0.4350000023841858,0.44999998807907104,0.421999990940094,0.4350000023841858,196017,0.0,0.0,0.0
2023-05-22 00:00:00-04:00,0.4350000023841858,0.42612001299858093,0.41999998688697815,0.4350000023841858,350260,0.0,0.0,0.0
2023-05-23 00:00:00-04:00,0.4350000023841858,0.44999998807907104,0.41999998688697815,0.4350000023841858,622484,0.0,0.0,0.0
2023-05-24 00:00:00-04:00,0.4350000023841858,0.44999998807907104,0.41999998688697815,0.4350000023841858,915053,0.0,0.0,0.0
2023-05-25 00:00:00-04:00,0.4350000023841858,0.4350000023841858,0.41999998688697815,0.4350000023841858,217316,0.0,0.0,0.0
2023-05-26 00:00:00-04:00,0.4350000023841858,0.44999998807907104,0.41999998688697815,0.42500001192092896,529501,0.0,0.0,0.0
2023-05-30 00:00:00-04:00,0.4350000023841858,0.43799999356269836,0.41999998688697815,0.4350000023841858,911228,0.0,0.0,0.0
2023-05-31 00:00:00-04:00,0.4350000023841858,0.44999998807907104,0.41999998688697815,0.4350000023841858,2053223,0.0,0.0,0.0
2023-06-01 00:00:00-04:00,0.4350000023841858,0.44999998807907104,0.41999998688697815,0.4350000023841858,723245,0.0,0.0,0.0
2023-06-02 00:00:00-04:00,0.4350000023841858,0.44999998807907104,0.41999998688697815,0.4350000023841858,225483,0.0,0.0,0.0
2023-06-05 00:00:00-04:00,0.4350000023841858,0.44547000527381897,0.41999998688697815,0.4350000023841858,158949,0.0,0.0,0.0
2023-06-06 00:00:00-04:00,0.4350000023841858,0.44999998807907104,0.41999998688697815,0.4350000023841858,202464,0.0,0.0,0.0
2023-06-07 00:00:00-04:00,0.4350000023841858,0.44999998807907104,0.41999998688697815,0.4350000023841858,819958,0.0,0.0,0.0
2023-06-08 00:00:00-04:00,0.4350000023841858,0.43961000442504883,0.42500001192092896,0.4350000023841858,153533,0.0,0.0,0.0
2023-06-09 00:00:00-04:00,0.4350000023841858,0.4390000104904175,0.41999998688697815,0.4350000023841858,267933,0.0,0.0,0.0
2023-06-12 00:00:00-04:00,0.4350000023841858,0.4352000057697296,0.4244999885559082,0.4350000023841858,390740,0.0,0.0,0.0
2023-06-13 00:00:00-04:00,0.4350000023841858,0.4339999854564667,0.4246000051498413,0.4350000023841858,176148,0.0,0.0,0.0
2023-06-14 00:00:00-04:00,0.4350000023841858,0.44999998807907104,0.41999998688697815,0.4350000023841858,152229,0.0,0.0,0.0
2023-06-15 00:00:00-04:00,0.4350000023841858,0.4580000042915344,0.41999998688697815,0.4345000088214874,256709,0.0,0.0,0.0
2023-06-16 00:00:00-04:00,0.4345000088214874,0.42173999547958374,0.41999998688697815,0.4339999854564667,151260,0.0,0.0,0.0
2023-06-20 00:00:00-04:00,0.41999998688697815,0.41999998688697815,0.4099999964237213,0.41999998688697815,541469,0.0,0.0,0.0
2023-06-21 00:00:00-04:00,0.41999998688697815,0.4142000079154968,0.4000000059604645,0.4050000011920929,308613,0.0,0.0,0.0
2023-06-22 00:00:00-04:00,0.4050000011920929,0.4074999988079071,0.4000000059604645,0.4050000011920929,135660,0.0,0.0,0.0
2023-06-23 00:00:00-04:00,0.4050000011920929,0.4025000035762787,0.4000000059604645,0.4050000011920929,195919,0.0,0.0,0.0
2023-06-26 00:00:00-04:00,0.4050000011920929,0.4000000059604645,0.3799999952316284,0.39500001072883606,82698,0.0,0.0,0.0
2023-06-27 00:00:00-04:00,0.39500001072883606,0.392300009727478,0.3799999952316284,0.39500001072883606,215464,0.0,0.0,0.0
2023-06-28 00:00:00-04:00,0.39500001072883606,0.39399999380111694,0.3799999952316284,0.39399999380111694,396990,0.0,0.0,0.0
2023-06-29 00:00:00-04:00,0.39500001072883606,0.4000000059604645,0.3799999952316284,0.39500001072883606,328228,0.0,0.0,0.0
2023-06-30 00:00:00-04:00,0.39500001072883606,0.4000000059604645,0.3799999952316284,0.39500001072883606,1302462,0.0,0.0,0.0
2023-07-03 00:00:00-04:00,0.39500001072883606,0.4099999964237213,0.3700000047683716,0.38999998569488525,958920,0.0,0.0,0.0
2023-07-05 00:00:00-04:00,0.38999998569488525,0.38429999351501465,0.3700000047683716,0.38999998569488525,345560,0.0,0.0,0.0
2023-07-06 00:00:00-04:00,0.38999998569488525,0.3774999976158142,0.3700000047683716,0.38999998569488525,145408,0.0,0.0,0.0
2023-07-07 00:00:00-04:00,0.38999998569488525,0.37400001287460327,0.3700000047683716,0.38999998569488525,220334,0.0,0.0,0.0
2023-07-10 00:00:00-04:00,0.38999998569488525,0.3734999895095825,0.3700000047683716,0.38999998569488525,149749,0.0,0.0,0.0
2023-07-11 00:00:00-04:00,0.38999998569488525,0.37299999594688416,0.3700000047683716,0.38999998569488525,63908,0.0,0.0,0.0
2023-07-12 00:00:00-04:00,0.38999998569488525,0.4000000059604645,0.3700000047683716,0.4000000059604645,96323,0.0,0.0,0.0
2023-07-13 00:00:00-04:00,0.38999998569488525,0.4000000059604645,0.3700000047683716,0.38499999046325684,1124742,0.0,0.0,0.0
2023-07-14 00:00:00-04:00,0.38499999046325684,0.4099999964237213,0.3499999940395355,0.3799999952316284,138312,0.0,0.0,0.0
2023-07-17 00:00:00-04:00,0.3799999952316284,0.3935999870300293,0.36000001430511475,0.3700000047683716,319286,0.0,0.0,0.0
2023-07-18 00:00:00-04:00,0.3799999952316284,0.4000000059604645,0.36000001430511475,0.3799999952316284,274104,0.0,0.0,0.0
2023-07-19 00:00:00-04:00,0.3799999952316284,0.4000000059604645,0.36000001430511475,0.4000000059604645,259868,0.0,0.0,0.0
2023-07-20 00:00:00-04:00,0.3799999952316284,0.4000000059604645,0.3668000102043152,0.3799999952316284,271111,0.0,0.0,0.0
2023-07-21 00:00:00-04:00,0.3799999952316284,0.3790000081062317,0.36715999245643616,0.3799999952316284,358166,0.0,0.0,0.0
2023-07-24 00:00:00-04:00,0.3799999952316284,0.4000000059604645,0.36000001430511475,0.3799999952316284,1162007,0.0,0.0,0.0
2023-07-25 00:00:00-04:00,0.3799999952316284,0.3840000033378601,0.3700000047683716,0.3799999952316284,9225520,0.0,0.0,0.0
2023-07-26 00:00:00-04:00,0.3799999952316284,0.3799999952316284,0.3725000023841858,0.3799999952316284,135049,0.0,0.0,0.0
2023-07-27 00:00:00-04:00,0.3799999952316284,0.4090000092983246,0.36000001430511475,0.38499999046325684,346296,0.0,0.0,0.0
2023-07-28 00:00:00-04:00,0.38499999046325684,0.4099999964237213,0.3799999952316284,0.38499999046325684,109768,0.0,0.0,0.0
