Date,Open,High,Low,Close,Volume,Dividends,Stock Splits,Capital Gains
2022-09-07 00:00:00-04:00,25.71299934387207,25.71299934387207,25.71299934387207,25.71299934387207,100,0.0,0.0,0.0
2022-09-08 00:00:00-04:00,25.709999084472656,25.709999084472656,25.709999084472656,25.709999084472656,100,0.0,0.0,0.0
2022-09-09 00:00:00-04:00,26.641000747680664,26.780000686645508,26.6200008392334,26.687999725341797,800,0.0,0.0,0.0
2022-09-12 00:00:00-04:00,26.940000534057617,27.049999237060547,26.850000381469727,26.93600082397461,3100,0.0,0.0,0.0
2022-09-13 00:00:00-04:00,25.979999542236328,25.979999542236328,24.81999969482422,24.81999969482422,3700,0.0,0.0,0.0
2022-09-14 00:00:00-04:00,24.649999618530273,24.8700008392334,24.582000732421875,24.81999969482422,3900,0.0,0.0,0.0
2022-09-15 00:00:00-04:00,24.459999084472656,24.643999099731445,23.631999969482422,23.81599998474121,6100,0.0,0.0,0.0
2022-09-16 00:00:00-04:00,23.510000228881836,23.707000732421875,23.3799991607666,23.707000732421875,4400,0.0,0.0,0.0
2022-09-19 00:00:00-04:00,23.260000228881836,23.6200008392334,23.25,23.618000030517578,5500,0.0,0.0,0.0
2022-09-20 00:00:00-04:00,23.25,23.40999984741211,22.93000030517578,23.309999465942383,5500,0.0,0.0,0.0
2022-09-21 00:00:00-04:00,23.600000381469727,24.0,22.875,22.875,28700,0.0,0.0,0.0
2022-09-22 00:00:00-04:00,22.91900062561035,23.399999618530273,22.850000381469727,23.106000900268555,6700,0.0,0.0,0.0
2022-09-23 00:00:00-04:00,22.959999084472656,23.0,22.40999984741211,22.690000534057617,8700,0.0,0.0,0.0
2022-09-26 00:00:00-04:00,22.56999969482422,23.1200008392334,22.56999969482422,22.606000900268555,19400,0.0,0.0,0.0
2022-09-27 00:00:00-04:00,22.950000762939453,23.149999618530273,22.229999542236328,22.398000717163086,8800,0.0,0.0,0.0
2022-09-28 00:00:00-04:00,22.700000762939453,23.190000534057617,22.700000762939453,23.11199951171875,15000,0.0,0.0,0.0
2022-09-29 00:00:00-04:00,22.760000228881836,22.860000610351562,22.149999618530273,22.579999923706055,14700,0.0,0.0,0.0
2022-09-30 00:00:00-04:00,22.639999389648438,22.94300079345703,21.920000076293945,21.969999313354492,17200,0.0,0.0,0.0
2022-10-03 00:00:00-04:00,22.34000015258789,23.110000610351562,22.225000381469727,22.979999542236328,18700,0.0,0.0,0.0
2022-10-04 00:00:00-04:00,23.8799991607666,24.309999465942383,23.875999450683594,24.11199951171875,24200,0.0,0.0,0.0
2022-10-05 00:00:00-04:00,23.839000701904297,24.391000747680664,23.530000686645508,24.16900062561035,9300,0.0,0.0,0.0
2022-10-06 00:00:00-04:00,24.209999084472656,24.360000610351562,23.770000457763672,23.834999084472656,33800,0.0,0.0,0.0
2022-10-07 00:00:00-04:00,22.184999465942383,22.285999298095703,21.979999542236328,22.041000366210938,11000,0.0,0.0,0.0
2022-10-10 00:00:00-04:00,21.889999389648438,22.0,21.09600067138672,21.31399917602539,8700,0.0,0.0,0.0
2022-10-11 00:00:00-04:00,20.843000411987305,21.229999542236328,20.700000762939453,20.767000198364258,7300,0.0,0.0,0.0
2022-10-12 00:00:00-04:00,20.8799991607666,20.950000762939453,20.649999618530273,20.829999923706055,11100,0.0,0.0,0.0
2022-10-13 00:00:00-04:00,20.0,22.170000076293945,19.950000762939453,22.020999908447266,26000,0.0,0.0,0.0
2022-10-14 00:00:00-04:00,22.15999984741211,22.15999984741211,21.209999084472656,21.239999771118164,15000,0.0,0.0,0.0
2022-10-17 00:00:00-04:00,22.219999313354492,22.549999237060547,22.15999984741211,22.374000549316406,16800,0.0,0.0,0.0
2022-10-18 00:00:00-04:00,23.260000228881836,23.260000228881836,22.1200008392334,22.507999420166016,12600,0.0,0.0,0.0
2022-10-19 00:00:00-04:00,22.34000015258789,22.68000030517578,22.010000228881836,22.257999420166016,8600,0.0,0.0,0.0
2022-10-20 00:00:00-04:00,22.624000549316406,22.750999450683594,22.110000610351562,22.232999801635742,7800,0.0,0.0,0.0
2022-10-21 00:00:00-04:00,22.010000228881836,23.065000534057617,22.010000228881836,23.04400062561035,9300,0.0,0.0,0.0
2022-10-24 00:00:00-04:00,23.31999969482422,23.829999923706055,23.030000686645508,23.799999237060547,10000,0.0,0.0,0.0
2022-10-25 00:00:00-04:00,23.829999923706055,24.290000915527344,23.700000762939453,24.270999908447266,26300,0.0,0.0,0.0
2022-10-26 00:00:00-04:00,21.520000457763672,22.34000015258789,21.309999465942383,21.459999084472656,65100,0.0,0.0,0.0
2022-10-27 00:00:00-04:00,21.5,21.5,20.729999542236328,20.81999969482422,22200,0.0,0.0,0.0
2022-10-28 00:00:00-04:00,20.959999084472656,22.10700035095215,20.959999084472656,22.06999969482422,22200,0.0,0.0,0.0
2022-10-31 00:00:00-04:00,21.791000366210938,21.889999389648438,21.420000076293945,21.530000686645508,21300,0.0,0.0,0.0
2022-11-01 00:00:00-04:00,21.81999969482422,21.81999969482422,20.8799991607666,20.98699951171875,9500,0.0,0.0,0.0
2022-11-02 00:00:00-04:00,20.889999389648438,21.3799991607666,19.8799991607666,19.8799991607666,25200,0.0,0.0,0.0
2022-11-03 00:00:00-04:00,19.739999771118164,19.739999771118164,19.045000076293945,19.075000762939453,16800,0.0,0.0,0.0
2022-11-04 00:00:00-04:00,19.549999237060547,19.983999252319336,19.0,19.983999252319336,14400,0.0,0.0,0.0
2022-11-07 00:00:00-05:00,20.219999313354492,20.93000030517578,20.040000915527344,20.892000198364258,16700,0.0,0.0,0.0
2022-11-08 00:00:00-05:00,21.030000686645508,21.389999389648438,20.868999481201172,21.031999588012695,8100,0.0,0.0,0.0
2022-11-09 00:00:00-05:00,20.760000228881836,20.777999877929688,20.440000534057617,20.459999084472656,6600,0.0,0.0,0.0
2022-11-10 00:00:00-05:00,21.969999313354492,22.950000762939453,21.950000762939453,22.950000762939453,25500,0.0,0.0,0.0
2022-11-11 00:00:00-05:00,23.040000915527344,23.579999923706055,22.920000076293945,23.481000900268555,18200,0.0,0.0,0.0
2022-11-14 00:00:00-05:00,22.770000457763672,23.048999786376953,22.584999084472656,22.7450008392334,24200,0.0,0.0,0.0
2022-11-15 00:00:00-05:00,23.350000381469727,23.350000381469727,22.649999618530273,22.74799919128418,22700,0.0,0.0,0.0
2022-11-16 00:00:00-05:00,23.0,23.06999969482422,22.711000442504883,22.868999481201172,46300,0.0,0.0,0.0
2022-11-17 00:00:00-05:00,22.31999969482422,22.989999771118164,22.25,22.791000366210938,10800,0.0,0.0,0.0
2022-11-18 00:00:00-05:00,22.709999084472656,22.81999969482422,22.440000534057617,22.711000442504883,13700,0.0,0.0,0.0
2022-11-21 00:00:00-05:00,22.719999313354492,23.149999618530273,22.719999313354492,22.874000549316406,7600,0.0,0.0,0.0
2022-11-22 00:00:00-05:00,22.916000366210938,23.290000915527344,22.704999923706055,23.290000915527344,18400,0.0,0.0,0.0
2022-11-23 00:00:00-05:00,23.200000762939453,23.65999984741211,23.200000762939453,23.56999969482422,7300,0.0,0.0,0.0
2022-11-25 00:00:00-05:00,23.610000610351562,23.690000534057617,23.520999908447266,23.613000869750977,3500,0.0,0.0,0.0
2022-11-28 00:00:00-05:00,23.3700008392334,23.3700008392334,22.66699981689453,22.812999725341797,6100,0.0,0.0,0.0
2022-11-29 00:00:00-05:00,22.649999618530273,22.739999771118164,22.3700008392334,22.59600067138672,2500,0.0,0.0,0.0
2022-11-30 00:00:00-05:00,22.825000762939453,24.56999969482422,22.690000534057617,24.56399917602539,53200,0.0,0.0,0.0
2022-12-01 00:00:00-05:00,24.77899932861328,24.77899932861328,24.13800048828125,24.628000259399414,13500,0.0,0.0,0.0
2022-12-02 00:00:00-05:00,23.889999389648438,24.632999420166016,23.889999389648438,24.632999420166016,8900,0.0,0.0,0.0
2022-12-05 00:00:00-05:00,24.3799991607666,24.388999938964844,23.690000534057617,23.94499969482422,11000,0.0,0.0,0.0
2022-12-06 00:00:00-05:00,24.04199981689453,24.04199981689453,23.111000061035156,23.190000534057617,6800,0.0,0.0,0.0
2022-12-07 00:00:00-05:00,23.190000534057617,23.190000534057617,22.860000610351562,23.08099937438965,6100,0.0,0.0,0.0
2022-12-08 00:00:00-05:00,23.0,23.500999450683594,23.0,23.500999450683594,1900,0.0,0.0,0.0
2022-12-09 00:00:00-05:00,23.25,23.520000457763672,23.20199966430664,23.20199966430664,1100,0.0,0.0,0.0
2022-12-12 00:00:00-05:00,23.719999313354492,24.19499969482422,23.719999313354492,24.19499969482422,11400,0.0,0.0,0.0
2022-12-13 00:00:00-05:00,25.639999389648438,25.639999389648438,24.34000015258789,24.860000610351562,56900,0.0,0.0,0.0
2022-12-14 00:00:00-05:00,24.90999984741211,25.628999710083008,24.600000381469727,24.937000274658203,21200,0.0,0.0,0.0
2022-12-15 00:00:00-05:00,24.399999618530273,24.399999618530273,23.489999771118164,23.716999053955078,22100,0.0,0.0,0.0
2022-12-16 00:00:00-05:00,23.639999389648438,23.68000030517578,22.908000946044922,23.11199951171875,20000,0.0,0.0,0.0
2022-12-19 00:00:00-05:00,22.93400001525879,22.93400001525879,22.27899932861328,22.496999740600586,14100,0.0,0.0,0.0
2022-12-20 00:00:00-05:00,22.1200008392334,22.610000610351562,22.1200008392334,22.531999588012695,12400,0.0,0.0,0.0
2022-12-21 00:00:00-05:00,22.395999908447266,23.02899932861328,22.395999908447266,22.829999923706055,12500,0.0,0.0,0.0
2022-12-22 00:00:00-05:00,22.159000396728516,22.159000396728516,21.579999923706055,22.038000106811523,15000,0.0,0.0,0.0
2022-12-23 00:00:00-05:00,21.709999084472656,22.045000076293945,21.5,21.860000610351562,12200,0.0,0.0,0.0
2022-12-27 00:00:00-05:00,22.030000686645508,22.030000686645508,21.780000686645508,21.827999114990234,7500,0.0,0.0,0.0
2022-12-28 00:00:00-05:00,21.799999237060547,22.138999938964844,21.479999542236328,21.499000549316406,18000,0.0,0.0,0.0
2022-12-29 00:00:00-05:00,21.68000030517578,22.510000228881836,21.68000030517578,22.384000778198242,17700,0.0,0.0,0.0
2022-12-30 00:00:00-05:00,22.05900001525879,22.18199920654297,21.809999465942383,22.18199920654297,20000,0.0,0.0,0.0
2023-01-03 00:00:00-05:00,22.530000686645508,23.0,21.8700008392334,22.16900062561035,17500,0.0,0.0,0.0
2023-01-04 00:00:00-05:00,21.149999618530273,21.184999465942383,20.270000457763672,20.69300079345703,90300,0.0,0.0,0.0
2023-01-05 00:00:00-05:00,20.459999084472656,20.459999084472656,19.729999542236328,19.792999267578125,32100,0.0,0.0,0.0
2023-01-06 00:00:00-05:00,19.920000076293945,20.219999313354492,19.429000854492188,20.09000015258789,83000,0.0,0.0,0.0
2023-01-09 00:00:00-05:00,20.399999618530273,20.90999984741211,20.3700008392334,20.440000534057617,50300,0.0,0.0,0.0
2023-01-10 00:00:00-05:00,20.5,20.889999389648438,20.5,20.621000289916992,34700,0.0,0.0,0.0
2023-01-11 00:00:00-05:00,21.020000457763672,21.559999465942383,21.020000457763672,21.55699920654297,36200,0.0,0.0,0.0
2023-01-12 00:00:00-05:00,21.56999969482422,22.09000015258789,21.31999969482422,21.952999114990234,47200,0.0,0.0,0.0
2023-01-13 00:00:00-05:00,21.704999923706055,22.024999618530273,21.450000762939453,22.024999618530273,44700,0.0,0.0,0.0
2023-01-17 00:00:00-05:00,21.8700008392334,22.239999771118164,21.8700008392334,22.167999267578125,16500,0.0,0.0,0.0
2023-01-18 00:00:00-05:00,22.420000076293945,22.420000076293945,21.510000228881836,21.549999237060547,113900,0.0,0.0,0.0
2023-01-19 00:00:00-05:00,21.360000610351562,21.37299919128418,20.8799991607666,21.011999130249023,62300,0.0,0.0,0.0
2023-01-20 00:00:00-05:00,21.450000762939453,22.149999618530273,21.420000076293945,22.09600067138672,42600,0.0,0.0,0.0
2023-01-23 00:00:00-05:00,22.138999938964844,22.780000686645508,22.138999938964844,22.440000534057617,77600,0.0,0.0,0.0
2023-01-24 00:00:00-05:00,22.440000534057617,22.479999542236328,22.18000030517578,22.357999801635742,75300,0.0,0.0,0.0
2023-01-25 00:00:00-05:00,21.309999465942383,22.5,20.899999618530273,22.1200008392334,101300,0.0,0.0,0.0
2023-01-26 00:00:00-05:00,22.579999923706055,23.190000534057617,22.3700008392334,23.190000534057617,44800,0.0,0.0,0.0
2023-01-27 00:00:00-05:00,23.329999923706055,23.420000076293945,23.0,23.18899917602539,35500,0.0,0.0,0.0
2023-01-30 00:00:00-05:00,22.690000534057617,22.75,22.367000579833984,22.450000762939453,24700,0.0,0.0,0.0
2023-01-31 00:00:00-05:00,22.559999465942383,23.149999618530273,22.559999465942383,23.149999618530273,19000,0.0,0.0,0.0
2023-02-01 00:00:00-05:00,23.170000076293945,24.139999389648438,22.854999542236328,23.84000015258789,37500,0.0,0.0,0.0
2023-02-02 00:00:00-05:00,24.709999084472656,25.5,24.514999389648438,25.5,43700,0.0,0.0,0.0
2023-02-03 00:00:00-05:00,24.690000534057617,25.420000076293945,24.43000030517578,24.559999465942383,46100,0.0,0.0,0.0
2023-02-06 00:00:00-05:00,24.43000030517578,24.499000549316406,24.149999618530273,24.389999389648438,13900,0.0,0.0,0.0
2023-02-07 00:00:00-05:00,24.829999923706055,26.048999786376953,24.829999923706055,25.90999984741211,162500,0.0,0.0,0.0
2023-02-08 00:00:00-05:00,26.729999542236328,27.18899917602539,25.68000030517578,25.780000686645508,186500,0.0,0.0,0.0
2023-02-09 00:00:00-05:00,26.780000686645508,26.780000686645508,25.211000442504883,25.3799991607666,107700,0.0,0.0,0.0
2023-02-10 00:00:00-05:00,25.0,25.299999237060547,24.8799991607666,25.209999084472656,30900,0.0,0.0,0.0
2023-02-13 00:00:00-05:00,25.860000610351562,26.823999404907227,25.829999923706055,26.399999618530273,133300,0.0,0.0,0.0
2023-02-14 00:00:00-05:00,26.579999923706055,26.899999618530273,26.15999984741211,26.489999771118164,69800,0.0,0.0,0.0
2023-02-15 00:00:00-05:00,26.1200008392334,26.290000915527344,25.780000686645508,26.149999618530273,59200,0.0,0.0,0.0
2023-02-16 00:00:00-05:00,25.3799991607666,25.73900032043457,25.1299991607666,25.15999984741211,53900,0.0,0.0,0.0
2023-02-17 00:00:00-05:00,24.690000534057617,24.729999542236328,24.25,24.489999771118164,71000,0.0,0.0,0.0
2023-02-21 00:00:00-05:00,23.989999771118164,24.110000610351562,23.639999389648438,23.739999771118164,69000,0.0,0.0,0.0
2023-02-22 00:00:00-05:00,23.920000076293945,23.920000076293945,23.479999542236328,23.610000610351562,15900,0.0,0.0,0.0
2023-02-23 00:00:00-05:00,24.139999389648438,24.290000915527344,23.55299949645996,24.040000915527344,53700,0.0,0.0,0.0
2023-02-24 00:00:00-05:00,23.309999465942383,23.409000396728516,23.100000381469727,23.2450008392334,48400,0.0,0.0,0.0
2023-02-27 00:00:00-05:00,23.760000228881836,23.760000228881836,23.299999237060547,23.389999389648438,27700,0.0,0.0,0.0
2023-02-28 00:00:00-05:00,23.288999557495117,23.469999313354492,23.229999542236328,23.270000457763672,18700,0.0,0.0,0.0
2023-03-01 00:00:00-05:00,23.270000457763672,23.299999237060547,22.780000686645508,22.8700008392334,25700,0.0,0.0,0.0
2023-03-02 00:00:00-05:00,22.760000228881836,23.479999542236328,22.760000228881836,23.479999542236328,58200,0.0,0.0,0.0
2023-03-03 00:00:00-05:00,23.639999389648438,24.09000015258789,23.540000915527344,24.040000915527344,33900,0.0,0.0,0.0
2023-03-06 00:00:00-05:00,24.229999542236328,24.704999923706055,24.200000762939453,24.31999969482422,62300,0.0,0.0,0.0
2023-03-07 00:00:00-05:00,24.190000534057617,24.34000015258789,23.829999923706055,23.8799991607666,19800,0.0,0.0,0.0
2023-03-08 00:00:00-05:00,23.899999618530273,23.899999618530273,23.450000762939453,23.850000381469727,23900,0.0,0.0,0.0
2023-03-09 00:00:00-05:00,24.110000610351562,24.610000610351562,23.590999603271484,23.65999984741211,42000,0.0,0.0,0.0
2023-03-10 00:00:00-05:00,23.43000030517578,23.649999618530273,22.959999084472656,23.09000015258789,24600,0.0,0.0,0.0
2023-03-13 00:00:00-04:00,22.700000762939453,24.270000457763672,22.700000762939453,23.81999969482422,38500,0.0,0.0,0.0
2023-03-14 00:00:00-04:00,24.349000930786133,24.756999969482422,24.260000228881836,24.709999084472656,35200,0.0,0.0,0.0
2023-03-15 00:00:00-04:00,24.65999984741211,25.600000381469727,24.638999938964844,25.479999542236328,114600,0.0,0.0,0.0
2023-03-16 00:00:00-04:00,25.360000610351562,27.030000686645508,25.18000030517578,26.959999084472656,116600,0.0,0.0,0.0
2023-03-17 00:00:00-04:00,27.3799991607666,28.01099967956543,27.0,27.420000076293945,175700,0.0,0.0,0.0
2023-03-20 00:00:00-04:00,27.149999618530273,27.149999618530273,26.049999237060547,26.399999618530273,86500,0.0,0.0,0.0
2023-03-21 00:00:00-04:00,26.649999618530273,26.670000076293945,25.920000076293945,26.457000732421875,58000,0.0,0.0,0.0
2023-03-22 00:00:00-04:00,26.518999099731445,27.469999313354492,26.299999237060547,26.31999969482422,72300,0.0,0.0,0.0
2023-03-23 00:00:00-04:00,27.1200008392334,27.540000915527344,26.739999771118164,27.1299991607666,115100,0.0,0.0,0.0
2023-03-24 00:00:00-04:00,27.0,27.5,26.790000915527344,27.469999313354492,87900,0.0,0.0,0.0
2023-03-27 00:00:00-04:00,27.5,27.59000015258789,26.770000457763672,26.8799991607666,111700,0.0,0.0,0.0
2023-03-28 00:00:00-04:00,26.790000915527344,26.790000915527344,26.260000228881836,26.709999084472656,28800,0.0,0.0,0.0
2023-03-29 00:00:00-04:00,27.200000762939453,27.53499984741211,27.179000854492188,27.450000762939453,55800,0.0,0.0,0.0
2023-03-30 00:00:00-04:00,28.0,28.0,27.6299991607666,27.989999771118164,45700,0.0,0.0,0.0
2023-03-31 00:00:00-04:00,27.950000762939453,28.649999618530273,27.829999923706055,28.600000381469727,63300,0.0,0.0,0.0
2023-04-03 00:00:00-04:00,28.219999313354492,28.559999465942383,28.0,28.440000534057617,43800,0.0,0.0,0.0
2023-04-04 00:00:00-04:00,28.399999618530273,28.8799991607666,28.190000534057617,28.440000534057617,68400,0.0,0.0,0.0
2023-04-05 00:00:00-04:00,28.229999542236328,28.239999771118164,27.790000915527344,28.010000228881836,55600,0.0,0.0,0.0
2023-04-06 00:00:00-04:00,27.690000534057617,29.09000015258789,27.670000076293945,29.0,41200,0.0,0.0,0.0
2023-04-10 00:00:00-04:00,28.700000762939453,28.709999084472656,28.030000686645508,28.709999084472656,92000,0.0,0.0,0.0
2023-04-11 00:00:00-04:00,28.079999923706055,28.079999923706055,27.56599998474121,27.739999771118164,54700,0.0,0.0,0.0
2023-04-12 00:00:00-04:00,28.020000457763672,28.280000686645508,27.59000015258789,27.84000015258789,38200,0.0,0.0,0.0
2023-04-13 00:00:00-04:00,27.790000915527344,28.75,27.790000915527344,28.75,40400,0.0,0.0,0.0
2023-04-14 00:00:00-04:00,28.31999969482422,28.479999542236328,27.84000015258789,28.190000534057617,27200,0.0,0.0,0.0
2023-04-17 00:00:00-04:00,28.709999084472656,28.969999313354492,28.209999084472656,28.549999237060547,79300,0.0,0.0,0.0
2023-04-18 00:00:00-04:00,29.010000228881836,29.010000228881836,28.34600067138672,28.489999771118164,47800,0.0,0.0,0.0
2023-04-19 00:00:00-04:00,28.149999618530273,28.600000381469727,28.02199935913086,28.5,25400,0.0,0.0,0.0
2023-04-20 00:00:00-04:00,28.030000686645508,28.559999465942383,28.0,28.139999389648438,42400,0.0,0.0,0.0
2023-04-21 00:00:00-04:00,27.84000015258789,28.1299991607666,27.711000442504883,28.06999969482422,14700,0.0,0.0,0.0
2023-04-24 00:00:00-04:00,27.549999237060547,27.90999984741211,27.059999465942383,27.489999771118164,53200,0.0,0.0,0.0
2023-04-25 00:00:00-04:00,27.1200008392334,27.450000762939453,26.579999923706055,26.600000381469727,89800,0.0,0.0,0.0
2023-04-26 00:00:00-04:00,29.56999969482422,30.05500030517578,29.06999969482422,29.43000030517578,189900,0.0,0.0,0.0
2023-04-27 00:00:00-04:00,29.559999465942383,30.8799991607666,29.400999069213867,30.816999435424805,93500,0.0,0.0,0.0
2023-04-28 00:00:00-04:00,30.719999313354492,31.450000762939453,30.639999389648438,31.239999771118164,56300,0.0,0.0,0.0
2023-05-01 00:00:00-04:00,31.1299991607666,31.399999618530273,30.899999618530273,30.950000762939453,39400,0.0,0.0,0.0
2023-05-02 00:00:00-04:00,31.25,31.450000762939453,30.75,30.889999389648438,46800,0.0,0.0,0.0
2023-05-03 00:00:00-04:00,31.1299991607666,31.350000381469727,30.719999313354492,30.719999313354492,51800,0.0,0.0,0.0
2023-05-04 00:00:00-04:00,31.059999465942383,31.219999313354492,30.6299991607666,30.950000762939453,33900,0.0,0.0,0.0
2023-05-05 00:00:00-04:00,30.940000534057617,31.860000610351562,30.81999969482422,31.649999618530273,42300,0.0,0.0,0.0
2023-05-08 00:00:00-04:00,31.700000762939453,31.700000762939453,31.0,31.3799991607666,94500,0.0,0.0,0.0
2023-05-09 00:00:00-04:00,31.299999237060547,31.56599998474121,31.030000686645508,31.1299991607666,37100,0.0,0.0,0.0
2023-05-10 00:00:00-04:00,31.389999389648438,32.02000045776367,31.23699951171875,31.93000030517578,118800,0.0,0.0,0.0
2023-05-11 00:00:00-04:00,31.59000015258789,31.709999084472656,31.0,31.540000915527344,38600,0.0,0.0,0.0
2023-05-12 00:00:00-04:00,31.6299991607666,31.6299991607666,31.059999465942383,31.3799991607666,24700,0.0,0.0,0.0
2023-05-15 00:00:00-04:00,31.459999084472656,31.489999771118164,31.239999771118164,31.399999618530273,18900,0.0,0.0,0.0
2023-05-16 00:00:00-04:00,31.469999313354492,32.04999923706055,31.469999313354492,31.809999465942383,37300,0.0,0.0,0.0
2023-05-17 00:00:00-04:00,31.920000076293945,32.28499984741211,31.790000915527344,32.25,29100,0.0,0.0,0.0
2023-05-18 00:00:00-04:00,32.33000183105469,32.97999954223633,32.20800018310547,32.939998626708984,63800,0.0,0.0,0.0
2023-05-19 00:00:00-04:00,32.689998626708984,32.92399978637695,32.599998474121094,32.8849983215332,32100,0.0,0.0,0.0
2023-05-22 00:00:00-04:00,32.939998626708984,33.43000030517578,32.869998931884766,33.33000183105469,39900,0.0,0.0,0.0
2023-05-23 00:00:00-04:00,33.099998474121094,33.459999084472656,32.400001525878906,32.43000030517578,50500,0.0,0.0,0.0
2023-05-24 00:00:00-04:00,32.22999954223633,32.47700119018555,31.97100067138672,32.189998626708984,32600,0.0,0.0,0.0
2023-05-25 00:00:00-04:00,33.619998931884766,34.099998474121094,33.11000061035156,34.0099983215332,106600,0.0,0.0,0.0
2023-05-26 00:00:00-04:00,33.709999084472656,35.13999938964844,33.709999084472656,35.08000183105469,77800,0.0,0.0,0.0
2023-05-30 00:00:00-04:00,35.65999984741211,35.65999984741211,34.709999084472656,34.83000183105469,84200,0.0,0.0,0.0
2023-05-31 00:00:00-04:00,34.959999084472656,35.5,34.290000915527344,34.43000030517578,54500,0.0,0.0,0.0
2023-06-01 00:00:00-04:00,34.0099983215332,35.150001525878906,33.970001220703125,34.9900016784668,83800,0.0,0.0,0.0
2023-06-02 00:00:00-04:00,35.27000045776367,35.72999954223633,34.9900016784668,35.459999084472656,50600,0.0,0.0,0.0
2023-06-05 00:00:00-04:00,35.400001525878906,35.88999938964844,35.31999969482422,35.540000915527344,55800,0.0,0.0,0.0
2023-06-06 00:00:00-04:00,35.400001525878906,35.400001525878906,34.970001220703125,35.119998931884766,60500,0.0,0.0,0.0
2023-06-07 00:00:00-04:00,34.880001068115234,35.22700119018555,33.38399887084961,33.54999923706055,154500,0.0,0.0,0.0
2023-06-08 00:00:00-04:00,33.4900016784668,34.00899887084961,33.4900016784668,33.790000915527344,96600,0.0,0.0,0.0
2023-06-09 00:00:00-04:00,33.7599983215332,34.470001220703125,33.7599983215332,34.040000915527344,68700,0.0,0.0,0.0
2023-06-12 00:00:00-04:00,34.34000015258789,34.83000183105469,33.79999923706055,34.83000183105469,40900,0.0,0.0,0.0
2023-06-13 00:00:00-04:00,35.22999954223633,35.56999969482422,34.58000183105469,35.209999084472656,62500,0.0,0.0,0.0
2023-06-14 00:00:00-04:00,35.2599983215332,35.91999816894531,34.959999084472656,35.68000030517578,69700,0.0,0.0,0.0
2023-06-15 00:00:00-04:00,35.68000030517578,37.560001373291016,35.68000030517578,37.36000061035156,136600,0.0,0.0,0.0
2023-06-16 00:00:00-04:00,37.970001220703125,37.970001220703125,36.43000030517578,36.5,95900,0.0,0.0,0.0
2023-06-20 00:00:00-04:00,35.939998626708984,36.310001373291016,35.391998291015625,35.70000076293945,126300,0.0,0.0,0.0
2023-06-21 00:00:00-04:00,35.27000045776367,35.380001068115234,34.59000015258789,34.84000015258789,54100,0.0,0.0,0.0
2023-06-22 00:00:00-04:00,34.84000015258789,35.81999969482422,34.84000015258789,35.75,59100,0.0,0.0,0.0
2023-06-23 00:00:00-04:00,34.959999084472656,35.439998626708984,34.79199981689453,35.040000915527344,48600,0.0,0.0,0.0
2023-06-26 00:00:00-04:00,34.810001373291016,35.099998474121094,34.0099983215332,34.040000915527344,64000,0.0,0.0,0.0
2023-06-27 00:00:00-04:00,34.5,35.18000030517578,34.15599822998047,34.970001220703125,46100,0.0,0.0,0.0
2023-06-28 00:00:00-04:00,34.970001220703125,35.459999084472656,34.86000061035156,35.15999984741211,38600,0.0,0.0,0.0
2023-06-29 00:00:00-04:00,34.959999084472656,35.124000549316406,34.66999816894531,34.959999084472656,42900,0.0,0.0,0.0
2023-06-30 00:00:00-04:00,35.45000076293945,36.1349983215332,35.45000076293945,35.79999923706055,81500,0.0,0.0,0.0
2023-07-03 00:00:00-04:00,35.709999084472656,35.849998474121094,35.22999954223633,35.45000076293945,35700,0.0,0.0,0.0
2023-07-05 00:00:00-04:00,35.0,35.939998626708984,35.0,35.47999954223633,52000,0.0,0.0,0.0
2023-07-06 00:00:00-04:00,35.43000030517578,36.209999084472656,35.040000915527344,35.939998626708984,125300,0.0,0.0,0.0
2023-07-07 00:00:00-04:00,35.619998931884766,35.970001220703125,35.2400016784668,35.29999923706055,91400,0.0,0.0,0.0
2023-07-10 00:00:00-04:00,34.880001068115234,34.880001068115234,33.779998779296875,34.439998626708984,96100,0.0,0.0,0.0
2023-07-11 00:00:00-04:00,34.470001220703125,34.540000915527344,33.65999984741211,34.4900016784668,78000,0.0,0.0,0.0
2023-07-12 00:00:00-04:00,35.20000076293945,35.880001068115234,35.03499984741211,35.290000915527344,104900,0.0,0.0,0.0
2023-07-13 00:00:00-04:00,35.61000061035156,36.22999954223633,35.61000061035156,36.099998474121094,68800,0.0,0.0,0.0
2023-07-14 00:00:00-04:00,36.880001068115234,37.45000076293945,36.25,36.52000045776367,153300,0.0,0.0,0.0
2023-07-17 00:00:00-04:00,36.59000015258789,36.69599914550781,36.119998931884766,36.540000915527344,110700,0.0,0.0,0.0
2023-07-18 00:00:00-04:00,36.59000015258789,39.86899948120117,35.9900016784668,38.77000045776367,416400,0.0,0.0,0.0
2023-07-19 00:00:00-04:00,39.09000015258789,39.198001861572266,37.56999969482422,38.029998779296875,364700,0.0,0.0,0.0
2023-07-20 00:00:00-04:00,37.84000015258789,38.36000061035156,36.45100021362305,36.68000030517578,136800,0.0,0.0,0.0
2023-07-21 00:00:00-04:00,37.08000183105469,37.18000030517578,35.75,36.189998626708984,134800,0.0,0.0,0.0
2023-07-24 00:00:00-04:00,36.54999923706055,36.619998931884766,35.95100021362305,36.369998931884766,149900,0.0,0.0,0.0
2023-07-25 00:00:00-04:00,36.84000015258789,37.439998626708984,36.388999938964844,37.279998779296875,457500,0.0,0.0,0.0
2023-07-26 00:00:00-04:00,35.720001220703125,36.2599983215332,34.439998626708984,35.18000030517578,918300,0.0,0.0,0.0
2023-07-27 00:00:00-04:00,35.630001068115234,35.71500015258789,33.81999969482422,34.08000183105469,351500,0.0,0.0,0.0
2023-07-28 00:00:00-04:00,34.5,35.49100112915039,34.470001220703125,35.2400016784668,246300,0.0,0.0,0.0
2023-07-31 00:00:00-04:00,35.040000915527344,35.11000061035156,34.46500015258789,34.869998931884766,146883,0.0,0.0,0.0
