Date,Open,High,Low,Close,Volume,Dividends,Stock Splits
2021-02-08 00:00:00-05:00,11.0,11.0,10.395000457763672,10.520000457763672,12400,0.0,0.0
2021-02-09 00:00:00-05:00,10.949999809265137,10.949999809265137,10.383999824523926,10.489999771118164,30500,0.0,0.0
2021-02-10 00:00:00-05:00,10.5,10.609999656677246,10.369999885559082,10.479999542236328,141300,0.0,0.0
2021-02-11 00:00:00-05:00,10.699999809265137,10.699999809265137,10.239999771118164,10.479999542236328,58200,0.0,0.0
2021-02-12 00:00:00-05:00,10.600000381469727,10.600000381469727,10.239999771118164,10.319999694824219,61900,0.0,0.0
2021-02-16 00:00:00-05:00,10.5,11.180000305175781,10.399999618530273,10.59000015258789,654700,0.0,0.0
2021-02-17 00:00:00-05:00,10.5,10.699999809265137,10.420000076293945,10.680000305175781,75300,0.0,0.0
2021-02-18 00:00:00-05:00,10.649999618530273,10.859999656677246,10.4399995803833,10.8100004196167,93400,0.0,0.0
2021-02-19 00:00:00-05:00,11.010000228881836,11.149999618530273,10.670000076293945,10.850000381469727,66500,0.0,0.0
2021-02-22 00:00:00-05:00,10.800000190734863,11.039999961853027,10.699999809265137,10.829999923706055,59400,0.0,0.0
2021-02-23 00:00:00-05:00,10.539999961853027,10.779999732971191,10.319999694824219,10.5600004196167,107000,0.0,0.0
2021-02-24 00:00:00-05:00,10.5600004196167,10.880000114440918,10.489999771118164,10.755000114440918,105000,0.0,0.0
2021-02-25 00:00:00-05:00,10.720000267028809,10.84000015258789,10.300000190734863,10.350000381469727,61600,0.0,0.0
2021-02-26 00:00:00-05:00,10.449999809265137,10.520000457763672,10.220000267028809,10.279999732971191,143100,0.0,0.0
2021-03-01 00:00:00-05:00,10.300000190734863,10.399999618530273,10.220000267028809,10.260000228881836,149600,0.0,0.0
2021-03-02 00:00:00-05:00,10.260000228881836,10.430000305175781,10.199999809265137,10.300000190734863,235100,0.0,0.0
2021-03-03 00:00:00-05:00,10.239999771118164,10.420000076293945,9.819999694824219,9.90999984741211,162700,0.0,0.0
2021-03-04 00:00:00-05:00,9.899999618530273,10.09000015258789,9.579999923706055,10.010000228881836,143100,0.0,0.0
2021-03-05 00:00:00-05:00,10.0,10.25,9.760000228881836,9.899999618530273,80500,0.0,0.0
2021-03-08 00:00:00-05:00,9.920000076293945,10.050000190734863,9.920000076293945,10.020000457763672,16000,0.0,0.0
2021-03-09 00:00:00-05:00,10.020000457763672,10.039999961853027,9.899999618530273,9.90999984741211,123500,0.0,0.0
2021-03-10 00:00:00-05:00,9.8100004196167,9.930999755859375,9.78499984741211,9.850000381469727,107600,0.0,0.0
2021-03-11 00:00:00-05:00,9.8100004196167,9.979999542236328,9.800000190734863,9.880000114440918,187500,0.0,0.0
2021-03-12 00:00:00-05:00,9.8100004196167,9.920000076293945,9.8100004196167,9.880000114440918,34700,0.0,0.0
2021-03-15 00:00:00-04:00,9.920000076293945,9.960000038146973,9.779999732971191,9.949999809265137,222200,0.0,0.0
2021-03-16 00:00:00-04:00,9.899999618530273,9.899999618530273,9.760000228881836,9.869999885559082,183400,0.0,0.0
2021-03-17 00:00:00-04:00,9.850000381469727,9.9399995803833,9.789999961853027,9.9399995803833,28000,0.0,0.0
2021-03-18 00:00:00-04:00,9.800000190734863,9.880000114440918,9.777999877929688,9.880000114440918,194800,0.0,0.0
2021-03-19 00:00:00-04:00,9.880000114440918,9.9399995803833,9.789999961853027,9.930000305175781,34900,0.0,0.0
2021-03-22 00:00:00-04:00,9.869999885559082,10.020000457763672,9.869999885559082,10.020000457763672,38000,0.0,0.0
2021-03-23 00:00:00-04:00,9.88700008392334,9.925999641418457,9.600000381469727,9.800000190734863,27700,0.0,0.0
2021-03-24 00:00:00-04:00,9.90999984741211,9.90999984741211,9.609999656677246,9.609999656677246,50500,0.0,0.0
2021-03-25 00:00:00-04:00,9.600000381469727,9.699999809265137,9.449999809265137,9.59000015258789,55400,0.0,0.0
2021-03-26 00:00:00-04:00,9.59000015258789,9.829999923706055,9.59000015258789,9.819999694824219,35800,0.0,0.0
2021-03-29 00:00:00-04:00,9.649999618530273,9.800000190734863,9.649999618530273,9.649999618530273,3800,0.0,0.0
2021-03-30 00:00:00-04:00,9.729999542236328,9.73900032043457,9.600000381469727,9.609999656677246,12000,0.0,0.0
2021-03-31 00:00:00-04:00,9.600000381469727,9.704999923706055,9.600000381469727,9.65999984741211,23100,0.0,0.0
2021-04-01 00:00:00-04:00,9.75,9.880000114440918,9.699999809265137,9.770000457763672,54600,0.0,0.0
2021-04-05 00:00:00-04:00,9.890000343322754,9.920000076293945,9.710000038146973,9.869999885559082,22900,0.0,0.0
2021-04-06 00:00:00-04:00,9.779999732971191,9.800000190734863,9.75,9.789999961853027,28800,0.0,0.0
2021-04-07 00:00:00-04:00,9.776000022888184,9.8100004196167,9.75,9.800000190734863,18600,0.0,0.0
2021-04-08 00:00:00-04:00,9.850000381469727,9.99899959564209,9.850000381469727,9.869999885559082,17100,0.0,0.0
2021-04-09 00:00:00-04:00,9.8100004196167,9.899999618530273,9.75,9.899999618530273,43300,0.0,0.0
2021-04-12 00:00:00-04:00,10.100000381469727,10.100000381469727,9.770000457763672,9.949999809265137,21900,0.0,0.0
2021-04-13 00:00:00-04:00,9.949999809265137,9.979999542236328,9.90999984741211,9.949999809265137,8800,0.0,0.0
2021-04-14 00:00:00-04:00,9.958999633789062,10.0,9.914999961853027,10.0,3600,0.0,0.0
2021-04-15 00:00:00-04:00,9.949999809265137,9.949999809265137,9.848999977111816,9.949999809265137,114300,0.0,0.0
2021-04-16 00:00:00-04:00,9.850000381469727,9.869999885559082,9.8100004196167,9.859999656677246,12200,0.0,0.0
2021-04-19 00:00:00-04:00,9.880000114440918,9.880000114440918,9.729999542236328,9.8100004196167,28800,0.0,0.0
2021-04-20 00:00:00-04:00,9.739999771118164,9.949999809265137,9.739999771118164,9.949999809265137,8200,0.0,0.0
2021-04-21 00:00:00-04:00,9.890000343322754,9.890000343322754,9.760000228881836,9.819999694824219,3700,0.0,0.0
2021-04-22 00:00:00-04:00,9.75,9.760000228881836,9.710000038146973,9.710000038146973,6100,0.0,0.0
2021-04-23 00:00:00-04:00,9.770000457763672,9.779999732971191,9.770000457763672,9.779999732971191,200,0.0,0.0
2021-04-26 00:00:00-04:00,9.739999771118164,9.744999885559082,9.699999809265137,9.720000267028809,3700,0.0,0.0
2021-04-27 00:00:00-04:00,9.710000038146973,9.75,9.699999809265137,9.75,9500,0.0,0.0
2021-04-28 00:00:00-04:00,9.75,9.760000228881836,9.729999542236328,9.75,7200,0.0,0.0
2021-04-29 00:00:00-04:00,9.779999732971191,9.779999732971191,9.739999771118164,9.779999732971191,4800,0.0,0.0
2021-04-30 00:00:00-04:00,9.739999771118164,9.779999732971191,9.729999542236328,9.779999732971191,8000,0.0,0.0
2021-05-03 00:00:00-04:00,9.779999732971191,9.84000015258789,9.6899995803833,9.699999809265137,16800,0.0,0.0
2021-05-04 00:00:00-04:00,9.699999809265137,9.789999961853027,9.699999809265137,9.779999732971191,8500,0.0,0.0
2021-05-05 00:00:00-04:00,9.75,9.75,9.699999809265137,9.75,11900,0.0,0.0
2021-05-06 00:00:00-04:00,9.710000038146973,9.739999771118164,9.710000038146973,9.739999771118164,5500,0.0,0.0
2021-05-07 00:00:00-04:00,9.720999717712402,9.739999771118164,9.699999809265137,9.699999809265137,3300,0.0,0.0
2021-05-10 00:00:00-04:00,9.720000267028809,9.729999542236328,9.680000305175781,9.701000213623047,19800,0.0,0.0
2021-05-11 00:00:00-04:00,9.6899995803833,9.760000228881836,9.680000305175781,9.739999771118164,57300,0.0,0.0
2021-05-12 00:00:00-04:00,9.710000038146973,9.710000038146973,9.625,9.65999984741211,17400,0.0,0.0
2021-05-13 00:00:00-04:00,9.649999618530273,9.6899995803833,9.649999618530273,9.670000076293945,9300,0.0,0.0
2021-05-14 00:00:00-04:00,9.649999618530273,9.6899995803833,9.630000114440918,9.6899995803833,5500,0.0,0.0
2021-05-17 00:00:00-04:00,9.640000343322754,9.649999618530273,9.640000343322754,9.640000343322754,4800,0.0,0.0
2021-05-18 00:00:00-04:00,9.680000305175781,9.6850004196167,9.619999885559082,9.680000305175781,6100,0.0,0.0
2021-05-19 00:00:00-04:00,9.699999809265137,10.300000190734863,9.699999809265137,9.880000114440918,129800,0.0,0.0
2021-05-20 00:00:00-04:00,9.899999618530273,9.90999984741211,9.760000228881836,9.899999618530273,50800,0.0,0.0
2021-05-21 00:00:00-04:00,9.850000381469727,9.890000343322754,9.800000190734863,9.850000381469727,8900,0.0,0.0
2021-05-24 00:00:00-04:00,9.869999885559082,9.949000358581543,9.869999885559082,9.869999885559082,11600,0.0,0.0
2021-05-25 00:00:00-04:00,9.887999534606934,10.0,9.859999656677246,10.0,4500,0.0,0.0
2021-05-26 00:00:00-04:00,9.979999542236328,9.979999542236328,9.859999656677246,9.859999656677246,16100,0.0,0.0
2021-05-27 00:00:00-04:00,9.829999923706055,9.864999771118164,9.800000190734863,9.864999771118164,9000,0.0,0.0
2021-05-28 00:00:00-04:00,9.869999885559082,9.920000076293945,9.699999809265137,9.699999809265137,109500,0.0,0.0
2021-06-01 00:00:00-04:00,9.720000267028809,9.760000228881836,9.699999809265137,9.699999809265137,9300,0.0,0.0
2021-06-02 00:00:00-04:00,9.739999771118164,9.800000190734863,9.739999771118164,9.760000228881836,10300,0.0,0.0
2021-06-03 00:00:00-04:00,9.75,9.8100004196167,9.710000038146973,9.8100004196167,37500,0.0,0.0
2021-06-04 00:00:00-04:00,9.736000061035156,9.8100004196167,9.736000061035156,9.8100004196167,6300,0.0,0.0
2021-06-07 00:00:00-04:00,9.8100004196167,9.862000465393066,9.75,9.829999923706055,10400,0.0,0.0
2021-06-08 00:00:00-04:00,9.859999656677246,9.869999885559082,9.788000106811523,9.869999885559082,13700,0.0,0.0
2021-06-09 00:00:00-04:00,9.899999618530273,9.930000305175781,9.84000015258789,9.880000114440918,39400,0.0,0.0
2021-06-10 00:00:00-04:00,9.899999618530273,9.899999618530273,9.895000457763672,9.899999618530273,71600,0.0,0.0
2021-06-11 00:00:00-04:00,9.899999618530273,9.899999618530273,9.850000381469727,9.859999656677246,1800,0.0,0.0
2021-06-14 00:00:00-04:00,9.880000114440918,9.880000114440918,9.770000457763672,9.770000457763672,11300,0.0,0.0
2021-06-15 00:00:00-04:00,9.850000381469727,9.899999618530273,9.75,9.760000228881836,16800,0.0,0.0
2021-06-16 00:00:00-04:00,9.767999649047852,9.824000358581543,9.75,9.819999694824219,10800,0.0,0.0
2021-06-17 00:00:00-04:00,9.760000228881836,9.850000381469727,9.760000228881836,9.819999694824219,78300,0.0,0.0
2021-06-18 00:00:00-04:00,9.819999694824219,9.819999694824219,9.819999694824219,9.819999694824219,0,0.0,0.0
2021-06-21 00:00:00-04:00,9.758000373840332,9.805000305175781,9.75,9.75,7800,0.0,0.0
2021-06-22 00:00:00-04:00,9.75,9.890000343322754,9.75,9.880000114440918,5000,0.0,0.0
2021-06-23 00:00:00-04:00,9.795000076293945,9.800000190734863,9.795000076293945,9.800000190734863,700,0.0,0.0
2021-06-24 00:00:00-04:00,9.800000190734863,9.84000015258789,9.800000190734863,9.84000015258789,1600,0.0,0.0
2021-06-25 00:00:00-04:00,9.75,9.899999618530273,9.75,9.8100004196167,1400,0.0,0.0
2021-06-28 00:00:00-04:00,9.75,9.8149995803833,9.75,9.8149995803833,800,0.0,0.0
2021-06-29 00:00:00-04:00,9.899999618530273,9.899999618530273,9.781999588012695,9.781999588012695,3800,0.0,0.0
2021-06-30 00:00:00-04:00,9.824999809265137,9.824999809265137,9.699999809265137,9.699999809265137,33100,0.0,0.0
2021-07-01 00:00:00-04:00,9.649999618530273,9.739999771118164,9.649999618530273,9.739999771118164,4800,0.0,0.0
2021-07-02 00:00:00-04:00,9.649999618530273,9.675000190734863,9.649999618530273,9.675000190734863,600,0.0,0.0
2021-07-06 00:00:00-04:00,9.75,9.779999732971191,9.710000038146973,9.779999732971191,10600,0.0,0.0
2021-07-07 00:00:00-04:00,9.670000076293945,9.744999885559082,9.670000076293945,9.744999885559082,107300,0.0,0.0
2021-07-08 00:00:00-04:00,9.699999809265137,9.720000267028809,9.699999809265137,9.710000038146973,3100,0.0,0.0
2021-07-09 00:00:00-04:00,9.710000038146973,9.710000038146973,9.710000038146973,9.710000038146973,3700,0.0,0.0
2021-07-12 00:00:00-04:00,9.720000267028809,9.720000267028809,9.710000038146973,9.710000038146973,300,0.0,0.0
2021-07-13 00:00:00-04:00,9.75,9.75,9.710000038146973,9.75,13800,0.0,0.0
2021-07-14 00:00:00-04:00,9.75,9.857999801635742,9.710000038146973,9.710000038146973,167600,0.0,0.0
2021-07-15 00:00:00-04:00,9.746999740600586,9.746999740600586,9.619999885559082,9.630000114440918,50300,0.0,0.0
2021-07-16 00:00:00-04:00,9.649999618530273,9.699999809265137,9.640000343322754,9.680000305175781,31400,0.0,0.0
2021-07-19 00:00:00-04:00,9.680000305175781,9.6850004196167,9.670000076293945,9.670000076293945,24300,0.0,0.0
2021-07-20 00:00:00-04:00,9.670000076293945,9.680000305175781,9.649999618530273,9.664999961853027,10600,0.0,0.0
2021-07-21 00:00:00-04:00,9.65999984741211,9.710000038146973,9.630000114440918,9.710000038146973,9800,0.0,0.0
2021-07-22 00:00:00-04:00,9.6899995803833,9.6899995803833,9.6899995803833,9.6899995803833,200,0.0,0.0
2021-07-23 00:00:00-04:00,9.680000305175781,9.6899995803833,9.680000305175781,9.680000305175781,1000,0.0,0.0
2021-07-26 00:00:00-04:00,9.65999984741211,9.65999984741211,9.65999984741211,9.65999984741211,200,0.0,0.0
2021-07-27 00:00:00-04:00,9.725000381469727,9.739999771118164,9.699999809265137,9.739999771118164,2100,0.0,0.0
2021-07-28 00:00:00-04:00,9.670000076293945,9.710000038146973,9.65999984741211,9.710000038146973,53900,0.0,0.0
2021-07-29 00:00:00-04:00,9.670000076293945,9.699999809265137,9.65999984741211,9.65999984741211,1200,0.0,0.0
2021-07-30 00:00:00-04:00,9.649999618530273,9.710000038146973,9.649999618530273,9.710000038146973,7700,0.0,0.0
2021-08-02 00:00:00-04:00,9.710000038146973,9.729999542236328,9.640000343322754,9.729999542236328,21600,0.0,0.0
2021-08-03 00:00:00-04:00,9.729999542236328,9.729999542236328,9.710000038146973,9.729999542236328,3100,0.0,0.0
2021-08-04 00:00:00-04:00,9.670000076293945,9.699999809265137,9.670000076293945,9.699999809265137,8100,0.0,0.0
2021-08-05 00:00:00-04:00,9.670000076293945,9.729999542236328,9.640000343322754,9.710000038146973,149300,0.0,0.0
2021-08-06 00:00:00-04:00,9.670000076293945,9.729999542236328,9.670000076293945,9.710000038146973,103500,0.0,0.0
2021-08-09 00:00:00-04:00,9.670000076293945,9.739999771118164,9.670000076293945,9.739999771118164,11800,0.0,0.0
2021-08-10 00:00:00-04:00,9.699999809265137,9.739999771118164,9.699999809265137,9.720000267028809,5800,0.0,0.0
2021-08-11 00:00:00-04:00,9.699999809265137,9.699999809265137,9.670000076293945,9.696999549865723,2000,0.0,0.0
2021-08-12 00:00:00-04:00,9.739999771118164,9.760000228881836,9.729999542236328,9.739999771118164,276100,0.0,0.0
2021-08-13 00:00:00-04:00,9.829999923706055,9.880000114440918,9.789999961853027,9.880000114440918,3261800,0.0,0.0
2021-08-16 00:00:00-04:00,9.850000381469727,9.850000381469727,9.829999923706055,9.84000015258789,23000,0.0,0.0
2021-08-17 00:00:00-04:00,9.850000381469727,9.880000114440918,9.829999923706055,9.850000381469727,82300,0.0,0.0
2021-08-18 00:00:00-04:00,9.829999923706055,9.850000381469727,9.8100004196167,9.8100004196167,74000,0.0,0.0
2021-08-19 00:00:00-04:00,9.819999694824219,9.84000015258789,9.800000190734863,9.8149995803833,398000,0.0,0.0
2021-08-20 00:00:00-04:00,9.819999694824219,9.84000015258789,9.800000190734863,9.8100004196167,532500,0.0,0.0
2021-08-23 00:00:00-04:00,9.8100004196167,9.819999694824219,9.800000190734863,9.8100004196167,14800,0.0,0.0
2021-08-24 00:00:00-04:00,9.8100004196167,9.8100004196167,9.789999961853027,9.789999961853027,32600,0.0,0.0
2021-08-25 00:00:00-04:00,9.819999694824219,9.819999694824219,9.779999732971191,9.789999961853027,600100,0.0,0.0
2021-08-26 00:00:00-04:00,9.800000190734863,9.835000038146973,9.770000457763672,9.789999961853027,127400,0.0,0.0
2021-08-27 00:00:00-04:00,9.800000190734863,9.800000190734863,9.78499984741211,9.800000190734863,1800,0.0,0.0
2021-08-30 00:00:00-04:00,9.800000190734863,9.800000190734863,9.770000457763672,9.789999961853027,34300,0.0,0.0
2021-08-31 00:00:00-04:00,9.800000190734863,9.829999923706055,9.789999961853027,9.829999923706055,169600,0.0,0.0
2021-09-01 00:00:00-04:00,9.819999694824219,9.890000343322754,9.819999694824219,9.86299991607666,222000,0.0,0.0
2021-09-02 00:00:00-04:00,9.880000114440918,9.890000343322754,9.869999885559082,9.880000114440918,26700,0.0,0.0
2021-09-03 00:00:00-04:00,9.899999618530273,9.899999618530273,9.880000114440918,9.890000343322754,4500,0.0,0.0
2021-09-07 00:00:00-04:00,9.880000114440918,9.899999618530273,9.850000381469727,9.869999885559082,15000,0.0,0.0
2021-09-08 00:00:00-04:00,9.880000114440918,9.899999618530273,9.864999771118164,9.899999618530273,21400,0.0,0.0
2021-09-09 00:00:00-04:00,9.869999885559082,9.899999618530273,9.859999656677246,9.899999618530273,18100,0.0,0.0
2021-09-10 00:00:00-04:00,9.890000343322754,9.899999618530273,9.890000343322754,9.899999618530273,2700,0.0,0.0
2021-09-13 00:00:00-04:00,9.90999984741211,9.928999900817871,9.850000381469727,9.859999656677246,17500,0.0,0.0
2021-09-14 00:00:00-04:00,9.845000267028809,9.869999885559082,9.8100004196167,9.84000015258789,49600,0.0,0.0
2021-09-15 00:00:00-04:00,9.9399995803833,9.9399995803833,9.838000297546387,9.869999885559082,42100,0.0,0.0
2021-09-16 00:00:00-04:00,9.880000114440918,9.92199993133545,9.869999885559082,9.890000343322754,16300,0.0,0.0
2021-09-17 00:00:00-04:00,9.857999801635742,9.899999618530273,9.857999801635742,9.875,2300,0.0,0.0
2021-09-20 00:00:00-04:00,9.859999656677246,9.859999656677246,9.819999694824219,9.84000015258789,18800,0.0,0.0
2021-09-21 00:00:00-04:00,9.835000038146973,9.869999885559082,9.821999549865723,9.859999656677246,24600,0.0,0.0
2021-09-22 00:00:00-04:00,9.859999656677246,9.9399995803833,9.859999656677246,9.90999984741211,88100,0.0,0.0
2021-09-23 00:00:00-04:00,9.899999618530273,9.9399995803833,9.899999618530273,9.930000305175781,20000,0.0,0.0
2021-09-24 00:00:00-04:00,9.930000305175781,9.930000305175781,9.899999618530273,9.930000305175781,283900,0.0,0.0
2021-09-27 00:00:00-04:00,9.880999565124512,9.899999618530273,9.850000381469727,9.899999618530273,31500,0.0,0.0
2021-09-28 00:00:00-04:00,9.850000381469727,9.920000076293945,9.850000381469727,9.913999557495117,2100,0.0,0.0
2021-09-29 00:00:00-04:00,9.90999984741211,9.90999984741211,9.859999656677246,9.859999656677246,266900,0.0,0.0
2021-09-30 00:00:00-04:00,9.880000114440918,9.930000305175781,9.859999656677246,9.930000305175781,30500,0.0,0.0
2021-10-01 00:00:00-04:00,9.930000305175781,9.949999809265137,9.899999618530273,9.904999732971191,49000,0.0,0.0
2021-10-04 00:00:00-04:00,9.899999618530273,9.90999984741211,9.880000114440918,9.880000114440918,7500,0.0,0.0
2021-10-05 00:00:00-04:00,9.899999618530273,9.899999618530273,9.866999626159668,9.899999618530273,110800,0.0,0.0
2021-10-06 00:00:00-04:00,9.930000305175781,9.930000305175781,9.899999618530273,9.899999618530273,20500,0.0,0.0
2021-10-07 00:00:00-04:00,9.920000076293945,9.920000076293945,9.899999618530273,9.904999732971191,304000,0.0,0.0
2021-10-08 00:00:00-04:00,9.899999618530273,9.899999618530273,9.890000343322754,9.899999618530273,14700,0.0,0.0
2021-10-11 00:00:00-04:00,9.920000076293945,9.920000076293945,9.920000076293945,9.920000076293945,1000,0.0,0.0
2021-10-12 00:00:00-04:00,9.899999618530273,9.90999984741211,9.859999656677246,9.899999618530273,327200,0.0,0.0
2021-10-13 00:00:00-04:00,9.906000137329102,9.920000076293945,9.906000137329102,9.920000076293945,400,0.0,0.0
2021-10-14 00:00:00-04:00,9.920000076293945,9.920000076293945,9.899999618530273,9.899999618530273,5200,0.0,0.0
2021-10-15 00:00:00-04:00,9.920000076293945,9.930000305175781,9.880000114440918,9.899999618530273,8500,0.0,0.0
2021-10-18 00:00:00-04:00,9.899999618530273,9.920000076293945,9.899999618530273,9.920000076293945,5000,0.0,0.0
2021-10-19 00:00:00-04:00,9.920000076293945,9.925999641418457,9.899999618530273,9.920000076293945,13500,0.0,0.0
2021-10-20 00:00:00-04:00,9.920000076293945,9.949999809265137,9.880000114440918,9.9399995803833,477700,0.0,0.0
2021-10-21 00:00:00-04:00,9.949999809265137,9.949999809265137,9.925000190734863,9.925000190734863,4400,0.0,0.0
2021-10-22 00:00:00-04:00,9.930000305175781,9.9399995803833,9.899999618530273,9.899999618530273,2300,0.0,0.0
2021-10-25 00:00:00-04:00,9.949999809265137,9.949999809265137,9.899999618530273,9.930000305175781,130600,0.0,0.0
2021-10-26 00:00:00-04:00,9.899999618530273,9.930000305175781,9.899999618530273,9.920000076293945,5500,0.0,0.0
2021-10-27 00:00:00-04:00,9.90999984741211,9.949999809265137,9.899999618530273,9.930000305175781,48600,0.0,0.0
2021-10-28 00:00:00-04:00,9.899999618530273,9.949999809265137,9.899999618530273,9.9399995803833,1300,0.0,0.0
2021-10-29 00:00:00-04:00,9.923999786376953,9.949999809265137,9.923999786376953,9.949999809265137,11700,0.0,0.0
2021-11-01 00:00:00-04:00,9.9399995803833,9.949999809265137,9.90999984741211,9.920000076293945,458800,0.0,0.0
2021-11-02 00:00:00-04:00,9.949999809265137,9.960000038146973,9.920000076293945,9.960000038146973,112500,0.0,0.0
2021-11-03 00:00:00-04:00,9.9399995803833,9.960000038146973,9.920000076293945,9.949999809265137,46700,0.0,0.0
2021-11-04 00:00:00-04:00,9.960000038146973,9.989999771118164,9.944000244140625,9.989999771118164,35000,0.0,0.0
2021-11-05 00:00:00-04:00,9.989999771118164,9.989999771118164,9.949999809265137,9.960000038146973,315300,0.0,0.0
2021-11-08 00:00:00-05:00,9.970000267028809,9.970000267028809,9.949999809265137,9.949999809265137,15700,0.0,0.0
2021-11-09 00:00:00-05:00,9.970000267028809,9.979999542236328,9.949999809265137,9.960000038146973,55400,0.0,0.0
2021-11-10 00:00:00-05:00,9.960000038146973,9.970000267028809,9.960000038146973,9.970000267028809,8900,0.0,0.0
2021-11-11 00:00:00-05:00,9.975000381469727,9.989999771118164,9.960000038146973,9.970000267028809,16500,0.0,0.0
2021-11-12 00:00:00-05:00,9.975000381469727,9.979999542236328,9.949999809265137,9.960000038146973,26900,0.0,0.0
2021-11-15 00:00:00-05:00,9.970000267028809,9.979999542236328,9.949999809265137,9.960000038146973,4900,0.0,0.0
2021-11-16 00:00:00-05:00,9.960000038146973,9.982999801635742,9.949999809265137,9.960000038146973,134100,0.0,0.0
2021-11-17 00:00:00-05:00,9.989999771118164,9.989999771118164,9.949999809265137,9.949999809265137,147400,0.0,0.0
2021-11-18 00:00:00-05:00,9.949999809265137,9.979999542236328,9.949999809265137,9.970000267028809,6900,0.0,0.0
2021-11-19 00:00:00-05:00,9.979999542236328,9.979999542236328,9.960000038146973,9.975000381469727,9600,0.0,0.0
2021-11-22 00:00:00-05:00,9.970000267028809,9.979999542236328,9.960000038146973,9.979999542236328,32400,0.0,0.0
2021-11-23 00:00:00-05:00,9.970000267028809,9.970000267028809,9.960000038146973,9.960000038146973,5800,0.0,0.0
2021-11-24 00:00:00-05:00,9.949999809265137,9.979999542236328,9.949999809265137,9.960000038146973,54900,0.0,0.0
2021-11-26 00:00:00-05:00,9.9399995803833,9.960000038146973,9.9399995803833,9.960000038146973,5000,0.0,0.0
2021-11-29 00:00:00-05:00,9.979999542236328,9.979999542236328,9.920000076293945,9.979999542236328,51000,0.0,0.0
2021-11-30 00:00:00-05:00,9.949999809265137,9.979999542236328,9.949999809265137,9.970000267028809,39100,0.0,0.0
2021-12-01 00:00:00-05:00,9.970000267028809,9.979999542236328,9.920000076293945,9.949999809265137,25100,0.0,0.0
2021-12-02 00:00:00-05:00,9.954999923706055,9.970000267028809,9.90999984741211,9.970000267028809,45200,0.0,0.0
2021-12-03 00:00:00-05:00,9.970000267028809,9.989999771118164,9.9399995803833,9.949999809265137,56500,0.0,0.0
2021-12-06 00:00:00-05:00,9.949999809265137,9.960000038146973,9.920000076293945,9.949999809265137,93200,0.0,0.0
2021-12-07 00:00:00-05:00,9.949999809265137,9.989999771118164,9.949999809265137,9.979999542236328,24500,0.0,0.0
2021-12-08 00:00:00-05:00,9.970000267028809,9.975000381469727,9.899999618530273,9.90999984741211,73600,0.0,0.0
2021-12-09 00:00:00-05:00,9.949999809265137,9.949999809265137,9.949999809265137,9.949999809265137,3000,0.0,0.0
2021-12-10 00:00:00-05:00,9.949999809265137,9.960000038146973,9.850000381469727,9.949999809265137,145000,0.0,0.0
2021-12-13 00:00:00-05:00,9.968999862670898,9.979999542236328,9.9399995803833,9.979999542236328,5500,0.0,0.0
2021-12-14 00:00:00-05:00,9.920000076293945,9.979999542236328,9.899999618530273,9.90999984741211,16500,0.0,0.0
2021-12-15 00:00:00-05:00,9.949999809265137,9.949999809265137,9.899999618530273,9.920000076293945,11300,0.0,0.0
2021-12-16 00:00:00-05:00,9.899999618530273,9.95199966430664,9.899999618530273,9.904000282287598,1400,0.0,0.0
2021-12-17 00:00:00-05:00,9.90999984741211,9.949999809265137,9.899999618530273,9.899999618530273,55600,0.0,0.0
2021-12-20 00:00:00-05:00,9.930000305175781,9.930000305175781,9.869999885559082,9.930000305175781,554700,0.0,0.0
2021-12-21 00:00:00-05:00,9.920000076293945,9.960000038146973,9.920000076293945,9.930000305175781,4200,0.0,0.0
2021-12-22 00:00:00-05:00,9.890000343322754,9.949999809265137,9.850000381469727,9.880000114440918,15400,0.0,0.0
2021-12-23 00:00:00-05:00,9.880000114440918,9.968999862670898,9.880000114440918,9.968999862670898,1800,0.0,0.0
2021-12-27 00:00:00-05:00,9.979999542236328,9.979999542236328,9.914999961853027,9.914999961853027,700,0.0,0.0
2021-12-28 00:00:00-05:00,9.880000114440918,9.930000305175781,9.869999885559082,9.920000076293945,11500,0.0,0.0
2021-12-29 00:00:00-05:00,9.880000114440918,9.890000343322754,9.880000114440918,9.880000114440918,18500,0.0,0.0
2021-12-30 00:00:00-05:00,9.880000114440918,9.895000457763672,9.880000114440918,9.890000343322754,24000,0.0,0.0
2021-12-31 00:00:00-05:00,9.880000114440918,9.930000305175781,9.880000114440918,9.880000114440918,125000,0.0,0.0
2022-01-03 00:00:00-05:00,9.90999984741211,9.949999809265137,9.90999984741211,9.949999809265137,45400,0.0,0.0
2022-01-04 00:00:00-05:00,9.930000305175781,9.970000267028809,9.880000114440918,9.970000267028809,142900,0.0,0.0
2022-01-05 00:00:00-05:00,9.890000343322754,9.970000267028809,9.890000343322754,9.920000076293945,48500,0.0,0.0
2022-01-06 00:00:00-05:00,9.940999984741211,9.949999809265137,9.920000076293945,9.920000076293945,7000,0.0,0.0
2022-01-07 00:00:00-05:00,9.899999618530273,9.970000267028809,9.890000343322754,9.890000343322754,27700,0.0,0.0
2022-01-10 00:00:00-05:00,9.920000076293945,9.930000305175781,9.890000343322754,9.925000190734863,12400,0.0,0.0
2022-01-11 00:00:00-05:00,9.949999809265137,9.949999809265137,9.880000114440918,9.90999984741211,23600,0.0,0.0
2022-01-12 00:00:00-05:00,9.970000267028809,9.970000267028809,9.890000343322754,9.895000457763672,97100,0.0,0.0
2022-01-13 00:00:00-05:00,9.914999961853027,9.930000305175781,9.890000343322754,9.890000343322754,13700,0.0,0.0
2022-01-14 00:00:00-05:00,9.914999961853027,9.925000190734863,9.875,9.890000343322754,23500,0.0,0.0
2022-01-18 00:00:00-05:00,9.890000343322754,9.899999618530273,9.890000343322754,9.899999618530273,56000,0.0,0.0
2022-01-19 00:00:00-05:00,9.895000457763672,9.899999618530273,9.84000015258789,9.890000343322754,116900,0.0,0.0
2022-01-20 00:00:00-05:00,9.890000343322754,9.890000343322754,9.880000114440918,9.880000114440918,11900,0.0,0.0
2022-01-21 00:00:00-05:00,9.888999938964844,9.890000343322754,9.880000114440918,9.880000114440918,8500,0.0,0.0
2022-01-24 00:00:00-05:00,9.880000114440918,9.899999618530273,9.869999885559082,9.890000343322754,12200,0.0,0.0
2022-01-25 00:00:00-05:00,9.920000076293945,9.949999809265137,9.850000381469727,9.920000076293945,11700,0.0,0.0
2022-01-26 00:00:00-05:00,9.880000114440918,9.920000076293945,9.850000381469727,9.859999656677246,37900,0.0,0.0
2022-01-27 00:00:00-05:00,9.90999984741211,9.947999954223633,9.850000381469727,9.859999656677246,10300,0.0,0.0
2022-01-28 00:00:00-05:00,9.850000381469727,9.90999984741211,9.800000190734863,9.880000114440918,24400,0.0,0.0
2022-01-31 00:00:00-05:00,9.899999618530273,9.899999618530273,9.859999656677246,9.859999656677246,20000,0.0,0.0
2022-02-01 00:00:00-05:00,9.960000038146973,9.960000038146973,9.899999618530273,9.90999984741211,43300,0.0,0.0
2022-02-02 00:00:00-05:00,9.899999618530273,9.90999984741211,9.880000114440918,9.90999984741211,63500,0.0,0.0
2022-02-03 00:00:00-05:00,9.899999618530273,9.90999984741211,9.899999618530273,9.90999984741211,32600,0.0,0.0
2022-02-04 00:00:00-05:00,9.899999618530273,9.899999618530273,9.890000343322754,9.899999618530273,95800,0.0,0.0
2022-02-07 00:00:00-05:00,9.890000343322754,9.890000343322754,9.880000114440918,9.880000114440918,7600,0.0,0.0
2022-02-08 00:00:00-05:00,9.890000343322754,9.890999794006348,9.869999885559082,9.880000114440918,501500,0.0,0.0
2022-02-09 00:00:00-05:00,9.918000221252441,9.918000221252441,9.899999618530273,9.899999618530273,4500,0.0,0.0
2022-02-10 00:00:00-05:00,9.899999618530273,9.930000305175781,9.899999618530273,9.899999618530273,38700,0.0,0.0
2022-02-11 00:00:00-05:00,9.899999618530273,9.899999618530273,9.899999618530273,9.899999618530273,34400,0.0,0.0
2022-02-14 00:00:00-05:00,9.930000305175781,9.949999809265137,9.920000076293945,9.949999809265137,101400,0.0,0.0
2022-02-15 00:00:00-05:00,9.960000038146973,9.960000038146973,9.9399995803833,9.949999809265137,1326700,0.0,0.0
2022-02-16 00:00:00-05:00,9.960000038146973,9.960000038146973,9.944999694824219,9.954999923706055,48000,0.0,0.0
2022-02-17 00:00:00-05:00,9.949999809265137,9.958000183105469,9.9399995803833,9.9399995803833,16000,0.0,0.0
2022-02-18 00:00:00-05:00,9.960000038146973,9.96500015258789,9.949999809265137,9.949999809265137,57900,0.0,0.0
2022-02-22 00:00:00-05:00,9.960000038146973,9.979999542236328,9.949999809265137,9.949999809265137,174100,0.0,0.0
2022-02-23 00:00:00-05:00,9.970000267028809,9.970000267028809,9.9399995803833,9.949999809265137,185400,0.0,0.0
2022-02-24 00:00:00-05:00,9.970000267028809,9.970000267028809,9.949999809265137,9.95300006866455,137600,0.0,0.0
2022-02-25 00:00:00-05:00,9.960000038146973,9.970000267028809,9.949999809265137,9.960000038146973,72300,0.0,0.0
2022-02-28 00:00:00-05:00,9.970000267028809,9.970000267028809,9.949999809265137,9.960000038146973,114900,0.0,0.0
2022-03-01 00:00:00-05:00,9.970000267028809,9.970000267028809,9.949999809265137,9.970000267028809,152200,0.0,0.0
2022-03-02 00:00:00-05:00,9.960000038146973,9.970000267028809,9.920000076293945,9.949999809265137,482100,0.0,0.0
2022-03-03 00:00:00-05:00,9.949999809265137,9.960000038146973,9.920000076293945,9.960000038146973,775500,0.0,0.0
2022-03-04 00:00:00-05:00,9.449999809265137,9.649999618530273,9.09000015258789,9.380000114440918,143600,0.0,0.0
2022-03-07 00:00:00-05:00,9.279999732971191,9.529999732971191,8.989999771118164,9.34000015258789,64300,0.0,0.0
2022-03-08 00:00:00-05:00,9.170000076293945,10.199999809265137,9.0600004196167,10.039999961853027,133300,0.0,0.0
2022-03-09 00:00:00-05:00,10.039999961853027,10.210000038146973,9.609999656677246,10.010000228881836,73400,0.0,0.0
2022-03-10 00:00:00-05:00,9.8100004196167,9.84000015258789,9.800000190734863,9.800000190734863,5431000,0.0,0.0
2022-03-11 00:00:00-05:00,9.789999961853027,9.829999923706055,9.779999732971191,9.779999732971191,1041200,0.0,0.0
2022-03-14 00:00:00-04:00,9.779999732971191,9.8100004196167,9.770000457763672,9.770000457763672,935500,0.0,0.0
2022-03-15 00:00:00-04:00,9.800000190734863,9.8100004196167,9.789999961853027,9.800000190734863,155600,0.0,0.0
2022-03-16 00:00:00-04:00,9.779999732971191,9.800000190734863,9.760000228881836,9.770000457763672,1366900,0.0,0.0
2022-03-17 00:00:00-04:00,9.770000457763672,9.789999961853027,9.760000228881836,9.789999961853027,245200,0.0,0.0
2022-03-18 00:00:00-04:00,9.779999732971191,9.789999961853027,9.779999732971191,9.779999732971191,24700,0.0,0.0
2022-03-21 00:00:00-04:00,9.779999732971191,9.789999961853027,9.779999732971191,9.789999961853027,348800,0.0,0.0
2022-03-22 00:00:00-04:00,9.789999961853027,9.789999961853027,9.770000457763672,9.789999961853027,279600,0.0,0.0
2022-03-23 00:00:00-04:00,9.789999961853027,9.800000190734863,9.779999732971191,9.789999961853027,20800,0.0,0.0
2022-03-24 00:00:00-04:00,9.779999732971191,9.800000190734863,9.779999732971191,9.789999961853027,203700,0.0,0.0
2022-03-25 00:00:00-04:00,9.779999732971191,9.800000190734863,9.779999732971191,9.800000190734863,21300,0.0,0.0
2022-03-28 00:00:00-04:00,9.795000076293945,9.800000190734863,9.789999961853027,9.800000190734863,12300,0.0,0.0
2022-03-29 00:00:00-04:00,9.800000190734863,9.800000190734863,9.779999732971191,9.779999732971191,153700,0.0,0.0
2022-03-30 00:00:00-04:00,9.800000190734863,9.800000190734863,9.779999732971191,9.789999961853027,397000,0.0,0.0
2022-03-31 00:00:00-04:00,9.789999961853027,9.819999694824219,9.779999732971191,9.800000190734863,52600,0.0,0.0
2022-04-01 00:00:00-04:00,9.789999961853027,9.8100004196167,9.789999961853027,9.800000190734863,7000,0.0,0.0
2022-04-04 00:00:00-04:00,9.779999732971191,9.829999923706055,9.779999732971191,9.8100004196167,40400,0.0,0.0
2022-04-05 00:00:00-04:00,9.800000190734863,9.824000358581543,9.800000190734863,9.819999694824219,9200,0.0,0.0
2022-04-06 00:00:00-04:00,9.819999694824219,9.829999923706055,9.8100004196167,9.819999694824219,715700,0.0,0.0
2022-04-07 00:00:00-04:00,9.807000160217285,9.807000160217285,9.807000160217285,9.807000160217285,1100,0.0,0.0
2022-04-08 00:00:00-04:00,9.800000190734863,9.819999694824219,9.800000190734863,9.819999694824219,600,0.0,0.0
2022-04-11 00:00:00-04:00,9.819999694824219,9.819999694824219,9.8100004196167,9.819999694824219,3700,0.0,0.0
2022-04-12 00:00:00-04:00,9.84000015258789,9.84000015258789,9.829999923706055,9.829999923706055,700,0.0,0.0
2022-04-13 00:00:00-04:00,9.819999694824219,9.829999923706055,9.819999694824219,9.829999923706055,900,0.0,0.0
2022-04-14 00:00:00-04:00,9.829999923706055,9.829999923706055,9.829999923706055,9.829999923706055,0,0.0,0.0
2022-04-18 00:00:00-04:00,9.829999923706055,9.84000015258789,9.829999923706055,9.84000015258789,15600,0.0,0.0
2022-04-19 00:00:00-04:00,9.829999923706055,9.829999923706055,9.829999923706055,9.829999923706055,1000,0.0,0.0
2022-04-20 00:00:00-04:00,9.84000015258789,9.848999977111816,9.84000015258789,9.848999977111816,11600,0.0,0.0
2022-04-21 00:00:00-04:00,9.84000015258789,9.850000381469727,9.84000015258789,9.850000381469727,11300,0.0,0.0
2022-04-22 00:00:00-04:00,9.84000015258789,9.84000015258789,9.84000015258789,9.84000015258789,1100,0.0,0.0
2022-04-25 00:00:00-04:00,9.84000015258789,9.850000381469727,9.84000015258789,9.84000015258789,8600,0.0,0.0
2022-04-26 00:00:00-04:00,9.84000015258789,9.84000015258789,9.84000015258789,9.84000015258789,0,0.0,0.0
2022-04-27 00:00:00-04:00,9.850000381469727,9.850000381469727,9.84000015258789,9.84000015258789,50700,0.0,0.0
2022-04-28 00:00:00-04:00,9.84000015258789,9.850000381469727,9.84000015258789,9.850000381469727,30500,0.0,0.0
2022-04-29 00:00:00-04:00,9.850000381469727,9.850000381469727,9.829999923706055,9.829999923706055,92300,0.0,0.0
2022-05-02 00:00:00-04:00,9.850000381469727,9.854999542236328,9.850000381469727,9.850000381469727,4200,0.0,0.0
2022-05-03 00:00:00-04:00,9.850000381469727,9.850000381469727,9.850000381469727,9.850000381469727,0,0.0,0.0
2022-05-04 00:00:00-04:00,9.845000267028809,9.850000381469727,9.845000267028809,9.850000381469727,5500,0.0,0.0
2022-05-05 00:00:00-04:00,9.850000381469727,9.850000381469727,9.850000381469727,9.850000381469727,100,0.0,0.0
2022-05-06 00:00:00-04:00,9.850000381469727,9.850000381469727,9.829999923706055,9.829999923706055,10600,0.0,0.0
2022-05-09 00:00:00-04:00,9.835000038146973,9.843999862670898,9.800000190734863,9.835000038146973,139700,0.0,0.0
2022-05-10 00:00:00-04:00,9.8100004196167,9.829999923706055,9.789999961853027,9.819999694824219,188000,0.0,0.0
2022-05-11 00:00:00-04:00,9.802000045776367,9.802000045776367,9.800000190734863,9.800000190734863,1100,0.0,0.0
2022-05-12 00:00:00-04:00,9.8100004196167,9.8100004196167,9.789999961853027,9.8100004196167,29800,0.0,0.0
2022-05-13 00:00:00-04:00,9.800000190734863,9.800000190734863,9.795000076293945,9.795000076293945,77900,0.0,0.0
2022-05-16 00:00:00-04:00,9.800000190734863,9.819999694824219,9.800000190734863,9.800000190734863,5700,0.0,0.0
2022-05-17 00:00:00-04:00,9.800000190734863,9.800000190734863,9.800000190734863,9.800000190734863,1100,0.0,0.0
2022-05-18 00:00:00-04:00,9.800000190734863,9.8100004196167,9.800000190734863,9.800000190734863,1600,0.0,0.0
2022-05-19 00:00:00-04:00,9.800000190734863,9.8100004196167,9.800000190734863,9.8100004196167,80000,0.0,0.0
2022-05-20 00:00:00-04:00,9.800000190734863,9.800000190734863,9.800000190734863,9.800000190734863,112000,0.0,0.0
2022-05-23 00:00:00-04:00,9.8100004196167,9.8100004196167,9.8100004196167,9.8100004196167,1200,0.0,0.0
2022-05-24 00:00:00-04:00,9.819999694824219,9.819999694824219,9.800000190734863,9.800000190734863,82300,0.0,0.0
2022-05-25 00:00:00-04:00,9.8100004196167,9.8100004196167,9.8100004196167,9.8100004196167,200,0.0,0.0
2022-05-26 00:00:00-04:00,9.8100004196167,9.819999694824219,9.8100004196167,9.819999694824219,4300,0.0,0.0
2022-05-27 00:00:00-04:00,9.819999694824219,9.829999923706055,9.8149995803833,9.829999923706055,38600,0.0,0.0
2022-05-31 00:00:00-04:00,9.819999694824219,9.819999694824219,9.819999694824219,9.819999694824219,430600,0.0,0.0
2022-06-01 00:00:00-04:00,9.829999923706055,9.850000381469727,9.819999694824219,9.819999694824219,783900,0.0,0.0
2022-06-02 00:00:00-04:00,9.819999694824219,9.850000381469727,9.819999694824219,9.850000381469727,4200,0.0,0.0
2022-06-03 00:00:00-04:00,9.835000038146973,9.850000381469727,9.819999694824219,9.850000381469727,3300,0.0,0.0
2022-06-06 00:00:00-04:00,9.819999694824219,9.835000038146973,9.819999694824219,9.835000038146973,2100,0.0,0.0
2022-06-07 00:00:00-04:00,9.84000015258789,9.850000381469727,9.829999923706055,9.829999923706055,6700,0.0,0.0
2022-06-08 00:00:00-04:00,9.84000015258789,9.84000015258789,9.829999923706055,9.84000015258789,218100,0.0,0.0
2022-06-09 00:00:00-04:00,9.850000381469727,9.850000381469727,9.850000381469727,9.850000381469727,52900,0.0,0.0
2022-06-10 00:00:00-04:00,9.84000015258789,9.84000015258789,9.84000015258789,9.84000015258789,1800,0.0,0.0
2022-06-13 00:00:00-04:00,9.829999923706055,9.835000038146973,9.819999694824219,9.819999694824219,22100,0.0,0.0
2022-06-14 00:00:00-04:00,9.829999923706055,9.84000015258789,9.829999923706055,9.829999923706055,235500,0.0,0.0
2022-06-15 00:00:00-04:00,9.829999923706055,9.84000015258789,9.819999694824219,9.819999694824219,7100,0.0,0.0
2022-06-16 00:00:00-04:00,9.829999923706055,9.84000015258789,9.800000190734863,9.84000015258789,59600,0.0,0.0
2022-06-17 00:00:00-04:00,9.819999694824219,9.829999923706055,9.8100004196167,9.829999923706055,71700,0.0,0.0
2022-06-21 00:00:00-04:00,9.829999923706055,9.829999923706055,9.829999923706055,9.829999923706055,4500,0.0,0.0
2022-06-22 00:00:00-04:00,9.819999694824219,9.845000267028809,9.819999694824219,9.84000015258789,34700,0.0,0.0
2022-06-23 00:00:00-04:00,9.84000015258789,9.84000015258789,9.84000015258789,9.84000015258789,400,0.0,0.0
2022-06-24 00:00:00-04:00,9.84000015258789,9.84000015258789,9.829999923706055,9.829999923706055,700,0.0,0.0
2022-06-27 00:00:00-04:00,9.84000015258789,9.84000015258789,9.84000015258789,9.84000015258789,400,0.0,0.0
2022-06-28 00:00:00-04:00,9.84000015258789,9.84000015258789,9.84000015258789,9.84000015258789,0,0.0,0.0
2022-06-29 00:00:00-04:00,9.845000267028809,9.845000267028809,9.84000015258789,9.84000015258789,51100,0.0,0.0
2022-06-30 00:00:00-04:00,9.829999923706055,9.850000381469727,9.829999923706055,9.845000267028809,49000,0.0,0.0
2022-07-01 00:00:00-04:00,9.845000267028809,9.845000267028809,9.845000267028809,9.845000267028809,0,0.0,0.0
2022-07-05 00:00:00-04:00,9.850000381469727,9.854999542236328,9.84000015258789,9.850000381469727,501500,0.0,0.0
2022-07-06 00:00:00-04:00,9.850000381469727,9.859999656677246,9.850000381469727,9.859999656677246,36600,0.0,0.0
2022-07-07 00:00:00-04:00,9.859999656677246,9.859999656677246,9.859999656677246,9.859999656677246,51100,0.0,0.0
2022-07-08 00:00:00-04:00,9.859999656677246,9.869999885559082,9.859999656677246,9.859999656677246,2600,0.0,0.0
2022-07-11 00:00:00-04:00,9.859999656677246,9.859999656677246,9.859999656677246,9.859999656677246,0,0.0,0.0
2022-07-12 00:00:00-04:00,9.850000381469727,9.85099983215332,9.850000381469727,9.850000381469727,201600,0.0,0.0
2022-07-13 00:00:00-04:00,9.859999656677246,9.859999656677246,9.850000381469727,9.850000381469727,100200,0.0,0.0
2022-07-14 00:00:00-04:00,9.850000381469727,9.850000381469727,9.850000381469727,9.850000381469727,210500,0.0,0.0
2022-07-15 00:00:00-04:00,9.850000381469727,9.869999885559082,9.850000381469727,9.869999885559082,822600,0.0,0.0
2022-07-18 00:00:00-04:00,9.875,9.875,9.859999656677246,9.859999656677246,3900,0.0,0.0
2022-07-19 00:00:00-04:00,9.859999656677246,9.869999885559082,9.859999656677246,9.869999885559082,163100,0.0,0.0
2022-07-20 00:00:00-04:00,9.859999656677246,9.859999656677246,9.859999656677246,9.859999656677246,25800,0.0,0.0
2022-07-21 00:00:00-04:00,9.880000114440918,9.880000114440918,9.880000114440918,9.880000114440918,1700,0.0,0.0
2022-07-22 00:00:00-04:00,9.887999534606934,9.890000343322754,9.869999885559082,9.869999885559082,531100,0.0,0.0
2022-07-25 00:00:00-04:00,9.880000114440918,9.880000114440918,9.880000114440918,9.880000114440918,100100,0.0,0.0
2022-07-26 00:00:00-04:00,9.880000114440918,9.880000114440918,9.880000114440918,9.880000114440918,0,0.0,0.0
2022-07-27 00:00:00-04:00,9.880000114440918,9.890000343322754,9.880000114440918,9.885000228881836,3600,0.0,0.0
2022-07-28 00:00:00-04:00,9.869999885559082,9.880000114440918,9.869999885559082,9.869999885559082,394000,0.0,0.0
2022-07-29 00:00:00-04:00,9.869999885559082,9.880000114440918,9.869999885559082,9.880000114440918,826900,0.0,0.0
2022-08-01 00:00:00-04:00,9.875,9.885000228881836,9.869999885559082,9.885000228881836,56400,0.0,0.0
2022-08-02 00:00:00-04:00,9.869999885559082,9.880000114440918,9.869999885559082,9.880000114440918,200,0.0,0.0
2022-08-03 00:00:00-04:00,9.880000114440918,9.880000114440918,9.880000114440918,9.880000114440918,0,0.0,0.0
2022-08-04 00:00:00-04:00,9.869999885559082,9.890000343322754,9.869999885559082,9.890000343322754,5100,0.0,0.0
2022-08-05 00:00:00-04:00,9.890000343322754,9.899999618530273,9.890000343322754,9.899999618530273,6800,0.0,0.0
2022-08-08 00:00:00-04:00,9.890000343322754,9.899999618530273,9.880000114440918,9.890000343322754,14900,0.0,0.0
2022-08-09 00:00:00-04:00,9.890000343322754,9.895000457763672,9.890000343322754,9.895000457763672,59900,0.0,0.0
2022-08-10 00:00:00-04:00,9.899999618530273,9.90999984741211,9.890000343322754,9.899999618530273,28200,0.0,0.0
2022-08-11 00:00:00-04:00,9.890000343322754,9.890000343322754,9.890000343322754,9.890000343322754,100,0.0,0.0
2022-08-12 00:00:00-04:00,9.890000343322754,9.890000343322754,9.890000343322754,9.890000343322754,0,0.0,0.0
2022-08-15 00:00:00-04:00,9.899999618530273,9.920000076293945,9.899999618530273,9.90999984741211,8900,0.0,0.0
2022-08-16 00:00:00-04:00,9.90999984741211,9.90999984741211,9.90999984741211,9.90999984741211,0,0.0,0.0
2022-08-17 00:00:00-04:00,9.90999984741211,9.90999984741211,9.90999984741211,9.90999984741211,100,0.0,0.0
2022-08-18 00:00:00-04:00,9.899999618530273,9.899999618530273,9.890000343322754,9.890000343322754,10200,0.0,0.0
2022-08-19 00:00:00-04:00,9.90999984741211,9.90999984741211,9.90999984741211,9.90999984741211,200,0.0,0.0
2022-08-22 00:00:00-04:00,9.899999618530273,9.899999618530273,9.899999618530273,9.899999618530273,100,0.0,0.0
2022-08-23 00:00:00-04:00,9.899999618530273,9.899999618530273,9.899999618530273,9.899999618530273,1200,0.0,0.0
2022-08-24 00:00:00-04:00,9.899999618530273,9.899999618530273,9.899999618530273,9.899999618530273,13100,0.0,0.0
2022-08-25 00:00:00-04:00,9.899999618530273,9.899999618530273,9.880000114440918,9.880000114440918,50300,0.0,0.0
2022-08-26 00:00:00-04:00,9.899999618530273,9.899999618530273,9.899999618530273,9.899999618530273,4500,0.0,0.0
2022-08-29 00:00:00-04:00,9.90999984741211,9.90999984741211,9.895000457763672,9.90999984741211,26700,0.0,0.0
2022-08-30 00:00:00-04:00,9.899999618530273,9.920000076293945,9.899999618530273,9.920000076293945,86500,0.0,0.0
2022-08-31 00:00:00-04:00,9.899999618530273,9.920000076293945,9.899999618530273,9.920000076293945,23400,0.0,0.0
2022-09-01 00:00:00-04:00,9.920000076293945,9.920000076293945,9.920000076293945,9.920000076293945,1400,0.0,0.0
2022-09-02 00:00:00-04:00,9.920000076293945,9.920000076293945,9.920000076293945,9.920000076293945,100,0.0,0.0
2022-09-06 00:00:00-04:00,9.90999984741211,9.90999984741211,9.899999618530273,9.899999618530273,600,0.0,0.0
2022-09-07 00:00:00-04:00,9.899999618530273,9.899999618530273,9.899999618530273,9.899999618530273,0,0.0,0.0
2022-09-08 00:00:00-04:00,9.90999984741211,9.90999984741211,9.90999984741211,9.90999984741211,600,0.0,0.0
2022-09-09 00:00:00-04:00,9.918000221252441,9.918000221252441,9.918000221252441,9.918000221252441,2500,0.0,0.0
2022-09-12 00:00:00-04:00,9.918000221252441,9.918000221252441,9.918000221252441,9.918000221252441,0,0.0,0.0
2022-09-13 00:00:00-04:00,9.918000221252441,9.918000221252441,9.918000221252441,9.918000221252441,0,0.0,0.0
2022-09-14 00:00:00-04:00,9.90999984741211,9.930000305175781,9.90999984741211,9.920000076293945,800,0.0,0.0
2022-09-15 00:00:00-04:00,9.920000076293945,9.920000076293945,9.920000076293945,9.920000076293945,0,0.0,0.0
2022-09-16 00:00:00-04:00,9.920000076293945,9.928000450134277,9.920000076293945,9.920000076293945,1200,0.0,0.0
2022-09-19 00:00:00-04:00,9.920000076293945,9.920000076293945,9.920000076293945,9.920000076293945,0,0.0,0.0
2022-09-20 00:00:00-04:00,9.920000076293945,9.920000076293945,9.920000076293945,9.920000076293945,100,0.0,0.0
2022-09-21 00:00:00-04:00,9.920000076293945,9.9399995803833,9.920000076293945,9.920000076293945,46300,0.0,0.0
2022-09-22 00:00:00-04:00,9.920000076293945,9.925999641418457,9.920000076293945,9.920000076293945,47400,0.0,0.0
2022-09-23 00:00:00-04:00,9.920000076293945,9.920000076293945,9.920000076293945,9.920000076293945,0,0.0,0.0
2022-09-26 00:00:00-04:00,9.930000305175781,9.930000305175781,9.930000305175781,9.930000305175781,6200,0.0,0.0
2022-09-27 00:00:00-04:00,9.930000305175781,9.930000305175781,9.930000305175781,9.930000305175781,900,0.0,0.0
2022-09-28 00:00:00-04:00,9.930000305175781,9.930000305175781,9.930000305175781,9.930000305175781,400,0.0,0.0
2022-09-29 00:00:00-04:00,9.949999809265137,9.949999809265137,9.949999809265137,9.949999809265137,300,0.0,0.0
2022-09-30 00:00:00-04:00,9.949999809265137,9.949999809265137,9.930000305175781,9.930000305175781,94900,0.0,0.0
2022-10-03 00:00:00-04:00,9.9399995803833,9.949999809265137,9.9399995803833,9.9399995803833,166600,0.0,0.0
2022-10-04 00:00:00-04:00,9.949999809265137,9.949999809265137,9.949999809265137,9.949999809265137,3500,0.0,0.0
2022-10-05 00:00:00-04:00,9.949999809265137,9.949999809265137,9.949999809265137,9.949999809265137,0,0.0,0.0
2022-10-06 00:00:00-04:00,9.954999923706055,9.954999923706055,9.949999809265137,9.949999809265137,652500,0.0,0.0
2022-10-07 00:00:00-04:00,9.954999923706055,9.954999923706055,9.954999923706055,9.954999923706055,300,0.0,0.0
2022-10-10 00:00:00-04:00,9.960000038146973,9.970000267028809,9.949999809265137,9.970000267028809,5300,0.0,0.0
2022-10-11 00:00:00-04:00,9.970000267028809,9.970000267028809,9.970000267028809,9.970000267028809,0,0.0,0.0
2022-10-12 00:00:00-04:00,9.970000267028809,9.970000267028809,9.970000267028809,9.970000267028809,100,0.0,0.0
2022-10-13 00:00:00-04:00,9.970000267028809,9.970000267028809,9.970000267028809,9.970000267028809,0,0.0,0.0
2022-10-14 00:00:00-04:00,9.949999809265137,9.949999809265137,9.949999809265137,9.949999809265137,500,0.0,0.0
2022-10-17 00:00:00-04:00,9.958000183105469,9.958000183105469,9.949999809265137,9.949999809265137,2200,0.0,0.0
2022-10-18 00:00:00-04:00,9.960000038146973,9.960000038146973,9.960000038146973,9.960000038146973,400,0.0,0.0
2022-10-19 00:00:00-04:00,9.960000038146973,9.960000038146973,9.960000038146973,9.960000038146973,0,0.0,0.0
2022-10-20 00:00:00-04:00,9.970000267028809,9.970000267028809,9.970000267028809,9.970000267028809,1100,0.0,0.0
2022-10-21 00:00:00-04:00,9.970000267028809,9.970000267028809,9.970000267028809,9.970000267028809,0,0.0,0.0
2022-10-24 00:00:00-04:00,9.970000267028809,9.979999542236328,9.970000267028809,9.979999542236328,2700,0.0,0.0
2022-10-25 00:00:00-04:00,9.979999542236328,9.994999885559082,9.979999542236328,9.989999771118164,14800,0.0,0.0
2022-10-26 00:00:00-04:00,9.993000030517578,10.0,9.989999771118164,10.0,25900,0.0,0.0
2022-10-27 00:00:00-04:00,10.0,10.0,9.994999885559082,10.0,98800,0.0,0.0
2022-10-28 00:00:00-04:00,10.0,10.005000114440918,10.0,10.0,2700,0.0,0.0
2022-10-31 00:00:00-04:00,10.0,10.005000114440918,10.0,10.0,6100,0.0,0.0
2022-11-01 00:00:00-04:00,10.0,10.010000228881836,10.0,10.010000228881836,24500,0.0,0.0
2022-11-02 00:00:00-04:00,10.015000343322754,10.020000457763672,10.010000228881836,10.020000457763672,3600,0.0,0.0
2022-11-03 00:00:00-04:00,10.010000228881836,10.010000228881836,10.010000228881836,10.010000228881836,1000,0.0,0.0
2022-11-04 00:00:00-04:00,10.010000228881836,10.010000228881836,10.010000228881836,10.010000228881836,0,0.0,0.0
2022-11-07 00:00:00-05:00,10.010000228881836,10.010000228881836,10.010000228881836,10.010000228881836,0,0.0,0.0
2022-11-08 00:00:00-05:00,10.020000457763672,10.029999732971191,10.020000457763672,10.020000457763672,29900,0.0,0.0
2022-11-09 00:00:00-05:00,10.024999618530273,10.024999618530273,10.020000457763672,10.020000457763672,1300,0.0,0.0
2022-11-10 00:00:00-05:00,10.020000457763672,10.020000457763672,10.020000457763672,10.020000457763672,0,0.0,0.0
2022-11-11 00:00:00-05:00,10.020000457763672,10.02400016784668,10.020000457763672,10.02400016784668,2000,0.0,0.0
2022-11-14 00:00:00-05:00,10.050000190734863,10.050000190734863,10.020000457763672,10.020000457763672,27400,0.0,0.0
2022-11-15 00:00:00-05:00,10.039999961853027,10.039999961853027,10.020000457763672,10.029999732971191,163300,0.0,0.0
2022-11-16 00:00:00-05:00,10.029999732971191,10.029999732971191,10.029999732971191,10.029999732971191,0,0.0,0.0
2022-11-17 00:00:00-05:00,10.022000312805176,10.022000312805176,10.020000457763672,10.020000457763672,1500,0.0,0.0
2022-11-18 00:00:00-05:00,10.029999732971191,10.03499984741211,10.029999732971191,10.029999732971191,1055600,0.0,0.0
2022-11-21 00:00:00-05:00,10.039999961853027,10.039999961853027,10.039999961853027,10.039999961853027,100,0.0,0.0
2022-11-22 00:00:00-05:00,10.050000190734863,10.050000190734863,10.050000190734863,10.050000190734863,600,0.0,0.0
2022-11-23 00:00:00-05:00,10.050000190734863,10.050000190734863,10.050000190734863,10.050000190734863,100,0.0,0.0
2022-11-25 00:00:00-05:00,10.045000076293945,10.045000076293945,10.039999961853027,10.039999961853027,2200,0.0,0.0
2022-11-28 00:00:00-05:00,10.050000190734863,10.053999900817871,10.050000190734863,10.053999900817871,5700,0.0,0.0
2022-11-29 00:00:00-05:00,10.0649995803833,10.0649995803833,10.0649995803833,10.0649995803833,400,0.0,0.0
2022-11-30 00:00:00-05:00,10.079999923706055,10.079999923706055,10.039999961853027,10.0600004196167,146700,0.0,0.0
2022-12-01 00:00:00-05:00,10.050000190734863,10.079999923706055,10.029999732971191,10.039999961853027,99400,0.0,0.0
2022-12-02 00:00:00-05:00,10.039999961853027,10.09000015258789,10.039999961853027,10.069999694824219,62500,0.0,0.0
2022-12-05 00:00:00-05:00,10.130000114440918,10.130000114440918,10.130000114440918,10.130000114440918,900,0.0,0.0
2022-12-06 00:00:00-05:00,10.130000114440918,10.130000114440918,10.130000114440918,10.130000114440918,0,0.0,0.0
2022-12-07 00:00:00-05:00,9.979999542236328,10.050000190734863,9.899999618530273,10.039999961853027,2500,0.0,0.0
2022-12-08 00:00:00-05:00,10.069999694824219,10.569999694824219,10.010000228881836,10.149999618530273,39500,0.0,0.0
2022-12-09 00:00:00-05:00,10.069000244140625,10.680000305175781,10.010000228881836,10.010000228881836,35000,0.0,0.0
2022-12-12 00:00:00-05:00,10.029999732971191,10.510000228881836,10.010000228881836,10.010000228881836,100100,0.0,0.0
2022-12-13 00:00:00-05:00,10.279999732971191,10.600000381469727,10.010000228881836,10.010000228881836,44800,0.0,0.0
2022-12-14 00:00:00-05:00,10.010000228881836,10.49899959564209,10.010000228881836,10.085000038146973,10000,0.0,0.0
2022-12-15 00:00:00-05:00,10.359999656677246,10.359999656677246,10.010000228881836,10.039999961853027,2400,0.0,0.0
2022-12-16 00:00:00-05:00,10.039999961853027,10.039999961853027,10.039999961853027,10.039999961853027,0,0.0,0.0
2022-12-19 00:00:00-05:00,10.180000305175781,10.180000305175781,10.039999961853027,10.039999961853027,400,0.0,0.0
2022-12-20 00:00:00-05:00,10.335000038146973,10.649999618530273,10.335000038146973,10.39799976348877,600,0.0,0.0
2022-12-21 00:00:00-05:00,10.25,10.449999809265137,10.010000228881836,10.010000228881836,32900,0.0,0.0
2022-12-22 00:00:00-05:00,10.053000450134277,10.100000381469727,10.020000457763672,10.020000457763672,3300,0.0,0.0
2022-12-23 00:00:00-05:00,10.09000015258789,10.09000015258789,10.029999732971191,10.029999732971191,3600,0.0,0.0
2022-12-27 00:00:00-05:00,10.029999732971191,10.0600004196167,10.020000457763672,10.029999732971191,1100,0.0,0.0
2022-12-28 00:00:00-05:00,10.029999732971191,10.029999732971191,10.020000457763672,10.020000457763672,1100,0.0,0.0
2022-12-29 00:00:00-05:00,10.029999732971191,10.029999732971191,10.020000457763672,10.020000457763672,1500,0.0,0.0
2022-12-30 00:00:00-05:00,10.050000190734863,10.050000190734863,10.029999732971191,10.029999732971191,600,0.0,0.0
2023-01-03 00:00:00-05:00,10.020000457763672,10.050000190734863,10.020000457763672,10.050000190734863,2500,0.0,0.0
2023-01-04 00:00:00-05:00,10.050000190734863,10.050000190734863,10.050000190734863,10.050000190734863,0,0.0,0.0
2023-01-05 00:00:00-05:00,10.0649995803833,10.149999618530273,10.039999961853027,10.109999656677246,3300,0.0,0.0
2023-01-06 00:00:00-05:00,10.149999618530273,10.25,10.0600004196167,10.069999694824219,13400,0.0,0.0
2023-01-09 00:00:00-05:00,10.069999694824219,10.085000038146973,10.0600004196167,10.0600004196167,1400,0.0,0.0
2023-01-10 00:00:00-05:00,10.0600004196167,10.0600004196167,10.0600004196167,10.0600004196167,0,0.0,0.0
2023-01-11 00:00:00-05:00,10.0600004196167,10.0600004196167,10.0600004196167,10.0600004196167,100,0.0,0.0
2023-01-12 00:00:00-05:00,10.0600004196167,10.0600004196167,10.0600004196167,10.0600004196167,0,0.0,0.0
2023-01-13 00:00:00-05:00,10.09000015258789,10.09000015258789,10.079999923706055,10.09000015258789,5900,0.0,0.0
2023-01-17 00:00:00-05:00,10.119999885559082,10.140000343322754,10.119999885559082,10.140000343322754,200,0.0,0.0
2023-01-18 00:00:00-05:00,10.140000343322754,10.140000343322754,10.140000343322754,10.140000343322754,0,0.0,0.0
2023-01-19 00:00:00-05:00,10.140000343322754,10.140000343322754,10.140000343322754,10.140000343322754,0,0.0,0.0
2023-01-20 00:00:00-05:00,10.175999641418457,10.180000305175781,10.130000114440918,10.130000114440918,3000,0.0,0.0
2023-01-23 00:00:00-05:00,10.130000114440918,10.130000114440918,10.130000114440918,10.130000114440918,200,0.0,0.0
2023-01-24 00:00:00-05:00,10.130000114440918,10.130000114440918,10.119999885559082,10.119999885559082,300,0.0,0.0
2023-01-25 00:00:00-05:00,10.119999885559082,10.119999885559082,10.119999885559082,10.119999885559082,0,0.0,0.0
2023-01-26 00:00:00-05:00,10.119999885559082,10.119999885559082,10.119999885559082,10.119999885559082,0,0.0,0.0
2023-01-27 00:00:00-05:00,10.119999885559082,10.119999885559082,10.119999885559082,10.119999885559082,0,0.0,0.0
2023-01-30 00:00:00-05:00,10.09000015258789,10.100000381469727,10.09000015258789,10.09000015258789,5100,0.0,0.0
2023-01-31 00:00:00-05:00,10.09000015258789,10.09000015258789,10.09000015258789,10.09000015258789,0,0.0,0.0
2023-02-01 00:00:00-05:00,10.09000015258789,10.09000015258789,10.09000015258789,10.09000015258789,0,0.0,0.0
2023-02-02 00:00:00-05:00,10.09000015258789,10.09000015258789,10.09000015258789,10.09000015258789,0,0.0,0.0
2023-02-03 00:00:00-05:00,10.09000015258789,10.09000015258789,10.09000015258789,10.09000015258789,0,0.0,0.0
2023-02-06 00:00:00-05:00,10.100000381469727,10.100000381469727,10.100000381469727,10.100000381469727,1700,0.0,0.0
2023-02-07 00:00:00-05:00,10.100000381469727,10.100000381469727,10.100000381469727,10.100000381469727,0,0.0,0.0
2023-02-08 00:00:00-05:00,10.100000381469727,10.100000381469727,10.100000381469727,10.100000381469727,0,0.0,0.0
2023-02-09 00:00:00-05:00,10.100000381469727,10.100000381469727,10.100000381469727,10.100000381469727,0,0.0,0.0
2023-02-10 00:00:00-05:00,10.15999984741211,10.199999809265137,10.119999885559082,10.166000366210938,1100,0.0,0.0
2023-02-13 00:00:00-05:00,10.119999885559082,10.15999984741211,10.119999885559082,10.15999984741211,900,0.0,0.0
2023-02-14 00:00:00-05:00,10.15999984741211,10.15999984741211,10.15999984741211,10.15999984741211,0,0.0,0.0
2023-02-15 00:00:00-05:00,10.119999885559082,10.119999885559082,10.119999885559082,10.119999885559082,100,0.0,0.0
2023-02-16 00:00:00-05:00,10.119999885559082,10.119999885559082,10.119999885559082,10.119999885559082,0,0.0,0.0
2023-02-17 00:00:00-05:00,10.119999885559082,10.119999885559082,10.119999885559082,10.119999885559082,100,0.0,0.0
2023-02-21 00:00:00-05:00,10.119999885559082,10.119999885559082,10.119999885559082,10.119999885559082,0,0.0,0.0
2023-02-22 00:00:00-05:00,10.119999885559082,10.119999885559082,10.119999885559082,10.119999885559082,100,0.0,0.0
2023-02-23 00:00:00-05:00,10.119999885559082,10.119999885559082,10.119999885559082,10.119999885559082,0,0.0,0.0
2023-02-24 00:00:00-05:00,10.119999885559082,10.119999885559082,10.119999885559082,10.119999885559082,0,0.0,0.0
2023-02-27 00:00:00-05:00,10.119999885559082,10.119999885559082,10.119999885559082,10.119999885559082,0,0.0,0.0
2023-02-28 00:00:00-05:00,10.119999885559082,10.119999885559082,10.119999885559082,10.119999885559082,300,0.0,0.0
2023-03-01 00:00:00-05:00,10.119999885559082,10.119999885559082,10.119999885559082,10.119999885559082,0,0.0,0.0
2023-03-02 00:00:00-05:00,10.130000114440918,10.130000114440918,10.130000114440918,10.130000114440918,100,0.0,0.0
2023-03-03 00:00:00-05:00,10.130000114440918,10.130000114440918,10.130000114440918,10.130000114440918,100,0.0,0.0
2023-03-06 00:00:00-05:00,10.140000343322754,10.140000343322754,10.140000343322754,10.140000343322754,200,0.0,0.0
2023-03-07 00:00:00-05:00,10.140000343322754,10.140000343322754,10.140000343322754,10.140000343322754,1100,0.0,0.0
2023-03-08 00:00:00-05:00,10.199999809265137,10.199999809265137,10.199999809265137,10.199999809265137,100,0.0,0.0
2023-03-09 00:00:00-05:00,10.199999809265137,10.199999809265137,10.199999809265137,10.199999809265137,100,0.0,0.0
2023-03-10 00:00:00-05:00,10.199999809265137,10.199999809265137,10.199999809265137,10.199999809265137,0,0.0,0.0
2023-03-13 00:00:00-04:00,10.199999809265137,10.199999809265137,10.199999809265137,10.199999809265137,0,0.0,0.0
2023-03-14 00:00:00-04:00,10.199999809265137,10.199999809265137,10.199999809265137,10.199999809265137,0,0.0,0.0
2023-03-15 00:00:00-04:00,10.199999809265137,10.199999809265137,10.199999809265137,10.199999809265137,0,0.0,0.0
2023-03-16 00:00:00-04:00,10.170000076293945,10.170000076293945,10.170000076293945,10.170000076293945,100,0.0,0.0
2023-03-17 00:00:00-04:00,10.170000076293945,10.170000076293945,10.170000076293945,10.170000076293945,100,0.0,0.0
2023-03-20 00:00:00-04:00,10.1899995803833,10.199999809265137,10.170000076293945,10.170000076293945,300,0.0,0.0
2023-03-21 00:00:00-04:00,10.170000076293945,10.170000076293945,10.170000076293945,10.170000076293945,500,0.0,0.0
2023-03-22 00:00:00-04:00,10.170000076293945,10.170000076293945,10.170000076293945,10.170000076293945,0,0.0,0.0
2023-03-23 00:00:00-04:00,10.199999809265137,10.25,10.1899995803833,10.25,2500,0.0,0.0
2023-03-24 00:00:00-04:00,10.25,10.25,10.25,10.25,0,0.0,0.0
2023-03-27 00:00:00-04:00,10.279999732971191,10.279999732971191,10.270000457763672,10.279999732971191,1300,0.0,0.0
2023-03-28 00:00:00-04:00,10.1899995803833,10.1899995803833,10.1899995803833,10.1899995803833,300,0.0,0.0
2023-03-29 00:00:00-04:00,10.1899995803833,10.1899995803833,10.1899995803833,10.1899995803833,0,0.0,0.0
2023-03-30 00:00:00-04:00,10.199999809265137,10.274999618530273,10.199999809265137,10.199999809265137,4100,0.0,0.0
2023-03-31 00:00:00-04:00,10.199999809265137,10.199999809265137,10.199999809265137,10.199999809265137,0,0.0,0.0
2023-04-03 00:00:00-04:00,10.329999923706055,10.329999923706055,10.289999961853027,10.289999961853027,400,0.0,0.0
2023-04-04 00:00:00-04:00,10.350000381469727,10.350000381469727,10.350000381469727,10.350000381469727,500,0.0,0.0
2023-04-05 00:00:00-04:00,10.350000381469727,10.350000381469727,10.350000381469727,10.350000381469727,0,0.0,0.0
2023-04-06 00:00:00-04:00,10.199999809265137,10.199999809265137,10.199999809265137,10.199999809265137,100,0.0,0.0
2023-04-10 00:00:00-04:00,10.210000038146973,10.210000038146973,10.210000038146973,10.210000038146973,100,0.0,0.0
2023-04-11 00:00:00-04:00,10.210000038146973,10.210000038146973,10.210000038146973,10.210000038146973,0,0.0,0.0
2023-04-12 00:00:00-04:00,10.210000038146973,10.210000038146973,10.210000038146973,10.210000038146973,0,0.0,0.0
2023-04-13 00:00:00-04:00,10.210000038146973,10.210000038146973,10.210000038146973,10.210000038146973,0,0.0,0.0
2023-04-14 00:00:00-04:00,10.210000038146973,10.210000038146973,10.210000038146973,10.210000038146973,0,0.0,0.0
2023-04-17 00:00:00-04:00,10.279999732971191,10.329999923706055,10.25,10.319999694824219,5700,0.0,0.0
2023-04-18 00:00:00-04:00,10.319999694824219,10.319999694824219,10.319999694824219,10.319999694824219,0,0.0,0.0
2023-04-19 00:00:00-04:00,10.319999694824219,10.319999694824219,10.319999694824219,10.319999694824219,0,0.0,0.0
2023-04-20 00:00:00-04:00,10.319999694824219,10.319999694824219,10.319999694824219,10.319999694824219,0,0.0,0.0
2023-04-21 00:00:00-04:00,10.319999694824219,10.319999694824219,10.319999694824219,10.319999694824219,0,0.0,0.0
2023-04-24 00:00:00-04:00,10.319999694824219,10.319999694824219,10.319999694824219,10.319999694824219,100,0.0,0.0
2023-04-25 00:00:00-04:00,10.319999694824219,10.319999694824219,10.319999694824219,10.319999694824219,0,0.0,0.0
2023-04-26 00:00:00-04:00,10.319999694824219,10.319999694824219,10.319999694824219,10.319999694824219,0,0.0,0.0
2023-04-27 00:00:00-04:00,10.319999694824219,10.319999694824219,10.319999694824219,10.319999694824219,0,0.0,0.0
2023-04-28 00:00:00-04:00,10.1899995803833,10.255000114440918,10.1899995803833,10.1899995803833,3600,0.0,0.0
2023-05-01 00:00:00-04:00,10.1899995803833,10.1899995803833,10.1899995803833,10.1899995803833,0,0.0,0.0
2023-05-02 00:00:00-04:00,10.3100004196167,10.3100004196167,10.289999961853027,10.289999961853027,700,0.0,0.0
2023-05-03 00:00:00-04:00,10.300000190734863,10.3100004196167,10.300000190734863,10.3100004196167,900,0.0,0.0
2023-05-04 00:00:00-04:00,10.3100004196167,10.3100004196167,10.3100004196167,10.3100004196167,0,0.0,0.0
2023-05-05 00:00:00-04:00,10.3100004196167,10.3100004196167,10.3100004196167,10.3100004196167,0,0.0,0.0
2023-05-08 00:00:00-04:00,10.3100004196167,10.3100004196167,10.3100004196167,10.3100004196167,0,0.0,0.0
2023-05-09 00:00:00-04:00,10.3100004196167,10.3100004196167,10.3100004196167,10.3100004196167,0,0.0,0.0
2023-05-10 00:00:00-04:00,10.3100004196167,10.3100004196167,10.3100004196167,10.3100004196167,600,0.0,0.0
2023-05-11 00:00:00-04:00,10.319999694824219,10.319999694824219,10.319999694824219,10.319999694824219,100,0.0,0.0
2023-05-12 00:00:00-04:00,10.350000381469727,10.399999618530273,10.34000015258789,10.399999618530273,3800,0.0,0.0
2023-05-15 00:00:00-04:00,10.319999694824219,10.319999694824219,10.319999694824219,10.319999694824219,400,0.0,0.0
2023-05-16 00:00:00-04:00,10.335000038146973,10.350000381469727,10.319999694824219,10.319999694824219,800,0.0,0.0
2023-05-17 00:00:00-04:00,10.321000099182129,10.359999656677246,10.319999694824219,10.319999694824219,1000,0.0,0.0
2023-05-18 00:00:00-04:00,10.319999694824219,10.319999694824219,10.319999694824219,10.319999694824219,0,0.0,0.0
2023-05-19 00:00:00-04:00,10.319999694824219,10.368000030517578,10.319999694824219,10.319999694824219,800,0.0,0.0
2023-05-22 00:00:00-04:00,10.319999694824219,10.319999694824219,10.319999694824219,10.319999694824219,0,0.0,0.0
2023-05-23 00:00:00-04:00,10.319999694824219,10.319999694824219,10.319999694824219,10.319999694824219,0,0.0,0.0
2023-05-24 00:00:00-04:00,10.350000381469727,10.399999618530273,10.350000381469727,10.350000381469727,2900,0.0,0.0
2023-05-25 00:00:00-04:00,10.399999618530273,10.40999984741211,10.39900016784668,10.40999984741211,14000,0.0,0.0
2023-05-26 00:00:00-04:00,10.40999984741211,10.40999984741211,10.40999984741211,10.40999984741211,500,0.0,0.0
2023-05-30 00:00:00-04:00,10.40999984741211,10.40999984741211,10.40999984741211,10.40999984741211,100,0.0,0.0
2023-05-31 00:00:00-04:00,10.449999809265137,10.480999946594238,10.40999984741211,10.40999984741211,1700,0.0,0.0
2023-06-01 00:00:00-04:00,10.40999984741211,10.40999984741211,10.40999984741211,10.40999984741211,0,0.0,0.0
2023-06-02 00:00:00-04:00,10.449999809265137,10.449999809265137,10.430000305175781,10.449999809265137,8300,0.0,0.0
2023-06-05 00:00:00-04:00,10.5,10.550000190734863,10.40999984741211,10.420000076293945,5400,0.0,0.0
2023-06-06 00:00:00-04:00,10.449999809265137,10.449999809265137,10.40999984741211,10.449999809265137,1700,0.0,0.0
2023-06-07 00:00:00-04:00,10.449999809265137,10.449999809265137,10.430000305175781,10.430000305175781,500,0.0,0.0
2023-06-08 00:00:00-04:00,10.489999771118164,11.024999618530273,10.484999656677246,10.619000434875488,38300,0.0,0.0
2023-06-09 00:00:00-04:00,10.4399995803833,10.4399995803833,10.4399995803833,10.4399995803833,300,0.0,0.0
2023-06-12 00:00:00-04:00,10.4399995803833,10.4399995803833,10.4399995803833,10.4399995803833,0,0.0,0.0
2023-06-13 00:00:00-04:00,10.4399995803833,10.4399995803833,10.4399995803833,10.4399995803833,200,0.0,0.0
2023-06-14 00:00:00-04:00,10.4399995803833,10.460000038146973,10.430000305175781,10.430000305175781,23900,0.0,0.0
2023-06-15 00:00:00-04:00,10.539999961853027,10.6899995803833,10.539999961853027,10.59000015258789,16200,0.0,0.0
2023-06-16 00:00:00-04:00,10.520000457763672,10.529999732971191,10.479999542236328,10.489999771118164,5300,0.0,0.0
2023-06-20 00:00:00-04:00,10.489999771118164,10.489999771118164,10.489999771118164,10.489999771118164,0,0.0,0.0
2023-06-21 00:00:00-04:00,10.479999542236328,10.480999946594238,10.479999542236328,10.479999542236328,19000,0.0,0.0
2023-06-22 00:00:00-04:00,10.479999542236328,10.479999542236328,10.479999542236328,10.479999542236328,800,0.0,0.0
2023-06-23 00:00:00-04:00,10.484999656677246,10.484999656677246,10.479999542236328,10.479999542236328,500,0.0,0.0
2023-06-26 00:00:00-04:00,10.5,10.5,10.489999771118164,10.489999771118164,400,0.0,0.0
2023-06-27 00:00:00-04:00,10.75,10.75,10.479999542236328,10.59000015258789,7500,0.0,0.0
2023-06-28 00:00:00-04:00,10.59000015258789,10.59000015258789,10.59000015258789,10.59000015258789,0,0.0,0.0
2023-06-29 00:00:00-04:00,10.479999542236328,10.479999542236328,10.479999542236328,10.479999542236328,100,0.0,0.0
2023-06-30 00:00:00-04:00,10.479999542236328,10.479999542236328,10.479999542236328,10.479999542236328,100,0.0,0.0
2023-07-03 00:00:00-04:00,10.5,10.5,10.5,10.5,200,0.0,0.0
2023-07-05 00:00:00-04:00,10.6899995803833,10.6899995803833,10.479999542236328,10.479999542236328,1500,0.0,0.0
2023-07-06 00:00:00-04:00,10.508999824523926,10.508999824523926,10.508999824523926,10.508999824523926,200,0.0,0.0
2023-07-07 00:00:00-04:00,10.508999824523926,10.508999824523926,10.508999824523926,10.508999824523926,0,0.0,0.0
2023-07-10 00:00:00-04:00,10.508999824523926,10.508999824523926,10.508999824523926,10.508999824523926,100,0.0,0.0
2023-07-11 00:00:00-04:00,10.550000190734863,10.550000190734863,10.550000190734863,10.550000190734863,200,0.0,0.0
2023-07-12 00:00:00-04:00,10.550000190734863,10.550000190734863,10.550000190734863,10.550000190734863,0,0.0,0.0
2023-07-13 00:00:00-04:00,10.600000381469727,10.600000381469727,10.59000015258789,10.600000381469727,3500,0.0,0.0
2023-07-14 00:00:00-04:00,10.600000381469727,10.600000381469727,10.600000381469727,10.600000381469727,100,0.0,0.0
2023-07-17 00:00:00-04:00,10.600000381469727,10.600000381469727,10.600000381469727,10.600000381469727,0,0.0,0.0
2023-07-18 00:00:00-04:00,10.51200008392334,10.51200008392334,10.510000228881836,10.510000228881836,400,0.0,0.0
2023-07-19 00:00:00-04:00,10.510000228881836,10.510000228881836,10.510000228881836,10.510000228881836,1100,0.0,0.0
2023-07-20 00:00:00-04:00,10.510000228881836,10.510000228881836,10.510000228881836,10.510000228881836,0,0.0,0.0
2023-07-21 00:00:00-04:00,10.600000381469727,10.600000381469727,10.600000381469727,10.600000381469727,200,0.0,0.0
2023-07-24 00:00:00-04:00,10.579999923706055,11.21399974822998,10.550000190734863,10.550000190734863,46600,0.0,0.0
2023-07-25 00:00:00-04:00,10.720000267028809,10.760000228881836,10.6899995803833,10.699999809265137,58200,0.0,0.0
2023-07-26 00:00:00-04:00,10.899999618530273,11.0,10.699999809265137,10.699999809265137,79700,0.0,0.0
2023-07-27 00:00:00-04:00,10.850000381469727,10.850000381469727,10.649999618530273,10.65999984741211,7900,0.0,0.0
2023-07-28 00:00:00-04:00,10.550000190734863,10.600000381469727,10.3100004196167,10.3100004196167,13300,0.0,0.0
2023-07-31 00:00:00-04:00,10.399999618530273,10.6899995803833,9.75,9.75,13169,0.0,0.0
