Date,Open,High,Low,Close,Volume,Dividends,Stock Splits,Capital Gains
2018-11-29 00:00:00-05:00,23.788480758666992,23.788480758666992,23.788480758666992,23.788480758666992,100,0.0,0.0,0.0
2018-11-30 00:00:00-05:00,24.017585231793284,24.30396270751953,23.969856259420105,24.30396270751953,710,0.0,0.0,0.0
2018-12-03 00:00:00-05:00,24.64761265434638,24.64761265434638,24.055765493237875,24.351783752441406,2957,0.0,0.0,0.0
2018-12-04 00:00:00-05:00,23.693115234375,23.693115234375,23.693115234375,23.693115234375,100,0.0,0.0,0.0
2018-12-06 00:00:00-05:00,23.225268074070968,23.225268074070968,22.146577835083008,22.146577835083008,1211,0.0,0.0,0.0
2018-12-07 00:00:00-05:00,23.420770989075624,23.420770989075624,22.50932502746582,22.50932502746582,770,0.0,0.0,0.0
2018-12-10 00:00:00-05:00,22.161087893755244,22.516864776611328,22.161087893755244,22.516864776611328,2760,0.0,0.0,0.0
2018-12-11 00:00:00-05:00,23.215722284298717,23.215722284298717,22.891160227631442,23.06814193725586,1260,0.0,0.0,0.0
2018-12-12 00:00:00-05:00,23.196631863017274,23.234719994924053,22.90987205505371,22.90987205505371,700,0.0,0.0,0.0
2018-12-13 00:00:00-05:00,23.483009240803927,23.483009240803927,23.196629991325576,23.33275604248047,5600,0.0,0.0,0.0
2018-12-14 00:00:00-05:00,22.671604630656102,22.671604630656102,22.022480501491014,22.060665130615234,10008,0.0,0.0,0.0
2018-12-17 00:00:00-05:00,21.401995823115236,21.401995823115236,20.444252014160156,20.444252014160156,196,0.0,0.0,0.0
2018-12-18 00:00:00-05:00,20.52376983479477,20.52376983479477,19.850875854492188,19.850875854492188,250,0.0,0.0,0.0
2018-12-19 00:00:00-05:00,19.072787883630415,19.30475425720215,19.072787883630415,19.30475425720215,200,0.0,0.0,0.0
2018-12-20 00:00:00-05:00,18.51911969996167,18.700493035139925,17.71287093551568,18.01251792907715,3587,0.0,0.0,0.0
2018-12-21 00:00:00-05:00,17.698172064968663,17.850906945768838,17.69349457517566,17.755924224853516,662,0.0,0.0,0.0
2018-12-24 00:00:00-05:00,17.11577617304861,17.11577617304861,16.072595596313477,16.072595596313477,966,0.0,0.0,0.0
2018-12-26 00:00:00-05:00,16.399924776487108,17.340200424194336,16.35219398530652,17.340200424194336,19365,0.0,0.0,0.0
2018-12-27 00:00:00-05:00,16.972678882357645,17.756208419799805,16.342647102834455,17.756208419799805,20706,0.0,0.0,0.0
2018-12-28 00:00:00-05:00,17.8890929755052,18.366390019101637,17.724424912826436,17.829336166381836,1217,0.0,0.0,0.0
2018-12-31 00:00:00-05:00,17.994097155516723,17.994097155516723,17.745902498525872,17.87200355529785,1422,0.0,0.0,0.0
2019-01-02 00:00:00-05:00,17.545434310303147,17.90693924906429,17.48729979779381,17.78036117553711,6540,0.0,0.0,0.0
2019-01-03 00:00:00-05:00,17.822267903782482,17.98454893704403,17.473173141479492,17.473173141479492,6367,0.0,0.0,0.0
2019-01-04 00:00:00-05:00,17.78408302141163,18.430534294035663,17.78408302141163,18.3806095123291,4843,0.0,0.0,0.0
2019-01-07 00:00:00-05:00,18.165924215914977,18.757676789178525,18.165924215914977,18.48198890686035,2185,0.0,0.0,0.0
2019-01-08 00:00:00-05:00,18.853229445891092,19.018756866455078,18.71958688308974,19.018756866455078,3210,0.0,0.0,0.0
2019-01-09 00:00:00-05:00,19.101423901055195,19.101423901055195,18.356840013583522,18.37287712097168,2951,0.0,0.0,0.0
2019-01-10 00:00:00-05:00,18.242290163233985,18.773235321044922,18.213651690528383,18.773235321044922,3119,0.0,0.0,0.0
2019-01-11 00:00:00-05:00,18.729131518905003,18.898666381835938,18.729131518905003,18.898666381835938,2505,0.0,0.0,0.0
2019-01-14 00:00:00-05:00,19.02505714092134,19.02505714092134,18.602458953857422,18.602458953857422,1601,0.0,0.0,0.0
2019-01-15 00:00:00-05:00,19.00596361261454,19.196883112968855,18.967780804989655,19.1473388671875,11193,0.0,0.0,0.0
2019-01-16 00:00:00-05:00,19.005961611433353,19.02505392360717,18.729130367885418,18.90277099609375,28202,0.0,0.0,0.0
2019-01-17 00:00:00-05:00,18.958234526234726,19.137792587280273,18.920049898111593,19.137792587280273,23062,0.0,0.0,0.0
2019-01-18 00:00:00-05:00,19.62645049001346,19.798277686972867,19.62645049001346,19.719619750976562,7423,0.0,0.0,0.0
2019-01-22 00:00:00-05:00,19.58826776508482,19.721910331858957,18.843683848607295,19.028112411499023,23610,0.0,0.0,0.0
2019-01-23 00:00:00-05:00,19.9223754821566,19.9223754821566,19.61995911228883,19.854503631591797,1562,0.0,0.0,0.0
2019-01-24 00:00:00-05:00,19.16824526343344,19.177791420835124,19.091877824963323,19.097509384155273,639,0.0,0.0,0.0
2019-01-25 00:00:00-05:00,19.420064636140943,19.445076184780657,18.900956198376413,18.949737548828125,850,0.0,0.0,0.0
2019-01-28 00:00:00-05:00,19.063240113004895,19.125194549560547,18.83404310979973,19.125194549560547,1927,0.0,0.0,0.0
2019-01-29 00:00:00-05:00,19.301888406195452,19.301888406195452,19.215974807739258,19.215974807739258,450,0.0,0.0,0.0
2019-01-30 00:00:00-05:00,19.511897870179805,19.64706802368164,19.511897870179805,19.64706802368164,1071,0.0,0.0,0.0
2019-01-31 00:00:00-05:00,20.122839588806766,20.884414672851562,20.122839588806766,20.884414672851562,2525,0.0,0.0,0.0
2019-02-01 00:00:00-05:00,20.571497416067626,20.676503325660487,20.400149081592062,20.536941528320312,1291,0.0,0.0,0.0
2019-02-04 00:00:00-05:00,20.619227175172927,20.9204017773717,20.619227175172927,20.89071273803711,5520,0.0,0.0,0.0
2019-02-05 00:00:00-05:00,20.953339891116897,20.981976547020224,20.928424835205078,20.928424835205078,835,0.0,0.0,0.0
2019-02-06 00:00:00-05:00,20.88145752178094,21.007272720336914,20.88145752178094,21.007272720336914,3131,0.0,0.0,0.0
2019-02-07 00:00:00-05:00,20.609684389832584,20.859310150146484,20.609684389832584,20.859310150146484,372,0.0,0.0,0.0
2019-02-08 00:00:00-05:00,20.686050757016318,21.07361602783203,20.686050757016318,21.07361602783203,1631,0.0,0.0,0.0
2019-02-11 00:00:00-05:00,21.096526746354296,21.362857818603516,21.096526746354296,21.362857818603516,264,0.0,0.0,0.0
2019-02-12 00:00:00-05:00,21.69095046333492,21.877573013305664,21.69095046333492,21.877573013305664,221,0.0,0.0,0.0
2019-02-13 00:00:00-05:00,21.974754408440056,22.051121855928162,21.8984816396175,22.015897750854492,1423,0.0,0.0,0.0
2019-02-14 00:00:00-05:00,21.156665518580443,21.454690267044406,21.156665518580443,21.227113723754883,2366,0.0,0.0,0.0
2019-02-15 00:00:00-05:00,21.678824633091626,21.791086196899414,21.678824633091626,21.791086196899414,1027,0.0,0.0,0.0
2019-02-19 00:00:00-05:00,22.337499008298593,22.366040984066796,22.12271499633789,22.12271499633789,2476,0.0,0.0,0.0
2019-02-20 00:00:00-05:00,22.079755631427382,22.079755631427382,21.981910705566406,21.981910705566406,798,0.0,0.0,0.0
2019-02-21 00:00:00-05:00,22.098848992233048,22.207290649414062,22.098848992233048,22.207290649414062,150,0.0,0.0,0.0
2019-02-22 00:00:00-05:00,21.48790883383447,21.82545280456543,21.474544577544066,21.82545280456543,1601,0.0,0.0,0.0
2019-02-25 00:00:00-05:00,21.755006793489244,21.755006793489244,21.524757385253906,21.524757385253906,1462,0.0,0.0,0.0
2019-02-26 00:00:00-05:00,21.54537582397461,21.54537582397461,21.54537582397461,21.54537582397461,135,0.0,0.0,0.0
2019-02-27 00:00:00-05:00,21.29699093942,21.46881814516572,21.287444781240403,21.453449249267578,3103,0.0,0.0,0.0
2019-02-28 00:00:00-05:00,21.60246137540438,21.84110987492417,21.60246137540438,21.738969802856445,2661,0.0,0.0,0.0
2019-03-01 00:00:00-05:00,21.955659099190083,21.955659099190083,21.421087039626627,21.562271118164062,577,0.0,0.0,0.0
2019-03-04 00:00:00-05:00,21.831564297876643,21.831564297876643,21.4355016158653,21.444093704223633,1542,0.0,0.0,0.0
2019-03-05 00:00:00-05:00,21.50957679748535,21.50957679748535,21.50957679748535,21.50957679748535,1,0.0,0.0,0.0
2019-03-06 00:00:00-05:00,21.349016189575195,21.349016189575195,21.349016189575195,21.349016189575195,1,0.0,0.0,0.0
2019-03-07 00:00:00-05:00,20.99151842349507,21.172891763770533,20.937393188476562,20.937393188476562,1068,0.0,0.0,0.0
2019-03-08 00:00:00-05:00,20.733781592227622,20.973289489746094,20.733781592227622,20.973289489746094,2008,0.0,0.0,0.0
2019-03-11 00:00:00-04:00,21.780683517456055,21.780683517456055,21.780683517456055,21.780683517456055,20,0.0,0.0,0.0
2019-03-12 00:00:00-04:00,21.95556438326194,21.95556438326194,21.737342834472656,21.737342834472656,2994,0.0,0.0,0.0
2019-03-13 00:00:00-04:00,21.993847749492346,22.23249626159668,21.984490947858863,22.23249626159668,1091,0.0,0.0,0.0
2019-03-14 00:00:00-04:00,22.222947598351947,22.232493756249617,22.106008529663086,22.106008529663086,1816,0.0,0.0,0.0
2019-03-15 00:00:00-04:00,22.327953669039804,22.411767959594727,22.327953669039804,22.411767959594727,287,0.0,0.0,0.0
2019-03-18 00:00:00-04:00,22.26112903373444,22.5550479888916,22.26112903373444,22.5550479888916,1326,0.0,0.0,0.0
2019-03-19 00:00:00-04:00,22.54264953112153,22.60984354868142,22.444114685058594,22.444114685058594,515,0.165,0.0,0.0
2019-03-20 00:00:00-04:00,22.552164257596704,22.552164257596704,22.21330451965332,22.21330451965332,1008,0.0,0.0,0.0
2019-03-21 00:00:00-04:00,23.001097011391565,23.00407652619293,22.97821617126465,22.97821617126465,465,0.0,0.0,0.0
2019-03-22 00:00:00-04:00,23.215565667332886,23.215565667332886,22.948514938354492,22.948514938354492,1003,0.0,0.0,0.0
2019-03-25 00:00:00-04:00,22.994366659913748,23.11933575495199,22.994366659913748,23.056562423706055,1842,0.0,0.0,0.0
2019-03-26 00:00:00-04:00,23.427051816190964,23.585378646850586,23.427051816190964,23.585378646850586,482,0.0,0.0,0.0
2019-03-27 00:00:00-04:00,23.513570101065692,23.513570101065692,23.14827422046594,23.327558517456055,2608,0.0,0.0,0.0
2019-03-28 00:00:00-04:00,23.68660664105549,23.76639530733203,23.590477396741985,23.739093780517578,2292,0.0,0.0,0.0
2019-03-29 00:00:00-04:00,23.932218734720635,24.177640914916992,23.923855924103787,24.177640914916992,1373,0.0,0.0,0.0
2019-04-01 00:00:00-04:00,24.154952237977184,24.154952237977184,23.83080119562365,24.00248908996582,11895,0.0,0.0,0.0
2019-04-02 00:00:00-04:00,23.638538638815167,23.638538638815167,23.360336303710938,23.360336303710938,621,0.0,0.0,0.0
2019-04-03 00:00:00-04:00,23.40782328469574,23.40782328469574,22.898329969730273,22.984272003173828,5538,0.0,0.0,0.0
2019-04-04 00:00:00-04:00,23.11943435342668,23.2806453704834,23.11943435342668,23.2806453704834,1330,0.0,0.0,0.0
2019-04-05 00:00:00-04:00,23.282853553316247,23.422916412353516,23.24440222895187,23.422916412353516,10272,0.0,0.0,0.0
2019-04-08 00:00:00-04:00,23.527413972118342,23.735055923461914,23.523183977401093,23.735055923461914,3196,0.0,0.0,0.0
2019-04-09 00:00:00-04:00,23.705832473674032,23.705832473674032,23.373509278742574,23.58662986755371,9212,0.0,0.0,0.0
2019-04-10 00:00:00-04:00,23.840411618402445,23.842815399169922,23.744282390273423,23.842815399169922,339,0.0,0.0,0.0
2019-04-11 00:00:00-04:00,24.01998519897461,24.01998519897461,24.01998519897461,24.01998519897461,50,0.0,0.0,0.0
2019-04-12 00:00:00-04:00,24.032671696488602,24.186480648662343,23.975089142271973,24.148029327392578,9114,0.0,0.0,0.0
2019-04-15 00:00:00-04:00,24.340292834867434,24.640605926513672,24.267233297845575,24.640605926513672,1088,0.0,0.0,0.0
2019-04-16 00:00:00-04:00,24.801719751015817,24.801719751015817,24.42671526502361,24.590328216552734,1380,0.0,0.0,0.0
2019-04-17 00:00:00-04:00,24.772881535212314,25.026473999023438,24.772881535212314,25.026473999023438,311,0.0,0.0,0.0
2019-04-18 00:00:00-04:00,25.099724059739,25.224597807075472,25.003593001826896,25.059925079345703,1535,0.0,0.0,0.0
2019-04-22 00:00:00-04:00,25.16701731540088,25.45540867925496,25.066944122314453,25.066944122314453,2459,0.0,0.0,0.0
2019-04-23 00:00:00-04:00,25.128563628851726,25.147790208318273,24.888236886162485,24.918230056762695,5758,0.0,0.0,0.0
2019-04-24 00:00:00-04:00,25.23921046102399,25.23921046102399,24.88823646464817,25.021570205688477,1600,0.0,0.0,0.0
2019-04-25 00:00:00-04:00,24.4748754099879,24.55697250366211,24.330679726284473,24.55697250366211,2365,0.0,0.0,0.0
2019-04-26 00:00:00-04:00,24.97475642341883,25.09847688571864,24.97475642341883,25.095882415771484,1469,0.0,0.0,0.0
2019-04-29 00:00:00-04:00,25.25353597120483,25.272472851217472,25.25353597120483,25.26314926147461,1471,0.0,0.0,0.0
2019-04-30 00:00:00-04:00,25.801477149637424,26.16696548461914,25.801477149637424,26.16696548461914,2264,0.0,0.0,0.0
2019-05-01 00:00:00-04:00,26.253294995930414,26.253294995930414,25.267667770385742,25.267667770385742,2024,0.0,0.0,0.0
2019-05-02 00:00:00-04:00,25.11894965836357,25.17220687866211,24.856226139637503,25.17220687866211,202,0.0,0.0,0.0
2019-05-03 00:00:00-04:00,25.50376312284089,25.84954452750812,25.50376312284089,25.725248336791992,1720,0.0,0.0,0.0
2019-05-06 00:00:00-04:00,25.186246306281607,25.705351177620965,25.186246306281607,25.63863754272461,2953,0.0,0.0,0.0
2019-05-07 00:00:00-04:00,24.840172212422722,25.00359447040764,24.51332769645288,24.857667922973633,5773,0.0,0.0,0.0
2019-05-08 00:00:00-04:00,24.888236544842595,24.888236544842595,24.782494026321817,24.836999893188477,890,0.0,0.0,0.0
2019-05-09 00:00:00-04:00,24.407584174753282,24.724815411820643,24.292228361391114,24.667715072631836,4999,0.0,0.0,0.0
2019-05-10 00:00:00-04:00,24.27838419768444,25.520585144770855,24.27838419768444,25.41157341003418,1795,0.0,0.0,0.0
2019-05-13 00:00:00-04:00,25.003592599739203,25.003592599739203,24.55177901842967,24.88131332397461,2644,0.0,0.0,0.0
2019-05-14 00:00:00-04:00,25.14778916122276,25.58028083545503,25.14778916122276,25.305923461914062,14314,0.0,0.0,0.0
2019-05-15 00:00:00-04:00,25.282374030064883,25.845507849729035,25.147791633268273,25.780332565307617,4077,0.0,0.0,0.0
2019-05-16 00:00:00-04:00,26.118710510287535,26.733946385813834,26.118710510287535,26.355384826660156,1738,0.0,0.0,0.0
2019-05-17 00:00:00-04:00,26.16677552624156,26.53207320809069,26.08025775072716,26.205036163330078,2033,0.0,0.0,0.0
2019-05-20 00:00:00-04:00,25.820708606108685,26.291748852557006,25.820708606108685,25.95740509033203,4203,0.0,0.0,0.0
2019-05-21 00:00:00-04:00,26.128321855099202,26.128321855099202,25.73418617248535,25.73418617248535,3989,0.0,0.0,0.0
2019-05-22 00:00:00-04:00,26.012967707997095,26.253294465400923,25.89761189122994,26.223878860473633,6690,0.0,0.0,0.0
2019-05-23 00:00:00-04:00,25.90722465295735,26.079297595629324,25.830415509974927,26.05834197998047,5759,0.0,0.0,0.0
2019-05-24 00:00:00-04:00,26.070649109535477,26.070649109535477,25.76302930029607,25.887615203857422,2622,0.0,0.0,0.0
2019-05-28 00:00:00-04:00,25.87838432100151,25.99374196690506,24.52294160775961,24.566585540771484,3000,0.0,0.0,0.0
2019-05-29 00:00:00-04:00,24.330679897699046,24.330679897699046,23.73467057857985,23.976343154907227,8258,0.0,0.0,0.0
2019-05-30 00:00:00-04:00,24.186580172572253,24.202537536621094,24.08073864209776,24.202537536621094,1842,0.0,0.0,0.0
2019-05-31 00:00:00-04:00,23.292465419093716,23.436661085354597,23.14826975283283,23.242477416992188,3565,0.0,0.0,0.0
2019-06-03 00:00:00-04:00,23.244402877414732,24.19301986694336,23.244402877414732,24.19301986694336,2702,0.0,0.0,0.0
2019-06-04 00:00:00-04:00,24.60946029019843,24.722702026367188,24.60946029019843,24.722702026367188,728,0.0,0.0,0.0
2019-06-05 00:00:00-04:00,25.59960511146989,25.706214904785156,25.59960511146989,25.706214904785156,3761,0.0,0.0,0.0
2019-06-06 00:00:00-04:00,25.957692985263062,26.46478257843928,25.955289204350812,26.397489547729492,5977,0.0,0.0,0.0
2019-06-07 00:00:00-04:00,27.055984527759524,27.41647463374249,27.055984527759524,27.230653762817383,5879,0.0,0.0,0.0
2019-06-10 00:00:00-04:00,27.37802220162904,27.37802220162904,27.003113068200793,27.188261032104492,4979,0.0,0.0,0.0
2019-06-11 00:00:00-04:00,27.50299505493619,27.599221470312717,27.397250693594078,27.47040557861328,2021,0.0,0.0,0.0
2019-06-12 00:00:00-04:00,27.877903064014074,27.964420840896548,27.435702723101524,27.481843948364258,8466,0.0,0.0,0.0
2019-06-13 00:00:00-04:00,27.763124883050295,27.763124883050295,27.39725143645948,27.666418075561523,3950,0.0,0.0,0.0
2019-06-14 00:00:00-04:00,27.66641540775767,27.852426972645834,27.66641540775767,27.76927375793457,949,0.0,0.0,0.0
2019-06-17 00:00:00-04:00,27.916355306108485,27.916355306108485,27.224213113811476,27.507030487060547,1950,0.0,0.0,0.0
2019-06-18 00:00:00-04:00,27.72688162082021,27.72688162082021,27.02608871459961,27.02608871459961,2392,0.0,0.0,0.0
2019-06-19 00:00:00-04:00,26.724333260327647,27.488764903825256,26.724333260327647,27.43695068359375,1041,0.0,0.0,0.0
2019-06-20 00:00:00-04:00,27.62796125568903,28.12668800354004,27.62796125568903,28.12668800354004,8112,0.0,0.0,0.0
2019-06-21 00:00:00-04:00,28.03171080951309,28.123034310644442,27.758316040039062,27.758316040039062,4372,0.0,0.0,0.0
2019-06-24 00:00:00-04:00,28.098908913004458,28.127939473154765,27.980571746826172,27.980571746826172,803,0.0,0.0,0.0
2019-06-25 00:00:00-04:00,28.02700966777577,28.06572443566288,27.79877778770079,27.975936889648438,3420,0.125,0.0,0.0
2019-06-26 00:00:00-04:00,27.727817486456242,27.727817486456242,26.793838374058705,26.79490089416504,3056,0.0,0.0,0.0
2019-06-27 00:00:00-04:00,26.694776270272094,26.887867615451512,26.598230597682385,26.88564682006836,5183,0.0,0.0,0.0
2019-06-28 00:00:00-04:00,27.225777604956566,27.225777604956566,26.7661245035683,26.84394073486328,761,0.0,0.0,0.0
2019-07-01 00:00:00-04:00,27.04234245785319,27.50575951942762,26.926391516034702,27.258893966674805,3393,0.0,0.0,0.0
2019-07-02 00:00:00-04:00,27.79539557340446,27.901594161987305,27.66023088750393,27.901594161987305,7421,0.0,0.0,0.0
2019-07-03 00:00:00-04:00,28.268470012381407,29.118068007725633,28.239505753812377,29.00163459777832,9919,0.0,0.0,0.0
2019-07-05 00:00:00-04:00,28.063792937242518,28.659573846442385,28.02710561441185,28.510892868041992,3076,0.0,0.0,0.0
2019-07-08 00:00:00-04:00,28.519486536950243,28.88635791859055,28.519486536950243,28.79898452758789,5206,0.0,0.0,0.0
2019-07-09 00:00:00-04:00,28.258814004710587,28.31451988220215,28.07103339741416,28.31451988220215,2146,0.0,0.0,0.0
2019-07-10 00:00:00-04:00,28.62568897935559,28.886361803222886,28.62568897935559,28.845523834228516,2365,0.0,0.0,0.0
2019-07-11 00:00:00-04:00,28.982902511819052,29.011864926295303,28.64499355843617,28.945056915283203,1510,0.0,0.0,0.0
2019-07-12 00:00:00-04:00,29.243575784795205,29.320811960462557,29.15668485698748,29.28711700439453,6066,0.0,0.0,0.0
2019-07-15 00:00:00-04:00,29.3497771637831,29.620104725028945,29.3497771637831,29.385595321655273,1419,0.0,0.0,0.0
2019-07-16 00:00:00-04:00,29.73402709807425,29.73402709807425,29.340121290765072,29.46978187561035,3732,0.0,0.0,0.0
2019-07-17 00:00:00-04:00,29.533213297622147,29.533213297622147,29.277851252373626,29.383182525634766,1282,0.0,0.0,0.0
2019-07-18 00:00:00-04:00,29.45597534059931,30.010242462158203,29.422184628224294,30.010242462158203,1529,0.0,0.0,0.0
2019-07-19 00:00:00-04:00,30.03466844787312,30.18972086528823,29.446321487426758,29.446321487426758,10592,0.0,0.0,0.0
2019-07-22 00:00:00-04:00,29.388394918396777,29.388394918396777,28.89466195372255,28.895915985107422,4062,0.0,0.0,0.0
2019-07-23 00:00:00-04:00,29.470456449089546,29.716648028656326,29.465629993676103,29.510522842407227,2198,0.0,0.0,0.0
2019-07-24 00:00:00-04:00,29.427206960251517,29.427206960251517,28.838088397301405,28.91445541381836,3345,0.0,0.0,0.0
2019-07-25 00:00:00-04:00,28.963593089854136,29.098755935007645,28.83045768737793,28.83045768737793,5086,0.0,0.0,0.0
2019-07-26 00:00:00-04:00,29.5332109393032,29.945941925048828,29.5332109393032,29.945941925048828,2635,0.0,0.0,0.0
2019-07-29 00:00:00-04:00,29.842154513418663,30.22370227426947,29.842154513418663,30.218873977661133,9121,0.0,0.0,0.0
2019-07-30 00:00:00-04:00,30.508320469497313,30.89450136831003,30.228338166948227,30.27081871032715,17999,0.0,0.0,0.0
2019-07-31 00:00:00-04:00,30.45039115524147,30.45039115524147,28.539372707811005,28.731884002685547,11532,0.0,0.0,0.0
2019-08-01 00:00:00-04:00,28.90566837527148,29.68768492600747,28.29694938659668,28.29694938659668,9090,0.0,0.0,0.0
2019-08-02 00:00:00-04:00,28.181578703277147,28.307086805828547,27.920905903990626,28.206872940063477,10545,0.0,0.0,0.0
2019-08-05 00:00:00-04:00,27.718158958289365,27.89561084061967,25.681054070910584,26.028615951538086,7679,0.0,0.0,0.0
2019-08-06 00:00:00-04:00,26.37087219999154,27.012995217297355,26.25067301147744,26.786788940429688,2626,0.0,0.0,0.0
2019-08-07 00:00:00-04:00,26.16474401158432,27.8147029876709,25.86835067920895,27.8147029876709,7093,0.0,0.0,0.0
2019-08-08 00:00:00-04:00,27.689195938081102,28.738450029685367,27.689195938081102,28.62771224975586,4160,0.0,0.0,0.0
2019-08-09 00:00:00-04:00,28.577414524857076,28.577414524857076,27.776088458314305,28.24008560180664,4022,0.0,0.0,0.0
2019-08-12 00:00:00-04:00,28.03676028244636,28.239504559487514,27.35128759028301,27.496105194091797,5421,0.0,0.0,0.0
2019-08-13 00:00:00-04:00,27.57073383100052,28.857392015370205,27.57073383100052,28.589189529418945,17609,0.0,0.0,0.0
2019-08-14 00:00:00-04:00,28.026137447822887,28.026137447822887,27.225778211095015,27.327150344848633,3090,0.0,0.0,0.0
2019-08-15 00:00:00-04:00,27.834010676693122,28.635336614925002,27.834010676693122,28.59729766845703,8101,0.0,0.0,0.0
2019-08-16 00:00:00-04:00,29.108413716191247,29.55252314734238,28.9635961039626,29.489479064941406,6847,0.0,0.0,0.0
2019-08-19 00:00:00-04:00,30.189720050902206,30.47935525556347,30.0352476962221,30.390243530273438,5543,0.0,0.0,0.0
2019-08-20 00:00:00-04:00,29.783263409746965,29.832982712020762,29.290882110595703,29.290882110595703,4109,0.0,0.0,0.0
2019-08-21 00:00:00-04:00,29.55252005546534,29.60079197400591,29.417355368931556,29.559856414794922,3371,0.0,0.0,0.0
2019-08-22 00:00:00-04:00,29.661520232195233,30.05455501255541,29.398048433470674,29.988807678222656,6933,0.0,0.0,0.0
2019-08-23 00:00:00-04:00,29.90008355917894,29.90008355917894,28.017451011062374,28.096038818359375,24746,0.0,0.0,0.0
2019-08-26 00:00:00-04:00,29.079448944018935,29.464856414450974,28.789811901558082,29.320812225341797,3784,0.0,0.0,0.0
2019-08-27 00:00:00-04:00,29.706995075988285,29.716649828855747,28.94428617256103,29.274761199951172,7822,0.0,0.0,0.0
2019-08-28 00:00:00-04:00,29.25323027062724,30.083520584850188,29.25323027062724,30.013525009155273,14751,0.0,0.0,0.0
2019-08-29 00:00:00-04:00,30.682104415979442,30.682104415979442,29.629760244407766,30.082557678222656,13881,0.0,0.0,0.0
2019-08-30 00:00:00-04:00,30.411773401813573,30.613841859686552,29.74792862345876,30.045093536376953,6375,0.0,0.0,0.0
2019-09-03 00:00:00-04:00,29.359428586654346,30.4105167388916,29.359428586654346,30.4105167388916,3587,0.0,0.0,0.0
2019-09-04 00:00:00-04:00,30.729313688902963,31.261181395515024,30.729313688902963,31.244192123413086,3433,0.0,0.0,0.0
2019-09-05 00:00:00-04:00,31.802024527958118,31.802024527958118,30.643481885880487,30.643579483032227,6718,0.0,0.0,0.0
2019-09-06 00:00:00-04:00,30.77864662155015,31.098115264985065,30.77864662155015,30.997034072875977,4976,0.0,0.0,0.0
2019-09-09 00:00:00-04:00,31.19379131480388,31.19379131480388,30.60486432834639,30.842655181884766,8538,0.0,0.0,0.0
2019-09-10 00:00:00-04:00,30.257303821448076,30.257303821448076,29.846311128491816,30.079660415649414,1460,0.0,0.0,0.0
2019-09-11 00:00:00-04:00,30.083519931802325,30.52878761291504,29.893905234139876,30.52878761291504,3191,0.0,0.0,0.0
2019-09-12 00:00:00-04:00,30.8655352543228,31.211167276085554,30.8655352543228,30.88204574584961,20678,0.0,0.0,0.0
2019-09-13 00:00:00-04:00,30.826918411642062,30.846227915988553,30.257300923610437,30.41853141784668,3165,0.0,0.0,0.0
2019-09-16 00:00:00-04:00,29.929049714950654,29.938704468091473,29.320717401564856,29.529254913330078,3997,0.0,0.0,0.0
2019-09-17 00:00:00-04:00,29.939763678706523,30.209028692479734,29.939763678706523,30.00686264038086,1608,0.0,0.0,0.0
2019-09-18 00:00:00-04:00,29.948359506793633,30.170413306782134,29.38839670947799,30.047317504882812,9416,0.0,0.0,0.0
2019-09-19 00:00:00-04:00,30.22833476906997,30.22833476906997,29.977316752693955,30.05638885498047,8700,0.0,0.0,0.0
2019-09-20 00:00:00-04:00,30.01593712631703,30.31522707270656,29.958010455731625,29.970077514648438,9956,0.0,0.0,0.0
2019-09-23 00:00:00-04:00,30.073866091839648,30.450394083016782,30.073866091839648,30.157184600830078,3494,0.0,0.0,0.0
2019-09-24 00:00:00-04:00,30.92965245109692,30.92965245109692,30.24211069938184,30.438108444213867,3546,0.094,0.0,0.0
2019-09-25 00:00:00-04:00,31.171740303269623,31.171740303269623,30.503472188989512,30.5495662689209,1001,0.0,0.0,0.0
2019-09-26 00:00:00-04:00,30.716609018152823,31.236622875461723,30.716609018152823,30.990367889404297,19460,0.0,0.0,0.0
2019-09-27 00:00:00-04:00,31.04585830838741,31.128168645874766,30.453216121019103,30.88849639892578,7128,0.0,0.0,0.0
2019-09-30 00:00:00-04:00,31.287949774091274,31.76244769731657,31.287949774091274,31.394371032714844,14638,0.0,0.0,0.0
2019-10-01 00:00:00-04:00,31.69562695162029,31.69562695162029,30.98775147899534,31.162057876586914,5429,0.0,0.0,0.0
2019-10-02 00:00:00-04:00,30.50356751612482,30.595465692636846,28.983231271954477,29.28623390197754,27001,0.0,0.0,0.0
2019-10-03 00:00:00-04:00,29.632036976307106,30.13229514273062,29.42867890189094,29.867544174194336,5026,0.0,0.0,0.0
2019-10-04 00:00:00-04:00,30.20337717428112,31.307317173088578,30.20337717428112,31.302278518676758,9567,0.0,0.0,0.0
2019-10-07 00:00:00-04:00,31.326680107174493,31.326680107174493,30.621129989624023,30.621129989624023,4207,0.0,0.0,0.0
2019-10-08 00:00:00-04:00,30.12590595289712,30.377681661330236,29.720449447631836,29.720449447631836,23045,0.0,0.0,0.0
2019-10-09 00:00:00-04:00,29.922549256268336,30.43578459114827,29.922549256268336,30.314254760742188,2964,0.0,0.0,0.0
2019-10-10 00:00:00-04:00,30.3679999860045,30.478296279907227,30.316675158236915,30.478296279907227,3046,0.0,0.0,0.0
2019-10-11 00:00:00-04:00,30.52293687387891,30.866706812348767,30.246758412495605,30.42609977722168,9135,0.0,0.0,0.0
2019-10-14 00:00:00-04:00,30.26147698575031,30.503568801636312,29.84517665864489,29.967384338378906,5113,0.0,0.0,0.0
2019-10-15 00:00:00-04:00,29.980650197943426,29.980650197943426,29.57442162985001,29.578004837036133,1774,0.0,0.0,0.0
2019-10-16 00:00:00-04:00,29.573936511049823,29.632038028511623,29.221450524022213,29.62864875793457,4428,0.0,0.0,0.0
2019-10-17 00:00:00-04:00,30.01938607271256,30.07748759310872,30.00495719909668,30.00495719909668,926,0.0,0.0,0.0
2019-10-18 00:00:00-04:00,30.275519687455468,30.44546899399682,30.24811553955078,30.24811553955078,2091,0.0,0.0,0.0
2019-10-21 00:00:00-04:00,30.43578264608362,30.483522415161133,30.01938443739749,30.483522415161133,2481,0.0,0.0,0.0
2019-10-22 00:00:00-04:00,30.968386981972106,30.968386981972106,30.515966415405273,30.515966415405273,2080,0.0,0.0,0.0
2019-10-23 00:00:00-04:00,30.74566194129514,30.958993911743164,30.74566194129514,30.958993911743164,2061,0.0,0.0,0.0
2019-10-24 00:00:00-04:00,31.181426855457218,31.280489603788116,30.82913479509174,31.248920440673828,3518,0.0,0.0,0.0
2019-10-25 00:00:00-04:00,30.929652577468335,30.935559328481695,30.594694727867342,30.73268699645996,13598,0.0,0.0,0.0
2019-10-28 00:00:00-04:00,30.755343094697817,30.886266827352916,30.26147559140443,30.475969314575195,16907,0.0,0.0,0.0
2019-10-29 00:00:00-04:00,30.261475261744692,30.80376038127127,30.261475261744692,30.454471588134766,2805,0.0,0.0,0.0
2019-10-30 00:00:00-04:00,30.464832894900507,30.858861923217773,30.464832894900507,30.858861923217773,731,0.0,0.0,0.0
2019-10-31 00:00:00-04:00,31.08458610022035,31.08458610022035,30.242107658139606,30.555665969848633,3132,0.0,0.0,0.0
2019-11-01 00:00:00-04:00,30.706927509363943,30.987754924937974,29.8748107059096,30.648632049560547,4704,0.0,0.0,0.0
2019-11-04 00:00:00-05:00,30.86186660895626,30.86186660895626,29.661089533713337,29.78746223449707,3999,0.0,0.0,0.0
2019-11-05 00:00:00-05:00,29.554571745570158,30.249859896656332,29.510995141263546,30.062286376953125,10324,0.0,0.0,0.0
2019-11-06 00:00:00-05:00,30.290530674907362,30.571356239488637,30.048438842986148,30.442853927612305,2785,0.0,0.0,0.0
2019-11-07 00:00:00-05:00,30.407799010959394,30.41060647234888,30.08368682861328,30.08368682861328,8687,0.0,0.0,0.0
2019-11-08 00:00:00-05:00,30.164637236755716,30.164637236755716,29.94191322901443,30.097917556762695,995,0.0,0.0,0.0
2019-11-11 00:00:00-05:00,30.09685626567207,30.193693367184128,29.87413222510419,29.89708137512207,3091,0.0,0.0,0.0
2019-11-12 00:00:00-05:00,30.082327201417943,30.135587692260742,29.942301388830405,30.135587692260742,627,0.0,0.0,0.0
2019-11-13 00:00:00-05:00,30.484203214362946,30.987754671050908,30.46580510681767,30.925682067871094,2032,0.0,0.0,0.0
2019-11-14 00:00:00-05:00,31.162058562596226,31.162058562596226,30.823129653930664,30.823129653930664,1051,0.0,0.0,0.0
2019-11-15 00:00:00-05:00,30.823131889001424,30.85654067993164,30.658509369827428,30.85654067993164,1913,0.0,0.0,0.0
2019-11-18 00:00:00-05:00,31.26857975796137,31.820548801451054,31.26857975796137,31.384490966796875,4214,0.0,0.0,0.0
2019-11-19 00:00:00-05:00,31.481618633877673,31.578457578252802,31.227325439453125,31.227325439453125,4809,0.0,0.0,0.0
2019-11-20 00:00:00-05:00,31.055538145334314,31.449373245239258,30.88123174069595,31.449373245239258,3359,0.0,0.0,0.0
2019-11-21 00:00:00-05:00,31.02890836469229,31.02890836469229,30.919095993041992,30.919095993041992,820,0.0,0.0,0.0
2019-11-22 00:00:00-05:00,30.929650508735275,30.929650508735275,30.78439579051328,30.788558959960938,2885,0.0,0.0,0.0
2019-11-25 00:00:00-05:00,30.794078301958656,30.943304102427323,30.550728669080215,30.939334869384766,1738,0.0,0.0,0.0
2019-11-26 00:00:00-05:00,31.21047754680395,31.70686257017584,31.21047754680395,31.704151153564453,1650,0.0,0.0,0.0
2019-11-27 00:00:00-05:00,31.839917922915706,31.95612096482356,31.578458308101958,31.84872817993164,13945,0.0,0.0,0.0
2019-11-29 00:00:00-05:00,31.907699304070427,31.907699304070427,31.74307496265724,31.79149627685547,4357,0.0,0.0,0.0
2019-12-02 00:00:00-05:00,31.791500491248065,31.953893661499023,31.257539808364026,31.953893661499023,2085,0.0,0.0,0.0
2019-12-03 00:00:00-05:00,31.898019621501223,31.898019621501223,31.239529518847235,31.77329444885254,5732,0.0,0.0,0.0
2019-12-04 00:00:00-05:00,31.96580218609957,32.41309356689453,31.96580218609957,32.41309356689453,3037,0.0,0.0,0.0
2019-12-05 00:00:00-05:00,32.42093734961711,32.48862672159402,32.03359263899816,32.365257263183594,3730,0.0,0.0,0.0
2019-12-06 00:00:00-05:00,32.972814372459084,33.12881689450942,32.72249221801758,32.72249221801758,6993,0.0,0.0,0.0
2019-12-09 00:00:00-05:00,32.72112891318565,33.11815932153326,32.72112891318565,32.98161697387695,6658,0.0,0.0,0.0
2019-12-10 00:00:00-05:00,32.672713384514296,32.98259061604972,32.53713886344306,32.618385314941406,12844,0.0,0.0,0.0
2019-12-11 00:00:00-05:00,32.839563437245815,32.914707358839635,32.69643831473315,32.709415435791016,2470,0.0,0.0,0.0
2019-12-12 00:00:00-05:00,32.539655463571094,33.351714846815355,32.539655463571094,32.63870620727539,4940,0.656,0.0,0.0
2019-12-13 00:00:00-05:00,32.38559861572333,33.06295838064614,32.29277126405089,33.03668975830078,6281,0.0,0.0,0.0
2019-12-16 00:00:00-05:00,33.28021648160102,33.44138066057213,33.266586786186764,33.32228469848633,5512,0.0,0.0,0.0
2019-12-17 00:00:00-05:00,33.158154748856575,33.359315183893514,33.08250579766033,33.25414276123047,6362,0.0,0.0,0.0
2019-12-18 00:00:00-05:00,33.204075846606024,33.204075846606024,32.86860750962903,33.00873947143555,5105,0.0,0.0,0.0
2019-12-19 00:00:00-05:00,33.55682492066172,33.695080808558146,33.359314894870934,33.49490737915039,12676,0.0,0.0,0.0
2019-12-20 00:00:00-05:00,33.665452035671905,34.683610478174444,33.665452035671905,34.33767318725586,20689,0.0,0.0,0.0
2019-12-23 00:00:00-05:00,34.68852700427961,34.68852700427961,33.84691251474062,33.89226531982422,10572,0.095,0.0,0.0
2019-12-24 00:00:00-05:00,33.949800195642524,34.09437689798207,33.9458375859502,33.94841384887695,951,0.0,0.0,0.0
2019-12-26 00:00:00-05:00,34.26271410532304,34.26271410532304,34.064666748046875,34.064666748046875,1036,0.0,0.0,0.0
2019-12-27 00:00:00-05:00,34.292424932119474,34.513545332336236,34.292424932119474,34.45225143432617,4431,0.0,0.0,0.0
2019-12-30 00:00:00-05:00,34.38154757127542,34.38154757127542,33.757687809414506,33.88840103149414,19952,0.0,0.0,0.0
2019-12-31 00:00:00-05:00,33.668562781480816,34.07456588745117,33.51507495407464,34.07456588745117,3425,0.0,0.0,0.0
2020-01-02 00:00:00-05:00,33.75768925624134,33.804428405046586,33.001136823976104,33.23830032348633,7822,0.0,0.0,0.0
2020-01-03 00:00:00-05:00,33.04470736449133,33.43100702334227,32.97539002840776,33.09421920776367,3128,0.0,0.0,0.0
2020-01-06 00:00:00-05:00,32.975390104533034,33.284447208880174,32.90112045069732,33.22404479980469,4914,0.0,0.0,0.0
2020-01-07 00:00:00-05:00,32.876365041886956,32.90607139117343,32.443624673726916,32.480262756347656,5999,0.0,0.0,0.0
2020-01-08 00:00:00-05:00,32.67831313730838,33.19324458550065,32.41094466742905,32.923500061035156,17584,0.0,0.0,0.0
2020-01-09 00:00:00-05:00,33.470514419394135,33.65866470336914,33.19324508828738,33.65866470336914,9105,0.0,0.0,0.0
2020-01-10 00:00:00-05:00,33.727982986703196,33.87651851362029,33.560333251953125,33.560333251953125,28923,0.0,0.0,0.0
2020-01-13 00:00:00-05:00,33.57944312804568,34.18339920043945,33.57944312804568,34.18339920043945,9397,0.0,0.0,0.0
2020-01-14 00:00:00-05:00,34.12616127710794,34.23300818277266,34.054762536999434,34.19181442260742,5823,0.0,0.0,0.0
2020-01-15 00:00:00-05:00,34.07456886308444,34.96569512097374,34.07456886308444,34.76774597167969,10035,0.0,0.0,0.0
2020-01-16 00:00:00-05:00,34.95480899199545,35.14404722415381,34.95480899199545,35.07472610473633,4880,0.0,0.0,0.0
2020-01-17 00:00:00-05:00,35.23316184569916,35.52033200484771,35.23316184569916,35.32228088378906,6724,0.0,0.0,0.0
2020-01-21 00:00:00-05:00,35.20345442159918,35.56281661987305,34.79210611378652,35.56281661987305,4544,0.0,0.0,0.0
2020-01-22 00:00:00-05:00,35.728191116894834,35.95605061089953,35.698582981715646,35.780479431152344,10011,0.0,0.0,0.0
2020-01-23 00:00:00-05:00,35.510431312707546,35.77779976074513,35.0945235788121,35.55519104003906,4043,0.0,0.0,0.0
2020-01-24 00:00:00-05:00,35.649067431508236,35.649067431508236,34.539986391342204,34.80705642700195,24446,0.0,0.0,0.0
2020-01-27 00:00:00-05:00,33.569540399299136,34.87657059198283,33.569540399299136,34.505226135253906,8717,0.0,0.0,0.0
2020-01-28 00:00:00-05:00,34.77764549411684,34.856867458920895,34.450864333078115,34.65871810913086,5970,0.0,0.0,0.0
2020-01-29 00:00:00-05:00,34.26271681245559,34.65881911332678,34.09516906738281,34.09516906738281,3773,0.0,0.0,0.0
2020-01-30 00:00:00-05:00,33.91612892960973,35.19791030883789,33.91612892960973,35.19791030883789,3137,0.0,0.0,0.0
2020-01-31 00:00:00-05:00,35.381700632591475,35.381700632591475,33.96564008541921,34.10427474975586,9031,0.0,0.0,0.0
2020-02-03 00:00:00-05:00,34.24291478987367,34.65881880229572,34.02505814859843,34.089324951171875,7642,0.0,0.0,0.0
2020-02-04 00:00:00-05:00,34.55979604634618,35.28267954750895,34.55979604634618,34.59435272216797,8572,0.0,0.0,0.0
2020-02-05 00:00:00-05:00,34.8172589715861,35.460924260456046,34.8172589715861,35.33634948730469,5223,0.0,0.0,0.0
2020-02-06 00:00:00-05:00,35.55994568272682,36.25807508749022,35.55994568272682,35.81740951538086,12160,0.0,0.0,0.0
2020-02-07 00:00:00-05:00,35.82731314562647,36.03269264773515,35.52201847438142,35.879695892333984,6304,0.0,0.0,0.0
2020-02-10 00:00:00-05:00,35.92010067956503,36.43136792968402,35.92010067956503,36.261837005615234,5281,0.0,0.0,0.0
2020-02-11 00:00:00-05:00,36.37195364717965,36.37195364717965,35.87138050104908,35.88772201538086,9145,0.0,0.0,0.0
2020-02-12 00:00:00-05:00,35.90653067503269,35.9461416559179,35.62500410890338,35.840877532958984,15494,0.0,0.0,0.0
2020-02-13 00:00:00-05:00,35.470822112537824,36.55019681506387,35.470822112537824,36.42146301269531,7404,0.0,0.0,0.0
2020-02-14 00:00:00-05:00,36.688832768747574,36.688832768747574,36.312535982590575,36.6374397277832,4606,0.0,0.0,0.0
2020-02-18 00:00:00-05:00,36.639321655147434,36.65813743920632,36.13330134408703,36.256587982177734,3530,0.0,0.0,0.0
2020-02-19 00:00:00-05:00,36.48088154630006,36.48088154630006,36.144989013671875,36.144989013671875,6296,0.0,0.0,0.0
2020-02-20 00:00:00-05:00,35.946143626581176,36.278968811035156,35.445275853792154,36.278968811035156,5369,0.0,0.0,0.0
2020-02-21 00:00:00-05:00,36.1937060638641,36.63932017281955,36.1937060638641,36.4060173034668,3473,0.0,0.0,0.0
2020-02-24 00:00:00-05:00,34.163691657341566,35.62926406354355,33.75768851628231,33.77105712890625,27357,0.0,0.0,0.0
2020-02-25 00:00:00-05:00,33.76758811868597,34.237960035459636,31.886111784124893,31.92888832092285,17372,0.0,0.0,0.0
2020-02-26 00:00:00-05:00,32.22279771061222,33.193244118648586,31.440497803543405,31.504962921142578,17442,0.0,0.0,0.0
2020-02-27 00:00:00-05:00,30.618587818376152,30.965176349749157,27.728041997657705,27.743093490600586,26351,0.0,0.0,0.0
2020-02-28 00:00:00-05:00,24.924640638845638,25.824185059462806,23.300628111590527,25.389266967773438,37825,0.0,0.0,0.0
2020-03-02 00:00:00-05:00,25.92479536902555,30.242294311523438,25.92479536902555,30.242294311523438,39127,0.0,0.0,0.0
2020-03-03 00:00:00-05:00,30.73742053644287,31.877892749198015,28.83851282705383,29.014678955078125,34754,0.0,0.0,0.0
2020-03-04 00:00:00-05:00,30.358054597007303,33.262660478439,30.202683668275107,33.260284423828125,34840,0.0,0.0,0.0
2020-03-05 00:00:00-05:00,31.45040271499008,32.628803085186895,30.578979925871923,31.16204071044922,29284,0.0,0.0,0.0
2020-03-06 00:00:00-05:00,28.27169258410339,30.95844569870655,27.97461775284975,30.489858627319336,32808,0.0,0.0,0.0
2020-03-09 00:00:00-04:00,25.390057570039836,28.875744636993065,24.13243911931853,26.815229415893555,25416,0.0,0.0,0.0
2020-03-10 00:00:00-04:00,28.420231332413557,28.746914291850096,25.49898736430194,28.47162437438965,21579,0.0,0.0,0.0
2020-03-11 00:00:00-04:00,26.924951968869802,26.924951968869802,23.528387362172285,24.75006103515625,25809,0.0,0.0,0.0
2020-03-12 00:00:00-04:00,19.70601230468834,21.49628818332402,17.626384735107422,17.626384735107422,56860,0.0,0.0,0.0
2020-03-13 00:00:00-04:00,20.25065269198563,22.12222823232482,18.398880754760818,22.057861328125,49390,0.0,0.0,0.0
2020-03-16 00:00:00-04:00,17.775021821183994,20.48831171820843,15.844029919270662,17.463586807250977,33674,0.0,0.0,0.0
2020-03-17 00:00:00-04:00,19.23069143003498,22.409399032592773,18.52780993808634,22.409399032592773,42451,0.0,0.0,0.0
2020-03-18 00:00:00-04:00,20.67645958080755,21.691964179618747,18.131612512994092,20.780437469482422,50453,0.0,0.0,0.0
2020-03-19 00:00:00-04:00,19.834746276760377,19.834746276760377,18.319660186767578,18.319660186767578,19417,0.0,0.0,0.0
2020-03-20 00:00:00-04:00,19.319815084601306,20.003089434672052,14.85377872215579,14.871108055114746,73945,0.0,0.0,0.0
2020-03-23 00:00:00-04:00,15.00231657391726,15.03915392054715,12.895754297921519,13.340277671813965,47867,0.0,0.0,0.0
2020-03-24 00:00:00-04:00,14.976768228265485,15.87298403454495,14.936936435756726,15.414917945861816,39182,0.075,0.0,0.0
2020-03-25 00:00:00-04:00,15.434833897159775,16.814011218470707,14.762671585898886,15.245633125305176,43616,0.0,0.0,0.0
2020-03-26 00:00:00-04:00,16.12193365382485,18.203245679313863,15.825186187340254,18.083650588989258,42140,0.0,0.0,0.0
2020-03-27 00:00:00-04:00,16.918569078156736,19.15910945123923,16.89865270789023,17.794870376586914,28974,0.0,0.0,0.0
2020-03-30 00:00:00-04:00,18.740875238618113,19.83894036660182,18.392346355039184,19.676923751831055,44194,0.0,0.0,0.0
2020-03-31 00:00:00-04:00,19.647050504804735,19.716755906296925,18.422222137451172,18.422222137451172,32638,0.0,0.0,0.0
2020-04-01 00:00:00-04:00,17.25714049649532,18.223061702828637,16.839603254065082,17.416467666625977,27855,0.0,0.0,0.0
2020-04-02 00:00:00-04:00,16.928528343644686,18.880287170410156,16.928528343644686,18.880287170410156,18035,0.0,0.0,0.0
2020-04-03 00:00:00-04:00,18.830497325626986,19.41801696523958,18.522796426213937,19.24873161315918,15494,0.0,0.0,0.0
2020-04-06 00:00:00-04:00,20.533311159555893,21.807829860429873,19.96311714589347,21.3996524810791,47522,0.0,0.0,0.0
2020-04-07 00:00:00-04:00,23.182125368309034,23.182125368309034,20.871877670288086,20.871877670288086,41132,0.0,0.0,0.0
2020-04-08 00:00:00-04:00,21.79796820491068,21.84387500252301,20.61297263834359,21.59881019592285,51914,0.0,0.0,0.0
2020-04-09 00:00:00-04:00,22.226161021928714,23.30172102941983,22.027003009861453,22.345657348632812,88702,0.0,0.0,0.0
2020-04-13 00:00:00-04:00,22.445237402955037,22.445237402955037,21.192128051639436,21.887590408325195,66607,0.0,0.0,0.0
2020-04-14 00:00:00-04:00,23.022798219745106,24.626028060913086,22.68422751803344,24.626028060913086,39483,0.0,0.0,0.0
2020-04-15 00:00:00-04:00,23.7596864967071,23.940324138203895,23.012839706401518,23.257108688354492,26482,0.0,0.0,0.0
2020-04-16 00:00:00-04:00,23.899098951014032,24.06838431122357,22.848534089066284,23.84930992126465,42281,0.0,0.0,0.0
2020-04-17 00:00:00-04:00,24.94468275576559,25.079115409816573,23.79951802414162,24.90485191345215,33039,0.0,0.0,0.0
2020-04-20 00:00:00-04:00,23.899097609440105,24.6585901464202,23.301619789338176,23.45098876953125,54754,0.0,0.0,0.0
2020-04-21 00:00:00-04:00,22.49502656128792,22.763891874609214,21.81788513484748,21.902528762817383,47123,0.0,0.0,0.0
2020-04-22 00:00:00-04:00,22.8236382320262,22.903301814538366,22.017044221674322,22.50498390197754,27294,0.0,0.0,0.0
2020-04-23 00:00:00-04:00,22.684228411650675,22.74546849941859,21.90750702430305,21.917465209960938,26280,0.0,0.0,0.0
2020-04-24 00:00:00-04:00,22.220186153028184,22.79376473344865,22.146497858102613,22.634437561035156,9576,0.0,0.0,0.0
2020-04-27 00:00:00-04:00,23.271748276874373,23.271748276874373,22.57469046926835,22.95657730102539,25311,0.0,0.0,0.0
2020-04-28 00:00:00-04:00,23.879181335383446,23.879181335383446,22.992923736572266,22.992923736572266,29042,0.0,0.0,0.0
2020-04-29 00:00:00-04:00,23.998678129087782,23.998678129087782,22.544815335881832,22.89364242553711,57112,0.0,0.0,0.0
2020-04-30 00:00:00-04:00,22.853513458844134,22.853513458844134,21.71830500054666,22.116622924804688,14913,0.0,0.0,0.0
2020-05-01 00:00:00-04:00,21.25028185912555,22.20126674240054,21.13546737886517,21.164344787597656,17921,0.0,0.0,0.0
2020-05-04 00:00:00-04:00,20.891794802612424,21.394771495324207,20.673915095312545,21.20049285888672,15405,0.0,0.0,0.0
2020-05-05 00:00:00-04:00,21.907507850210383,22.036960469983796,21.300071797487202,21.310029983520508,26248,0.0,0.0,0.0
2020-05-06 00:00:00-04:00,21.349860697703654,21.349860697703654,20.593055725097656,20.593055725097656,9664,0.0,0.0,0.0
2020-05-07 00:00:00-04:00,21.26024054217758,21.26024054217758,20.314233779907227,20.314233779907227,80530,0.0,0.0,0.0
2020-05-08 00:00:00-04:00,20.85196484104567,21.907507870254694,20.85196484104567,21.862098693847656,18508,0.0,0.0,0.0
2020-05-11 00:00:00-04:00,21.654076642543153,22.12658047120167,21.608768134288074,21.802947998046875,31217,0.0,0.0,0.0
2020-05-12 00:00:00-04:00,22.106567107738627,22.311801086379646,21.310029983520508,21.310029983520508,28145,0.0,0.0,0.0
2020-05-13 00:00:00-04:00,21.190233854186733,21.359819299381797,20.30427445158339,20.642845153808594,18514,0.0,0.0,0.0
2020-05-14 00:00:00-04:00,20.453646727778885,20.523352130172736,19.56738717059056,20.34410858154297,19378,0.0,0.0,0.0
2020-05-15 00:00:00-04:00,20.513393530449537,21.052417609036834,20.284360955966623,21.001333236694336,9917,0.0,0.0,0.0
2020-05-18 00:00:00-04:00,21.807927163059777,22.25504077421751,21.57889458990928,22.062053680419922,19874,0.0,0.0,0.0
2020-05-19 00:00:00-04:00,22.31578146934743,22.31578146934743,20.782257080078125,20.782257080078125,21759,0.0,0.0,0.0
2020-05-20 00:00:00-04:00,21.17061737184375,21.519146255960543,21.17061737184375,21.461389541625977,7072,0.0,0.0,0.0
2020-05-21 00:00:00-04:00,21.250280193127036,21.250280193127036,20.742325397774668,20.812030792236328,15573,0.0,0.0,0.0
2020-05-22 00:00:00-04:00,20.772300234855592,20.995357513427734,20.772300234855592,20.995357513427734,5524,0.0,0.0,0.0
2020-05-26 00:00:00-04:00,21.77805539620506,21.937382575291142,21.2602411145104,21.329946517944336,15943,0.0,0.0,0.0
2020-05-27 00:00:00-04:00,22.106666550160202,22.34067726135254,21.63864132911618,22.34067726135254,21964,0.0,0.0,0.0
2020-05-28 00:00:00-04:00,23.11241696097489,23.211996909443354,22.654351857081316,22.935266494750977,17828,0.0,0.0,0.0
2020-05-29 00:00:00-04:00,22.6941864919253,23.08254623413086,22.285908479166757,23.08254623413086,24363,0.0,0.0,0.0
2020-06-01 00:00:00-04:00,23.08254629695528,23.650149583055867,23.08254629695528,23.504962921142578,7116,0.0,0.0,0.0
2020-06-02 00:00:00-04:00,23.541606919161598,23.61031516633647,23.162208240345574,23.59040069580078,9793,0.0,0.0,0.0
2020-06-03 00:00:00-04:00,23.77960229537804,24.05344765324415,23.729813266309502,23.809476852416992,15969,0.0,0.0,0.0
2020-06-04 00:00:00-04:00,23.540612379358127,23.899000714185107,23.192085364748333,23.256711959838867,13822,0.0,0.0,0.0
2020-06-05 00:00:00-04:00,23.88914127904786,24.69225008403788,23.779603132047388,24.387039184570312,20392,0.0,0.0,0.0
2020-06-08 00:00:00-04:00,24.47665922236959,25.089570999145508,24.396000390379587,25.089570999145508,17385,0.0,0.0,0.0
2020-06-09 00:00:00-04:00,24.855059968337653,24.855059968337653,24.148045927098735,24.546363830566406,23294,0.0,0.0,0.0
2020-06-10 00:00:00-04:00,24.775397345154566,24.815230086705565,24.197835887972666,24.4327449798584,9384,0.0,0.0,0.0
2020-06-11 00:00:00-04:00,23.470906167002187,23.940921895443566,21.55897819861838,21.583175659179688,23042,0.0,0.0,0.0
2020-06-12 00:00:00-04:00,22.111941925794586,22.211721306566993,21.021248109079394,21.519145965576172,9405,0.0,0.0,0.0
2020-06-15 00:00:00-04:00,20.802173506293776,22.23611997990956,20.632888145524344,22.20624542236328,21774,0.0,0.0,0.0
2020-06-16 00:00:00-04:00,23.779603292472835,23.779603292472835,22.923220180741005,23.160518646240234,7952,0.0,0.0,0.0
2020-06-17 00:00:00-04:00,23.221956118870423,23.70979703349283,23.06223009480147,23.21966552734375,9905,0.0,0.0,0.0
2020-06-18 00:00:00-04:00,22.832901272869297,23.66010877683635,22.832901272869297,23.549474716186523,6550,0.0,0.0,0.0
2020-06-19 00:00:00-04:00,24.282480257922877,24.31086004251598,23.12237726566418,23.341453552246094,5441,0.0,0.0,0.0
2020-06-22 00:00:00-04:00,23.192084658386378,23.192084658386378,22.963050185194508,22.994518280029297,5781,0.0,0.0,0.0
2020-06-23 00:00:00-04:00,23.4550344846304,23.704556128083915,22.82624078075513,22.86616325378418,15043,0.053,0.0,0.0
2020-06-24 00:00:00-04:00,22.436986346529512,22.476910724368107,21.628536732289106,21.806894302368164,12315,0.0,0.0,0.0
2020-06-25 00:00:00-04:00,21.359052400816072,22.2573299407959,21.319129927596496,22.2573299407959,7885,0.0,0.0,0.0
2020-06-26 00:00:00-04:00,22.257329783019504,22.257329783019504,20.829268031274374,20.853422164916992,2842,0.0,0.0,0.0
2020-06-29 00:00:00-04:00,21.21932097304505,22.072684544220962,21.21932097304505,21.957904815673828,11037,0.0,0.0,0.0
2020-06-30 00:00:00-04:00,22.04773273305209,22.643390655517578,21.967885882696635,22.643390655517578,4836,0.0,0.0,0.0
2020-07-01 00:00:00-04:00,22.75627438285108,23.005895021438967,22.556757200434408,22.56284523010254,87751,0.0,0.0,0.0
2020-07-02 00:00:00-04:00,23.4650158884746,23.534881644971737,22.864168478900147,22.916067123413086,9730,0.0,0.0,0.0
2020-07-06 00:00:00-04:00,23.270388051452077,23.270388051452077,22.941019571688503,23.242740631103516,3970,0.0,0.0,0.0
2020-07-07 00:00:00-04:00,22.91896239836187,24.133733713217225,22.886125493168354,23.814346313476562,11465,0.0,0.0,0.0
2020-07-08 00:00:00-04:00,23.794384781791237,23.96405958054886,23.415211702410264,23.734100341796875,10966,0.0,0.0,0.0
2020-07-09 00:00:00-04:00,23.654652115636868,23.654652115636868,23.076858520507812,23.076858520507812,1446,0.0,0.0,0.0
2020-07-10 00:00:00-04:00,23.48996801968053,24.582872163255335,23.48996801968053,24.48226547241211,12359,0.0,0.0,0.0
2020-07-13 00:00:00-04:00,25.041991382902076,25.201586084288685,24.22575569152832,24.22575569152832,6859,0.0,0.0,0.0
2020-07-14 00:00:00-04:00,24.171559584424408,25.4711692143349,24.171559584424408,25.460588455200195,14098,0.0,0.0,0.0
2020-07-15 00:00:00-04:00,26.089982926876456,26.17182675850735,25.225041048996065,25.38852882385254,15062,0.0,0.0,0.0
2020-07-16 00:00:00-04:00,25.610900935232348,25.6307622272386,25.31167561760225,25.619884490966797,4276,0.0,0.0,0.0
2020-07-17 00:00:00-04:00,25.98019469676968,26.06004154804834,25.85543387266558,26.017322540283203,5342,0.0,0.0,0.0
2020-07-20 00:00:00-04:00,26.03009779159249,26.03009779159249,24.98220664200596,25.281831741333008,27325,0.0,0.0,0.0
2020-07-21 00:00:00-04:00,25.560997770020375,26.454085822260947,25.560997770020375,25.873798370361328,5873,0.0,0.0,0.0
2020-07-22 00:00:00-04:00,25.49113128434437,26.50119400024414,25.481150190446076,26.50119400024414,4929,0.0,0.0,0.0
2020-07-23 00:00:00-04:00,26.97328960099885,26.99824138490449,26.559583426968032,26.740535736083984,10905,0.0,0.0,0.0
2020-07-24 00:00:00-04:00,26.748718818870483,27.44738016640401,26.354476077837024,26.589824676513672,6329,0.0,0.0,0.0
2020-07-27 00:00:00-04:00,26.599007392373075,27.058128216279048,26.4492947837708,27.035171508789062,10211,0.0,0.0,0.0
2020-07-28 00:00:00-04:00,27.167916621099607,27.686922111027226,27.077989682269685,27.283994674682617,10029,0.0,0.0,0.0
2020-07-29 00:00:00-04:00,27.686920881245907,27.686920881245907,27.242772667675823,27.4604549407959,14474,0.0,0.0,0.0
2020-07-30 00:00:00-04:00,27.24776301480492,27.622045484259377,26.92837561212897,27.42801856994629,6447,0.0,0.0,0.0
2020-07-31 00:00:00-04:00,27.19785847456004,27.306649162208267,26.399389996419536,27.23648452758789,10671,0.0,0.0,0.0
2020-08-03 00:00:00-04:00,27.238781365125803,27.404464103797004,26.898434235505498,27.17729949951172,20497,0.0,0.0,0.0
2020-08-04 00:00:00-04:00,27.327609090820562,28.1460416666015,27.327609090820562,28.143945693969727,4199,0.0,0.0,0.0
2020-08-05 00:00:00-04:00,28.081165688429,28.081165688429,27.821662953512885,28.01768684387207,4155,0.0,0.0,0.0
2020-08-06 00:00:00-04:00,28.086154951360214,28.086154951360214,27.597193665593906,27.994630813598633,3729,0.0,0.0,0.0
2020-08-07 00:00:00-04:00,28.355540121992643,28.424606323242188,28.20582561452106,28.424606323242188,8034,0.0,0.0,0.0
2020-08-10 00:00:00-04:00,28.31571732968607,28.994414610191093,28.31571732968607,28.851789474487305,6519,0.0,0.0,0.0
2020-08-11 00:00:00-04:00,29.21598995211582,29.231960083767206,28.08615596542992,28.192153930664062,10803,0.0,0.0,0.0
2020-08-12 00:00:00-04:00,28.894606313407795,29.698064385088266,28.704969336335235,29.442155838012695,7447,0.0,0.0,0.0
2020-08-13 00:00:00-04:00,29.403628733245572,29.473395494529683,29.104203530906226,29.278968811035156,2392,0.0,0.0,0.0
2020-08-14 00:00:00-04:00,29.436567399542312,29.436567399542312,29.152411758594617,29.295337677001953,7345,0.0,0.0,0.0
2020-08-17 00:00:00-04:00,29.55334366071421,29.991502838303454,29.40053564277071,29.816438674926758,7218,0.0,0.0,0.0
2020-08-18 00:00:00-04:00,29.882712326716184,30.2420221960527,29.752960007031543,30.06426429748535,6136,0.0,0.0,0.0
2020-08-19 00:00:00-04:00,29.866543187133185,30.048993709229382,29.29593793629321,29.45583152770996,15893,0.0,0.0,0.0
2020-08-20 00:00:00-04:00,28.94450988644165,29.176466092606407,28.595179213968933,29.1625919342041,13569,0.0,0.0,0.0
2020-08-21 00:00:00-04:00,29.024358075980437,29.498449588847524,29.024358075980437,29.41600799560547,5479,0.0,0.0,0.0
2020-08-24 00:00:00-04:00,29.42359128900842,30.122252641469284,29.343744440472808,30.119857788085938,25414,0.0,0.0,0.0
2020-08-25 00:00:00-04:00,30.42167788238096,30.42167788238096,29.643171584192253,29.96964454650879,32163,0.0,0.0,0.0
2020-08-26 00:00:00-04:00,29.676009776491327,30.107283293099275,29.4235925993848,30.0897159576416,11566,0.0,0.0,0.0
2020-08-27 00:00:00-04:00,30.6212957584126,30.97052553674296,30.4690874067455,30.686870574951172,12542,0.0,0.0,0.0
2020-08-28 00:00:00-04:00,30.681181744695508,31.471567153930664,30.351813244033583,31.471567153930664,8718,0.0,0.0,0.0
2020-08-31 00:00:00-04:00,31.210166940888815,31.336524963378906,30.975914872709104,31.336524963378906,5980,0.0,0.0,0.0
2020-09-01 00:00:00-04:00,30.830894300238626,31.180025100708008,30.761028543203434,31.180025100708008,4741,0.0,0.0,0.0
2020-09-02 00:00:00-04:00,31.409785423586555,33.23628387236138,31.409785423586555,33.10972595214844,36120,0.0,0.0,0.0
2020-09-03 00:00:00-04:00,33.44588031161392,33.97486879897478,30.691261961504164,31.24180793762207,33183,0.0,0.0,0.0
2020-09-04 00:00:00-04:00,31.888866859284267,31.888866859284267,29.952578369136134,31.020530700683594,22619,0.0,0.0,0.0
2020-09-08 00:00:00-04:00,30.591353030737178,30.812728483009703,28.86965331444116,29.11917495727539,21092,0.0,0.0,0.0
2020-09-09 00:00:00-04:00,30.298214935487163,31.213359218334215,30.298214935487163,30.457908630371094,10376,0.0,0.0,0.0
2020-09-10 00:00:00-04:00,30.212081131854024,30.547137878811416,29.144128799438477,29.144128799438477,34136,0.0,0.0,0.0
2020-09-11 00:00:00-04:00,29.535376192493025,30.058973376506906,29.533381115927096,29.757551193237305,2742,0.0,0.0,0.0
2020-09-14 00:00:00-04:00,30.571391417230622,30.571391417230622,29.992501271118783,30.371076583862305,6173,0.0,0.0,0.0
2020-09-15 00:00:00-04:00,30.759928586777757,30.759928586777757,30.212080182677745,30.242021560668945,8061,0.0,0.0,0.0
2020-09-16 00:00:00-04:00,30.58137211020631,30.601235306282618,29.77292251586914,29.77292251586914,1820,0.0,0.0,0.0
2020-09-17 00:00:00-04:00,28.93452914478228,29.523400367454315,28.70766342701469,29.12696075439453,4462,0.0,0.0,0.0
2020-09-18 00:00:00-04:00,29.16408910879614,29.39245113801564,28.036252113865057,28.458642959594727,6610,0.0,0.0,0.0
2020-09-21 00:00:00-04:00,27.607075355689755,27.70688439697906,26.90841397036376,27.64620018005371,6848,0.0,0.0,0.0
2020-09-22 00:00:00-04:00,28.209999084472656,28.610000610351562,28.08609962463379,28.269899368286133,10794,0.053,0.0,0.0
2020-09-23 00:00:00-04:00,28.56100082397461,28.56100082397461,26.930500030517578,26.930500030517578,9629,0.0,0.0,0.0
2020-09-24 00:00:00-04:00,26.799999237060547,27.899999618530273,26.799999237060547,27.590299606323242,3451,0.0,0.0,0.0
2020-09-25 00:00:00-04:00,27.0,28.00079917907715,27.0,28.00079917907715,2163,0.0,0.0,0.0
2020-09-28 00:00:00-04:00,28.600000381469727,29.360000610351562,28.600000381469727,28.84589958190918,5065,0.0,0.0,0.0
2020-09-29 00:00:00-04:00,28.700000762939453,29.019500732421875,28.445899963378906,28.445899963378906,3285,0.0,0.0,0.0
2020-09-30 00:00:00-04:00,28.78230094909668,29.860000610351562,28.78230094909668,29.585100173950195,7455,0.0,0.0,0.0
2020-10-01 00:00:00-04:00,29.520000457763672,29.905000686645508,29.235000610351562,29.846599578857422,2106,0.0,0.0,0.0
2020-10-02 00:00:00-04:00,28.6200008392334,29.610000610351562,28.6200008392334,29.457000732421875,4808,0.0,0.0,0.0
2020-10-05 00:00:00-04:00,29.600000381469727,29.950199127197266,29.530000686645508,29.950199127197266,4615,0.0,0.0,0.0
2020-10-06 00:00:00-04:00,30.051000595092773,30.240999221801758,29.200000762939453,29.493600845336914,5783,0.0,0.0,0.0
2020-10-07 00:00:00-04:00,29.8700008392334,30.399999618530273,29.809900283813477,30.399999618530273,1933,0.0,0.0,0.0
2020-10-08 00:00:00-04:00,30.389999389648438,30.95199966430664,30.389999389648438,30.95199966430664,2578,0.0,0.0,0.0
2020-10-09 00:00:00-04:00,31.700000762939453,32.060001373291016,31.360000610351562,31.624399185180664,9999,0.0,0.0,0.0
2020-10-12 00:00:00-04:00,32.779998779296875,33.189998626708984,32.70100021362305,32.70100021362305,6489,0.0,0.0,0.0
2020-10-13 00:00:00-04:00,32.83000183105469,32.83000183105469,32.560001373291016,32.746299743652344,4668,0.0,0.0,0.0
2020-10-14 00:00:00-04:00,32.90999984741211,32.90999984741211,31.819900512695312,32.15010070800781,3416,0.0,0.0,0.0
2020-10-15 00:00:00-04:00,32.169898986816406,32.40999984741211,31.920000076293945,32.15869903564453,1955,0.0,0.0,0.0
2020-10-16 00:00:00-04:00,32.60499954223633,32.79999923706055,32.15999984741211,32.194000244140625,4061,0.0,0.0,0.0
2020-10-19 00:00:00-04:00,32.194000244140625,32.194000244140625,32.194000244140625,32.194000244140625,0,0.0,0.0,0.0
2020-10-20 00:00:00-04:00,32.194000244140625,32.194000244140625,32.194000244140625,32.194000244140625,0,0.0,0.0,0.0
2020-10-21 00:00:00-04:00,32.194000244140625,32.194000244140625,32.194000244140625,32.194000244140625,0,0.0,0.0,0.0
2020-10-22 00:00:00-04:00,32.194000244140625,32.194000244140625,32.194000244140625,32.194000244140625,0,0.0,0.0,0.0
2020-10-23 00:00:00-04:00,32.194000244140625,32.194000244140625,32.194000244140625,32.194000244140625,0,0.0,0.0,0.0
2020-10-26 00:00:00-04:00,32.194000244140625,32.194000244140625,32.194000244140625,32.194000244140625,0,0.0,0.0,0.0
2020-10-27 00:00:00-04:00,32.194000244140625,32.194000244140625,32.194000244140625,32.194000244140625,0,0.0,0.0,0.0
2020-10-28 00:00:00-04:00,32.194000244140625,32.194000244140625,32.194000244140625,32.194000244140625,0,0.0,0.0,0.0
2020-10-29 00:00:00-04:00,32.194000244140625,32.194000244140625,32.194000244140625,32.194000244140625,0,0.0,0.0,0.0
