Date,Open,High,Low,Close,Volume,Dividends,Stock Splits,Capital Gains
2022-09-29 00:00:00-04:00,29.780000686645508,29.860000610351562,29.499000549316406,29.722000122070312,839000,0.0,0.0,0.0
2022-09-30 00:00:00-04:00,30.05500030517578,30.05500030517578,29.753999710083008,29.753999710083008,15700,0.0,0.0,0.0
2022-10-03 00:00:00-04:00,29.610000610351562,30.479999542236328,29.600000381469727,30.200000762939453,399400,0.0,0.0,0.0
2022-10-04 00:00:00-04:00,31.549999237060547,32.0890007019043,31.31999969482422,31.559999465942383,34300,0.0,0.0,0.0
2022-10-05 00:00:00-04:00,30.979999542236328,31.270000457763672,30.530000686645508,30.944000244140625,12200,0.0,0.0,0.0
2022-10-06 00:00:00-04:00,30.860000610351562,31.299999237060547,30.479999542236328,30.534000396728516,14600,0.0,0.0,0.0
2022-10-07 00:00:00-04:00,29.6299991607666,29.6299991607666,29.238000869750977,29.238000869750977,1600,0.0,0.0,0.0
2022-10-10 00:00:00-04:00,28.687000274658203,28.687000274658203,28.687000274658203,28.687000274658203,100,0.0,0.0,0.0
2022-10-11 00:00:00-04:00,28.420000076293945,28.469999313354492,28.049999237060547,28.20199966430664,5700,0.0,0.0,0.0
2022-10-12 00:00:00-04:00,28.1299991607666,28.229999542236328,28.049999237060547,28.079999923706055,5200,0.0,0.0,0.0
2022-10-13 00:00:00-04:00,27.139999389648438,28.979999542236328,27.139999389648438,28.57200050354004,16000,0.0,0.0,0.0
2022-10-14 00:00:00-04:00,27.773000717163086,27.773000717163086,27.56999969482422,27.56999969482422,3600,0.0,0.0,0.0
2022-10-17 00:00:00-04:00,28.253000259399414,28.280000686645508,28.208999633789062,28.208999633789062,400,0.0,0.0,0.0
2022-10-18 00:00:00-04:00,28.55500030517578,29.280000686645508,28.509000778198242,28.518999099731445,25600,0.0,0.0,0.0
2022-10-19 00:00:00-04:00,28.020000457763672,28.020000457763672,27.89900016784668,27.98699951171875,294100,0.0,0.0,0.0
2022-10-20 00:00:00-04:00,28.389999389648438,28.450000762939453,27.735000610351562,27.777000427246094,18600,0.0,0.0,0.0
2022-10-21 00:00:00-04:00,28.075000762939453,28.469999313354492,27.739999771118164,28.391000747680664,13200,0.0,0.0,0.0
2022-10-24 00:00:00-04:00,27.719999313354492,28.290000915527344,27.719999313354492,28.226999282836914,2300,0.0,0.0,0.0
2022-10-25 00:00:00-04:00,29.040000915527344,29.274999618530273,29.030000686645508,29.274999618530273,1300,0.0,0.0,0.0
2022-10-26 00:00:00-04:00,30.280000686645508,30.280000686645508,29.746999740600586,29.8439998626709,6900,0.0,0.0,0.0
2022-10-27 00:00:00-04:00,29.770000457763672,29.829999923706055,29.576000213623047,29.576000213623047,9700,0.0,0.0,0.0
2022-10-28 00:00:00-04:00,29.520000457763672,30.17099952697754,29.520000457763672,30.17099952697754,8200,0.0,0.0,0.0
2022-10-31 00:00:00-04:00,30.020000457763672,30.270000457763672,29.989999771118164,30.075000762939453,24500,0.0,0.0,0.0
2022-11-01 00:00:00-04:00,30.31999969482422,30.399999618530273,30.1200008392334,30.141000747680664,7600,0.0,0.0,0.0
2022-11-02 00:00:00-04:00,30.243999481201172,30.649999618530273,29.5310001373291,29.5310001373291,4200,0.0,0.0,0.0
2022-11-03 00:00:00-04:00,29.200000762939453,29.670000076293945,29.200000762939453,29.450000762939453,3000,0.0,0.0,0.0
2022-11-04 00:00:00-04:00,30.010000228881836,30.010000228881836,29.5,29.908000946044922,4500,0.0,0.0,0.0
2022-11-07 00:00:00-05:00,29.93000030517578,30.079999923706055,29.829999923706055,30.018999099731445,2300,0.0,0.0,0.0
2022-11-08 00:00:00-05:00,30.280000686645508,30.860000610351562,30.280000686645508,30.573999404907227,4300,0.0,0.0,0.0
2022-11-09 00:00:00-05:00,30.260000228881836,30.260000228881836,30.011999130249023,30.011999130249023,5400,0.0,0.0,0.0
2022-11-10 00:00:00-05:00,31.40999984741211,33.029998779296875,31.329999923706055,32.763999938964844,5200,0.0,0.0,0.0
2022-11-11 00:00:00-05:00,33.25,33.505001068115234,33.25,33.38100051879883,5700,0.0,0.0,0.0
2022-11-14 00:00:00-05:00,33.11000061035156,33.630001068115234,32.8849983215332,32.8849983215332,22000,0.0,0.0,0.0
2022-11-15 00:00:00-05:00,33.68000030517578,34.029998779296875,33.630001068115234,33.720001220703125,3700,0.0,0.0,0.0
2022-11-16 00:00:00-05:00,33.005001068115234,33.15999984741211,32.86399841308594,32.974998474121094,8500,0.0,0.0,0.0
2022-11-17 00:00:00-05:00,32.540000915527344,32.770999908447266,32.540000915527344,32.770999908447266,5600,0.0,0.0,0.0
2022-11-18 00:00:00-05:00,32.70000076293945,32.70000076293945,32.38999938964844,32.54800033569336,3200,0.0,0.0,0.0
2022-11-21 00:00:00-05:00,32.310001373291016,32.310001373291016,31.989999771118164,32.08700180053711,21100,0.0,0.0,0.0
2022-11-22 00:00:00-05:00,32.189998626708984,32.47600173950195,32.189998626708984,32.47600173950195,6100,0.0,0.0,0.0
2022-11-23 00:00:00-05:00,32.68000030517578,33.30500030517578,32.564998626708984,32.79199981689453,21600,0.0,0.0,0.0
2022-11-25 00:00:00-05:00,32.810001373291016,32.90999984741211,32.77299880981445,32.78499984741211,4100,0.0,0.0,0.0
2022-11-28 00:00:00-05:00,31.969999313354492,31.969999313354492,31.899999618530273,31.9060001373291,5600,0.0,0.0,0.0
2022-11-29 00:00:00-05:00,32.27000045776367,32.27000045776367,31.94499969482422,31.96299934387207,3500,0.0,0.0,0.0
2022-11-30 00:00:00-05:00,32.125,33.38999938964844,32.06999969482422,33.38999938964844,17100,0.0,0.0,0.0
2022-12-01 00:00:00-05:00,33.220001220703125,33.380001068115234,33.119998931884766,33.18000030517578,8700,0.0,0.0,0.0
2022-12-02 00:00:00-05:00,33.209999084472656,33.5099983215332,33.209999084472656,33.422000885009766,7200,0.0,0.0,0.0
2022-12-05 00:00:00-05:00,33.220001220703125,33.220001220703125,32.465999603271484,32.525001525878906,3900,0.0,0.0,0.0
2022-12-06 00:00:00-05:00,32.040000915527344,32.040000915527344,31.55900001525879,31.65399932861328,2000,0.0,0.0,0.0
2022-12-07 00:00:00-05:00,31.5,31.780000686645508,31.5,31.57200050354004,3200,0.0,0.0,0.0
2022-12-08 00:00:00-05:00,32.09000015258789,32.09000015258789,31.799999237060547,31.913000106811523,8200,0.0,0.0,0.0
2022-12-09 00:00:00-05:00,31.979999542236328,32.20000076293945,31.78499984741211,31.78499984741211,4300,0.0,0.0,0.0
2022-12-12 00:00:00-05:00,31.760000228881836,31.996999740600586,31.743999481201172,31.996999740600586,800,0.0,0.0,0.0
2022-12-13 00:00:00-05:00,33.380001068115234,36.5099983215332,32.56999969482422,32.79999923706055,97000,0.0,0.0,0.0
2022-12-14 00:00:00-05:00,33.020999908447266,33.369998931884766,32.560001373291016,32.88999938964844,14100,0.0,0.0,0.0
2022-12-15 00:00:00-05:00,32.047000885009766,32.08000183105469,31.760000228881836,31.832000732421875,19700,0.0,0.0,0.0
2022-12-16 00:00:00-05:00,31.06999969482422,31.378999710083008,31.0,31.201000213623047,12200,0.0,0.0,0.0
2022-12-19 00:00:00-05:00,31.280000686645508,31.280000686645508,30.34000015258789,30.410999298095703,8300,0.0,0.0,0.0
2022-12-20 00:00:00-05:00,30.149999618530273,31.540000915527344,30.139999389648438,30.32200050354004,21500,0.0,0.0,0.0
2022-12-21 00:00:00-05:00,30.6299991607666,31.149999618530273,30.6299991607666,30.777999877929688,12800,0.0,0.0,0.0
2022-12-22 00:00:00-05:00,29.889999389648438,30.1200008392334,29.520000457763672,30.1200008392334,8700,0.0,0.0,0.0
2022-12-23 00:00:00-05:00,29.809999465942383,29.809999465942383,29.700000762939453,29.790000915527344,2800,0.0,0.0,0.0
2022-12-27 00:00:00-05:00,29.34000015258789,29.350000381469727,29.058000564575195,29.079999923706055,8800,0.0,0.0,0.0
2022-12-28 00:00:00-05:00,29.100000381469727,29.100000381469727,28.510000228881836,28.510000228881836,17000,0.0,0.0,0.0
2022-12-29 00:00:00-05:00,29.139999389648438,29.43000030517578,29.139999389648438,29.34000015258789,12300,0.0,0.0,0.0
2022-12-30 00:00:00-05:00,29.079999923706055,29.290000915527344,28.93600082397461,29.290000915527344,96900,0.0,0.0,0.0
2023-01-03 00:00:00-05:00,29.6299991607666,29.670000076293945,28.93000030517578,29.040000915527344,67500,0.0,0.0,0.0
2023-01-04 00:00:00-05:00,29.40999984741211,29.81100082397461,29.40999984741211,29.790000915527344,9000,0.0,0.0,0.0
2023-01-05 00:00:00-05:00,29.450000762939453,29.459999084472656,29.260000228881836,29.30699920654297,6300,0.0,0.0,0.0
2023-01-06 00:00:00-05:00,29.6299991607666,30.440000534057617,29.25,30.3700008392334,9700,0.0,0.0,0.0
2023-01-09 00:00:00-05:00,30.719999313354492,31.200000762939453,30.719999313354492,30.736000061035156,5300,0.0,0.0,0.0
2023-01-10 00:00:00-05:00,31.018999099731445,31.440000534057617,30.979000091552734,31.440000534057617,28800,0.0,0.0,0.0
2023-01-11 00:00:00-05:00,31.6200008392334,32.25,31.6200008392334,32.23699951171875,5600,0.0,0.0,0.0
2023-01-12 00:00:00-05:00,32.43000030517578,32.85200119018555,32.06999969482422,32.85200119018555,2000,0.0,0.0,0.0
2023-01-13 00:00:00-05:00,32.58000183105469,33.040000915527344,32.58000183105469,33.02899932861328,7000,0.0,0.0,0.0
2023-01-17 00:00:00-05:00,33.040000915527344,33.2599983215332,33.040000915527344,33.2400016784668,10200,0.0,0.0,0.0
2023-01-18 00:00:00-05:00,33.540000915527344,33.540000915527344,32.78900146484375,32.78900146484375,4200,0.0,0.0,0.0
2023-01-19 00:00:00-05:00,32.040000915527344,32.060001373291016,31.833999633789062,31.833999633789062,4800,0.0,0.0,0.0
2023-01-20 00:00:00-05:00,32.02000045776367,32.481998443603516,32.02000045776367,32.481998443603516,7900,0.0,0.0,0.0
2023-01-23 00:00:00-05:00,33.08000183105469,33.45000076293945,33.08000183105469,33.369998931884766,26400,0.0,0.0,0.0
2023-01-24 00:00:00-05:00,33.15999984741211,33.290000915527344,33.04999923706055,33.14899826049805,5700,0.0,0.0,0.0
2023-01-25 00:00:00-05:00,32.66999816894531,33.07899856567383,32.34000015258789,33.02899932861328,17100,0.0,0.0,0.0
2023-01-26 00:00:00-05:00,32.900001525878906,33.14899826049805,32.790000915527344,33.14899826049805,7800,0.0,0.0,0.0
2023-01-27 00:00:00-05:00,33.0,33.77000045776367,33.0,33.606998443603516,4600,0.0,0.0,0.0
2023-01-30 00:00:00-05:00,33.130001068115234,33.150001525878906,32.79999923706055,32.79999923706055,8900,0.0,0.0,0.0
2023-01-31 00:00:00-05:00,33.119998931884766,33.56999969482422,33.119998931884766,33.56999969482422,4900,0.0,0.0,0.0
2023-02-01 00:00:00-05:00,33.630001068115234,34.47999954223633,33.47999954223633,34.38399887084961,8800,0.0,0.0,0.0
2023-02-02 00:00:00-05:00,35.388999938964844,35.619998931884766,34.89500045776367,35.17900085449219,14400,0.0,0.0,0.0
2023-02-03 00:00:00-05:00,34.5099983215332,34.97999954223633,34.38999938964844,34.470001220703125,5400,0.0,0.0,0.0
2023-02-06 00:00:00-05:00,33.900001525878906,34.09000015258789,33.88999938964844,33.99800109863281,25400,0.0,0.0,0.0
2023-02-07 00:00:00-05:00,34.029998779296875,34.33000183105469,33.58000183105469,34.30500030517578,17900,0.0,0.0,0.0
2023-02-08 00:00:00-05:00,34.36000061035156,34.36000061035156,33.61000061035156,33.625999450683594,23600,0.0,0.0,0.0
2023-02-09 00:00:00-05:00,34.130001068115234,34.16999816894531,33.11000061035156,33.29899978637695,23200,0.0,0.0,0.0
2023-02-10 00:00:00-05:00,33.0,33.189998626708984,32.970001220703125,33.13600158691406,3000,0.0,0.0,0.0
2023-02-13 00:00:00-05:00,33.040000915527344,33.599998474121094,33.0,33.540000915527344,23400,0.0,0.0,0.0
2023-02-14 00:00:00-05:00,33.0,33.75,33.0,33.62699890136719,6100,0.0,0.0,0.0
2023-02-15 00:00:00-05:00,33.400001525878906,34.152000427246094,33.400001525878906,34.152000427246094,5200,0.0,0.0,0.0
2023-02-16 00:00:00-05:00,33.66999816894531,33.84000015258789,33.2599983215332,33.2599983215332,17900,0.0,0.0,0.0
2023-02-17 00:00:00-05:00,32.875,33.053001403808594,32.68000030517578,33.053001403808594,8700,0.0,0.0,0.0
2023-02-21 00:00:00-05:00,32.29999923706055,32.29999923706055,31.743999481201172,31.743999481201172,22600,0.0,0.0,0.0
2023-02-22 00:00:00-05:00,31.790000915527344,32.051998138427734,31.760000228881836,31.764999389648438,6500,0.0,0.0,0.0
2023-02-23 00:00:00-05:00,32.0,32.20000076293945,31.6299991607666,32.104000091552734,5400,0.0,0.0,0.0
2023-02-24 00:00:00-05:00,31.200000762939453,31.360000610351562,31.06999969482422,31.20400047302246,3800,0.0,0.0,0.0
2023-02-27 00:00:00-05:00,31.719999313354492,31.790000915527344,31.540000915527344,31.59000015258789,7700,0.0,0.0,0.0
2023-02-28 00:00:00-05:00,31.6200008392334,31.75,31.59000015258789,31.600000381469727,3800,0.0,0.0,0.0
2023-03-01 00:00:00-05:00,31.719999313354492,31.760000228881836,31.5049991607666,31.547000885009766,18100,0.0,0.0,0.0
2023-03-02 00:00:00-05:00,31.34000015258789,31.799999237060547,31.260000228881836,31.797000885009766,3500,0.0,0.0,0.0
2023-03-03 00:00:00-05:00,31.84000015258789,32.47999954223633,31.84000015258789,32.38399887084961,2100,0.0,0.0,0.0
2023-03-06 00:00:00-05:00,32.5,32.619998931884766,32.185001373291016,32.215999603271484,6300,0.0,0.0,0.0
2023-03-07 00:00:00-05:00,31.829999923706055,31.959999084472656,31.65999984741211,31.684999465942383,7000,0.0,0.0,0.0
2023-03-08 00:00:00-05:00,31.649999618530273,32.027000427246094,31.649999618530273,32.027000427246094,5200,0.0,0.0,0.0
2023-03-09 00:00:00-05:00,32.31999969482422,32.31999969482422,31.27899932861328,31.27899932861328,14700,0.0,0.0,0.0
2023-03-10 00:00:00-05:00,31.34000015258789,31.34000015258789,30.0,30.195999145507812,24600,0.0,0.0,0.0
2023-03-13 00:00:00-04:00,29.90999984741211,30.780000686645508,29.90999984741211,30.527000427246094,6100,0.0,0.0,0.0
2023-03-14 00:00:00-04:00,31.209999084472656,31.209999084472656,30.604000091552734,30.808000564575195,5000,0.0,0.0,0.0
2023-03-15 00:00:00-04:00,30.260000228881836,30.260000228881836,29.700000762939453,30.19700050354004,9400,0.0,0.0,0.0
2023-03-16 00:00:00-04:00,30.100000381469727,30.40999984741211,29.760000228881836,30.308000564575195,7300,0.0,0.0,0.0
2023-03-17 00:00:00-04:00,30.100000381469727,30.100000381469727,29.514999389648438,29.66699981689453,6800,0.0,0.0,0.0
2023-03-20 00:00:00-04:00,29.799999237060547,30.1299991607666,29.799999237060547,30.000999450683594,6000,0.0,0.0,0.0
2023-03-21 00:00:00-04:00,30.739999771118164,30.8799991607666,30.520000457763672,30.81999969482422,13700,0.0,0.0,0.0
2023-03-22 00:00:00-04:00,30.649999618530273,30.760000228881836,30.040000915527344,30.040000915527344,5300,0.0,0.0,0.0
2023-03-23 00:00:00-04:00,30.649999618530273,30.969999313354492,29.959999084472656,30.18000030517578,12700,0.0,0.0,0.0
2023-03-24 00:00:00-04:00,29.770000457763672,30.115999221801758,29.670000076293945,30.115999221801758,2300,0.0,0.0,0.0
2023-03-27 00:00:00-04:00,30.31999969482422,30.350000381469727,30.09000015258789,30.19499969482422,6500,0.0,0.0,0.0
2023-03-28 00:00:00-04:00,30.170000076293945,30.170000076293945,29.99799919128418,29.99799919128418,4700,0.0,0.0,0.0
2023-03-29 00:00:00-04:00,30.459999084472656,30.979999542236328,30.440000534057617,30.90999984741211,6000,0.0,0.0,0.0
2023-03-30 00:00:00-04:00,31.540000915527344,31.540000915527344,31.190000534057617,31.23699951171875,4700,0.0,0.0,0.0
2023-03-31 00:00:00-04:00,31.690000534057617,31.99799919128418,31.690000534057617,31.99799919128418,1200,0.0,0.0,0.0
2023-04-03 00:00:00-04:00,31.979999542236328,31.979999542236328,31.6299991607666,31.773000717163086,8400,0.0,0.0,0.0
2023-04-04 00:00:00-04:00,31.860000610351562,31.860000610351562,31.34000015258789,31.459999084472656,6000,0.0,0.0,0.0
2023-04-05 00:00:00-04:00,30.93000030517578,30.93000030517578,30.775999069213867,30.924999237060547,1200,0.0,0.0,0.0
2023-04-06 00:00:00-04:00,30.780000686645508,30.934999465942383,30.729999542236328,30.854999542236328,7700,0.0,0.0,0.0
2023-04-10 00:00:00-04:00,30.6200008392334,31.07200050354004,30.6200008392334,31.07200050354004,2500,0.0,0.0,0.0
2023-04-11 00:00:00-04:00,31.149999618530273,31.389999389648438,31.149999618530273,31.229000091552734,7600,0.0,0.0,0.0
2023-04-12 00:00:00-04:00,31.200000762939453,31.209999084472656,30.729000091552734,30.729000091552734,6800,0.0,0.0,0.0
2023-04-13 00:00:00-04:00,30.940000534057617,31.6200008392334,30.940000534057617,31.51300048828125,4400,0.0,0.0,0.0
2023-04-14 00:00:00-04:00,31.5,31.56999969482422,30.92300033569336,31.229999542236328,14600,0.0,0.0,0.0
2023-04-17 00:00:00-04:00,31.540000915527344,31.579999923706055,31.341999053955078,31.56999969482422,2500,0.0,0.0,0.0
2023-04-18 00:00:00-04:00,31.3799991607666,31.440000534057617,31.280000686645508,31.440000534057617,4100,0.0,0.0,0.0
2023-04-19 00:00:00-04:00,31.1200008392334,31.459999084472656,30.969999313354492,31.30500030517578,20800,0.0,0.0,0.0
2023-04-20 00:00:00-04:00,31.010000228881836,31.299999237060547,30.989999771118164,31.020999908447266,4400,0.0,0.0,0.0
2023-04-21 00:00:00-04:00,31.079999923706055,31.209999084472656,31.079999923706055,31.149999618530273,7500,0.0,0.0,0.0
2023-04-24 00:00:00-04:00,31.079999923706055,31.079999923706055,30.850000381469727,31.020000457763672,3800,0.0,0.0,0.0
2023-04-25 00:00:00-04:00,30.559999465942383,30.559999465942383,30.264999389648438,30.264999389648438,3400,0.0,0.0,0.0
2023-04-26 00:00:00-04:00,30.100000381469727,30.100000381469727,29.670000076293945,29.71299934387207,4600,0.0,0.0,0.0
2023-04-27 00:00:00-04:00,29.940000534057617,30.229000091552734,29.940000534057617,30.163999557495117,2900,0.0,0.0,0.0
2023-04-28 00:00:00-04:00,30.079999923706055,30.371999740600586,29.93000030517578,30.371999740600586,6000,0.0,0.0,0.0
2023-05-01 00:00:00-04:00,30.3799991607666,31.719999313354492,30.170000076293945,30.211000442504883,3500,0.0,0.0,0.0
2023-05-02 00:00:00-04:00,30.25,30.25,29.6299991607666,29.690000534057617,3400,0.0,0.0,0.0
2023-05-03 00:00:00-04:00,29.709999084472656,30.030000686645508,29.700000762939453,29.711000442504883,3900,0.0,0.0,0.0
2023-05-04 00:00:00-04:00,29.530000686645508,29.700000762939453,29.530000686645508,29.68600082397461,12700,0.0,0.0,0.0
2023-05-05 00:00:00-04:00,30.18000030517578,30.690000534057617,30.18000030517578,30.58799934387207,3900,0.0,0.0,0.0
2023-05-08 00:00:00-04:00,30.729999542236328,30.729999542236328,30.481000900268555,30.510000228881836,4300,0.0,0.0,0.0
2023-05-09 00:00:00-04:00,30.360000610351562,30.43000030517578,30.25,30.420000076293945,3300,0.0,0.0,0.0
2023-05-10 00:00:00-04:00,30.81999969482422,30.829999923706055,30.65999984741211,30.783000946044922,9700,0.0,0.0,0.0
2023-05-11 00:00:00-04:00,30.6299991607666,30.6299991607666,30.510000228881836,30.6200008392334,3300,0.0,0.0,0.0
2023-05-12 00:00:00-04:00,30.670000076293945,30.753999710083008,30.610000610351562,30.753999710083008,6000,0.0,0.0,0.0
2023-05-15 00:00:00-04:00,30.947999954223633,31.238000869750977,30.947999954223633,31.07200050354004,1200,0.0,0.0,0.0
2023-05-16 00:00:00-04:00,30.729999542236328,30.739999771118164,30.43000030517578,30.448999404907227,5800,0.0,0.0,0.0
2023-05-17 00:00:00-04:00,31.100000381469727,31.158000946044922,31.06999969482422,31.121000289916992,8400,0.0,0.0,0.0
2023-05-18 00:00:00-04:00,31.0,31.25,31.0,31.235000610351562,6700,0.0,0.0,0.0
2023-05-19 00:00:00-04:00,31.40999984741211,31.40999984741211,31.059999465942383,31.079999923706055,12100,0.0,0.0,0.0
2023-05-22 00:00:00-04:00,31.479999542236328,31.549999237060547,31.479999542236328,31.5,2600,0.0,0.0,0.0
2023-05-23 00:00:00-04:00,31.360000610351562,31.649999618530273,31.360000610351562,31.424999237060547,2100,0.0,0.0,0.0
2023-05-24 00:00:00-04:00,31.1299991607666,31.1299991607666,30.670000076293945,30.79199981689453,13500,0.0,0.0,0.0
2023-05-25 00:00:00-04:00,30.864999771118164,31.030000686645508,30.860000610351562,30.981000900268555,3800,0.0,0.0,0.0
2023-05-26 00:00:00-04:00,31.399999618530273,31.510000228881836,31.399999618530273,31.510000228881836,800,0.0,0.0,0.0
2023-05-30 00:00:00-04:00,31.780000686645508,31.940000534057617,31.459999084472656,31.549999237060547,13600,0.0,0.0,0.0
2023-05-31 00:00:00-04:00,31.450000762939453,31.450000762939453,31.16900062561035,31.197999954223633,1900,0.0,0.0,0.0
2023-06-01 00:00:00-04:00,31.350000381469727,31.733999252319336,31.350000381469727,31.584999084472656,4500,0.0,0.0,0.0
2023-06-02 00:00:00-04:00,31.950000762939453,32.02000045776367,31.899999618530273,31.989999771118164,5000,0.0,0.0,0.0
2023-06-05 00:00:00-04:00,32.02000045776367,32.08000183105469,31.91200065612793,31.920000076293945,5000,0.0,0.0,0.0
2023-06-06 00:00:00-04:00,31.950000762939453,32.31999969482422,31.950000762939453,32.277000427246094,3500,0.0,0.0,0.0
2023-06-07 00:00:00-04:00,32.400001525878906,32.5989990234375,32.2599983215332,32.380001068115234,5900,0.0,0.0,0.0
2023-06-08 00:00:00-04:00,32.33000183105469,32.33000183105469,32.189998626708984,32.26900100708008,3800,0.0,0.0,0.0
2023-06-09 00:00:00-04:00,32.470001220703125,32.470001220703125,32.12699890136719,32.12699890136719,7700,0.0,0.0,0.0
2023-06-12 00:00:00-04:00,32.529998779296875,32.58000183105469,32.474998474121094,32.58000183105469,4100,0.0,0.0,0.0
2023-06-13 00:00:00-04:00,32.709999084472656,33.16999816894531,32.709999084472656,33.150001525878906,19000,0.0,0.0,0.0
2023-06-14 00:00:00-04:00,33.16999816894531,33.16999816894531,32.56999969482422,32.73099899291992,1300,0.0,0.0,0.0
2023-06-15 00:00:00-04:00,32.904998779296875,33.099998474121094,32.904998779296875,33.016998291015625,5000,0.0,0.0,0.0
2023-06-16 00:00:00-04:00,32.81999969482422,32.81999969482422,32.58000183105469,32.625999450683594,6400,0.0,0.0,0.0
2023-06-20 00:00:00-04:00,32.41999816894531,32.41999816894531,32.14500045776367,32.19599914550781,5100,0.0,0.0,0.0
2023-06-21 00:00:00-04:00,31.739999771118164,31.889999389648438,31.65999984741211,31.68199920654297,12000,0.0,0.0,0.0
2023-06-22 00:00:00-04:00,31.6200008392334,31.739999771118164,31.459999084472656,31.684999465942383,2700,0.0,0.0,0.0
2023-06-23 00:00:00-04:00,31.100000381469727,31.100000381469727,30.899999618530273,30.9950008392334,3300,0.0,0.0,0.0
2023-06-26 00:00:00-04:00,31.256000518798828,31.260000228881836,31.05299949645996,31.05299949645996,9800,0.0,0.0,0.0
2023-06-27 00:00:00-04:00,31.209999084472656,31.829999923706055,31.209999084472656,31.6299991607666,5200,0.0,0.0,0.0
2023-06-28 00:00:00-04:00,31.540000915527344,31.920000076293945,31.540000915527344,31.75,10400,0.0,0.0,0.0
2023-06-29 00:00:00-04:00,31.799999237060547,32.02000045776367,31.799999237060547,31.957000732421875,4000,0.0,0.0,0.0
2023-06-30 00:00:00-04:00,32.39500045776367,32.54999923706055,32.39500045776367,32.40700149536133,2600,0.0,0.0,0.0
2023-07-03 00:00:00-04:00,32.55500030517578,32.55500030517578,32.52000045776367,32.52000045776367,600,0.0,0.0,0.0
2023-07-05 00:00:00-04:00,32.40999984741211,32.58000183105469,32.29100036621094,32.29100036621094,4500,0.0,0.0,0.0
2023-07-06 00:00:00-04:00,31.524999618530273,31.64900016784668,31.489999771118164,31.64900016784668,1000,0.0,0.0,0.0
2023-07-07 00:00:00-04:00,31.670000076293945,32.400001525878906,31.670000076293945,32.00699996948242,1400,0.0,0.0,0.0
2023-07-10 00:00:00-04:00,31.739999771118164,32.720001220703125,31.739999771118164,32.590999603271484,8600,0.0,0.0,0.0
2023-07-11 00:00:00-04:00,32.599998474121094,32.827999114990234,32.529998779296875,32.827999114990234,8000,0.0,0.0,0.0
2023-07-12 00:00:00-04:00,33.290000915527344,33.59000015258789,33.290000915527344,33.39400100708008,3800,0.0,0.0,0.0
2023-07-13 00:00:00-04:00,33.68000030517578,33.93899917602539,33.630001068115234,33.84199905395508,45100,0.0,0.0,0.0
2023-07-14 00:00:00-04:00,33.4640007019043,33.4640007019043,33.36000061035156,33.3650016784668,1700,0.0,0.0,0.0
2023-07-17 00:00:00-04:00,33.25,33.970001220703125,33.25,33.875999450683594,1300,0.0,0.0,0.0
2023-07-18 00:00:00-04:00,33.779998779296875,34.029998779296875,33.709999084472656,33.94900131225586,7400,0.0,0.0,0.0
2023-07-19 00:00:00-04:00,34.150001525878906,34.34000015258789,33.970001220703125,34.11199951171875,11300,0.0,0.0,0.0
2023-07-20 00:00:00-04:00,33.790000915527344,33.970001220703125,33.16999816894531,33.16999816894531,4200,0.0,0.0,0.0
2023-07-21 00:00:00-04:00,33.5099983215332,33.560001373291016,33.220001220703125,33.4119987487793,7100,0.0,0.0,0.0
2023-07-24 00:00:00-04:00,33.38100051879883,33.457000732421875,33.38100051879883,33.457000732421875,600,0.0,0.0,0.0
2023-07-25 00:00:00-04:00,33.650001525878906,33.650001525878906,33.492000579833984,33.492000579833984,2000,0.0,0.0,0.0
2023-07-26 00:00:00-04:00,33.20000076293945,33.62099838256836,33.20000076293945,33.62099838256836,4000,0.0,0.0,0.0
2023-07-27 00:00:00-04:00,33.970001220703125,33.97999954223633,33.27799987792969,33.27799987792969,2000,0.0,0.0,0.0
2023-07-28 00:00:00-04:00,33.75,34.02899932861328,33.459999084472656,34.00699996948242,7300,0.0,0.0,0.0
2023-07-31 00:00:00-04:00,34.029998779296875,34.099998474121094,34.0260009765625,34.0260009765625,3100,0.0,0.0,0.0
