Date,Open,High,Low,Close,Volume,Dividends,Stock Splits
2022-09-21 00:00:00-04:00,34.25,36.650001525878906,25.0,27.940000534057617,27200,0.0,0.0
2022-09-22 00:00:00-04:00,30.0,37.06999969482422,24.020000457763672,27.549999237060547,398600,0.0,0.0
2022-09-23 00:00:00-04:00,26.799999237060547,27.690000534057617,24.1200008392334,26.507999420166016,53000,0.0,0.0
2022-09-26 00:00:00-04:00,25.719999313354492,26.5,24.510000228881836,25.989999771118164,33100,0.0,0.0
2022-09-27 00:00:00-04:00,24.610000610351562,26.0,24.610000610351562,24.8700008392334,30800,0.0,0.0
2022-09-28 00:00:00-04:00,25.0,25.836999893188477,23.399999618530273,25.450000762939453,41100,0.0,0.0
2022-09-29 00:00:00-04:00,23.959999084472656,26.350000381469727,22.600000381469727,23.8799991607666,119900,0.0,0.0
2022-09-30 00:00:00-04:00,23.57200050354004,23.937000274658203,23.5,23.649999618530273,9000,0.0,0.0
2022-10-03 00:00:00-04:00,23.649999618530273,23.65999984741211,22.84000015258789,23.020000457763672,12500,0.0,0.0
2022-10-04 00:00:00-04:00,22.700000762939453,24.5,22.700000762939453,23.100000381469727,21800,0.0,0.0
2022-10-05 00:00:00-04:00,22.489999771118164,23.100000381469727,22.399999618530273,23.020000457763672,6400,0.0,0.0
2022-10-06 00:00:00-04:00,22.540000915527344,22.540000915527344,22.540000915527344,22.540000915527344,8300,0.0,0.0
2022-10-07 00:00:00-04:00,21.799999237060547,24.600000381469727,21.700000762939453,24.100000381469727,32400,0.0,0.0
2022-10-10 00:00:00-04:00,23.0,24.09000015258789,23.0,23.010000228881836,18400,0.0,0.0
2022-10-11 00:00:00-04:00,23.149999618530273,23.920000076293945,22.389999389648438,23.235000610351562,26100,0.0,0.0
2022-10-12 00:00:00-04:00,23.239999771118164,25.5,22.489999771118164,23.020000457763672,12500,0.0,0.0
2022-10-13 00:00:00-04:00,23.950000762939453,24.59000015258789,22.969999313354492,23.149999618530273,14400,0.0,0.0
2022-10-14 00:00:00-04:00,22.5,24.399999618530273,22.5,24.399999618530273,1600,0.0,0.0
2022-10-17 00:00:00-04:00,23.940000534057617,27.799999237060547,23.299999237060547,24.700000762939453,66500,0.0,0.0
2022-10-18 00:00:00-04:00,25.600000381469727,26.0,25.110000610351562,25.309999465942383,15700,0.0,0.0
2022-10-19 00:00:00-04:00,24.489999771118164,25.280000686645508,23.5,24.459999084472656,37900,0.0,0.0
2022-10-20 00:00:00-04:00,24.113000869750977,25.594999313354492,22.704999923706055,24.559999465942383,7900,0.0,0.0
2022-10-21 00:00:00-04:00,24.559999465942383,24.559999465942383,24.559999465942383,24.559999465942383,0,0.0,0.0
2022-10-24 00:00:00-04:00,24.559999465942383,24.559999465942383,24.559999465942383,24.559999465942383,2000,0.0,0.0
2022-10-25 00:00:00-04:00,24.809999465942383,24.809999465942383,23.5,23.5,1100,0.0,0.0
2022-10-26 00:00:00-04:00,24.610000610351562,25.09000015258789,24.610000610351562,24.709999084472656,2600,0.0,0.0
2022-10-27 00:00:00-04:00,24.709999084472656,24.709999084472656,24.709999084472656,24.709999084472656,300,0.0,0.0
2022-10-28 00:00:00-04:00,24.100000381469727,29.139999389648438,24.100000381469727,26.209999084472656,45400,0.0,0.0
2022-10-31 00:00:00-04:00,25.040000915527344,25.18000030517578,24.149999618530273,24.149999618530273,15700,0.0,0.0
2022-11-01 00:00:00-04:00,25.0,25.489999771118164,24.5,25.239999771118164,9700,0.0,0.0
2022-11-02 00:00:00-04:00,24.584999084472656,24.584999084472656,24.584999084472656,24.584999084472656,2800,0.0,0.0
2022-11-03 00:00:00-04:00,23.899999618530273,24.700000762939453,23.575000762939453,23.799999237060547,3000,0.0,0.0
2022-11-04 00:00:00-04:00,23.764999389648438,24.0,23.030000686645508,24.0,1300,0.0,0.0
2022-11-07 00:00:00-05:00,24.100000381469727,24.75,24.049999237060547,24.200000762939453,13000,0.0,0.0
2022-11-08 00:00:00-05:00,24.200000762939453,24.200000762939453,24.200000762939453,24.200000762939453,400,0.0,0.0
2022-11-09 00:00:00-05:00,22.860000610351562,24.15999984741211,22.549999237060547,23.350000381469727,2700,0.0,0.0
2022-11-10 00:00:00-05:00,23.350000381469727,23.350000381469727,23.350000381469727,23.350000381469727,500,0.0,0.0
2022-11-11 00:00:00-05:00,24.200000762939453,24.200000762939453,24.200000762939453,24.200000762939453,1000,0.0,0.0
2022-11-14 00:00:00-05:00,24.200000762939453,24.200000762939453,24.200000762939453,24.200000762939453,100,0.0,0.0
2022-11-15 00:00:00-05:00,25.21500015258789,25.899999618530273,23.899999618530273,24.899999618530273,2600,0.0,0.0
2022-11-16 00:00:00-05:00,25.139999389648438,25.139999389648438,23.559999465942383,23.600000381469727,6600,0.0,0.0
2022-11-17 00:00:00-05:00,23.600000381469727,23.600000381469727,23.600000381469727,23.600000381469727,2100,0.0,0.0
2022-11-18 00:00:00-05:00,20.299999237060547,21.18400001525879,19.649999618530273,20.969999313354492,1300,0.0,0.0
2022-11-21 00:00:00-05:00,21.040000915527344,21.888999938964844,21.0,21.888999938964844,1100,0.0,0.0
2022-11-22 00:00:00-05:00,20.65999984741211,20.65999984741211,20.079999923706055,20.079999923706055,400,0.0,0.0
2022-11-23 00:00:00-05:00,19.34000015258789,19.34000015258789,19.049999237060547,19.049999237060547,1100,0.0,0.0
2022-11-25 00:00:00-05:00,19.510000228881836,19.719999313354492,19.510000228881836,19.719999313354492,400,0.0,0.0
2022-11-28 00:00:00-05:00,19.309999465942383,19.309999465942383,19.309999465942383,19.309999465942383,700,0.0,0.0
2022-11-29 00:00:00-05:00,19.6299991607666,19.96500015258789,19.6299991607666,19.96500015258789,2100,0.0,0.0
2022-11-30 00:00:00-05:00,19.190000534057617,19.649999618530273,19.190000534057617,19.600000381469727,3200,0.0,0.0
2022-12-01 00:00:00-05:00,21.850000381469727,21.850000381469727,20.600000381469727,21.809999465942383,3200,0.0,0.0
2022-12-02 00:00:00-05:00,21.03700065612793,21.06999969482422,20.899999618530273,21.040000915527344,800,0.0,0.0
2022-12-05 00:00:00-05:00,18.850000381469727,18.868000030517578,18.850000381469727,18.868000030517578,2100,0.0,0.0
2022-12-06 00:00:00-05:00,18.70400047302246,18.70400047302246,18.08799934387207,18.08799934387207,3500,0.0,0.0
2022-12-07 00:00:00-05:00,18.549999237060547,18.600000381469727,18.459999084472656,18.469999313354492,1400,0.0,0.0
2022-12-08 00:00:00-05:00,18.790000915527344,18.790000915527344,18.790000915527344,18.790000915527344,1200,0.0,0.0
2022-12-09 00:00:00-05:00,18.790000915527344,18.790000915527344,18.790000915527344,18.790000915527344,0,0.0,0.0
2022-12-12 00:00:00-05:00,18.790000915527344,18.790000915527344,18.790000915527344,18.790000915527344,0,0.0,0.0
2022-12-13 00:00:00-05:00,19.770000457763672,20.3799991607666,19.770000457763672,20.3799991607666,1400,0.0,0.0
2022-12-14 00:00:00-05:00,20.299999237060547,21.0,20.299999237060547,21.0,800,0.0,0.0
2022-12-15 00:00:00-05:00,21.0,21.0,21.0,21.0,200,0.0,0.0
2022-12-16 00:00:00-05:00,19.700000762939453,19.700000762939453,19.700000762939453,19.700000762939453,200,0.0,0.0
2022-12-19 00:00:00-05:00,19.700000762939453,19.700000762939453,19.700000762939453,19.700000762939453,400,0.0,0.0
2022-12-20 00:00:00-05:00,19.700000762939453,19.700000762939453,19.700000762939453,19.700000762939453,300,0.0,0.0
2022-12-21 00:00:00-05:00,19.700000762939453,19.700000762939453,19.700000762939453,19.700000762939453,1400,0.0,0.0
2022-12-22 00:00:00-05:00,19.700000762939453,19.700000762939453,19.700000762939453,19.700000762939453,500,0.0,0.0
2022-12-23 00:00:00-05:00,19.700000762939453,19.700000762939453,19.700000762939453,19.700000762939453,0,0.0,0.0
2022-12-27 00:00:00-05:00,19.700000762939453,19.700000762939453,19.700000762939453,19.700000762939453,0,0.0,0.0
2022-12-28 00:00:00-05:00,19.700000762939453,19.700000762939453,19.700000762939453,19.700000762939453,300,0.0,0.0
2022-12-29 00:00:00-05:00,19.700000762939453,19.700000762939453,19.700000762939453,19.700000762939453,0,0.0,0.0
2022-12-30 00:00:00-05:00,19.700000762939453,19.700000762939453,19.700000762939453,19.700000762939453,100,0.0,0.0
2023-01-03 00:00:00-05:00,18.6299991607666,19.409000396728516,17.59000015258789,19.409000396728516,3100,0.0,0.0
2023-01-04 00:00:00-05:00,19.31999969482422,19.31999969482422,19.200000762939453,19.200000762939453,900,0.0,0.0
2023-01-05 00:00:00-05:00,19.200000762939453,19.200000762939453,19.200000762939453,19.200000762939453,0,0.0,0.0
2023-01-06 00:00:00-05:00,18.899999618530273,18.899999618530273,18.899999618530273,18.899999618530273,300,0.0,0.0
2023-01-09 00:00:00-05:00,18.899999618530273,18.899999618530273,18.899999618530273,18.899999618530273,1000,0.0,0.0
2023-01-10 00:00:00-05:00,20.350000381469727,20.350000381469727,19.540000915527344,19.540000915527344,400,0.0,0.0
2023-01-11 00:00:00-05:00,19.540000915527344,19.540000915527344,19.540000915527344,19.540000915527344,0,0.0,0.0
2023-01-12 00:00:00-05:00,20.68000030517578,20.68000030517578,20.68000030517578,20.68000030517578,300,0.0,0.0
2023-01-13 00:00:00-05:00,20.0,20.0,19.799999237060547,20.0,1500,0.0,0.0
2023-01-17 00:00:00-05:00,20.0,20.0,20.0,20.0,0,0.0,0.0
2023-01-18 00:00:00-05:00,22.299999237060547,23.100000381469727,21.100000381469727,23.100000381469727,2000,0.0,0.0
2023-01-19 00:00:00-05:00,22.3799991607666,23.049999237060547,21.239999771118164,21.239999771118164,1500,0.0,0.0
2023-01-20 00:00:00-05:00,21.270000457763672,21.270000457763672,21.270000457763672,21.270000457763672,300,0.0,0.0
2023-01-23 00:00:00-05:00,22.780000686645508,23.59000015258789,22.68000030517578,23.59000015258789,1000,0.0,0.0
2023-01-24 00:00:00-05:00,23.59000015258789,23.59000015258789,23.59000015258789,23.59000015258789,0,0.0,0.0
2023-01-25 00:00:00-05:00,22.31999969482422,22.31999969482422,22.31999969482422,22.31999969482422,100,0.0,0.0
2023-01-26 00:00:00-05:00,22.31999969482422,22.31999969482422,22.31999969482422,22.31999969482422,0,0.0,0.0
2023-01-27 00:00:00-05:00,21.770000457763672,21.770000457763672,21.770000457763672,21.770000457763672,200,0.0,0.0
2023-01-30 00:00:00-05:00,20.350000381469727,22.009000778198242,20.350000381469727,21.024999618530273,1400,0.0,0.0
2023-01-31 00:00:00-05:00,21.024999618530273,21.024999618530273,21.024999618530273,21.024999618530273,500,0.0,0.0
2023-02-01 00:00:00-05:00,21.024999618530273,21.024999618530273,21.024999618530273,21.024999618530273,0,0.0,0.0
2023-02-02 00:00:00-05:00,21.024999618530273,21.024999618530273,21.024999618530273,21.024999618530273,0,0.0,0.0
2023-02-03 00:00:00-05:00,21.31399917602539,23.520000457763672,21.010000228881836,22.827999114990234,1000,0.0,0.0
2023-02-06 00:00:00-05:00,22.827999114990234,22.827999114990234,22.827999114990234,22.827999114990234,600,0.0,0.0
2023-02-07 00:00:00-05:00,22.827999114990234,22.827999114990234,22.827999114990234,22.827999114990234,400,0.0,0.0
2023-02-08 00:00:00-05:00,19.559999465942383,20.0,19.559999465942383,20.0,1700,0.0,0.0
2023-02-09 00:00:00-05:00,19.290000915527344,19.290000915527344,19.290000915527344,19.290000915527344,800,0.0,0.0
2023-02-10 00:00:00-05:00,19.290000915527344,19.290000915527344,19.290000915527344,19.290000915527344,0,0.0,0.0
2023-02-13 00:00:00-05:00,19.209999084472656,19.209999084472656,19.209999084472656,19.209999084472656,300,0.0,0.0
2023-02-14 00:00:00-05:00,19.389999389648438,19.610000610351562,19.389999389648438,19.610000610351562,900,0.0,0.0
2023-02-15 00:00:00-05:00,20.0,20.0,19.989999771118164,20.0,900,0.0,0.0
2023-02-16 00:00:00-05:00,20.0,20.0,20.0,20.0,300,0.0,0.0
2023-02-17 00:00:00-05:00,20.0,20.0,20.0,20.0,0,0.0,0.0
2023-02-21 00:00:00-05:00,19.639999389648438,19.639999389648438,19.639999389648438,19.639999389648438,500,0.0,0.0
2023-02-22 00:00:00-05:00,19.25,19.25,19.25,19.25,600,0.0,0.0
2023-02-23 00:00:00-05:00,18.860000610351562,18.860000610351562,18.860000610351562,18.860000610351562,1300,0.0,0.0
2023-02-24 00:00:00-05:00,18.860000610351562,18.899999618530273,18.850000381469727,18.899999618530273,3100,0.0,0.0
2023-02-27 00:00:00-05:00,17.899999618530273,18.399999618530273,17.899999618530273,18.399999618530273,700,0.0,0.0
2023-02-28 00:00:00-05:00,18.399999618530273,18.399999618530273,18.399999618530273,18.399999618530273,600,0.0,0.0
2023-03-01 00:00:00-05:00,18.510000228881836,19.610000610351562,18.510000228881836,18.600000381469727,2800,0.0,0.0
2023-03-02 00:00:00-05:00,18.31999969482422,18.31999969482422,18.299999237060547,18.309999465942383,1800,0.0,0.0
2023-03-03 00:00:00-05:00,18.309999465942383,18.309999465942383,18.309999465942383,18.309999465942383,0,0.0,0.0
2023-03-06 00:00:00-05:00,18.309999465942383,18.309999465942383,18.309999465942383,18.309999465942383,0,0.0,0.0
2023-03-07 00:00:00-05:00,19.239999771118164,19.239999771118164,19.239999771118164,19.239999771118164,200,0.0,0.0
2023-03-08 00:00:00-05:00,19.239999771118164,19.239999771118164,19.239999771118164,19.239999771118164,300,0.0,0.0
2023-03-09 00:00:00-05:00,19.239999771118164,19.239999771118164,19.239999771118164,19.239999771118164,100,0.0,0.0
2023-03-10 00:00:00-05:00,18.898000717163086,18.898000717163086,17.719999313354492,17.850000381469727,2000,0.0,0.0
2023-03-13 00:00:00-04:00,17.700000762939453,17.700000762939453,17.700000762939453,17.700000762939453,1000,0.0,0.0
2023-03-14 00:00:00-04:00,16.600000381469727,18.1200008392334,16.600000381469727,18.059999465942383,7800,0.0,0.0
2023-03-15 00:00:00-04:00,18.059999465942383,18.059999465942383,18.059999465942383,18.059999465942383,200,0.0,0.0
2023-03-16 00:00:00-04:00,18.059999465942383,18.059999465942383,18.059999465942383,18.059999465942383,0,0.0,0.0
2023-03-17 00:00:00-04:00,19.030000686645508,19.030000686645508,17.5,17.5,600,0.0,0.0
2023-03-20 00:00:00-04:00,17.280000686645508,17.280000686645508,17.280000686645508,17.280000686645508,900,0.0,0.0
2023-03-21 00:00:00-04:00,17.5,17.5,17.5,17.5,400,0.0,0.0
2023-03-22 00:00:00-04:00,17.5,17.5,17.5,17.5,600,0.0,0.0
2023-03-23 00:00:00-04:00,17.5,17.5,17.5,17.5,400,0.0,0.0
2023-03-24 00:00:00-04:00,18.219999313354492,18.219999313354492,18.219999313354492,18.219999313354492,300,0.0,0.0
2023-03-27 00:00:00-04:00,18.219999313354492,18.219999313354492,18.219999313354492,18.219999313354492,0,0.0,0.0
2023-03-28 00:00:00-04:00,18.219999313354492,18.219999313354492,18.219999313354492,18.219999313354492,0,0.0,0.0
2023-03-29 00:00:00-04:00,17.110000610351562,17.110000610351562,17.110000610351562,17.110000610351562,300,0.0,0.0
2023-03-30 00:00:00-04:00,17.110000610351562,17.110000610351562,17.110000610351562,17.110000610351562,0,0.0,0.0
2023-03-31 00:00:00-04:00,17.250999450683594,17.250999450683594,17.250999450683594,17.250999450683594,300,0.0,0.0
2023-04-03 00:00:00-04:00,17.250999450683594,17.250999450683594,17.250999450683594,17.250999450683594,0,0.0,0.0
2023-04-04 00:00:00-04:00,17.61400032043457,17.61400032043457,17.61400032043457,17.61400032043457,700,0.0,0.0
2023-04-05 00:00:00-04:00,17.61400032043457,17.61400032043457,17.61400032043457,17.61400032043457,0,0.0,0.0
2023-04-06 00:00:00-04:00,17.61400032043457,17.61400032043457,17.61400032043457,17.61400032043457,0,0.0,0.0
2023-04-10 00:00:00-04:00,17.61400032043457,17.61400032043457,17.61400032043457,17.61400032043457,0,0.0,0.0
2023-04-11 00:00:00-04:00,17.059999465942383,17.059999465942383,17.059999465942383,17.059999465942383,300,0.0,0.0
2023-04-12 00:00:00-04:00,17.059999465942383,17.059999465942383,17.059999465942383,17.059999465942383,0,0.0,0.0
2023-04-13 00:00:00-04:00,17.059999465942383,17.059999465942383,17.059999465942383,17.059999465942383,0,0.0,0.0
2023-04-14 00:00:00-04:00,17.059999465942383,17.059999465942383,17.059999465942383,17.059999465942383,0,0.0,0.0
2023-04-17 00:00:00-04:00,17.059999465942383,17.059999465942383,17.059999465942383,17.059999465942383,0,0.0,0.0
2023-04-18 00:00:00-04:00,17.600000381469727,18.1200008392334,16.799999237060547,18.1200008392334,8300,0.0,0.0
2023-04-19 00:00:00-04:00,16.90999984741211,16.90999984741211,16.90999984741211,16.90999984741211,1600,0.0,0.0
2023-04-20 00:00:00-04:00,17.062000274658203,17.062000274658203,17.062000274658203,17.062000274658203,600,0.0,0.0
2023-04-21 00:00:00-04:00,17.385000228881836,17.389999389648438,16.559999465942383,16.559999465942383,4500,0.0,0.0
2023-04-24 00:00:00-04:00,16.559999465942383,16.559999465942383,16.559999465942383,16.559999465942383,300,0.0,0.0
2023-04-25 00:00:00-04:00,16.719999313354492,16.719999313354492,16.719999313354492,16.719999313354492,100,0.0,0.0
2023-04-26 00:00:00-04:00,16.719999313354492,16.719999313354492,16.719999313354492,16.719999313354492,0,0.0,0.0
2023-04-27 00:00:00-04:00,16.719999313354492,16.719999313354492,16.719999313354492,16.719999313354492,0,0.0,0.0
2023-04-28 00:00:00-04:00,16.719999313354492,16.719999313354492,16.719999313354492,16.719999313354492,0,0.0,0.0
2023-05-01 00:00:00-04:00,16.719999313354492,16.719999313354492,16.719999313354492,16.719999313354492,0,0.0,0.0
2023-05-02 00:00:00-04:00,17.399999618530273,17.399999618530273,16.3799991607666,16.3799991607666,600,0.0,0.0
2023-05-03 00:00:00-04:00,16.3799991607666,16.3799991607666,16.3799991607666,16.3799991607666,100,0.0,0.0
2023-05-04 00:00:00-04:00,16.3799991607666,16.3799991607666,16.3799991607666,16.3799991607666,0,0.0,0.0
2023-05-05 00:00:00-04:00,17.309999465942383,17.309999465942383,17.309999465942383,17.309999465942383,200,0.0,0.0
2023-05-08 00:00:00-04:00,17.309999465942383,17.309999465942383,17.309999465942383,17.309999465942383,0,0.0,0.0
2023-05-09 00:00:00-04:00,17.309999465942383,17.309999465942383,17.309999465942383,17.309999465942383,300,0.0,0.0
2023-05-10 00:00:00-04:00,17.309999465942383,17.309999465942383,17.309999465942383,17.309999465942383,300,0.0,0.0
2023-05-11 00:00:00-04:00,17.309999465942383,17.309999465942383,17.309999465942383,17.309999465942383,0,0.0,0.0
2023-05-12 00:00:00-04:00,17.309999465942383,17.309999465942383,17.309999465942383,17.309999465942383,0,0.0,0.0
2023-05-15 00:00:00-04:00,18.520000457763672,18.520000457763672,18.520000457763672,18.520000457763672,400,0.0,0.0
2023-05-16 00:00:00-04:00,18.579999923706055,18.579999923706055,18.579999923706055,18.579999923706055,300,0.0,0.0
2023-05-17 00:00:00-04:00,18.579999923706055,18.579999923706055,18.579999923706055,18.579999923706055,0,0.0,0.0
2023-05-18 00:00:00-04:00,18.579999923706055,18.579999923706055,18.579999923706055,18.579999923706055,0,0.0,0.0
2023-05-19 00:00:00-04:00,18.579999923706055,18.579999923706055,18.579999923706055,18.579999923706055,100,0.0,0.0
2023-05-22 00:00:00-04:00,18.760000228881836,18.760000228881836,18.760000228881836,18.760000228881836,200,0.0,0.0
2023-05-23 00:00:00-04:00,18.610000610351562,19.290000915527344,18.610000610351562,19.290000915527344,200,0.0,0.0
2023-05-24 00:00:00-04:00,19.290000915527344,19.290000915527344,19.290000915527344,19.290000915527344,500,0.0,0.0
2023-05-25 00:00:00-04:00,18.489999771118164,18.489999771118164,18.489999771118164,18.489999771118164,100,0.0,0.0
2023-05-26 00:00:00-04:00,18.489999771118164,18.489999771118164,18.489999771118164,18.489999771118164,0,0.0,0.0
2023-05-30 00:00:00-04:00,17.690000534057617,19.459999084472656,17.540000915527344,18.399999618530273,4600,0.0,0.0
2023-05-31 00:00:00-04:00,17.950000762939453,18.290000915527344,17.950000762939453,18.09000015258789,4000,0.0,0.0
2023-06-01 00:00:00-04:00,17.56999969482422,18.5,17.56999969482422,18.399999618530273,2800,0.0,0.0
2023-06-02 00:00:00-04:00,18.790000915527344,18.950000762939453,18.6299991607666,18.6299991607666,1000,0.0,0.0
2023-06-05 00:00:00-04:00,17.517000198364258,17.899999618530273,17.517000198364258,17.850000381469727,8300,0.0,0.0
2023-06-06 00:00:00-04:00,17.639999389648438,17.639999389648438,17.639999389648438,17.639999389648438,800,0.0,0.0
2023-06-07 00:00:00-04:00,18.219999313354492,18.229999542236328,18.219999313354492,18.219999313354492,1900,0.0,0.0
2023-06-08 00:00:00-04:00,18.950000762939453,18.950000762939453,18.950000762939453,18.950000762939453,100,0.0,0.0
2023-06-09 00:00:00-04:00,18.959999084472656,18.959999084472656,18.959999084472656,18.959999084472656,300,0.0,0.0
2023-06-12 00:00:00-04:00,19.579999923706055,19.579999923706055,19.110000610351562,19.569000244140625,7200,0.0,0.0
2023-06-13 00:00:00-04:00,19.700000762939453,19.709999084472656,19.209999084472656,19.209999084472656,6300,0.0,0.0
2023-06-14 00:00:00-04:00,19.469999313354492,19.469999313354492,19.43000030517578,19.43000030517578,4200,0.0,0.0
2023-06-15 00:00:00-04:00,19.950000762939453,19.950000762939453,19.8799991607666,19.8799991607666,4000,0.0,0.0
2023-06-16 00:00:00-04:00,19.899999618530273,20.0,19.899999618530273,20.0,500,0.0,0.0
2023-06-20 00:00:00-04:00,20.0,20.0,20.0,20.0,0,0.0,0.0
2023-06-21 00:00:00-04:00,20.0,20.0,20.0,20.0,500,0.0,0.0
2023-06-22 00:00:00-04:00,20.0,20.0,20.0,20.0,0,0.0,0.0
2023-06-23 00:00:00-04:00,20.0,20.0,20.0,20.0,0,0.0,0.0
2023-06-26 00:00:00-04:00,19.34000015258789,19.34000015258789,19.34000015258789,19.34000015258789,400,0.0,0.0
2023-06-27 00:00:00-04:00,18.989999771118164,19.639999389648438,18.989999771118164,19.200000762939453,1400,0.0,0.0
2023-06-28 00:00:00-04:00,18.940000534057617,18.940000534057617,18.940000534057617,18.940000534057617,1300,0.0,0.0
2023-06-29 00:00:00-04:00,19.079999923706055,19.079999923706055,19.079999923706055,19.079999923706055,600,0.0,0.0
2023-06-30 00:00:00-04:00,19.079999923706055,19.079999923706055,19.079999923706055,19.079999923706055,0,0.0,0.0
2023-07-03 00:00:00-04:00,19.079999923706055,19.079999923706055,19.079999923706055,19.079999923706055,0,0.0,0.0
2023-07-05 00:00:00-04:00,19.079999923706055,19.079999923706055,19.079999923706055,19.079999923706055,0,0.0,0.0
2023-07-06 00:00:00-04:00,19.079999923706055,19.079999923706055,19.079999923706055,19.079999923706055,0,0.0,0.0
2023-07-07 00:00:00-04:00,20.850000381469727,20.850000381469727,20.850000381469727,20.850000381469727,400,0.0,0.0
2023-07-10 00:00:00-04:00,19.020000457763672,19.829999923706055,18.88599967956543,19.829999923706055,1400,0.0,0.0
2023-07-11 00:00:00-04:00,19.639999389648438,19.639999389648438,19.639999389648438,19.639999389648438,900,0.0,0.0
2023-07-12 00:00:00-04:00,19.639999389648438,19.639999389648438,19.639999389648438,19.639999389648438,0,0.0,0.0
2023-07-13 00:00:00-04:00,19.639999389648438,19.639999389648438,19.639999389648438,19.639999389648438,0,0.0,0.0
2023-07-14 00:00:00-04:00,19.639999389648438,19.639999389648438,19.639999389648438,19.639999389648438,100,0.0,0.0
2023-07-17 00:00:00-04:00,21.360000610351562,23.0,21.31999969482422,21.31999969482422,1900,0.0,0.0
2023-07-18 00:00:00-04:00,21.31999969482422,21.31999969482422,21.31999969482422,21.31999969482422,1100,0.0,0.0
2023-07-19 00:00:00-04:00,21.31999969482422,21.31999969482422,21.31999969482422,21.31999969482422,700,0.0,0.0
2023-07-20 00:00:00-04:00,22.540000915527344,22.540000915527344,22.540000915527344,22.540000915527344,2300,0.0,0.0
2023-07-21 00:00:00-04:00,22.059999465942383,22.059999465942383,22.059999465942383,22.059999465942383,200,0.0,0.0
2023-07-24 00:00:00-04:00,21.889999389648438,21.889999389648438,21.450000762939453,21.450000762939453,3000,0.0,0.0
2023-07-25 00:00:00-04:00,20.059999465942383,20.059999465942383,20.059999465942383,20.059999465942383,1400,0.0,0.0
2023-07-26 00:00:00-04:00,20.059999465942383,20.059999465942383,20.059999465942383,20.059999465942383,1200,0.0,0.0
2023-07-27 00:00:00-04:00,21.450000762939453,21.450000762939453,21.450000762939453,21.450000762939453,1500,0.0,0.0
2023-07-28 00:00:00-04:00,21.450000762939453,21.450000762939453,21.450000762939453,21.450000762939453,0,0.0,0.0
2023-07-31 00:00:00-04:00,21.450000762939453,21.450000762939453,21.450000762939453,21.450000762939453,0,0.0,0.0
