Date,Open,High,Low,Close,Volume,Dividends,Stock Splits
2022-08-26 00:00:00-04:00,3.3499999046325684,3.6600000858306885,2.1600000858306885,2.4000000953674316,5422400,0.0,0.0
2022-08-29 00:00:00-04:00,2.2200000286102295,2.5399999618530273,2.0899999141693115,2.200000047683716,1578900,0.0,0.0
2022-08-30 00:00:00-04:00,2.049999952316284,2.1050000190734863,1.7000000476837158,1.75,1035300,0.0,0.0
2022-08-31 00:00:00-04:00,1.8300000429153442,2.0299999713897705,1.75,1.8600000143051147,711400,0.0,0.0
2022-09-01 00:00:00-04:00,1.8600000143051147,1.899999976158142,1.600000023841858,1.7699999809265137,416500,0.0,0.0
2022-09-02 00:00:00-04:00,1.7999999523162842,1.940000057220459,1.659999966621399,1.7960000038146973,799300,0.0,0.0
2022-09-06 00:00:00-04:00,1.7300000190734863,1.7999999523162842,1.4900000095367432,1.5549999475479126,532900,0.0,0.0
2022-09-07 00:00:00-04:00,1.4800000190734863,1.600000023841858,1.4199999570846558,1.5700000524520874,401600,0.0,0.0
2022-09-08 00:00:00-04:00,1.5199999809265137,1.5889999866485596,1.4600000381469727,1.5199999809265137,128300,0.0,0.0
2022-09-09 00:00:00-04:00,1.5800000429153442,1.5800000429153442,1.4500000476837158,1.4700000286102295,194300,0.0,0.0
2022-09-12 00:00:00-04:00,1.4500000476837158,1.5399999618530273,1.3600000143051147,1.4800000190734863,267200,0.0,0.0
2022-09-13 00:00:00-04:00,1.409999966621399,1.4500000476837158,1.309999942779541,1.406999945640564,239100,0.0,0.0
2022-09-14 00:00:00-04:00,1.4589999914169312,1.5800000429153442,1.3600000143051147,1.3949999809265137,469500,0.0,0.0
2022-09-15 00:00:00-04:00,1.409999966621399,1.4700000286102295,1.3799999952316284,1.440000057220459,190900,0.0,0.0
2022-09-16 00:00:00-04:00,1.3600000143051147,1.440000057220459,1.340000033378601,1.3899999856948853,103900,0.0,0.0
2022-09-19 00:00:00-04:00,1.3899999856948853,1.3899999856948853,1.2599999904632568,1.3799999952316284,174200,0.0,0.0
2022-09-20 00:00:00-04:00,1.3799999952316284,1.4500000476837158,1.2599999904632568,1.2799999713897705,146400,0.0,0.0
2022-09-21 00:00:00-04:00,1.315000057220459,1.409999966621399,1.2100000381469727,1.2400000095367432,169100,0.0,0.0
2022-09-22 00:00:00-04:00,1.2100000381469727,1.25,1.1299999952316284,1.190000057220459,177900,0.0,0.0
2022-09-23 00:00:00-04:00,1.149999976158142,1.190000057220459,1.1299999952316284,1.1449999809265137,116200,0.0,0.0
2022-09-26 00:00:00-04:00,1.1299999952316284,1.1790000200271606,1.1100000143051147,1.1699999570846558,101400,0.0,0.0
2022-09-27 00:00:00-04:00,1.149999976158142,1.2000000476837158,1.1200000047683716,1.1399999856948853,80600,0.0,0.0
2022-09-28 00:00:00-04:00,1.1200000047683716,1.2100000381469727,1.1200000047683716,1.2000000476837158,29600,0.0,0.0
2022-09-29 00:00:00-04:00,1.1200000047683716,1.2960000038146973,1.1200000047683716,1.2000000476837158,104700,0.0,0.0
2022-09-30 00:00:00-04:00,1.1799999475479126,1.218000054359436,1.159999966621399,1.159999966621399,34600,0.0,0.0
2022-10-03 00:00:00-04:00,1.1990000009536743,1.225000023841858,1.1299999952316284,1.190000057220459,44100,0.0,0.0
2022-10-04 00:00:00-04:00,1.2000000476837158,1.2599999904632568,1.1699999570846558,1.2100000381469727,22500,0.0,0.0
2022-10-05 00:00:00-04:00,1.159999966621399,1.2400000095367432,1.159999966621399,1.2400000095367432,10600,0.0,0.0
2022-10-06 00:00:00-04:00,1.2100000381469727,1.2599999904632568,1.184999942779541,1.2400000095367432,48300,0.0,0.0
2022-10-07 00:00:00-04:00,1.25,1.4700000286102295,1.2200000286102295,1.274999976158142,345200,0.0,0.0
2022-10-10 00:00:00-04:00,1.2599999904632568,1.2599999904632568,1.2000000476837158,1.2100000381469727,74800,0.0,0.0
2022-10-11 00:00:00-04:00,1.190000057220459,1.2769999504089355,1.190000057220459,1.2400000095367432,36100,0.0,0.0
2022-10-12 00:00:00-04:00,1.2610000371932983,1.2610000371932983,1.1699999570846558,1.1699999570846558,49900,0.0,0.0
2022-10-13 00:00:00-04:00,1.190000057220459,1.225000023841858,1.0499999523162842,1.0800000429153442,113100,0.0,0.0
2022-10-14 00:00:00-04:00,1.090000033378601,1.1200000047683716,1.0609999895095825,1.0989999771118164,25800,0.0,0.0
2022-10-17 00:00:00-04:00,1.1100000143051147,1.25,1.059999942779541,1.1720000505447388,179100,0.0,0.0
2022-10-18 00:00:00-04:00,1.25,1.2799999713897705,1.1799999475479126,1.190000057220459,78000,0.0,0.0
2022-10-19 00:00:00-04:00,1.2400000095367432,1.2999999523162842,1.1200000047683716,1.1799999475479126,87000,0.0,0.0
2022-10-20 00:00:00-04:00,1.159999966621399,1.350000023841858,1.159999966621399,1.2699999809265137,261100,0.0,0.0
2022-10-21 00:00:00-04:00,1.2799999713897705,1.4700000286102295,1.2000000476837158,1.2400000095367432,305900,0.0,0.0
2022-10-24 00:00:00-04:00,1.2599999904632568,1.315000057220459,1.149999976158142,1.2899999618530273,173100,0.0,0.0
2022-10-25 00:00:00-04:00,1.190000057220459,1.2999999523162842,1.100000023841858,1.2999999523162842,83000,0.0,0.0
2022-10-26 00:00:00-04:00,1.2619999647140503,1.3300000429153442,1.2200000286102295,1.225000023841858,26600,0.0,0.0
2022-10-27 00:00:00-04:00,1.2599999904632568,1.2799999713897705,1.2000000476837158,1.25,69500,0.0,0.0
2022-10-28 00:00:00-04:00,1.309999942779541,1.309999942779541,1.2000000476837158,1.2000000476837158,16100,0.0,0.0
2022-10-31 00:00:00-04:00,1.2599999904632568,1.340000033378601,1.149999976158142,1.2200000286102295,80900,0.0,0.0
2022-11-01 00:00:00-04:00,1.2799999713897705,1.309999942779541,1.149999976158142,1.309999942779541,89100,0.0,0.0
2022-11-02 00:00:00-04:00,1.3799999952316284,1.3799999952316284,1.1799999475479126,1.190000057220459,31500,0.0,0.0
2022-11-03 00:00:00-04:00,1.2000000476837158,1.3899999856948853,1.190000057220459,1.340000033378601,173600,0.0,0.0
2022-11-04 00:00:00-04:00,1.3700000047683716,1.3700000047683716,1.2400000095367432,1.2899999618530273,64500,0.0,0.0
2022-11-07 00:00:00-05:00,1.3200000524520874,1.399999976158142,1.3020000457763672,1.399999976158142,79100,0.0,0.0
2022-11-08 00:00:00-05:00,1.399999976158142,1.440000057220459,1.3799999952316284,1.399999976158142,95200,0.0,0.0
2022-11-09 00:00:00-05:00,1.4299999475479126,1.4299999475479126,1.3300000429153442,1.3539999723434448,60800,0.0,0.0
2022-11-10 00:00:00-05:00,1.3899999856948853,1.4199999570846558,1.350000023841858,1.4199999570846558,60000,0.0,0.0
2022-11-11 00:00:00-05:00,1.409999966621399,1.4299999475479126,1.3600000143051147,1.3899999856948853,60100,0.0,0.0
2022-11-14 00:00:00-05:00,1.440000057220459,1.440000057220459,1.3899999856948853,1.409999966621399,28200,0.0,0.0
2022-11-15 00:00:00-05:00,1.409999966621399,1.409999966621399,1.25,1.25,95300,0.0,0.0
2022-11-16 00:00:00-05:00,1.340000033378601,1.340000033378601,1.2799999713897705,1.2799999713897705,29000,0.0,0.0
2022-11-17 00:00:00-05:00,1.2899999618530273,1.3200000524520874,1.2200000286102295,1.2300000190734863,52700,0.0,0.0
2022-11-18 00:00:00-05:00,1.2899999618530273,1.3329999446868896,1.2450000047683716,1.2899999618530273,24200,0.0,0.0
2022-11-21 00:00:00-05:00,1.2899999618530273,1.347000002861023,1.2599999904632568,1.309999942779541,17800,0.0,0.0
2022-11-22 00:00:00-05:00,1.2999999523162842,1.3600000143051147,1.2990000247955322,1.3600000143051147,7300,0.0,0.0
2022-11-23 00:00:00-05:00,1.4500000476837158,1.4500000476837158,1.2699999809265137,1.2899999618530273,48000,0.0,0.0
2022-11-25 00:00:00-05:00,1.399999976158142,1.399999976158142,1.309999942779541,1.3200000524520874,12200,0.0,0.0
2022-11-28 00:00:00-05:00,1.3650000095367432,1.3899999856948853,1.2999999523162842,1.340000033378601,47200,0.0,0.0
2022-11-29 00:00:00-05:00,1.4500000476837158,1.4500000476837158,1.2899999618530273,1.2999999523162842,33800,0.0,0.0
2022-11-30 00:00:00-05:00,1.315999984741211,1.3700000047683716,1.315999984741211,1.3700000047683716,8200,0.0,0.0
2022-12-01 00:00:00-05:00,1.3519999980926514,1.4199999570846558,1.3509999513626099,1.4199999570846558,27000,0.0,0.0
2022-12-02 00:00:00-05:00,1.4900000095367432,1.4900000095367432,1.4160000085830688,1.440000057220459,68100,0.0,0.0
2022-12-05 00:00:00-05:00,1.4800000190734863,1.5499999523162842,1.440000057220459,1.4600000381469727,35000,0.0,0.0
2022-12-06 00:00:00-05:00,1.5,1.5199999809265137,1.4199999570846558,1.440000057220459,27000,0.0,0.0
2022-12-07 00:00:00-05:00,1.5099999904632568,1.5099999904632568,1.440000057220459,1.4900000095367432,14100,0.0,0.0
2022-12-08 00:00:00-05:00,1.5199999809265137,1.5199999809265137,1.440999984741211,1.4700000286102295,27300,0.0,0.0
2022-12-09 00:00:00-05:00,1.5199999809265137,1.5199999809265137,1.4600000381469727,1.4800000190734863,17200,0.0,0.0
2022-12-12 00:00:00-05:00,1.5299999713897705,1.5299999713897705,1.4199999570846558,1.4199999570846558,30100,0.0,0.0
2022-12-13 00:00:00-05:00,1.4700000286102295,1.659999966621399,1.4700000286102295,1.6100000143051147,107500,0.0,0.0
2022-12-14 00:00:00-05:00,1.6699999570846558,1.7000000476837158,1.590000033378601,1.7000000476837158,52700,0.0,0.0
2022-12-15 00:00:00-05:00,1.6299999952316284,1.850000023841858,1.6299999952316284,1.7300000190734863,168400,0.0,0.0
2022-12-16 00:00:00-05:00,1.7999999523162842,1.940000057220459,1.590000033378601,1.590000033378601,326700,0.0,0.0
2022-12-19 00:00:00-05:00,1.5499999523162842,1.600000023841858,1.399999976158142,1.4199999570846558,71700,0.0,0.0
2022-12-20 00:00:00-05:00,1.399999976158142,1.6299999952316284,1.399999976158142,1.6100000143051147,54200,0.0,0.0
2022-12-21 00:00:00-05:00,1.6640000343322754,1.7599999904632568,1.5,1.5,56000,0.0,0.0
2022-12-22 00:00:00-05:00,1.5,1.7209999561309814,1.409999966621399,1.440000057220459,28100,0.0,0.0
2022-12-23 00:00:00-05:00,1.4600000381469727,1.5499999523162842,1.4600000381469727,1.5,19000,0.0,0.0
2022-12-27 00:00:00-05:00,1.440000057220459,1.6399999856948853,1.4199999570846558,1.590000033378601,34300,0.0,0.0
2022-12-28 00:00:00-05:00,1.5399999618530273,1.559999942779541,1.4299999475479126,1.5399999618530273,15300,0.0,0.0
2022-12-29 00:00:00-05:00,1.4800000190734863,1.6799999475479126,1.4800000190734863,1.600000023841858,28200,0.0,0.0
2022-12-30 00:00:00-05:00,1.6449999809265137,1.649999976158142,1.4299999475479126,1.5199999809265137,76800,0.0,0.0
2023-01-03 00:00:00-05:00,1.5800000429153442,1.6059999465942383,1.5700000524520874,1.600000023841858,14900,0.0,0.0
2023-01-04 00:00:00-05:00,1.5700000524520874,1.6729999780654907,1.5700000524520874,1.6469999551773071,16900,0.0,0.0
2023-01-05 00:00:00-05:00,1.6799999475479126,1.7350000143051147,1.5800000429153442,1.6200000047683716,26400,0.0,0.0
2023-01-06 00:00:00-05:00,1.7000000476837158,1.7300000190734863,1.6299999952316284,1.659999966621399,26300,0.0,0.0
2023-01-09 00:00:00-05:00,1.75,1.7999999523162842,1.7000000476837158,1.75,45100,0.0,0.0
2023-01-10 00:00:00-05:00,1.7999999523162842,1.875,1.7799999713897705,1.8200000524520874,53400,0.0,0.0
2023-01-11 00:00:00-05:00,1.8600000143051147,2.0399999618530273,1.850000023841858,2.0199999809265137,100300,0.0,0.0
2023-01-12 00:00:00-05:00,1.9769999980926514,2.049999952316284,1.899999976158142,2.0,46700,0.0,0.0
2023-01-13 00:00:00-05:00,2.009999990463257,2.069999933242798,1.899999976158142,1.9800000190734863,54400,0.0,0.0
2023-01-17 00:00:00-05:00,1.940000057220459,2.0799999237060547,1.909999966621399,1.9199999570846558,42700,0.0,0.0
2023-01-18 00:00:00-05:00,1.9900000095367432,2.109999895095825,1.850000023841858,1.850000023841858,57800,0.0,0.0
2023-01-19 00:00:00-05:00,1.850000023841858,1.9500000476837158,1.781000018119812,1.8600000143051147,25400,0.0,0.0
2023-01-20 00:00:00-05:00,1.9500000476837158,2.069999933242798,1.8899999856948853,1.899999976158142,28000,0.0,0.0
2023-01-23 00:00:00-05:00,2.0299999713897705,2.049999952316284,1.8300000429153442,1.8899999856948853,18900,0.0,0.0
2023-01-24 00:00:00-05:00,1.9199999570846558,1.9199999570846558,1.840000033378601,1.8700000047683716,13900,0.0,0.0
2023-01-25 00:00:00-05:00,1.9600000381469727,1.9600000381469727,1.850000023841858,1.899999976158142,9100,0.0,0.0
2023-01-26 00:00:00-05:00,1.899999976158142,2.0399999618530273,1.899999976158142,1.9500000476837158,34200,0.0,0.0
2023-01-27 00:00:00-05:00,1.899999976158142,2.006999969482422,1.8200000524520874,1.8700000047683716,22100,0.0,0.0
2023-01-30 00:00:00-05:00,1.9600000381469727,2.0,1.8799999952316284,1.9500000476837158,28700,0.0,0.0
2023-01-31 00:00:00-05:00,1.8899999856948853,2.0,1.8899999856948853,1.9800000190734863,14400,0.0,0.0
2023-02-01 00:00:00-05:00,1.9700000286102295,2.0399999618530273,1.9600000381469727,1.9700000286102295,34300,0.0,0.0
2023-02-02 00:00:00-05:00,1.9910000562667847,1.9910000562667847,1.9299999475479126,1.9800000190734863,42500,0.0,0.0
2023-02-03 00:00:00-05:00,1.9900000095367432,1.9900000095367432,1.8600000143051147,1.9299999475479126,13400,0.0,0.0
2023-02-06 00:00:00-05:00,2.0299999713897705,2.0299999713897705,1.8600000143051147,1.9249999523162842,12700,0.0,0.0
2023-02-07 00:00:00-05:00,1.850000023841858,1.940999984741211,1.850000023841858,1.9299999475479126,16200,0.0,0.0
2023-02-08 00:00:00-05:00,1.9500000476837158,1.9600000381469727,1.875,1.9600000381469727,13400,0.0,0.0
2023-02-09 00:00:00-05:00,1.937000036239624,1.9420000314712524,1.937000036239624,1.9420000314712524,2400,0.0,0.0
2023-02-10 00:00:00-05:00,1.8700000047683716,1.8700000047683716,1.850000023841858,1.8509999513626099,1400,0.0,0.0
2023-02-13 00:00:00-05:00,1.8940000534057617,1.909999966621399,1.8600000143051147,1.909999966621399,8200,0.0,0.0
2023-02-14 00:00:00-05:00,1.8700000047683716,1.8700000047683716,1.850000023841858,1.8600000143051147,11600,0.0,0.0
2023-02-15 00:00:00-05:00,1.8600000143051147,1.9199999570846558,1.8600000143051147,1.8899999856948853,11100,0.0,0.0
2023-02-16 00:00:00-05:00,1.8899999856948853,1.8899999856948853,1.8899999856948853,1.8899999856948853,3000,0.0,0.0
2023-02-17 00:00:00-05:00,1.8600000143051147,1.8869999647140503,1.8300000429153442,1.8559999465942383,14600,0.0,0.0
2023-02-21 00:00:00-05:00,1.8600000143051147,1.8849999904632568,1.8049999475479126,1.840000033378601,30500,0.0,0.0
2023-02-22 00:00:00-05:00,1.840000033378601,1.840000033378601,1.7999999523162842,1.7999999523162842,28100,0.0,0.0
2023-02-23 00:00:00-05:00,1.7899999618530273,1.7899999618530273,1.6100000143051147,1.649999976158142,47900,0.0,0.0
2023-02-24 00:00:00-05:00,1.7450000047683716,1.7699999809265137,1.6299999952316284,1.659999966621399,55200,0.0,0.0
2023-02-27 00:00:00-05:00,1.7000000476837158,1.75,1.5700000524520874,1.6100000143051147,10800,0.0,0.0
2023-02-28 00:00:00-05:00,1.6050000190734863,1.6050000190734863,1.5,1.5,34100,0.0,0.0
2023-03-01 00:00:00-05:00,1.4800000190734863,1.649999976158142,1.465999960899353,1.649999976158142,24700,0.0,0.0
2023-03-02 00:00:00-05:00,1.7300000190734863,1.7300000190734863,1.6799999475479126,1.7300000190734863,2700,0.0,0.0
2023-03-03 00:00:00-05:00,1.7999999523162842,1.7999999523162842,1.7100000381469727,1.7699999809265137,7500,0.0,0.0
2023-03-06 00:00:00-05:00,1.6799999475479126,1.7599999904632568,1.6799999475479126,1.7599999904632568,17600,0.0,0.0
2023-03-07 00:00:00-05:00,1.7699999809265137,1.809999942779541,1.75,1.809999942779541,4900,0.0,0.0
2023-03-08 00:00:00-05:00,1.659999966621399,1.7799999713897705,1.659999966621399,1.75,7300,0.0,0.0
2023-03-09 00:00:00-05:00,1.7599999904632568,1.7699999809265137,1.7200000286102295,1.7200000286102295,27800,0.0,0.0
2023-03-10 00:00:00-05:00,1.7200000286102295,1.7200000286102295,1.559999942779541,1.5700000524520874,12800,0.0,0.0
2023-03-13 00:00:00-04:00,1.5700000524520874,1.5700000524520874,1.4900000095367432,1.5499999523162842,26500,0.0,0.0
2023-03-14 00:00:00-04:00,1.5700000524520874,1.6200000047683716,1.562999963760376,1.5800000429153442,5100,0.0,0.0
2023-03-15 00:00:00-04:00,1.6269999742507935,1.6269999742507935,1.562999963760376,1.5700000524520874,7500,0.0,0.0
2023-03-16 00:00:00-04:00,1.5750000476837158,1.5750000476837158,1.4800000190734863,1.4800000190734863,6900,0.0,0.0
2023-03-17 00:00:00-04:00,1.559999942779541,1.5729999542236328,1.4600000381469727,1.559999942779541,5700,0.0,0.0
2023-03-20 00:00:00-04:00,1.5959999561309814,1.6059999465942383,1.559999942779541,1.559999942779541,2300,0.0,0.0
2023-03-21 00:00:00-04:00,1.5299999713897705,1.6100000143051147,1.5299999713897705,1.5800000429153442,2700,0.0,0.0
2023-03-22 00:00:00-04:00,1.5850000381469727,1.6069999933242798,1.5499999523162842,1.600000023841858,15800,0.0,0.0
2023-03-23 00:00:00-04:00,1.656000018119812,1.7000000476837158,1.600000023841858,1.649999976158142,6800,0.0,0.0
2023-03-24 00:00:00-04:00,1.6799999475479126,1.6990000009536743,1.6100000143051147,1.628000020980835,7800,0.0,0.0
2023-03-27 00:00:00-04:00,1.7000000476837158,1.7000000476837158,1.6299999952316284,1.680999994277954,15300,0.0,0.0
2023-03-28 00:00:00-04:00,1.7000000476837158,1.7949999570846558,1.690000057220459,1.7799999713897705,26000,0.0,0.0
2023-03-29 00:00:00-04:00,1.850000023841858,1.850000023841858,1.7000000476837158,1.7699999809265137,13500,0.0,0.0
2023-03-30 00:00:00-04:00,1.75,1.75,1.6239999532699585,1.6239999532699585,25000,0.0,0.0
2023-03-31 00:00:00-04:00,1.600000023841858,1.7599999904632568,1.5399999618530273,1.600000023841858,4500,0.0,0.0
2023-04-03 00:00:00-04:00,1.590000033378601,1.75,1.5399999618530273,1.5800000429153442,7000,0.0,0.0
2023-04-04 00:00:00-04:00,1.5720000267028809,1.600000023841858,1.5,1.5099999904632568,19300,0.0,0.0
2023-04-05 00:00:00-04:00,1.5099999904632568,1.5700000524520874,1.5099999904632568,1.5499999523162842,18400,0.0,0.0
2023-04-06 00:00:00-04:00,1.5199999809265137,1.5509999990463257,1.440000057220459,1.4600000381469727,9700,0.0,0.0
2023-04-10 00:00:00-04:00,1.5299999713897705,1.5499999523162842,1.440000057220459,1.4700000286102295,15600,0.0,0.0
2023-04-11 00:00:00-04:00,1.4900000095367432,1.534999966621399,1.440000057220459,1.4500000476837158,15700,0.0,0.0
2023-04-12 00:00:00-04:00,1.4700000286102295,1.5299999713897705,1.399999976158142,1.399999976158142,7000,0.0,0.0
2023-04-13 00:00:00-04:00,1.3899999856948853,1.4800000190734863,1.3899999856948853,1.409999966621399,13700,0.0,0.0
2023-04-14 00:00:00-04:00,1.4199999570846558,1.4700000286102295,1.350000023841858,1.350000023841858,51900,0.0,0.0
2023-04-17 00:00:00-04:00,1.4800000190734863,1.659999966621399,1.3300000429153442,1.3799999952316284,6000,0.0,0.0
2023-04-18 00:00:00-04:00,1.340000033378601,1.5290000438690186,1.340000033378601,1.3799999952316284,7600,0.0,0.0
2023-04-19 00:00:00-04:00,1.340000033378601,1.409999966621399,1.2999999523162842,1.340000033378601,9700,0.0,0.0
2023-04-20 00:00:00-04:00,1.3309999704360962,1.3309999704360962,1.3049999475479126,1.309999942779541,2700,0.0,0.0
2023-04-21 00:00:00-04:00,1.2999999523162842,1.3200000524520874,1.2999999523162842,1.3200000524520874,10700,0.0,0.0
2023-04-24 00:00:00-04:00,1.3009999990463257,1.3300000429153442,1.2999999523162842,1.315000057220459,10200,0.0,0.0
2023-04-25 00:00:00-04:00,1.3250000476837158,1.4900000095367432,1.2999999523162842,1.3300000429153442,23500,0.0,0.0
2023-04-26 00:00:00-04:00,1.350000023841858,1.350000023841858,1.2999999523162842,1.2999999523162842,4800,0.0,0.0
2023-04-27 00:00:00-04:00,1.2899999618530273,1.378999948501587,1.2799999713897705,1.2799999713897705,9400,0.0,0.0
2023-04-28 00:00:00-04:00,1.2970000505447388,1.319000005722046,1.2970000505447388,1.319000005722046,4000,0.0,0.0
2023-05-01 00:00:00-04:00,1.3899999856948853,1.4900000095367432,1.2999999523162842,1.2999999523162842,3300,0.0,0.0
2023-05-02 00:00:00-04:00,1.3200000524520874,1.3200000524520874,1.1799999475479126,1.2300000190734863,26200,0.0,0.0
2023-05-03 00:00:00-04:00,1.2400000095367432,1.2400000095367432,1.2000000476837158,1.2000000476837158,2400,0.0,0.0
2023-05-04 00:00:00-04:00,1.190000057220459,1.215000033378601,1.1200000047683716,1.1299999952316284,16500,0.0,0.0
2023-05-05 00:00:00-04:00,1.2000000476837158,1.2300000190734863,1.1399999856948853,1.1699999570846558,16400,0.0,0.0
2023-05-08 00:00:00-04:00,1.1799999475479126,1.1799999475479126,1.1399999856948853,1.1649999618530273,6900,0.0,0.0
2023-05-09 00:00:00-04:00,1.1540000438690186,1.1799999475479126,1.1399999856948853,1.1799999475479126,7800,0.0,0.0
2023-05-10 00:00:00-04:00,1.1799999475479126,1.1799999475479126,1.159999966621399,1.1799999475479126,7300,0.0,0.0
2023-05-11 00:00:00-04:00,1.1799999475479126,1.1799999475479126,1.149999976158142,1.1799999475479126,7200,0.0,0.0
2023-05-12 00:00:00-04:00,1.149999976158142,1.1649999618530273,1.1200000047683716,1.1299999952316284,13200,0.0,0.0
2023-05-15 00:00:00-04:00,1.1380000114440918,1.25,1.1380000114440918,1.25,23800,0.0,0.0
2023-05-16 00:00:00-04:00,1.2000000476837158,1.2000000476837158,1.1299999952316284,1.1540000438690186,11600,0.0,0.0
2023-05-17 00:00:00-04:00,1.1699999570846558,1.2100000381469727,1.149999976158142,1.1699999570846558,14400,0.0,0.0
2023-05-18 00:00:00-04:00,1.190000057220459,1.190000057220459,1.1299999952316284,1.1399999856948853,9300,0.0,0.0
2023-05-19 00:00:00-04:00,1.1740000247955322,1.190000057220459,1.1299999952316284,1.1299999952316284,8300,0.0,0.0
2023-05-22 00:00:00-04:00,1.1299999952316284,1.1510000228881836,1.100000023841858,1.1100000143051147,11800,0.0,0.0
2023-05-23 00:00:00-04:00,1.1200000047683716,1.25,1.1200000047683716,1.2000000476837158,104600,0.0,0.0
2023-05-24 00:00:00-04:00,1.2400000095367432,1.25,1.149999976158142,1.159999966621399,48900,0.0,0.0
2023-05-25 00:00:00-04:00,1.2100000381469727,1.2400000095367432,1.1699999570846558,1.1699999570846558,27100,0.0,0.0
2023-05-26 00:00:00-04:00,1.840000033378601,2.4000000953674316,1.340000033378601,1.399999976158142,73977800,0.0,0.0
2023-05-30 00:00:00-04:00,1.3300000429153442,1.3600000143051147,1.2100000381469727,1.2999999523162842,1188200,0.0,0.0
2023-05-31 00:00:00-04:00,1.2400000095367432,1.4700000286102295,1.2100000381469727,1.340000033378601,614500,0.0,0.0
2023-06-01 00:00:00-04:00,1.2999999523162842,1.340000033378601,1.25,1.2699999809265137,193700,0.0,0.0
2023-06-02 00:00:00-04:00,1.2999999523162842,1.3279999494552612,1.2200000286102295,1.25,141800,0.0,0.0
2023-06-05 00:00:00-04:00,1.2699999809265137,1.2699999809265137,1.1200000047683716,1.1200000047683716,139100,0.0,0.0
2023-06-06 00:00:00-04:00,1.149999976158142,1.2200000286102295,1.1200000047683716,1.159999966621399,114700,0.0,0.0
2023-06-07 00:00:00-04:00,1.1799999475479126,1.2000000476837158,1.1200000047683716,1.1200000047683716,67900,0.0,0.0
2023-06-08 00:00:00-04:00,1.350000023841858,1.350000023841858,1.1200000047683716,1.2100000381469727,5371100,0.0,0.0
2023-06-09 00:00:00-04:00,1.1799999475479126,1.2000000476837158,1.0800000429153442,1.1299999952316284,349500,0.0,0.0
2023-06-12 00:00:00-04:00,1.1299999952316284,1.2400000095367432,1.090999960899353,1.190000057220459,342200,0.0,0.0
2023-06-13 00:00:00-04:00,1.1699999570846558,1.2799999713897705,1.159999966621399,1.25,265800,0.0,0.0
2023-06-14 00:00:00-04:00,1.2799999713897705,1.2799999713897705,1.1699999570846558,1.1699999570846558,61800,0.0,0.0
2023-06-15 00:00:00-04:00,1.190000057220459,1.2000000476837158,1.149999976158142,1.190000057220459,47700,0.0,0.0
2023-06-16 00:00:00-04:00,1.2000000476837158,1.25,1.1610000133514404,1.25,88400,0.0,0.0
2023-06-20 00:00:00-04:00,1.2699999809265137,1.3259999752044678,1.190000057220459,1.2699999809265137,193900,0.0,0.0
2023-06-21 00:00:00-04:00,1.2599999904632568,1.2899999618530273,1.2300000190734863,1.2400000095367432,43100,0.0,0.0
2023-06-22 00:00:00-04:00,1.2400000095367432,1.2799999713897705,1.2300000190734863,1.2549999952316284,37800,0.0,0.0
2023-06-23 00:00:00-04:00,1.2200000286102295,1.2799999713897705,1.2200000286102295,1.2309999465942383,35700,0.0,0.0
2023-06-26 00:00:00-04:00,1.2300000190734863,1.25,1.2100000381469727,1.2200000286102295,35300,0.0,0.0
2023-06-27 00:00:00-04:00,1.2200000286102295,1.2400000095367432,1.190000057220459,1.2400000095367432,68100,0.0,0.0
2023-06-28 00:00:00-04:00,1.2000000476837158,1.2300000190734863,1.190000057220459,1.1950000524520874,43400,0.0,0.0
2023-06-29 00:00:00-04:00,1.2300000190734863,1.2400000095367432,1.2000000476837158,1.2300000190734863,31700,0.0,0.0
2023-06-30 00:00:00-04:00,1.2000000476837158,1.2300000190734863,1.190000057220459,1.2100000381469727,12400,0.0,0.0
2023-07-03 00:00:00-04:00,1.2000000476837158,1.2000000476837158,1.1299999952316284,1.1749999523162842,63300,0.0,0.0
2023-07-05 00:00:00-04:00,1.1699999570846558,1.1699999570846558,1.1299999952316284,1.149999976158142,34500,0.0,0.0
2023-07-06 00:00:00-04:00,1.149999976158142,1.159999966621399,1.1260000467300415,1.1299999952316284,36100,0.0,0.0
2023-07-07 00:00:00-04:00,1.1299999952316284,1.149999976158142,1.1200000047683716,1.1399999856948853,57500,0.0,0.0
2023-07-10 00:00:00-04:00,1.1399999856948853,1.159999966621399,1.1100000143051147,1.1100000143051147,105800,0.0,0.0
2023-07-11 00:00:00-04:00,1.1200000047683716,1.1740000247955322,1.0800000429153442,1.100000023841858,24100,0.0,0.0
2023-07-12 00:00:00-04:00,1.0800000429153442,1.149999976158142,1.0800000429153442,1.1299999952316284,39100,0.0,0.0
2023-07-13 00:00:00-04:00,1.1699999570846558,1.1699999570846558,1.1200000047683716,1.1299999952316284,15800,0.0,0.0
2023-07-14 00:00:00-04:00,1.1399999856948853,1.1660000085830688,1.059999942779541,1.0800000429153442,37900,0.0,0.0
2023-07-17 00:00:00-04:00,1.1399999856948853,1.1399999856948853,0.8999999761581421,0.9800000190734863,107000,0.0,0.0
2023-07-18 00:00:00-04:00,1.0089999437332153,1.027999997138977,0.9599999785423279,1.0099999904632568,50300,0.0,0.0
2023-07-19 00:00:00-04:00,1.0,1.0499999523162842,0.9800000190734863,1.0,38500,0.0,0.0
2023-07-20 00:00:00-04:00,1.0399999618530273,1.0499999523162842,0.9800000190734863,1.0199999809265137,36600,0.0,0.0
2023-07-21 00:00:00-04:00,1.0130000114440918,1.0499999523162842,0.9900000095367432,0.9900000095367432,11600,0.0,0.0
2023-07-24 00:00:00-04:00,1.0,1.0099999904632568,0.953000009059906,0.9559999704360962,53800,0.0,0.0
2023-07-25 00:00:00-04:00,0.9599999785423279,1.059999942779541,0.9599999785423279,1.0499999523162842,46500,0.0,0.0
2023-07-26 00:00:00-04:00,1.034999966621399,1.0499999523162842,1.0099999904632568,1.0499999523162842,34700,0.0,0.0
2023-07-27 00:00:00-04:00,1.0499999523162842,1.059999942779541,1.0099999904632568,1.0399999618530273,10500,0.0,0.0
2023-07-28 00:00:00-04:00,1.0499999523162842,1.0700000524520874,1.0399999618530273,1.0499999523162842,19800,0.0,0.0
2023-07-31 00:00:00-04:00,1.0800000429153442,1.0800000429153442,1.0399999618530273,1.059999942779541,19000,0.0,0.0
