Date,Open,High,Low,Close,Volume,Dividends,Stock Splits,Capital Gains
2022-12-14 00:00:00-05:00,50.630001068115234,50.630001068115234,50.08000183105469,50.08000183105469,200,0.0,0.0,0.0
2022-12-15 00:00:00-05:00,49.04899978637695,49.04899978637695,49.04899978637695,49.04899978637695,0,0.0,0.0,0.0
2022-12-16 00:00:00-05:00,48.555999755859375,48.555999755859375,48.555999755859375,48.555999755859375,100,0.0,0.0,0.0
2022-12-19 00:00:00-05:00,48.27899932861328,48.27899932861328,48.27899932861328,48.27899932861328,100,0.0,0.0,0.0
2022-12-20 00:00:00-05:00,48.47800064086914,48.47800064086914,48.47800064086914,48.47800064086914,100,0.0,0.0,0.0
2022-12-21 00:00:00-05:00,49.18899917602539,49.18899917602539,49.18899917602539,49.18899917602539,0,0.0,0.0,0.0
2022-12-22 00:00:00-05:00,48.57500076293945,48.57500076293945,48.57500076293945,48.57500076293945,100,0.0,0.0,0.0
2022-12-23 00:00:00-05:00,48.970001220703125,48.970001220703125,48.970001220703125,48.970001220703125,0,0.0,0.0,0.0
2022-12-27 00:00:00-05:00,48.95800018310547,48.95800018310547,48.95800018310547,48.95800018310547,100,0.0,0.0,0.0
2022-12-28 00:00:00-05:00,48.417999267578125,48.417999267578125,48.417999267578125,48.417999267578125,0,0.0,0.0,0.0
2022-12-29 00:00:00-05:00,49.034000396728516,49.034000396728516,49.034000396728516,49.034000396728516,0,0.0,0.0,0.0
2022-12-30 00:00:00-05:00,48.92399978637695,48.92399978637695,48.92399978637695,48.92399978637695,0,0.0,0.0,0.0
2023-01-03 00:00:00-05:00,48.8129997253418,48.8129997253418,48.8129997253418,48.8129997253418,0,0.0,0.0,0.0
2023-01-04 00:00:00-05:00,49.0620002746582,49.0620002746582,49.0620002746582,49.0620002746582,0,0.0,0.0,0.0
2023-01-05 00:00:00-05:00,48.67599868774414,48.67599868774414,48.67599868774414,48.67599868774414,0,0.0,0.0,0.0
2023-01-06 00:00:00-05:00,49.75199890136719,49.75199890136719,49.75199890136719,49.75199890136719,100,0.0,0.0,0.0
2023-01-09 00:00:00-05:00,49.4739990234375,49.4739990234375,49.4739990234375,49.4739990234375,0,0.0,0.0,0.0
2023-01-10 00:00:00-05:00,49.77199935913086,49.77199935913086,49.77199935913086,49.77199935913086,0,0.0,0.0,0.0
2023-01-11 00:00:00-05:00,50.13999938964844,50.13999938964844,50.13999938964844,50.13999938964844,0,0.0,0.0,0.0
2023-01-12 00:00:00-05:00,50.37099838256836,50.37099838256836,50.37099838256836,50.37099838256836,0,0.0,0.0,0.0
2023-01-13 00:00:00-05:00,50.667999267578125,50.667999267578125,50.667999267578125,50.667999267578125,0,0.0,0.0,0.0
2023-01-17 00:00:00-05:00,50.242000579833984,50.242000579833984,50.242000579833984,50.242000579833984,100,0.0,0.0,0.0
2023-01-18 00:00:00-05:00,49.45000076293945,49.45000076293945,49.45000076293945,49.45000076293945,0,0.0,0.0,0.0
2023-01-19 00:00:00-05:00,49.19200134277344,49.19200134277344,49.19200134277344,49.19200134277344,0,0.0,0.0,0.0
2023-01-20 00:00:00-05:00,49.71200180053711,49.71200180053711,49.71200180053711,49.71200180053711,200,0.0,0.0,0.0
2023-01-23 00:00:00-05:00,50.220001220703125,50.220001220703125,50.05099868774414,50.05099868774414,100,0.0,0.0,0.0
2023-01-24 00:00:00-05:00,50.020999908447266,50.020999908447266,50.020999908447266,50.020999908447266,100,0.0,0.0,0.0
2023-01-25 00:00:00-05:00,49.97999954223633,49.97999954223633,49.97999954223633,49.97999954223633,0,0.0,0.0,0.0
2023-01-26 00:00:00-05:00,50.58399963378906,50.58399963378906,50.58399963378906,50.58399963378906,0,0.0,0.0,0.0
2023-01-27 00:00:00-05:00,50.37200164794922,50.37200164794922,50.37200164794922,50.37200164794922,0,0.0,0.0,0.0
2023-01-30 00:00:00-05:00,49.86899948120117,49.86899948120117,49.86899948120117,49.86899948120117,0,0.0,0.0,0.0
2023-01-31 00:00:00-05:00,50.483001708984375,50.483001708984375,50.483001708984375,50.483001708984375,0,0.0,0.0,0.0
2023-02-01 00:00:00-05:00,50.40999984741211,50.40999984741211,50.40999984741211,50.40999984741211,100,0.0,0.0,0.0
2023-02-02 00:00:00-05:00,50.242000579833984,50.242000579833984,50.242000579833984,50.242000579833984,0,0.0,0.0,0.0
2023-02-03 00:00:00-05:00,49.87699890136719,49.87699890136719,49.87699890136719,49.87699890136719,0,0.0,0.0,0.0
2023-02-06 00:00:00-05:00,49.75899887084961,49.75899887084961,49.75899887084961,49.75899887084961,0,0.0,0.0,0.0
2023-02-07 00:00:00-05:00,50.43600082397461,50.43600082397461,50.43600082397461,50.43600082397461,100,0.0,0.0,0.0
2023-02-08 00:00:00-05:00,49.95000076293945,49.95000076293945,49.95000076293945,49.95000076293945,100,0.0,0.0,0.0
2023-02-09 00:00:00-05:00,49.67100143432617,49.67100143432617,49.67100143432617,49.67100143432617,0,0.0,0.0,0.0
2023-02-10 00:00:00-05:00,50.095001220703125,50.095001220703125,50.095001220703125,50.095001220703125,0,0.0,0.0,0.0
2023-02-13 00:00:00-05:00,50.486000061035156,50.486000061035156,50.486000061035156,50.486000061035156,0,0.0,0.0,0.0
2023-02-14 00:00:00-05:00,50.62300109863281,50.62300109863281,50.62300109863281,50.62300109863281,0,0.0,0.0,0.0
2023-02-15 00:00:00-05:00,50.43000030517578,50.43000030517578,50.43000030517578,50.43000030517578,0,0.0,0.0,0.0
2023-02-16 00:00:00-05:00,49.77199935913086,49.77199935913086,49.77199935913086,49.77199935913086,0,0.0,0.0,0.0
2023-02-17 00:00:00-05:00,49.70000076293945,49.70000076293945,49.70000076293945,49.70000076293945,0,0.0,0.0,0.0
2023-02-21 00:00:00-05:00,49.01300048828125,49.01300048828125,49.01300048828125,49.01300048828125,0,0.0,0.0,0.0
2023-02-22 00:00:00-05:00,48.7859992980957,48.7859992980957,48.7859992980957,48.7859992980957,0,0.0,0.0,0.0
2023-02-23 00:00:00-05:00,48.972999572753906,48.972999572753906,48.972999572753906,48.972999572753906,0,0.0,0.0,0.0
2023-02-24 00:00:00-05:00,48.737998962402344,48.737998962402344,48.737998962402344,48.737998962402344,0,0.0,0.0,0.0
2023-02-27 00:00:00-05:00,48.98899841308594,48.98899841308594,48.98899841308594,48.98899841308594,0,0.0,0.0,0.0
2023-02-28 00:00:00-05:00,48.85200119018555,48.85200119018555,48.85200119018555,48.85200119018555,0,0.0,0.0,0.0
2023-03-01 00:00:00-05:00,48.845001220703125,48.845001220703125,48.845001220703125,48.845001220703125,0,0.0,0.0,0.0
2023-03-02 00:00:00-05:00,49.143001556396484,49.143001556396484,49.143001556396484,49.143001556396484,0,0.0,0.0,0.0
2023-03-03 00:00:00-05:00,49.79199981689453,49.79199981689453,49.79199981689453,49.79199981689453,0,0.0,0.0,0.0
2023-03-06 00:00:00-05:00,49.68199920654297,49.68199920654297,49.68199920654297,49.68199920654297,0,0.0,0.0,0.0
2023-03-07 00:00:00-05:00,48.93000030517578,48.93000030517578,48.93000030517578,48.93000030517578,100,0.0,0.0,0.0
2023-03-08 00:00:00-05:00,48.88800048828125,48.88800048828125,48.88800048828125,48.88800048828125,0,0.0,0.0,0.0
2023-03-09 00:00:00-05:00,47.957000732421875,47.957000732421875,47.957000732421875,47.957000732421875,0,0.0,0.0,0.0
2023-03-10 00:00:00-05:00,47.20600128173828,47.20600128173828,47.20600128173828,47.20600128173828,0,0.0,0.0,0.0
2023-03-13 00:00:00-04:00,46.75299835205078,46.75299835205078,46.75299835205078,46.75299835205078,0,0.0,0.0,0.0
2023-03-14 00:00:00-04:00,47.51599884033203,47.51599884033203,47.51599884033203,47.51599884033203,0,0.0,0.0,0.0
2023-03-15 00:00:00-04:00,46.577999114990234,46.577999114990234,46.577999114990234,46.577999114990234,100,0.0,0.0,0.0
2023-03-16 00:00:00-04:00,47.57099914550781,47.57099914550781,47.57099914550781,47.57099914550781,0,0.0,0.0,0.0
2023-03-17 00:00:00-04:00,46.691001892089844,46.691001892089844,46.691001892089844,46.691001892089844,0,0.0,0.0,0.0
2023-03-20 00:00:00-04:00,47.270999908447266,47.270999908447266,47.270999908447266,47.270999908447266,0,0.0,0.0,0.0
2023-03-21 00:00:00-04:00,47.946998596191406,47.946998596191406,47.946998596191406,47.946998596191406,100,0.0,0.0,0.0
2023-03-22 00:00:00-04:00,47.33399963378906,47.33399963378906,47.33399963378906,47.33399963378906,0,0.0,0.0,0.0
2023-03-23 00:00:00-04:00,47.28099822998047,47.28099822998047,47.28099822998047,47.28099822998047,0,0.0,0.0,0.0
2023-03-24 00:00:00-04:00,47.23899841308594,47.23899841308594,47.23899841308594,47.23899841308594,0,0.0,0.0,0.0
2023-03-27 00:00:00-04:00,47.678001403808594,47.678001403808594,47.678001403808594,47.678001403808594,0,0.0,0.0,0.0
2023-03-28 00:00:00-04:00,47.685001373291016,47.685001373291016,47.685001373291016,47.685001373291016,0,0.0,0.0,0.0
2023-03-29 00:00:00-04:00,48.35200119018555,48.35200119018555,48.35200119018555,48.35200119018555,0,0.0,0.0,0.0
2023-03-30 00:00:00-04:00,48.56999969482422,48.56999969482422,48.56999969482422,48.56999969482422,0,0.0,0.0,0.0
2023-03-31 00:00:00-04:00,49.03300094604492,49.03300094604492,49.03300094604492,49.03300094604492,100,0.0,0.0,0.0
2023-04-03 00:00:00-04:00,49.4630012512207,49.4630012512207,49.4630012512207,49.4630012512207,0,0.0,0.0,0.0
2023-04-04 00:00:00-04:00,48.90700149536133,48.90700149536133,48.90700149536133,48.90700149536133,0,0.0,0.0,0.0
2023-04-05 00:00:00-04:00,48.909000396728516,48.909000396728516,48.909000396728516,48.909000396728516,0,0.0,0.0,0.0
2023-04-06 00:00:00-04:00,49.099998474121094,49.099998474121094,49.099998474121094,49.099998474121094,0,0.0,0.0,0.0
2023-04-10 00:00:00-04:00,49.16899871826172,49.16899871826172,49.16899871826172,49.16899871826172,0,0.0,0.0,0.0
2023-04-11 00:00:00-04:00,49.21900177001953,49.21900177001953,49.21900177001953,49.21900177001953,0,0.0,0.0,0.0
2023-04-12 00:00:00-04:00,49.3129997253418,49.3129997253418,49.3129997253418,49.3129997253418,0,0.0,0.0,0.0
2023-04-13 00:00:00-04:00,49.76599884033203,49.76599884033203,49.76599884033203,49.76599884033203,100,0.0,0.0,0.0
2023-04-14 00:00:00-04:00,49.80699920654297,49.80699920654297,49.80699920654297,49.80699920654297,0,0.0,0.0,0.0
2023-04-17 00:00:00-04:00,49.928001403808594,49.928001403808594,49.928001403808594,49.928001403808594,0,0.0,0.0,0.0
2023-04-18 00:00:00-04:00,50.04600143432617,50.04600143432617,50.04600143432617,50.04600143432617,0,0.0,0.0,0.0
2023-04-19 00:00:00-04:00,50.13399887084961,50.13399887084961,50.13399887084961,50.13399887084961,100,0.0,0.0,0.0
2023-04-20 00:00:00-04:00,49.992000579833984,49.992000579833984,49.992000579833984,49.992000579833984,0,0.0,0.0,0.0
2023-04-21 00:00:00-04:00,49.85300064086914,49.85300064086914,49.85300064086914,49.85300064086914,0,0.0,0.0,0.0
2023-04-24 00:00:00-04:00,49.933998107910156,49.933998107910156,49.933998107910156,49.933998107910156,0,0.0,0.0,0.0
2023-04-25 00:00:00-04:00,49.22600173950195,49.22600173950195,49.22600173950195,49.22600173950195,0,0.0,0.0,0.0
2023-04-26 00:00:00-04:00,48.86000061035156,48.86000061035156,48.86000061035156,48.86000061035156,0,0.0,0.0,0.0
2023-04-27 00:00:00-04:00,49.5369987487793,49.5369987487793,49.5369987487793,49.5369987487793,0,0.0,0.0,0.0
2023-04-28 00:00:00-04:00,49.99599838256836,49.99599838256836,49.99599838256836,49.99599838256836,0,0.0,0.0,0.0
2023-05-01 00:00:00-04:00,50.178001403808594,50.178001403808594,50.178001403808594,50.178001403808594,100,0.0,0.0,0.0
2023-05-02 00:00:00-04:00,49.52000045776367,49.52000045776367,49.52000045776367,49.52000045776367,0,0.0,0.0,0.0
2023-05-03 00:00:00-04:00,49.053001403808594,49.053001403808594,49.053001403808594,49.053001403808594,0,0.0,0.0,0.0
2023-05-04 00:00:00-04:00,48.54499816894531,48.54499816894531,48.54499816894531,48.54499816894531,0,0.0,0.0,0.0
2023-05-05 00:00:00-04:00,49.374000549316406,49.374000549316406,49.374000549316406,49.374000549316406,0,0.0,0.0,0.0
2023-05-08 00:00:00-04:00,49.48400115966797,49.48400115966797,49.48400115966797,49.48400115966797,0,0.0,0.0,0.0
2023-05-09 00:00:00-04:00,49.39500045776367,49.39500045776367,49.39500045776367,49.39500045776367,0,0.0,0.0,0.0
2023-05-10 00:00:00-04:00,49.44200134277344,49.44200134277344,49.44200134277344,49.44200134277344,0,0.0,0.0,0.0
2023-05-11 00:00:00-04:00,49.28300094604492,49.28300094604492,49.28300094604492,49.28300094604492,0,0.0,0.0,0.0
2023-05-12 00:00:00-04:00,49.16899871826172,49.16899871826172,49.16899871826172,49.16899871826172,0,0.0,0.0,0.0
2023-05-15 00:00:00-04:00,49.4370002746582,49.4370002746582,49.4370002746582,49.4370002746582,0,0.0,0.0,0.0
2023-05-16 00:00:00-04:00,49.084999084472656,49.084999084472656,49.084999084472656,49.084999084472656,0,0.0,0.0,0.0
2023-05-17 00:00:00-04:00,49.79899978637695,49.79899978637695,49.79899978637695,49.79899978637695,0,0.0,0.0,0.0
2023-05-18 00:00:00-04:00,50.189998626708984,50.189998626708984,50.189998626708984,50.189998626708984,0,0.0,0.0,0.0
2023-05-19 00:00:00-04:00,50.20399856567383,50.20399856567383,50.20399856567383,50.20399856567383,0,0.0,0.0,0.0
2023-05-22 00:00:00-04:00,50.132999420166016,50.132999420166016,50.132999420166016,50.132999420166016,0,0.0,0.0,0.0
2023-05-23 00:00:00-04:00,49.74700164794922,49.74700164794922,49.74700164794922,49.74700164794922,0,0.0,0.0,0.0
2023-05-24 00:00:00-04:00,49.28499984741211,49.28499984741211,49.28499984741211,49.28499984741211,0,0.0,0.0,0.0
2023-05-25 00:00:00-04:00,49.599998474121094,49.599998474121094,49.599998474121094,49.599998474121094,0,0.0,0.0,0.0
2023-05-26 00:00:00-04:00,50.2130012512207,50.2130012512207,50.2130012512207,50.2130012512207,0,0.0,0.0,0.0
2023-05-30 00:00:00-04:00,49.994998931884766,49.994998931884766,49.994998931884766,49.994998931884766,0,0.0,0.0,0.0
2023-05-31 00:00:00-04:00,49.65599822998047,49.65599822998047,49.65599822998047,49.65599822998047,0,0.0,0.0,0.0
2023-06-01 00:00:00-04:00,49.96799850463867,49.96799850463867,49.96799850463867,49.96799850463867,0,0.0,0.0,0.0
2023-06-02 00:00:00-04:00,50.755001068115234,50.880001068115234,50.755001068115234,50.880001068115234,2000,0.0,0.0,0.0
2023-06-05 00:00:00-04:00,50.69200134277344,50.69200134277344,50.69200134277344,50.69200134277344,100,0.0,0.0,0.0
2023-06-06 00:00:00-04:00,50.95000076293945,50.95000076293945,50.95000076293945,50.95000076293945,0,0.0,0.0,0.0
2023-06-07 00:00:00-04:00,51.047000885009766,51.047000885009766,51.047000885009766,51.047000885009766,0,0.0,0.0,0.0
2023-06-08 00:00:00-04:00,51.29399871826172,51.29399871826172,51.29399871826172,51.29399871826172,0,0.0,0.0,0.0
2023-06-09 00:00:00-04:00,51.32699966430664,51.32699966430664,51.32699966430664,51.32699966430664,0,0.0,0.0,0.0
2023-06-12 00:00:00-04:00,51.56800079345703,51.56800079345703,51.56800079345703,51.56800079345703,100,0.0,0.0,0.0
2023-06-13 00:00:00-04:00,51.90299987792969,51.90299987792969,51.90299987792969,51.90299987792969,0,0.0,0.0,0.0
2023-06-14 00:00:00-04:00,51.757999420166016,51.757999420166016,51.757999420166016,51.757999420166016,0,0.0,0.0,0.0
2023-06-15 00:00:00-04:00,52.42100143432617,52.42100143432617,52.42100143432617,52.42100143432617,0,0.0,0.0,0.0
2023-06-16 00:00:00-04:00,52.619998931884766,52.619998931884766,52.38800048828125,52.38800048828125,100,0.0,0.0,0.0
2023-06-20 00:00:00-04:00,52.01100158691406,52.01100158691406,52.01100158691406,52.01100158691406,100,0.0,0.0,0.0
2023-06-21 00:00:00-04:00,51.970001220703125,51.970001220703125,51.840999603271484,51.840999603271484,100,0.0,0.0,0.0
2023-06-22 00:00:00-04:00,51.68000030517578,51.68000030517578,51.68000030517578,51.68000030517578,0,0.0,0.0,0.0
2023-06-23 00:00:00-04:00,51.25400161743164,51.25400161743164,51.25400161743164,51.25400161743164,0,0.0,0.0,0.0
2023-06-26 00:00:00-04:00,51.141998291015625,51.141998291015625,51.141998291015625,51.141998291015625,0,0.0,0.0,0.0
2023-06-27 00:00:00-04:00,51.67499923706055,51.67499923706055,51.67499923706055,51.67499923706055,0,0.0,0.0,0.0
2023-06-28 00:00:00-04:00,51.49599838256836,51.49599838256836,51.49599838256836,51.49599838256836,0,0.0,0.0,0.0
2023-06-29 00:00:00-04:00,51.882999420166016,51.882999420166016,51.882999420166016,51.882999420166016,0,0.0,0.0,0.0
2023-06-30 00:00:00-04:00,52.46200180053711,52.46200180053711,52.46200180053711,52.46200180053711,0,0.0,0.0,0.0
2023-07-03 00:00:00-04:00,52.35100173950195,52.35100173950195,52.35100173950195,52.35100173950195,0,0.0,0.0,0.0
2023-07-05 00:00:00-04:00,52.29899978637695,52.29899978637695,52.29899978637695,52.29899978637695,0,0.0,0.0,0.0
2023-07-06 00:00:00-04:00,51.8129997253418,51.8129997253418,51.8129997253418,51.8129997253418,0,0.0,0.0,0.0
2023-07-07 00:00:00-04:00,51.86600112915039,51.86600112915039,51.86600112915039,51.86600112915039,0,0.0,0.0,0.0
2023-07-10 00:00:00-04:00,52.05699920654297,52.05699920654297,52.05699920654297,52.05699920654297,0,0.0,0.0,0.0
2023-07-11 00:00:00-04:00,52.53499984741211,52.53499984741211,52.53499984741211,52.53499984741211,0,0.0,0.0,0.0
2023-07-12 00:00:00-04:00,53.02399826049805,53.02399826049805,53.02399826049805,53.02399826049805,0,0.0,0.0,0.0
2023-07-13 00:00:00-04:00,53.41999816894531,53.41999816894531,53.41999816894531,53.41999816894531,0,0.0,0.0,0.0
2023-07-14 00:00:00-04:00,53.17900085449219,53.17900085449219,53.17900085449219,53.17900085449219,0,0.0,0.0,0.0
2023-07-17 00:00:00-04:00,53.37200164794922,53.37200164794922,53.37200164794922,53.37200164794922,0,0.0,0.0,0.0
2023-07-18 00:00:00-04:00,53.82600021362305,53.82600021362305,53.82600021362305,53.82600021362305,100,0.0,0.0,0.0
2023-07-19 00:00:00-04:00,54.0099983215332,54.0099983215332,54.0099983215332,54.0099983215332,0,0.0,0.0,0.0
2023-07-20 00:00:00-04:00,54.13999938964844,54.13999938964844,54.13999938964844,54.13999938964844,0,0.0,0.0,0.0
2023-07-21 00:00:00-04:00,54.250999450683594,54.250999450683594,54.250999450683594,54.250999450683594,0,0.0,0.0,0.0
2023-07-24 00:00:00-04:00,54.5,54.5,54.5,54.5,0,0.0,0.0,0.0
2023-07-25 00:00:00-04:00,54.40999984741211,54.40999984741211,54.37699890136719,54.37699890136719,100,0.0,0.0,0.0
2023-07-26 00:00:00-04:00,54.61199951171875,54.61199951171875,54.61199951171875,54.61199951171875,100,0.0,0.0,0.0
2023-07-27 00:00:00-04:00,54.45800018310547,54.45800018310547,54.45800018310547,54.45800018310547,0,0.0,0.0,0.0
2023-07-28 00:00:00-04:00,54.91899871826172,54.91899871826172,54.91899871826172,54.91899871826172,0,0.0,0.0,0.0
2023-07-31 00:00:00-04:00,54.9379997253418,54.9379997253418,54.9379997253418,54.9379997253418,100,0.0,0.0,0.0
