Date,Open,High,Low,Close,Volume,Dividends,Stock Splits,Capital Gains
2017-10-18 00:00:00-04:00,20.756166458129883,20.756166458129883,20.756166458129883,20.756166458129883,0,0.0,0.0,0.0
2017-10-19 00:00:00-04:00,20.615193634132538,20.756166458129883,20.615193634132538,20.756166458129883,120703,0.0,0.0,0.0
2017-10-20 00:00:00-04:00,20.756166458129883,20.756166458129883,20.756166458129883,20.756166458129883,0,0.0,0.0,0.0
2017-10-23 00:00:00-04:00,20.938596725463867,20.938596725463867,20.938596725463867,20.938596725463867,300,0.0,0.0,0.0
2017-10-24 00:00:00-04:00,20.938596725463867,20.938596725463867,20.938596725463867,20.938596725463867,0,0.0,0.0,0.0
2017-10-25 00:00:00-04:00,20.938596725463867,20.938596725463867,20.938596725463867,20.938596725463867,0,0.0,0.0,0.0
2017-10-26 00:00:00-04:00,20.938596725463867,20.938596725463867,20.938596725463867,20.938596725463867,0,0.0,0.0,0.0
2017-10-27 00:00:00-04:00,20.938596725463867,20.938596725463867,20.938596725463867,20.938596725463867,0,0.0,0.0,0.0
2017-10-30 00:00:00-04:00,20.938596725463867,20.938596725463867,20.938596725463867,20.938596725463867,0,0.0,0.0,0.0
2017-10-31 00:00:00-04:00,20.938596725463867,20.938596725463867,20.938596725463867,20.938596725463867,0,0.0,0.0,0.0
2017-11-01 00:00:00-04:00,20.938596725463867,20.938596725463867,20.938596725463867,20.938596725463867,0,0.0,0.0,0.0
2017-11-02 00:00:00-04:00,20.938596725463867,20.938596725463867,20.938596725463867,20.938596725463867,0,0.0,0.0,0.0
2017-11-03 00:00:00-04:00,20.938596725463867,20.938596725463867,20.938596725463867,20.938596725463867,0,0.0,0.0,0.0
2017-11-06 00:00:00-05:00,20.938596725463867,20.938596725463867,20.938596725463867,20.938596725463867,0,0.0,0.0,0.0
2017-11-07 00:00:00-05:00,20.938596725463867,20.938596725463867,20.938596725463867,20.938596725463867,0,0.0,0.0,0.0
2017-11-08 00:00:00-05:00,20.938596725463867,20.938596725463867,20.938596725463867,20.938596725463867,0,0.0,0.0,0.0
2017-11-09 00:00:00-05:00,20.938596725463867,20.938596725463867,20.938596725463867,20.938596725463867,0,0.0,0.0,0.0
2017-11-10 00:00:00-05:00,20.938596725463867,20.938596725463867,20.938596725463867,20.938596725463867,0,0.0,0.0,0.0
2017-11-13 00:00:00-05:00,20.938596725463867,20.938596725463867,20.938596725463867,20.938596725463867,0,0.0,0.0,0.0
2017-11-14 00:00:00-05:00,20.938596725463867,20.938596725463867,20.938596725463867,20.938596725463867,0,0.0,0.0,0.0
2017-11-15 00:00:00-05:00,20.930307388305664,20.930307388305664,20.930307388305664,20.930307388305664,100,0.0,0.0,0.0
2017-11-16 00:00:00-05:00,20.930307388305664,20.930307388305664,20.930307388305664,20.930307388305664,0,0.0,0.0,0.0
2017-11-17 00:00:00-05:00,20.930307388305664,20.930307388305664,20.930307388305664,20.930307388305664,0,0.0,0.0,0.0
2017-11-20 00:00:00-05:00,20.930307388305664,20.930307388305664,20.930307388305664,20.930307388305664,0,0.0,0.0,0.0
2017-11-21 00:00:00-05:00,20.930307388305664,20.930307388305664,20.930307388305664,20.930307388305664,0,0.0,0.0,0.0
2017-11-22 00:00:00-05:00,20.930307388305664,20.930307388305664,20.930307388305664,20.930307388305664,0,0.0,0.0,0.0
2017-11-24 00:00:00-05:00,20.930307388305664,20.930307388305664,20.930307388305664,20.930307388305664,0,0.0,0.0,0.0
2017-11-27 00:00:00-05:00,20.930307388305664,20.930307388305664,20.930307388305664,20.930307388305664,0,0.0,0.0,0.0
2017-11-28 00:00:00-05:00,20.930307388305664,20.930307388305664,20.930307388305664,20.930307388305664,0,0.0,0.0,0.0
2017-11-29 00:00:00-05:00,20.930307388305664,20.930307388305664,20.930307388305664,20.930307388305664,0,0.0,0.0,0.0
2017-11-30 00:00:00-05:00,20.930307388305664,20.930307388305664,20.930307388305664,20.930307388305664,0,0.0,0.0,0.0
2017-12-01 00:00:00-05:00,20.930307388305664,20.930307388305664,20.930307388305664,20.930307388305664,0,0.0,0.0,0.0
2017-12-04 00:00:00-05:00,20.930307388305664,20.930307388305664,20.930307388305664,20.930307388305664,0,0.0,0.0,0.0
2017-12-05 00:00:00-05:00,20.930307388305664,20.930307388305664,20.930307388305664,20.930307388305664,0,0.0,0.0,0.0
2017-12-06 00:00:00-05:00,20.930307388305664,20.930307388305664,20.930307388305664,20.930307388305664,0,0.0,0.0,0.0
2017-12-07 00:00:00-05:00,20.930307388305664,20.930307388305664,20.930307388305664,20.930307388305664,0,0.0,0.0,0.0
2017-12-08 00:00:00-05:00,20.930307388305664,20.930307388305664,20.930307388305664,20.930307388305664,0,0.0,0.0,0.0
2017-12-11 00:00:00-05:00,20.930307388305664,20.930307388305664,20.930307388305664,20.930307388305664,0,0.0,0.0,0.0
2017-12-12 00:00:00-05:00,20.930307388305664,20.930307388305664,20.930307388305664,20.930307388305664,0,0.0,0.0,0.0
2017-12-13 00:00:00-05:00,20.930307388305664,20.930307388305664,20.930307388305664,20.930307388305664,0,0.0,0.0,0.0
2017-12-14 00:00:00-05:00,20.930307388305664,20.930307388305664,20.930307388305664,20.930307388305664,0,0.0,0.0,0.0
2017-12-15 00:00:00-05:00,20.930307388305664,20.930307388305664,20.930307388305664,20.930307388305664,0,0.0,0.0,0.0
2017-12-18 00:00:00-05:00,20.930307388305664,20.930307388305664,20.930307388305664,20.930307388305664,0,0.0,0.0,0.0
2017-12-19 00:00:00-05:00,20.930307388305664,20.930307388305664,20.930307388305664,20.930307388305664,0,0.0,0.0,0.0
2017-12-20 00:00:00-05:00,20.930307388305664,20.930307388305664,20.930307388305664,20.930307388305664,0,0.0,0.0,0.0
2017-12-21 00:00:00-05:00,20.930307388305664,20.930307388305664,20.930307388305664,20.930307388305664,0,0.0,0.0,0.0
2017-12-22 00:00:00-05:00,20.930307388305664,20.930307388305664,20.930307388305664,20.930307388305664,0,0.0,0.0,0.0
2017-12-26 00:00:00-05:00,20.930307388305664,20.930307388305664,20.930307388305664,20.930307388305664,0,0.0,0.0,0.0
2017-12-27 00:00:00-05:00,20.996858596801758,20.996858596801758,20.996858596801758,20.996858596801758,0,0.08,0.0,0.0
2017-12-28 00:00:00-05:00,20.996858596801758,20.996858596801758,20.996858596801758,20.996858596801758,0,0.0,0.0,0.0
2017-12-29 00:00:00-05:00,20.996858596801758,20.996858596801758,20.996858596801758,20.996858596801758,0,0.0,0.0,0.0
2018-01-02 00:00:00-05:00,21.795473098754883,21.795473098754883,21.787154025730892,21.795473098754883,400,0.0,0.0,0.0
2018-01-03 00:00:00-05:00,21.795473098754883,21.795473098754883,21.795473098754883,21.795473098754883,0,0.0,0.0,0.0
2018-01-04 00:00:00-05:00,21.795473098754883,21.795473098754883,21.795473098754883,21.795473098754883,0,0.0,0.0,0.0
2018-01-05 00:00:00-05:00,21.795473098754883,21.795473098754883,21.795473098754883,21.795473098754883,0,0.0,0.0,0.0
2018-01-08 00:00:00-05:00,22.419387817382812,22.419387817382812,22.419387817382812,22.419387817382812,100,0.0,0.0,0.0
2018-01-09 00:00:00-05:00,22.544252395629883,22.544252395629883,22.544252395629883,22.544252395629883,238,0.0,0.0,0.0
2018-01-10 00:00:00-05:00,22.498416900634766,22.498416900634766,22.498416900634766,22.498416900634766,200,0.0,0.0,0.0
2018-01-11 00:00:00-05:00,22.498416900634766,22.498416900634766,22.498416900634766,22.498416900634766,0,0.0,0.0,0.0
2018-01-12 00:00:00-05:00,22.498416900634766,22.498416900634766,22.498416900634766,22.498416900634766,0,0.0,0.0,0.0
2018-01-16 00:00:00-05:00,22.85196876525879,22.85196876525879,22.85196876525879,22.85196876525879,200,0.0,0.0,0.0
2018-01-17 00:00:00-05:00,22.777099609375,22.777099609375,22.743824904426575,22.777099609375,1541,0.0,0.0,0.0
2018-01-18 00:00:00-05:00,22.777099609375,22.777099609375,22.777099609375,22.777099609375,0,0.0,0.0,0.0
2018-01-19 00:00:00-05:00,23.068260192871094,23.068260192871094,23.068260192871094,23.068260192871094,3600,0.0,0.0,0.0
2018-01-22 00:00:00-05:00,23.12649154663086,23.12649154663086,23.12649154663086,23.12649154663086,180,0.0,0.0,0.0
2018-01-23 00:00:00-05:00,23.23505401611328,23.23505401611328,23.23505401611328,23.23505401611328,153,0.0,0.0,0.0
2018-01-24 00:00:00-05:00,23.23505401611328,23.23505401611328,23.23505401611328,23.23505401611328,0,0.0,0.0,0.0
2018-01-25 00:00:00-05:00,23.23505401611328,23.23505401611328,23.23505401611328,23.23505401611328,0,0.0,0.0,0.0
2018-01-26 00:00:00-05:00,23.23505401611328,23.23505401611328,23.23505401611328,23.23505401611328,0,0.0,0.0,0.0
2018-01-29 00:00:00-05:00,23.23505401611328,23.23505401611328,23.23505401611328,23.23505401611328,0,0.0,0.0,0.0
2018-01-30 00:00:00-05:00,23.23505401611328,23.23505401611328,23.23505401611328,23.23505401611328,0,0.0,0.0,0.0
2018-01-31 00:00:00-05:00,23.23505401611328,23.23505401611328,23.23505401611328,23.23505401611328,0,0.0,0.0,0.0
2018-02-01 00:00:00-05:00,23.159768491526226,23.219831466674805,23.15951937948791,23.219831466674805,1750,0.0,0.0,0.0
2018-02-02 00:00:00-05:00,22.91020393371582,22.91020393371582,22.91020393371582,22.91020393371582,220,0.0,0.0,0.0
2018-02-05 00:00:00-05:00,22.91020393371582,22.91020393371582,22.91020393371582,22.91020393371582,0,0.0,0.0,0.0
2018-02-06 00:00:00-05:00,21.629091262817383,21.629091262817383,21.629091262817383,21.629091262817383,200,0.0,0.0,0.0
2018-02-07 00:00:00-05:00,21.629091262817383,21.629091262817383,21.629091262817383,21.629091262817383,0,0.0,0.0,0.0
2018-02-08 00:00:00-05:00,21.587499300808446,21.59024429321289,21.587499300808446,21.59024429321289,360,0.0,0.0,0.0
2018-02-09 00:00:00-05:00,21.59024429321289,21.59024429321289,21.59024429321289,21.59024429321289,0,0.0,0.0,0.0
2018-02-12 00:00:00-05:00,21.59024429321289,21.59024429321289,21.59024429321289,21.59024429321289,0,0.0,0.0,0.0
2018-02-13 00:00:00-05:00,21.59024429321289,21.59024429321289,21.59024429321289,21.59024429321289,0,0.0,0.0,0.0
2018-02-14 00:00:00-05:00,21.59024429321289,21.59024429321289,21.59024429321289,21.59024429321289,0,0.0,0.0,0.0
2018-02-15 00:00:00-05:00,21.59024429321289,21.59024429321289,21.59024429321289,21.59024429321289,0,0.0,0.0,0.0
2018-02-16 00:00:00-05:00,21.59024429321289,21.59024429321289,21.59024429321289,21.59024429321289,0,0.0,0.0,0.0
2018-02-20 00:00:00-05:00,21.59024429321289,21.59024429321289,21.59024429321289,21.59024429321289,0,0.0,0.0,0.0
2018-02-21 00:00:00-05:00,21.59024429321289,21.59024429321289,21.59024429321289,21.59024429321289,0,0.0,0.0,0.0
2018-02-22 00:00:00-05:00,21.59024429321289,21.59024429321289,21.59024429321289,21.59024429321289,0,0.0,0.0,0.0
2018-02-23 00:00:00-05:00,21.59024429321289,21.59024429321289,21.59024429321289,21.59024429321289,0,0.0,0.0,0.0
2018-02-26 00:00:00-05:00,21.59024429321289,21.59024429321289,21.59024429321289,21.59024429321289,0,0.0,0.0,0.0
2018-02-27 00:00:00-05:00,21.59024429321289,21.59024429321289,21.59024429321289,21.59024429321289,0,0.0,0.0,0.0
2018-02-28 00:00:00-05:00,21.59024429321289,21.59024429321289,21.59024429321289,21.59024429321289,0,0.0,0.0,0.0
2018-03-01 00:00:00-05:00,21.59024429321289,21.59024429321289,21.59024429321289,21.59024429321289,0,0.0,0.0,0.0
2018-03-02 00:00:00-05:00,21.59024429321289,21.59024429321289,21.59024429321289,21.59024429321289,0,0.0,0.0,0.0
2018-03-05 00:00:00-05:00,21.59024429321289,21.59024429321289,21.59024429321289,21.59024429321289,0,0.0,0.0,0.0
2018-03-06 00:00:00-05:00,21.59024429321289,21.59024429321289,21.59024429321289,21.59024429321289,0,0.0,0.0,0.0
2018-03-07 00:00:00-05:00,21.59024429321289,21.59024429321289,21.59024429321289,21.59024429321289,0,0.0,0.0,0.0
2018-03-08 00:00:00-05:00,21.59024429321289,21.59024429321289,21.59024429321289,21.59024429321289,0,0.0,0.0,0.0
2018-03-09 00:00:00-05:00,21.59024429321289,21.59024429321289,21.59024429321289,21.59024429321289,0,0.0,0.0,0.0
2018-03-12 00:00:00-04:00,21.59024429321289,21.59024429321289,21.59024429321289,21.59024429321289,0,0.0,0.0,0.0
2018-03-13 00:00:00-04:00,21.59024429321289,21.59024429321289,21.59024429321289,21.59024429321289,0,0.0,0.0,0.0
2018-03-14 00:00:00-04:00,21.59024429321289,21.59024429321289,21.59024429321289,21.59024429321289,0,0.0,0.0,0.0
2018-03-15 00:00:00-04:00,21.59024429321289,21.59024429321289,21.59024429321289,21.59024429321289,0,0.0,0.0,0.0
2018-03-16 00:00:00-04:00,21.59024429321289,21.59024429321289,21.59024429321289,21.59024429321289,0,0.0,0.0,0.0
2018-03-19 00:00:00-04:00,21.59024429321289,21.59024429321289,21.59024429321289,21.59024429321289,0,0.0,0.0,0.0
2018-03-20 00:00:00-04:00,23.326145633894743,23.334463119506836,23.326145633894743,23.334463119506836,10300,0.0,0.0,0.0
2018-03-21 00:00:00-04:00,23.334463119506836,23.334463119506836,23.334463119506836,23.334463119506836,0,0.0,0.0,0.0
2018-03-22 00:00:00-04:00,23.051620483398438,23.051620483398438,23.051620483398438,23.051620483398438,150,0.0,0.0,0.0
2018-03-23 00:00:00-04:00,23.051620483398438,23.051620483398438,23.051620483398438,23.051620483398438,0,0.0,0.0,0.0
2018-03-26 00:00:00-04:00,23.051620483398438,23.051620483398438,23.051620483398438,23.051620483398438,0,0.0,0.0,0.0
2018-03-27 00:00:00-04:00,23.051620483398438,23.051620483398438,23.051620483398438,23.051620483398438,0,0.0,0.0,0.0
2018-03-28 00:00:00-04:00,22.161500930786133,22.161500930786133,22.161500930786133,22.161500930786133,151,0.0,0.0,0.0
2018-03-29 00:00:00-04:00,22.526119479242116,22.619041442871094,22.526119479242116,22.619041442871094,300,0.0,0.0,0.0
2018-04-02 00:00:00-04:00,22.397317665589256,22.397317665589256,22.33896827697754,22.33896827697754,340,0.054,0.0,0.0
2018-04-03 00:00:00-04:00,22.33896827697754,22.33896827697754,22.33896827697754,22.33896827697754,0,0.0,0.0,0.0
2018-04-04 00:00:00-04:00,22.33896827697754,22.33896827697754,22.33896827697754,22.33896827697754,0,0.0,0.0,0.0
2018-04-05 00:00:00-04:00,22.72240025097668,22.72240025097668,22.672388076782227,22.672388076782227,386,0.0,0.0,0.0
2018-04-06 00:00:00-04:00,22.672388076782227,22.672388076782227,22.672388076782227,22.672388076782227,441,0.0,0.0,0.0
2018-04-09 00:00:00-04:00,22.672388076782227,22.672388076782227,22.672388076782227,22.672388076782227,0,0.0,0.0,0.0
2018-04-10 00:00:00-04:00,22.672388076782227,22.672388076782227,22.672388076782227,22.672388076782227,0,0.0,0.0,0.0
2018-04-11 00:00:00-04:00,22.527263641357422,22.527263641357422,22.527263641357422,22.527263641357422,160,0.0,0.0,0.0
2018-04-12 00:00:00-04:00,22.8015841244864,22.847429275512695,22.8015841244864,22.847429275512695,470,0.0,0.0,0.0
2018-04-13 00:00:00-04:00,22.847429275512695,22.847429275512695,22.847429275512695,22.847429275512695,0,0.0,0.0,0.0
2018-04-16 00:00:00-04:00,22.797421016150587,22.797421016150587,22.68072381447114,22.789085388183594,6581,0.0,0.0,0.0
2018-04-17 00:00:00-04:00,23.0474796295166,23.0474796295166,23.0474796295166,23.0474796295166,100,0.0,0.0,0.0
2018-04-18 00:00:00-04:00,23.25586746949849,23.25586746949849,23.22252655029297,23.22252655029297,250,0.0,0.0,0.0
2018-04-19 00:00:00-04:00,23.114164082008244,23.114164082008244,23.03080940246582,23.03080940246582,219,0.0,0.0,0.0
2018-04-20 00:00:00-04:00,22.93912124633789,22.93912124633789,22.93912124633789,22.93912124633789,100,0.0,0.0,0.0
2018-04-23 00:00:00-04:00,23.026639865633552,23.026639865633552,22.839092254638672,22.839092254638672,200,0.0,0.0,0.0
2018-04-24 00:00:00-04:00,22.714065850234245,22.714065850234245,22.363977432250977,22.363977432250977,340,0.0,0.0,0.0
2018-04-25 00:00:00-04:00,22.480670511721087,22.480670511721087,22.4306583404541,22.4306583404541,2100,0.0,0.0,0.0
2018-04-26 00:00:00-04:00,22.6973934173584,22.6973934173584,22.6973934173584,22.6973934173584,100,0.0,0.0,0.0
2018-04-27 00:00:00-04:00,22.61404037475586,22.61404037475586,22.61404037475586,22.61404037475586,100,0.0,0.0,0.0
2018-04-30 00:00:00-04:00,22.50567626953125,22.50567626953125,22.50567626953125,22.50567626953125,100,0.0,0.0,0.0
2018-05-01 00:00:00-04:00,22.30562870238233,22.347305249756616,22.30562870238233,22.32229995727539,400,0.0,0.0,0.0
2018-05-02 00:00:00-04:00,22.413986206054688,22.413986206054688,22.413986206054688,22.413986206054688,100,0.0,0.0,0.0
2018-05-03 00:00:00-04:00,22.372310638427734,22.372310638427734,22.372310638427734,22.372310638427734,190,0.0,0.0,0.0
2018-05-04 00:00:00-04:00,22.6973934173584,22.6973934173584,22.6973934173584,22.6973934173584,100,0.0,0.0,0.0
2018-05-07 00:00:00-04:00,22.805669502534446,22.805669502534446,22.79166603088379,22.79166603088379,1500,0.0,0.0,0.0
2018-05-08 00:00:00-04:00,22.79166603088379,22.79166603088379,22.79166603088379,22.79166603088379,0,0.0,0.0,0.0
2018-05-09 00:00:00-04:00,22.79166603088379,22.79166603088379,22.79166603088379,22.79166603088379,0,0.0,0.0,0.0
2018-05-10 00:00:00-04:00,22.79166603088379,22.79166603088379,22.79166603088379,22.79166603088379,0,0.0,0.0,0.0
2018-05-11 00:00:00-04:00,23.530935654829953,23.55594253540039,23.530935654829953,23.55594253540039,1400,0.0,0.0,0.0
2018-05-14 00:00:00-04:00,23.597620299204518,23.597620299204518,23.582616806030273,23.582616806030273,260,0.0,0.0,0.0
2018-05-15 00:00:00-04:00,23.582616806030273,23.582616806030273,23.582616806030273,23.582616806030273,0,0.0,0.0,0.0
2018-05-16 00:00:00-04:00,23.81434103772777,23.81434103772777,23.42699432373047,23.42699432373047,520,0.0,0.0,0.0
2018-05-17 00:00:00-04:00,23.84768295288086,23.84768295288086,23.84768295288086,23.84768295288086,319,0.0,0.0,0.0
2018-05-18 00:00:00-04:00,23.84768295288086,23.84768295288086,23.84768295288086,23.84768295288086,0,0.0,0.0,0.0
2018-05-21 00:00:00-04:00,23.84768295288086,23.84768295288086,23.84768295288086,23.84768295288086,0,0.0,0.0,0.0
2018-05-22 00:00:00-04:00,23.84768295288086,23.84768295288086,23.84768295288086,23.84768295288086,0,0.0,0.0,0.0
2018-05-23 00:00:00-04:00,23.539272283949952,23.539272283949952,23.526769638061523,23.526769638061523,236,0.0,0.0,0.0
2018-05-24 00:00:00-04:00,23.526769638061523,23.526769638061523,23.526769638061523,23.526769638061523,0,0.0,0.0,0.0
2018-05-25 00:00:00-04:00,23.526769638061523,23.526769638061523,23.526769638061523,23.526769638061523,0,0.0,0.0,0.0
2018-05-29 00:00:00-04:00,23.53927230834961,23.53927230834961,23.53927230834961,23.53927230834961,200,0.0,0.0,0.0
2018-05-30 00:00:00-04:00,23.53927230834961,23.53927230834961,23.53927230834961,23.53927230834961,0,0.0,0.0,0.0
2018-05-31 00:00:00-04:00,23.53927230834961,23.53927230834961,23.53927230834961,23.53927230834961,0,0.0,0.0,0.0
2018-06-01 00:00:00-04:00,23.90603256225586,23.90603256225586,23.90603256225586,23.90603256225586,1785,0.0,0.0,0.0
2018-06-04 00:00:00-04:00,23.90603256225586,23.90603256225586,23.90603256225586,23.90603256225586,0,0.0,0.0,0.0
2018-06-05 00:00:00-04:00,23.90603256225586,23.90603256225586,23.90603256225586,23.90603256225586,0,0.0,0.0,0.0
2018-06-06 00:00:00-04:00,23.90603256225586,23.90603256225586,23.90603256225586,23.90603256225586,0,0.0,0.0,0.0
2018-06-07 00:00:00-04:00,23.90603256225586,23.90603256225586,23.90603256225586,23.90603256225586,0,0.0,0.0,0.0
2018-06-08 00:00:00-04:00,23.90603256225586,23.90603256225586,23.90603256225586,23.90603256225586,0,0.0,0.0,0.0
2018-06-11 00:00:00-04:00,23.90603256225586,23.90603256225586,23.90603256225586,23.90603256225586,0,0.0,0.0,0.0
2018-06-12 00:00:00-04:00,23.90603256225586,23.90603256225586,23.90603256225586,23.90603256225586,0,0.0,0.0,0.0
2018-06-13 00:00:00-04:00,23.90603256225586,23.90603256225586,23.90603256225586,23.90603256225586,0,0.0,0.0,0.0
2018-06-14 00:00:00-04:00,24.339475631713867,24.339475631713867,24.339475631713867,24.339475631713867,100,0.0,0.0,0.0
2018-06-15 00:00:00-04:00,24.272706985473633,24.272706985473633,24.272706985473633,24.272706985473633,600,0.0,0.0,0.0
2018-06-18 00:00:00-04:00,24.272706985473633,24.272706985473633,24.272706985473633,24.272706985473633,0,0.0,0.0,0.0
2018-06-19 00:00:00-04:00,24.289461424667586,24.289461424667586,24.274457931518555,24.274457931518555,260,0.0,0.0,0.0
2018-06-20 00:00:00-04:00,24.50618553161621,24.50618553161621,24.50618553161621,24.50618553161621,200,0.0,0.0,0.0
2018-06-21 00:00:00-04:00,24.322805404663086,24.322805404663086,24.322805404663086,24.322805404663086,404,0.0,0.0,0.0
2018-06-22 00:00:00-04:00,24.322805404663086,24.322805404663086,24.322805404663086,24.322805404663086,0,0.0,0.0,0.0
2018-06-25 00:00:00-04:00,24.322805404663086,24.322805404663086,24.322805404663086,24.322805404663086,0,0.0,0.0,0.0
2018-06-26 00:00:00-04:00,23.514265060424805,23.514265060424805,23.514265060424805,23.514265060424805,170,0.0,0.0,0.0
2018-06-27 00:00:00-04:00,23.514265060424805,23.514265060424805,23.514265060424805,23.514265060424805,0,0.0,0.0,0.0
2018-06-28 00:00:00-04:00,23.514265060424805,23.514265060424805,23.514265060424805,23.514265060424805,0,0.0,0.0,0.0
2018-06-29 00:00:00-04:00,23.514265060424805,23.514265060424805,23.514265060424805,23.514265060424805,0,0.0,0.0,0.0
2018-07-02 00:00:00-04:00,23.329797077519164,23.329797077519164,23.238062624961874,23.240734100341797,776,0.039,0.0,0.0
2018-07-03 00:00:00-04:00,23.240734100341797,23.240734100341797,23.240734100341797,23.240734100341797,0,0.0,0.0,0.0
2018-07-05 00:00:00-04:00,23.240734100341797,23.240734100341797,23.240734100341797,23.240734100341797,0,0.0,0.0,0.0
2018-07-06 00:00:00-04:00,23.240734100341797,23.240734100341797,23.240734100341797,23.240734100341797,0,0.0,0.0,0.0
2018-07-09 00:00:00-04:00,23.240734100341797,23.240734100341797,23.240734100341797,23.240734100341797,0,0.0,0.0,0.0
2018-07-10 00:00:00-04:00,23.240734100341797,23.240734100341797,23.240734100341797,23.240734100341797,0,0.0,0.0,0.0
2018-07-11 00:00:00-04:00,23.240734100341797,23.240734100341797,23.240734100341797,23.240734100341797,0,0.0,0.0,0.0
2018-07-12 00:00:00-04:00,23.240734100341797,23.240734100341797,23.240734100341797,23.240734100341797,0,0.0,0.0,0.0
2018-07-13 00:00:00-04:00,24.039373235686625,24.081024689375404,24.02259611547516,24.031108856201172,2169,0.0,0.0,0.0
2018-07-16 00:00:00-04:00,24.031108856201172,24.031108856201172,24.031108856201172,24.031108856201172,0,0.0,0.0,0.0
2018-07-17 00:00:00-04:00,24.031108856201172,24.031108856201172,24.031108856201172,24.031108856201172,0,0.0,0.0,0.0
2018-07-18 00:00:00-04:00,24.031108856201172,24.031108856201172,24.031108856201172,24.031108856201172,0,0.0,0.0,0.0
2018-07-19 00:00:00-04:00,24.031108856201172,24.031108856201172,24.031108856201172,24.031108856201172,0,0.0,0.0,0.0
2018-07-20 00:00:00-04:00,24.031108856201172,24.031108856201172,24.031108856201172,24.031108856201172,0,0.0,0.0,0.0
2018-07-23 00:00:00-04:00,24.031108856201172,24.031108856201172,24.031108856201172,24.031108856201172,0,0.0,0.0,0.0
2018-07-24 00:00:00-04:00,24.031108856201172,24.031108856201172,24.031108856201172,24.031108856201172,0,0.0,0.0,0.0
2018-07-25 00:00:00-04:00,24.031108856201172,24.031108856201172,24.031108856201172,24.031108856201172,0,0.0,0.0,0.0
2018-07-26 00:00:00-04:00,24.031108856201172,24.031108856201172,24.031108856201172,24.031108856201172,0,0.0,0.0,0.0
2018-07-27 00:00:00-04:00,24.031108856201172,24.031108856201172,24.031108856201172,24.031108856201172,0,0.0,0.0,0.0
2018-07-30 00:00:00-04:00,24.031108856201172,24.031108856201172,24.031108856201172,24.031108856201172,0,0.0,0.0,0.0
2018-07-31 00:00:00-04:00,24.031108856201172,24.031108856201172,24.031108856201172,24.031108856201172,0,0.0,0.0,0.0
2018-08-01 00:00:00-04:00,23.9407958984375,23.9407958984375,23.9407958984375,23.9407958984375,100,0.0,0.0,0.0
2018-08-02 00:00:00-04:00,23.9407958984375,23.9407958984375,23.9407958984375,23.9407958984375,0,0.0,0.0,0.0
2018-08-03 00:00:00-04:00,23.9407958984375,23.9407958984375,23.9407958984375,23.9407958984375,0,0.0,0.0,0.0
2018-08-06 00:00:00-04:00,24.264575958251953,24.264575958251953,24.264575958251953,24.264575958251953,369,0.0,0.0,0.0
2018-08-07 00:00:00-04:00,24.264575958251953,24.264575958251953,24.264575958251953,24.264575958251953,0,0.0,0.0,0.0
2018-08-08 00:00:00-04:00,24.264575958251953,24.264575958251953,24.264575958251953,24.264575958251953,0,0.0,0.0,0.0
2018-08-09 00:00:00-04:00,24.264575958251953,24.264575958251953,24.264575958251953,24.264575958251953,0,0.0,0.0,0.0
2018-08-10 00:00:00-04:00,24.264575958251953,24.264575958251953,24.264575958251953,24.264575958251953,0,0.0,0.0,0.0
2018-08-13 00:00:00-04:00,24.206228256225586,24.206228256225586,24.206228256225586,24.206228256225586,460,0.0,0.0,0.0
2018-08-14 00:00:00-04:00,24.206228256225586,24.206228256225586,24.206228256225586,24.206228256225586,0,0.0,0.0,0.0
2018-08-15 00:00:00-04:00,24.17284295089696,24.17284295089696,24.16449737548828,24.16449737548828,460,0.0,0.0,0.0
2018-08-16 00:00:00-04:00,24.16449737548828,24.16449737548828,24.16449737548828,24.16449737548828,0,0.0,0.0,0.0
2018-08-17 00:00:00-04:00,24.16449737548828,24.16449737548828,24.16449737548828,24.16449737548828,0,0.0,0.0,0.0
2018-08-20 00:00:00-04:00,24.16449737548828,24.16449737548828,24.16449737548828,24.16449737548828,0,0.0,0.0,0.0
2018-08-21 00:00:00-04:00,24.16449737548828,24.16449737548828,24.16449737548828,24.16449737548828,0,0.0,0.0,0.0
2018-08-22 00:00:00-04:00,24.16449737548828,24.16449737548828,24.16449737548828,24.16449737548828,0,0.0,0.0,0.0
2018-08-23 00:00:00-04:00,24.506719217008,24.70704642684005,24.506719217008,24.682004928588867,1044,0.0,0.0,0.0
2018-08-24 00:00:00-04:00,24.682004928588867,24.682004928588867,24.682004928588867,24.682004928588867,0,0.0,0.0,0.0
2018-08-27 00:00:00-04:00,24.682004928588867,24.682004928588867,24.682004928588867,24.682004928588867,0,0.0,0.0,0.0
2018-08-28 00:00:00-04:00,24.682004928588867,24.682004928588867,24.682004928588867,24.682004928588867,0,0.0,0.0,0.0
2018-08-29 00:00:00-04:00,24.682004928588867,24.682004928588867,24.682004928588867,24.682004928588867,0,0.0,0.0,0.0
2018-08-30 00:00:00-04:00,24.682004928588867,24.682004928588867,24.682004928588867,24.682004928588867,0,0.0,0.0,0.0
2018-08-31 00:00:00-04:00,25.241255613059696,25.28340856847353,25.231489921005895,25.24542999267578,2681,0.0,0.0,0.0
2018-09-04 00:00:00-04:00,25.294674990171625,25.408193588256836,25.294674990171625,25.408193588256836,600,0.0,0.0,0.0
2018-09-05 00:00:00-04:00,24.982500526708005,25.05762344139244,24.957459024460064,25.024234771728516,535,0.0,0.0,0.0
2018-09-06 00:00:00-04:00,24.949114037196566,24.963388442993164,24.949114037196566,24.963388442993164,1003,0.0,0.0,0.0
2018-09-07 00:00:00-04:00,25.04101123581763,25.09368133544922,25.04101123581763,25.09368133544922,492,0.0,0.0,0.0
2018-09-10 00:00:00-04:00,25.182823249102967,25.182823249102967,25.099353181982423,25.10770034790039,2542,0.0,0.0,0.0
2018-09-11 00:00:00-04:00,25.12923971306653,25.232908248901367,25.12923971306653,25.232908248901367,1177,0.0,0.0,0.0
2018-09-12 00:00:00-04:00,25.14109230041504,25.14109230041504,25.14109230041504,25.14109230041504,300,0.0,0.0,0.0
2018-09-13 00:00:00-04:00,25.14109230041504,25.14109230041504,25.14109230041504,25.14109230041504,0,0.0,0.0,0.0
2018-09-14 00:00:00-04:00,25.474971771240234,25.474971771240234,25.474971771240234,25.474971771240234,3006,0.0,0.0,0.0
2018-09-17 00:00:00-04:00,25.174394824651444,25.174394824651444,24.9908447265625,24.9908447265625,560,0.0,0.0,0.0
2018-09-18 00:00:00-04:00,25.14943970597399,25.14943970597399,25.116052627563477,25.116052627563477,1754,0.0,0.0,0.0
2018-09-19 00:00:00-04:00,24.857294691934122,24.857294691934122,24.848947525024414,24.848947525024414,927,0.0,0.0,0.0
2018-09-20 00:00:00-04:00,24.873987652169955,25.015886306762695,24.873987652169955,25.015886306762695,1300,0.0,0.0,0.0
2018-09-21 00:00:00-04:00,24.999196397585017,24.999196397585017,24.94919776916504,24.94919776916504,500,0.0,0.0,0.0
2018-09-24 00:00:00-04:00,24.91572234779765,24.957456588745117,24.91572234779765,24.957456588745117,200,0.0,0.0,0.0
2018-09-25 00:00:00-04:00,25.149436950683594,25.149436950683594,25.149436950683594,25.149436950683594,100,0.0,0.0,0.0
2018-09-26 00:00:00-04:00,25.173895330925756,25.35761260986328,25.173895330925756,25.35761260986328,350,0.0,0.0,0.0
2018-09-27 00:00:00-04:00,25.250439581023755,25.250439581023755,25.19952392578125,25.19952392578125,240,0.0,0.0,0.0
2018-09-28 00:00:00-04:00,25.241254806518555,25.241254806518555,25.241254806518555,25.241254806518555,100,0.0,0.0,0.0
2018-10-01 00:00:00-04:00,25.172717927179498,25.188347149356296,25.12424087524414,25.12424087524414,900,0.04,0.0,0.0
2018-10-02 00:00:00-04:00,25.046932220458984,25.046932220458984,25.046932220458984,25.046932220458984,1530,0.0,0.0,0.0
2018-10-03 00:00:00-04:00,25.40005563725545,25.40005563725545,24.988004684448242,24.988004684448242,1502,0.0,0.0,0.0
2018-10-04 00:00:00-04:00,24.83171272277832,24.83171272277832,24.83171272277832,24.83171272277832,201,0.0,0.0,0.0
2018-10-05 00:00:00-04:00,24.390071312925205,24.413389205932617,24.390071312925205,24.413389205932617,477,0.0,0.0,0.0
2018-10-08 00:00:00-04:00,23.894107818603516,23.894107818603516,23.894107818603516,23.894107818603516,162,0.0,0.0,0.0
2018-10-09 00:00:00-04:00,24.087846755981445,24.087846755981445,24.087846755981445,24.087846755981445,535,0.0,0.0,0.0
2018-10-10 00:00:00-04:00,23.703462779941955,23.703462779941955,23.31882667541504,23.31882667541504,987,0.0,0.0,0.0
2018-10-11 00:00:00-04:00,23.0765255726948,23.235327024020478,22.984586715698242,22.984586715698242,457,0.0,0.0,0.0
2018-10-12 00:00:00-04:00,22.934520721435547,22.934520721435547,22.934520721435547,22.934520721435547,101,0.0,0.0,0.0
2018-10-15 00:00:00-04:00,22.934436798095703,22.934436798095703,22.934436798095703,22.934436798095703,134,0.0,0.0,0.0
2018-10-16 00:00:00-04:00,22.934436798095703,22.934436798095703,22.934436798095703,22.934436798095703,0,0.0,0.0,0.0
2018-10-17 00:00:00-04:00,22.934436798095703,22.934436798095703,22.934436798095703,22.934436798095703,0,0.0,0.0,0.0
2018-10-18 00:00:00-04:00,22.934436798095703,22.934436798095703,22.934436798095703,22.934436798095703,0,0.0,0.0,0.0
2018-10-19 00:00:00-04:00,22.934436798095703,22.934436798095703,22.934436798095703,22.934436798095703,0,0.0,0.0,0.0
2018-10-22 00:00:00-04:00,22.934436798095703,22.934436798095703,22.934436798095703,22.934436798095703,0,0.0,0.0,0.0
2018-10-23 00:00:00-04:00,22.934436798095703,22.934436798095703,22.934436798095703,22.934436798095703,0,0.0,0.0,0.0
2018-10-24 00:00:00-04:00,22.106993046697582,22.106993046697582,21.781028747558594,21.781028747558594,2100,0.0,0.0,0.0
2018-10-25 00:00:00-04:00,21.781028747558594,21.781028747558594,21.781028747558594,21.781028747558594,0,0.0,0.0,0.0
2018-10-26 00:00:00-04:00,21.781028747558594,21.781028747558594,21.781028747558594,21.781028747558594,0,0.0,0.0,0.0
2018-10-29 00:00:00-04:00,21.781028747558594,21.781028747558594,21.781028747558594,21.781028747558594,0,0.0,0.0,0.0
2018-10-30 00:00:00-04:00,21.781028747558594,21.781028747558594,21.781028747558594,21.781028747558594,0,0.0,0.0,0.0
2018-10-31 00:00:00-04:00,22.065200805664062,22.065200805664062,22.065200805664062,22.065200805664062,100,0.0,0.0,0.0
2018-11-01 00:00:00-04:00,22.065200805664062,22.065200805664062,22.065200805664062,22.065200805664062,0,0.0,0.0,0.0
2018-11-02 00:00:00-04:00,22.065200805664062,22.065200805664062,22.065200805664062,22.065200805664062,0,0.0,0.0,0.0
2018-11-05 00:00:00-05:00,22.420251846313477,22.420251846313477,22.420251846313477,22.420251846313477,101,0.0,0.0,0.0
2018-11-06 00:00:00-05:00,22.610729217529297,22.610729217529297,22.610729217529297,22.610729217529297,102,0.0,0.0,0.0
2018-11-07 00:00:00-05:00,22.610729217529297,22.610729217529297,22.610729217529297,22.610729217529297,0,0.0,0.0,0.0
2018-11-08 00:00:00-05:00,22.610729217529297,22.610729217529297,22.610729217529297,22.610729217529297,0,0.0,0.0,0.0
2018-11-09 00:00:00-05:00,22.441314351390144,22.575042724609375,22.399523238404164,22.575042724609375,2266,0.0,0.0,0.0
2018-11-12 00:00:00-05:00,22.132064819335938,22.132064819335938,22.132064819335938,22.132064819335938,100,0.0,0.0,0.0
2018-11-13 00:00:00-05:00,21.939834594726562,21.939834594726562,21.939834594726562,21.939834594726562,21543,0.0,0.0,0.0
2018-11-14 00:00:00-05:00,21.872966766357422,21.872966766357422,21.872966766357422,21.872966766357422,10200,0.0,0.0,0.0
2018-11-15 00:00:00-05:00,21.706477054279993,22.27415390790544,21.706477054279993,22.18221664428711,12145,0.0,0.0,0.0
2018-11-16 00:00:00-05:00,22.132067969694365,22.157142639160156,22.132067969694365,22.157142639160156,500,0.0,0.0,0.0
2018-11-19 00:00:00-05:00,22.157142639160156,22.157142639160156,22.157142639160156,22.157142639160156,0,0.0,0.0,0.0
2018-11-20 00:00:00-05:00,22.157142639160156,22.157142639160156,22.157142639160156,22.157142639160156,0,0.0,0.0,0.0
2018-11-21 00:00:00-05:00,21.480141570365145,21.480141570365145,21.44670867919922,21.44670867919922,301,0.0,0.0,0.0
2018-11-23 00:00:00-05:00,21.44670867919922,21.44670867919922,21.44670867919922,21.44670867919922,0,0.0,0.0,0.0
2018-11-26 00:00:00-05:00,21.44670867919922,21.44670867919922,21.44670867919922,21.44670867919922,0,0.0,0.0,0.0
2018-11-27 00:00:00-05:00,21.605512619018555,21.605512619018555,21.605512619018555,21.605512619018555,100,0.0,0.0,0.0
2018-11-28 00:00:00-05:00,21.605512619018555,21.605512619018555,21.605512619018555,21.605512619018555,0,0.0,0.0,0.0
2018-11-29 00:00:00-05:00,21.605512619018555,21.605512619018555,21.605512619018555,21.605512619018555,0,0.0,0.0,0.0
2018-11-30 00:00:00-05:00,21.605512619018555,21.605512619018555,21.605512619018555,21.605512619018555,0,0.0,0.0,0.0
2018-12-03 00:00:00-05:00,21.605512619018555,21.605512619018555,21.605512619018555,21.605512619018555,0,0.0,0.0,0.0
2018-12-04 00:00:00-05:00,21.605512619018555,21.605512619018555,21.605512619018555,21.605512619018555,0,0.0,0.0,0.0
2018-12-06 00:00:00-05:00,21.605512619018555,21.605512619018555,21.605512619018555,21.605512619018555,0,0.0,0.0,0.0
2018-12-07 00:00:00-05:00,21.605512619018555,21.605512619018555,21.605512619018555,21.605512619018555,0,0.0,0.0,0.0
2018-12-10 00:00:00-05:00,21.605512619018555,21.605512619018555,21.605512619018555,21.605512619018555,0,0.0,0.0,0.0
2018-12-11 00:00:00-05:00,21.605512619018555,21.605512619018555,21.605512619018555,21.605512619018555,0,0.0,0.0,0.0
2018-12-12 00:00:00-05:00,21.605512619018555,21.605512619018555,21.605512619018555,21.605512619018555,0,0.0,0.0,0.0
2018-12-13 00:00:00-05:00,21.605512619018555,21.605512619018555,21.605512619018555,21.605512619018555,0,0.0,0.0,0.0
2018-12-14 00:00:00-05:00,21.605512619018555,21.605512619018555,21.605512619018555,21.605512619018555,0,0.0,0.0,0.0
2018-12-17 00:00:00-05:00,21.605512619018555,21.605512619018555,21.605512619018555,21.605512619018555,0,0.0,0.0,0.0
2018-12-18 00:00:00-05:00,21.605512619018555,21.605512619018555,21.605512619018555,21.605512619018555,0,0.0,0.0,0.0
2018-12-19 00:00:00-05:00,20.803138953623765,20.803138953623765,20.794780731201172,20.794780731201172,391,0.0,0.0,0.0
2018-12-20 00:00:00-05:00,20.159570693969727,20.159570693969727,20.159570693969727,20.159570693969727,1598,0.0,0.0,0.0
2018-12-21 00:00:00-05:00,19.49092998037633,19.53221893310547,19.49092998037633,19.53221893310547,600,0.0,0.0,0.0
2018-12-24 00:00:00-05:00,19.231830596923828,19.231830596923828,19.231830596923828,19.231830596923828,850,0.0,0.0,0.0
2018-12-26 00:00:00-05:00,19.231830596923828,19.231830596923828,19.231830596923828,19.231830596923828,0,0.0,0.0,0.0
2018-12-27 00:00:00-05:00,19.282949447631836,19.282949447631836,19.282949447631836,19.282949447631836,0,0.061,0.0,0.0
2018-12-28 00:00:00-05:00,20.171258274713985,20.17972183227539,20.171258274713985,20.17972183227539,3240,0.0,0.0,0.0
2018-12-31 00:00:00-05:00,20.25505828857422,20.25505828857422,20.25505828857422,20.25505828857422,102,0.0,0.0,0.0
2019-01-02 00:00:00-05:00,19.936611021065158,20.246679306030273,19.936611021065158,20.246679306030273,852,0.0,0.0,0.0
2019-01-03 00:00:00-05:00,19.911469888727442,19.978511810302734,19.911469888727442,19.978511810302734,203,0.0,0.0,0.0
2019-01-04 00:00:00-05:00,20.296960830688477,20.296960830688477,20.296960830688477,20.296960830688477,401,0.0,0.0,0.0
2019-01-07 00:00:00-05:00,20.72435081224578,20.8165340423584,20.72435081224578,20.8165340423584,400,0.0,0.0,0.0
2019-01-08 00:00:00-05:00,20.83329641041927,21.06475830078125,20.83329641041927,21.06475830078125,801,0.0,0.0,0.0
2019-01-09 00:00:00-05:00,21.202025706106117,21.26068878173828,21.202025706106117,21.26068878173828,300,0.0,0.0,0.0
2019-01-10 00:00:00-05:00,21.15174674987793,21.15174674987793,21.15174674987793,21.15174674987793,201,0.0,0.0,0.0
2019-01-11 00:00:00-05:00,21.310970306396484,21.310970306396484,21.310970306396484,21.310970306396484,300,0.0,0.0,0.0
2019-01-14 00:00:00-05:00,21.310970306396484,21.310970306396484,21.310970306396484,21.310970306396484,0,0.0,0.0,0.0
2019-01-15 00:00:00-05:00,21.361249923706055,21.361249923706055,21.361249923706055,21.361249923706055,300,0.0,0.0,0.0
2019-01-16 00:00:00-05:00,21.49533462524414,21.49533462524414,21.49533462524414,21.49533462524414,200,0.0,0.0,0.0
2019-01-17 00:00:00-05:00,21.49533462524414,21.49533462524414,21.49533462524414,21.49533462524414,0,0.0,0.0,0.0
2019-01-18 00:00:00-05:00,21.88920543647186,22.11547088623047,21.88920543647186,22.11547088623047,1014,0.0,0.0,0.0
2019-01-22 00:00:00-05:00,22.11547088623047,22.11547088623047,22.11547088623047,22.11547088623047,0,0.0,0.0,0.0
2019-01-23 00:00:00-05:00,21.85149574279785,21.85149574279785,21.85149574279785,21.85149574279785,100,0.0,0.0,0.0
2019-01-24 00:00:00-05:00,21.85149574279785,21.85149574279785,21.85149574279785,21.85149574279785,0,0.0,0.0,0.0
2019-01-25 00:00:00-05:00,21.85149574279785,21.85149574279785,21.85149574279785,21.85149574279785,0,0.0,0.0,0.0
2019-01-28 00:00:00-05:00,21.85149574279785,21.85149574279785,21.85149574279785,21.85149574279785,0,0.0,0.0,0.0
2019-01-29 00:00:00-05:00,21.85149574279785,21.85149574279785,21.85149574279785,21.85149574279785,0,0.0,0.0,0.0
2019-01-30 00:00:00-05:00,21.85149574279785,21.85149574279785,21.85149574279785,21.85149574279785,0,0.0,0.0,0.0
2019-01-31 00:00:00-05:00,21.85149574279785,21.85149574279785,21.85149574279785,21.85149574279785,0,0.0,0.0,0.0
2019-02-01 00:00:00-05:00,22.35850343531623,22.35850343531623,22.304031372070312,22.304031372070312,3800,0.0,0.0,0.0
2019-02-04 00:00:00-05:00,22.304031372070312,22.304031372070312,22.304031372070312,22.304031372070312,0,0.0,0.0,0.0
2019-02-05 00:00:00-05:00,22.58468548714301,23.43117388913473,22.51772827900107,22.58477020263672,3400,0.0,0.0,0.0
2019-02-06 00:00:00-05:00,22.58477020263672,22.58477020263672,22.58477020263672,22.58477020263672,0,0.0,0.0,0.0
2019-02-07 00:00:00-05:00,22.58477020263672,22.58477020263672,22.58477020263672,22.58477020263672,0,0.0,0.0,0.0
2019-02-08 00:00:00-05:00,22.58477020263672,22.58477020263672,22.58477020263672,22.58477020263672,0,0.0,0.0,0.0
2019-02-11 00:00:00-05:00,22.58477020263672,22.58477020263672,22.58477020263672,22.58477020263672,0,0.0,0.0,0.0
2019-02-12 00:00:00-05:00,22.58477020263672,22.58477020263672,22.58477020263672,22.58477020263672,0,0.0,0.0,0.0
2019-02-13 00:00:00-05:00,22.58477020263672,22.58477020263672,22.58477020263672,22.58477020263672,0,0.0,0.0,0.0
2019-02-14 00:00:00-05:00,22.58477020263672,22.58477020263672,22.58477020263672,22.58477020263672,0,0.0,0.0,0.0
2019-02-15 00:00:00-05:00,22.58477020263672,22.58477020263672,22.58477020263672,22.58477020263672,0,0.0,0.0,0.0
2019-02-19 00:00:00-05:00,22.58477020263672,22.58477020263672,22.58477020263672,22.58477020263672,0,0.0,0.0,0.0
2019-02-20 00:00:00-05:00,23.263566970825195,23.263566970825195,23.263566970825195,23.263566970825195,186,0.0,0.0,0.0
2019-02-21 00:00:00-05:00,22.685330060202393,23.06973216956711,22.676949620770568,23.003780364990234,10592,0.0,0.0,0.0
2019-02-22 00:00:00-05:00,23.196441854396134,23.221583173659674,23.153703689575195,23.153703689575195,2786,0.0,0.0,0.0
2019-02-25 00:00:00-05:00,23.238426694402726,23.238426694402726,23.129484176635742,23.129484176635742,432,0.0,0.0,0.0
2019-02-26 00:00:00-05:00,23.11272501889716,23.178929377649222,23.11272501889716,23.177671432495117,640,0.0,0.0,0.0
2019-02-27 00:00:00-05:00,23.145405027941145,23.171383910155622,23.144148681333096,23.15462303161621,3479,0.0,0.0,0.0
2019-02-28 00:00:00-05:00,23.16719434791561,23.16719434791561,23.146244049072266,23.146244049072266,9642,0.0,0.0,0.0
2019-03-01 00:00:00-05:00,23.324493408203125,23.324493408203125,23.324493408203125,23.324493408203125,355,0.0,0.0,0.0
2019-03-04 00:00:00-05:00,23.288707582473503,23.288707582473503,23.101826830783242,23.21957015991211,4960,0.0,0.0,0.0
2019-03-05 00:00:00-05:00,22.86131690819724,23.255187985132075,22.86131690819724,23.234405517578125,1674,0.0,0.0,0.0
2019-03-06 00:00:00-05:00,22.93674087524414,22.93674087524414,22.93674087524414,22.93674087524414,100,0.0,0.0,0.0
2019-03-07 00:00:00-05:00,22.880758570626362,22.942270007933182,22.880758570626362,22.911598205566406,993,0.0,0.0,0.0
2019-03-08 00:00:00-05:00,22.632283608682442,22.693710327148438,22.632283608682442,22.693710327148438,2047,0.0,0.0,0.0
2019-03-11 00:00:00-04:00,22.86969566345215,22.86969566345215,22.86969566345215,22.86969566345215,403,0.0,0.0,0.0
2019-03-12 00:00:00-04:00,23.129483312212454,23.15462303161621,23.129483312212454,23.15462303161621,300,0.0,0.0,0.0
2019-03-13 00:00:00-04:00,23.33899071497498,23.33899071497498,23.288206177429203,23.330610275268555,1799,0.0,0.0,0.0
2019-03-14 00:00:00-04:00,23.330610275268555,23.330610275268555,23.330610275268555,23.330610275268555,0,0.0,0.0,0.0
2019-03-15 00:00:00-04:00,23.28032875061035,23.28032875061035,23.28032875061035,23.28032875061035,369,0.0,0.0,0.0
2019-03-18 00:00:00-04:00,23.301278552756642,23.389102935791016,23.301278552756642,23.389102935791016,2683,0.0,0.0,0.0
2019-03-19 00:00:00-04:00,23.414413452148438,23.422793891990235,23.414413452148438,23.414413452148438,714,0.0,0.0,0.0
2019-03-20 00:00:00-04:00,23.26021694848779,23.44374426590386,23.260132232997996,23.338991165161133,2606,0.0,0.0,0.0
2019-03-21 00:00:00-04:00,23.65576359978525,23.6708477514463,23.638165156446462,23.66581916809082,1267,0.0,0.0,0.0
2019-03-22 00:00:00-04:00,23.46469275397486,23.46469275397486,23.30546760559082,23.30546760559082,2171,0.0,0.0,0.0
2019-03-25 00:00:00-04:00,23.30546760559082,23.30546760559082,23.30546760559082,23.30546760559082,0,0.0,0.0,0.0
2019-03-26 00:00:00-04:00,23.548498680872488,23.56525956154405,23.481456756591797,23.481456756591797,1146,0.0,0.0,0.0
2019-03-27 00:00:00-04:00,23.6574393497699,23.6574393497699,23.317118054132372,23.43703842163086,3174,0.0,0.0,0.0
2019-03-28 00:00:00-04:00,23.438716990400977,23.481456756591797,23.40603439197532,23.481456756591797,3554,0.0,0.0,0.0
2019-03-29 00:00:00-04:00,23.531735217753884,23.589559130841106,23.531735217753884,23.571123123168945,3541,0.0,0.0,0.0
2019-04-01 00:00:00-04:00,23.66197967529297,23.66197967529297,23.66197967529297,23.66197967529297,0,0.108,0.0,0.0
2019-04-02 00:00:00-04:00,23.639266765375954,23.689741618113942,23.63085402249185,23.653568267822266,4242,0.0,0.0,0.0
2019-04-03 00:00:00-04:00,23.711188871039717,23.74383056438095,23.62243709686235,23.630849838256836,1624,0.0,0.0,0.0
2019-04-04 00:00:00-04:00,23.60561485303714,23.622440338134766,23.5383145172132,23.622440338134766,1906,0.0,0.0,0.0
2019-04-05 00:00:00-04:00,23.773867214498875,23.773867214498875,23.771343231201172,23.771343231201172,905,0.0,0.0,0.0
2019-04-08 00:00:00-04:00,23.72338760914685,23.740211486816406,23.72086362635484,23.740211486816406,3393,0.0,0.0,0.0
2019-04-09 00:00:00-04:00,23.67291393228781,23.68973941649233,23.664501190185547,23.664501190185547,1718,0.0,0.0,0.0
2019-04-10 00:00:00-04:00,23.78219223022461,23.78219223022461,23.78219223022461,23.78219223022461,1319,0.0,0.0,0.0
2019-04-11 00:00:00-04:00,23.79068889502238,26.00318855233374,23.782276153564453,23.782276153564453,3544,0.0,0.0,0.0
2019-04-12 00:00:00-04:00,23.790689446216383,23.798596749452162,23.763853073120117,23.763853073120117,3191,0.0,0.0,0.0
2019-04-15 00:00:00-04:00,23.773865891062133,23.790691375732422,23.773865891062133,23.790691375732422,1100,0.0,0.0,0.0
2019-04-16 00:00:00-04:00,23.672915188861076,23.672915188861076,23.471014181389258,23.622440338134766,7041,0.0,0.0,0.0
2019-04-17 00:00:00-04:00,23.622440338134766,23.622440338134766,23.622440338134766,23.622440338134766,0,0.0,0.0,0.0
2019-04-18 00:00:00-04:00,23.622440338134766,23.622440338134766,23.622440338134766,23.622440338134766,0,0.0,0.0,0.0
2019-04-22 00:00:00-04:00,23.622440338134766,23.622440338134766,23.622440338134766,23.622440338134766,0,0.0,0.0,0.0
2019-04-23 00:00:00-04:00,23.305707931518555,23.305707931518555,23.305707931518555,23.305707931518555,355,0.0,0.0,0.0
2019-04-24 00:00:00-04:00,23.605615615844727,23.605615615844727,23.605615615844727,23.605615615844727,250,0.0,0.0,0.0
2019-04-25 00:00:00-04:00,23.605615615844727,23.605615615844727,23.605615615844727,23.605615615844727,0,0.0,0.0,0.0
2019-04-26 00:00:00-04:00,23.605615615844727,23.605615615844727,23.605615615844727,23.605615615844727,0,0.0,0.0,0.0
2019-04-29 00:00:00-04:00,23.605615615844727,23.605615615844727,23.605615615844727,23.605615615844727,0,0.0,0.0,0.0
2019-04-30 00:00:00-04:00,23.5299015045166,23.5299015045166,23.5299015045166,23.5299015045166,200,0.0,0.0,0.0
2019-05-01 00:00:00-04:00,23.605615615844727,23.605615615844727,23.605615615844727,23.605615615844727,425,0.0,0.0,0.0
2019-05-02 00:00:00-04:00,23.605615615844727,23.605615615844727,23.605615615844727,23.605615615844727,0,0.0,0.0,0.0
2019-05-03 00:00:00-04:00,23.605615615844727,23.605615615844727,23.605615615844727,23.605615615844727,0,0.0,0.0,0.0
2019-05-06 00:00:00-04:00,23.639266967773438,23.639266967773438,23.639266967773438,23.639266967773438,100,0.0,0.0,0.0
2019-05-07 00:00:00-04:00,23.109273067884953,23.10961002684795,23.092449188232422,23.092449188232422,812,0.0,0.0,0.0
2019-05-08 00:00:00-04:00,23.26911163330078,23.26911163330078,23.26911163330078,23.26911163330078,101,0.0,0.0,0.0
2019-05-09 00:00:00-04:00,23.26911163330078,23.26911163330078,23.26911163330078,23.26911163330078,0,0.0,0.0,0.0
2019-05-10 00:00:00-04:00,23.26911163330078,23.26911163330078,23.26911163330078,23.26911163330078,0,0.0,0.0,0.0
2019-05-13 00:00:00-04:00,22.88213518432614,22.890968322753906,22.88213518432614,22.890968322753906,368,0.0,0.0,0.0
2019-05-14 00:00:00-04:00,23.126097885817266,23.126434844770554,20.644396799405534,21.08184814453125,4338,0.0,0.0,0.0
2019-05-15 00:00:00-04:00,22.92419933636467,23.227051657572453,22.92419933636467,23.151338577270508,1575,0.0,0.0,0.0
2019-05-16 00:00:00-04:00,23.47101367098386,23.504833119933974,23.344825744628906,23.344825744628906,2325,0.0,0.0,0.0
2019-05-17 00:00:00-04:00,23.344825744628906,23.344825744628906,23.344825744628906,23.344825744628906,0,0.0,0.0,0.0
2019-05-20 00:00:00-04:00,23.344825744628906,23.344825744628906,23.344825744628906,23.344825744628906,0,0.0,0.0,0.0
2019-05-21 00:00:00-04:00,23.403798268344545,23.403798268344545,23.40371322631836,23.40371322631836,200,0.0,0.0,0.0
2019-05-22 00:00:00-04:00,23.40371322631836,23.40371322631836,23.40371322631836,23.40371322631836,0,0.0,0.0,0.0
2019-05-23 00:00:00-04:00,23.40371322631836,23.40371322631836,23.40371322631836,23.40371322631836,0,0.0,0.0,0.0
2019-05-24 00:00:00-04:00,23.19424093147551,23.19424093147551,23.07562495182021,23.075708389282227,616,0.0,0.0,0.0
2019-05-28 00:00:00-04:00,23.075708389282227,23.075708389282227,23.075708389282227,23.075708389282227,0,0.0,0.0,0.0
2019-05-29 00:00:00-04:00,22.97467550143145,22.97467550143145,22.545635223388672,22.545635223388672,728,0.0,0.0,0.0
2019-05-30 00:00:00-04:00,22.764360847814906,22.764529327312566,22.621347427368164,22.621347427368164,1963,0.0,0.0,0.0
2019-05-31 00:00:00-04:00,22.621347427368164,22.621347427368164,22.621347427368164,22.621347427368164,0,0.0,0.0,0.0
2019-06-03 00:00:00-04:00,22.621347427368164,22.621347427368164,22.621347427368164,22.621347427368164,0,0.0,0.0,0.0
2019-06-04 00:00:00-04:00,23.01673583863212,23.016904318111603,22.999910354614258,22.999910354614258,607,0.0,0.0,0.0
2019-06-05 00:00:00-04:00,23.21863800743973,23.31958770751953,23.1429249300966,23.31958770751953,1743,0.0,0.0,0.0
2019-06-06 00:00:00-04:00,23.31958770751953,23.31958770751953,23.31958770751953,23.31958770751953,0,0.0,0.0,0.0
2019-06-07 00:00:00-04:00,23.31958770751953,23.31958770751953,23.31958770751953,23.31958770751953,0,0.0,0.0,0.0
2019-06-10 00:00:00-04:00,23.31958770751953,23.31958770751953,23.31958770751953,23.31958770751953,0,0.0,0.0,0.0
2019-06-11 00:00:00-04:00,23.757037750041455,23.757037750041455,23.630849838256836,23.630849838256836,471,0.0,0.0,0.0
2019-06-12 00:00:00-04:00,23.630849838256836,23.630849838256836,23.630849838256836,23.630849838256836,0,0.0,0.0,0.0
2019-06-13 00:00:00-04:00,23.88331413269043,23.88331413269043,23.88331413269043,23.88331413269043,448,0.0,0.0,0.0
2019-06-14 00:00:00-04:00,23.88331413269043,23.88331413269043,23.88331413269043,23.88331413269043,0,0.0,0.0,0.0
2019-06-17 00:00:00-04:00,23.88331413269043,23.88331413269043,23.88331413269043,23.88331413269043,0,0.0,0.0,0.0
2019-06-18 00:00:00-04:00,23.88331413269043,23.88331413269043,23.88331413269043,23.88331413269043,0,0.0,0.0,0.0
2019-06-19 00:00:00-04:00,23.88331413269043,23.88331413269043,23.88331413269043,23.88331413269043,0,0.0,0.0,0.0
2019-06-20 00:00:00-04:00,23.88331413269043,23.88331413269043,23.88331413269043,23.88331413269043,0,0.0,0.0,0.0
2019-06-21 00:00:00-04:00,23.88331413269043,23.88331413269043,23.88331413269043,23.88331413269043,0,0.0,0.0,0.0
2019-06-24 00:00:00-04:00,23.88331413269043,23.88331413269043,23.88331413269043,23.88331413269043,0,0.0,0.0,0.0
2019-06-25 00:00:00-04:00,23.958940505981445,23.958940505981445,23.958940505981445,23.958940505981445,100,0.0,0.0,0.0
2019-06-26 00:00:00-04:00,23.958940505981445,23.958940505981445,23.958940505981445,23.958940505981445,0,0.0,0.0,0.0
2019-06-27 00:00:00-04:00,23.958940505981445,23.958940505981445,23.958940505981445,23.958940505981445,0,0.0,0.0,0.0
2019-06-28 00:00:00-04:00,23.958940505981445,23.958940505981445,23.958940505981445,23.958940505981445,0,0.0,0.0,0.0
2019-07-01 00:00:00-04:00,24.050140380859375,24.050140380859375,24.050140380859375,24.050140380859375,0,0.108,0.0,0.0
2019-07-02 00:00:00-04:00,24.050140380859375,24.050140380859375,24.050140380859375,24.050140380859375,0,0.0,0.0,0.0
2019-07-03 00:00:00-04:00,24.32552082542775,24.430148623086016,24.286674580505224,24.320453643798828,21919,0.0,0.0,0.0
2019-07-05 00:00:00-04:00,24.168366996149445,24.252811431884766,24.168366996149445,24.252811431884766,401,0.0,0.0,0.0
2019-07-08 00:00:00-04:00,24.227479934692383,24.227479934692383,24.227479934692383,24.227479934692383,463,0.0,0.0,0.0
2019-07-09 00:00:00-04:00,24.278146743774414,24.278146743774414,24.278146743774414,24.278146743774414,836,0.0,0.0,0.0
2019-07-10 00:00:00-04:00,24.337256410845825,24.337256410845825,24.311923725506084,24.328811645507812,1438,0.0,0.0,0.0
2019-07-11 00:00:00-04:00,24.328811645507812,24.328811645507812,24.328811645507812,24.328811645507812,0,0.0,0.0,0.0
2019-07-12 00:00:00-04:00,24.33303491634841,24.362590789794922,24.308629979320536,24.362590789794922,1043,0.0,0.0,0.0
2019-07-15 00:00:00-04:00,24.362590789794922,24.362590789794922,24.362590789794922,24.362590789794922,0,0.0,0.0,0.0
2019-07-16 00:00:00-04:00,24.362590789794922,24.362590789794922,24.362590789794922,24.362590789794922,0,0.0,0.0,0.0
2019-07-17 00:00:00-04:00,24.362590789794922,24.362590789794922,24.362590789794922,24.362590789794922,0,0.0,0.0,0.0
2019-07-18 00:00:00-04:00,24.185256024310192,24.193700790405273,24.185256024310192,24.193700790405273,500,0.0,0.0,0.0
2019-07-19 00:00:00-04:00,24.281436920166016,24.281436920166016,24.281436920166016,24.281436920166016,330,0.0,0.0,0.0
2019-07-22 00:00:00-04:00,24.117695872158112,24.143030166625977,24.117695872158112,24.143030166625977,505,0.0,0.0,0.0
2019-07-23 00:00:00-04:00,24.083921432495117,24.083921432495117,24.083921432495117,24.083921432495117,500,0.0,0.0,0.0
2019-07-24 00:00:00-04:00,24.083921432495117,24.083921432495117,24.083921432495117,24.083921432495117,0,0.0,0.0,0.0
2019-07-25 00:00:00-04:00,24.176807403564453,24.176807403564453,24.176807403564453,24.176807403564453,100,0.0,0.0,0.0
2019-07-26 00:00:00-04:00,24.176807403564453,24.176807403564453,24.176807403564453,24.176807403564453,0,0.0,0.0,0.0
2019-07-29 00:00:00-04:00,24.286590535473472,24.28675965628234,24.26970100402832,24.26970100402832,365,0.0,0.0,0.0
2019-07-30 00:00:00-04:00,24.26970100402832,24.26970100402832,24.26970100402832,24.26970100402832,0,0.0,0.0,0.0
2019-07-31 00:00:00-04:00,24.26970100402832,24.26970100402832,24.26970100402832,24.26970100402832,0,0.0,0.0,0.0
2019-08-01 00:00:00-04:00,24.10080909729004,24.10080909729004,24.10080909729004,24.10080909729004,400,0.0,0.0,0.0
2019-08-02 00:00:00-04:00,24.10080909729004,24.10080909729004,24.10080909729004,24.10080909729004,0,0.0,0.0,0.0
2019-08-05 00:00:00-04:00,23.281686782836914,23.281686782836914,23.281686782836914,23.281686782836914,100,0.0,0.0,0.0
2019-08-06 00:00:00-04:00,23.281686782836914,23.281686782836914,23.281686782836914,23.281686782836914,0,0.0,0.0,0.0
2019-08-07 00:00:00-04:00,23.079017639160156,23.079017639160156,23.079017639160156,23.079017639160156,200,0.0,0.0,0.0
2019-08-08 00:00:00-04:00,23.58568991396405,23.830581665039062,23.58568991396405,23.830581665039062,600,0.0,0.0,0.0
2019-08-09 00:00:00-04:00,23.640580516114436,23.64480209350586,23.640580516114436,23.64480209350586,500,0.0,0.0,0.0
2019-08-12 00:00:00-04:00,23.387244859583,23.391468048095703,23.387244859583,23.391468048095703,300,0.0,0.0,0.0
2019-08-13 00:00:00-04:00,23.67013754043676,23.67013754043676,23.602581024169922,23.602581024169922,300,0.0,0.0,0.0
2019-08-14 00:00:00-04:00,23.602581024169922,23.602581024169922,23.602581024169922,23.602581024169922,0,0.0,0.0,0.0
2019-08-15 00:00:00-04:00,23.053682543165866,23.053682543165866,23.01990509033203,23.01990509033203,1152,0.0,0.0,0.0
2019-08-16 00:00:00-04:00,23.323911666870117,23.323911666870117,23.323911666870117,23.323911666870117,100,0.0,0.0,0.0
2019-08-19 00:00:00-04:00,23.56035614013672,23.56035614013672,23.56035614013672,23.56035614013672,214,0.0,0.0,0.0
2019-08-20 00:00:00-04:00,23.433687378359704,23.43377113342285,23.433687378359704,23.43377113342285,355,0.0,0.0,0.0
2019-08-21 00:00:00-04:00,23.43377113342285,23.43377113342285,23.43377113342285,23.43377113342285,0,0.0,0.0,0.0
2019-08-22 00:00:00-04:00,23.560355078452318,23.636356353759766,23.560355078452318,23.636356353759766,686,0.0,0.0,0.0
2019-08-23 00:00:00-04:00,23.366130828857422,23.366130828857422,23.366130828857422,23.366130828857422,120,0.0,0.0,0.0
2019-08-26 00:00:00-04:00,23.1803540987638,23.180521608913484,23.146575032810166,23.17190933227539,1209,0.0,0.0,0.0
2019-08-27 00:00:00-04:00,23.256354648654245,23.256522158798614,23.239465116213264,23.248077392578125,853,0.0,0.0,0.0
2019-08-28 00:00:00-04:00,23.248077392578125,23.248077392578125,23.248077392578125,23.248077392578125,0,0.0,0.0,0.0
2019-08-29 00:00:00-04:00,23.248077392578125,23.248077392578125,23.248077392578125,23.248077392578125,0,0.0,0.0,0.0
2019-08-30 00:00:00-04:00,23.248077392578125,23.248077392578125,23.248077392578125,23.248077392578125,0,0.0,0.0,0.0
2019-09-03 00:00:00-04:00,23.248077392578125,23.248077392578125,23.248077392578125,23.248077392578125,0,0.0,0.0,0.0
2019-09-04 00:00:00-04:00,23.648939957039666,23.661691665649414,23.648939957039666,23.661691665649414,1033,0.0,0.0,0.0
2019-09-05 00:00:00-04:00,23.839027404785156,23.839027404785156,23.839027404785156,23.839027404785156,102,0.0,0.0,0.0
2019-09-06 00:00:00-04:00,23.839027404785156,23.839027404785156,23.839027404785156,23.839027404785156,0,0.0,0.0,0.0
2019-09-09 00:00:00-04:00,23.68702507019043,23.68702507019043,23.68702507019043,23.68702507019043,100,0.0,0.0,0.0
2019-09-10 00:00:00-04:00,23.68702507019043,23.68702507019043,23.68702507019043,23.68702507019043,0,0.0,0.0,0.0
2019-09-11 00:00:00-04:00,23.80525016784668,23.80525016784668,23.80525016784668,23.80525016784668,130,0.0,0.0,0.0
2019-09-12 00:00:00-04:00,23.80525016784668,23.80525016784668,23.80525016784668,23.80525016784668,0,0.0,0.0,0.0
2019-09-13 00:00:00-04:00,23.943655014038086,23.943655014038086,23.943655014038086,23.943655014038086,2000,0.0,0.0,0.0
2019-09-16 00:00:00-04:00,23.91502713976733,23.918659210205078,23.89813760956322,23.918659210205078,1564,0.0,0.0,0.0
2019-09-17 00:00:00-04:00,24.02480697631836,24.02480697631836,24.02480697631836,24.02480697631836,101,0.0,0.0,0.0
2019-09-18 00:00:00-04:00,23.813695907592773,23.813695907592773,23.813695907592773,23.813695907592773,101,0.0,0.0,0.0
2019-09-19 00:00:00-04:00,23.813695907592773,23.813695907592773,23.813695907592773,23.813695907592773,0,0.0,0.0,0.0
2019-09-20 00:00:00-04:00,23.872804641723633,23.872804641723633,23.872804641723633,23.872804641723633,101,0.0,0.0,0.0
2019-09-23 00:00:00-04:00,23.872804641723633,23.872804641723633,23.872804641723633,23.872804641723633,0,0.0,0.0,0.0
2019-09-24 00:00:00-04:00,23.872804641723633,23.872804641723633,23.872804641723633,23.872804641723633,0,0.0,0.0,0.0
2019-09-25 00:00:00-04:00,23.872804641723633,23.872804641723633,23.872804641723633,23.872804641723633,0,0.0,0.0,0.0
2019-09-26 00:00:00-04:00,23.872804641723633,23.872804641723633,23.872804641723633,23.872804641723633,0,0.0,0.0,0.0
2019-09-27 00:00:00-04:00,23.872804641723633,23.872804641723633,23.872804641723633,23.872804641723633,0,0.0,0.0,0.0
2019-09-30 00:00:00-04:00,23.68702507019043,23.68702507019043,23.68702507019043,23.68702507019043,100,0.0,0.0,0.0
2019-10-01 00:00:00-04:00,23.779430389404297,23.779430389404297,23.779430389404297,23.779430389404297,0,0.109,0.0,0.0
2019-10-02 00:00:00-04:00,23.20389175415039,23.20389175415039,23.20389175415039,23.20389175415039,161,0.0,0.0,0.0
2019-10-03 00:00:00-04:00,23.20389175415039,23.20389175415039,23.20389175415039,23.20389175415039,0,0.0,0.0,0.0
2019-10-04 00:00:00-04:00,23.20389175415039,23.20389175415039,23.20389175415039,23.20389175415039,0,0.0,0.0,0.0
2019-10-07 00:00:00-04:00,23.20389175415039,23.20389175415039,23.20389175415039,23.20389175415039,0,0.0,0.0,0.0
2019-10-08 00:00:00-04:00,23.287736892700195,23.287736892700195,23.287736892700195,23.287736892700195,100,0.0,0.0,0.0
2019-10-09 00:00:00-04:00,23.338600158691406,23.338600158691406,23.338600158691406,23.338600158691406,100,0.0,0.0,0.0
2019-10-10 00:00:00-04:00,23.48271942138672,23.48271942138672,23.48271942138672,23.48271942138672,100,0.0,0.0,0.0
2019-10-11 00:00:00-04:00,23.78790855407715,23.78790855407715,23.78790855407715,23.78790855407715,101,0.0,0.0,0.0
2019-10-14 00:00:00-04:00,23.78790855407715,23.78790855407715,23.78790855407715,23.78790855407715,0,0.0,0.0,0.0
2019-10-15 00:00:00-04:00,23.78790855407715,23.78790855407715,23.78790855407715,23.78790855407715,0,0.0,0.0,0.0
2019-10-16 00:00:00-04:00,23.78790855407715,23.78790855407715,23.78790855407715,23.78790855407715,0,0.0,0.0,0.0
2019-10-17 00:00:00-04:00,23.78790855407715,23.78790855407715,23.78790855407715,23.78790855407715,0,0.0,0.0,0.0
2019-10-18 00:00:00-04:00,23.78790855407715,23.78790855407715,23.78790855407715,23.78790855407715,0,0.0,0.0,0.0
2019-10-21 00:00:00-04:00,23.78790855407715,23.78790855407715,23.78790855407715,23.78790855407715,100,0.0,0.0,0.0
2019-10-22 00:00:00-04:00,23.78790855407715,23.78790855407715,23.78790855407715,23.78790855407715,0,0.0,0.0,0.0
2019-10-23 00:00:00-04:00,23.78790855407715,23.78790855407715,23.78790855407715,23.78790855407715,0,0.0,0.0,0.0
2019-10-24 00:00:00-04:00,23.78790855407715,23.78790855407715,23.78790855407715,23.78790855407715,0,0.0,0.0,0.0
2019-10-25 00:00:00-04:00,23.78790855407715,23.78790855407715,23.78790855407715,23.78790855407715,0,0.0,0.0,0.0
2019-10-28 00:00:00-04:00,23.78790855407715,23.78790855407715,23.78790855407715,23.78790855407715,0,0.0,0.0,0.0
2019-10-29 00:00:00-04:00,23.78790855407715,23.78790855407715,23.78790855407715,23.78790855407715,0,0.0,0.0,0.0
2019-10-30 00:00:00-04:00,23.94050407409668,23.94050407409668,23.94050407409668,23.94050407409668,100,0.0,0.0,0.0
2019-10-31 00:00:00-04:00,23.94050407409668,23.94050407409668,23.94050407409668,23.94050407409668,0,0.0,0.0,0.0
2019-11-01 00:00:00-04:00,23.94050407409668,23.94050407409668,23.94050407409668,23.94050407409668,0,0.0,0.0,0.0
2019-11-04 00:00:00-05:00,23.940503540929978,23.940503540929978,23.889638900756836,23.889638900756836,5240,0.0,0.0,0.0
2019-11-05 00:00:00-05:00,23.889638900756836,23.889638900756836,23.889638900756836,23.889638900756836,0,0.0,0.0,0.0
2019-11-06 00:00:00-05:00,23.889638900756836,23.889638900756836,23.889638900756836,23.889638900756836,0,0.0,0.0,0.0
2019-11-07 00:00:00-05:00,23.889638900756836,23.889638900756836,23.889638900756836,23.889638900756836,0,0.0,0.0,0.0
2019-11-08 00:00:00-05:00,23.889638900756836,23.889638900756836,23.889638900756836,23.889638900756836,0,0.0,0.0,0.0
2019-11-11 00:00:00-05:00,23.889638900756836,23.889638900756836,23.889638900756836,23.889638900756836,0,0.0,0.0,0.0
2019-11-12 00:00:00-05:00,23.889638900756836,23.889638900756836,23.889638900756836,23.889638900756836,0,0.0,0.0,0.0
2019-11-13 00:00:00-05:00,23.889638900756836,23.889638900756836,23.889638900756836,23.889638900756836,0,0.0,0.0,0.0
2019-11-14 00:00:00-05:00,23.96593475341797,23.96593475341797,23.96593475341797,23.96593475341797,500,0.0,0.0,0.0
2019-11-15 00:00:00-05:00,23.96593475341797,23.96593475341797,23.96593475341797,23.96593475341797,0,0.0,0.0,0.0
2019-11-18 00:00:00-05:00,24.21178605624107,24.21178605624107,24.207462310791016,24.207462310791016,130,0.0,0.0,0.0
2019-11-19 00:00:00-05:00,24.207462310791016,24.207462310791016,24.207462310791016,24.207462310791016,0,0.0,0.0,0.0
2019-11-20 00:00:00-05:00,24.207462310791016,24.207462310791016,24.207462310791016,24.207462310791016,0,0.0,0.0,0.0
2019-11-21 00:00:00-05:00,24.207462310791016,24.207462310791016,24.207462310791016,24.207462310791016,0,0.0,0.0,0.0
2019-11-22 00:00:00-05:00,24.207462310791016,24.207462310791016,24.207462310791016,24.207462310791016,0,0.0,0.0,0.0
2019-11-25 00:00:00-05:00,24.207462310791016,24.207462310791016,24.207462310791016,24.207462310791016,0,0.0,0.0,0.0
2019-11-26 00:00:00-05:00,24.207462310791016,24.207462310791016,24.207462310791016,24.207462310791016,0,0.0,0.0,0.0
2019-11-27 00:00:00-05:00,24.207462310791016,24.207462310791016,24.207462310791016,24.207462310791016,0,0.0,0.0,0.0
2019-11-29 00:00:00-05:00,24.207462310791016,24.207462310791016,24.207462310791016,24.207462310791016,0,0.0,0.0,0.0
2019-12-02 00:00:00-05:00,24.207462310791016,24.207462310791016,24.207462310791016,24.207462310791016,0,0.0,0.0,0.0
2019-12-03 00:00:00-05:00,24.207462310791016,24.207462310791016,24.207462310791016,24.207462310791016,0,0.0,0.0,0.0
2019-12-04 00:00:00-05:00,24.207462310791016,24.207462310791016,24.207462310791016,24.207462310791016,0,0.0,0.0,0.0
2019-12-05 00:00:00-05:00,24.207462310791016,24.207462310791016,24.207462310791016,24.207462310791016,0,0.0,0.0,0.0
2019-12-06 00:00:00-05:00,24.207462310791016,24.207462310791016,24.207462310791016,24.207462310791016,0,0.0,0.0,0.0
2019-12-09 00:00:00-05:00,24.394051084923795,24.394051084923795,24.36421012878418,24.36421012878418,410,0.0,0.0,0.0
2019-12-10 00:00:00-05:00,24.36421012878418,24.36421012878418,24.36421012878418,24.36421012878418,0,0.0,0.0,0.0
2019-12-11 00:00:00-05:00,24.36421012878418,24.36421012878418,24.36421012878418,24.36421012878418,0,0.0,0.0,0.0
2019-12-12 00:00:00-05:00,24.36421012878418,24.36421012878418,24.36421012878418,24.36421012878418,0,0.0,0.0,0.0
2019-12-13 00:00:00-05:00,24.36421012878418,24.36421012878418,24.36421012878418,24.36421012878418,0,0.0,0.0,0.0
2019-12-16 00:00:00-05:00,24.34742435729012,24.36505889892578,24.34742435729012,24.36505889892578,400,0.0,0.0,0.0
2019-12-17 00:00:00-05:00,24.36505889892578,24.36505889892578,24.36505889892578,24.36505889892578,0,0.0,0.0,0.0
2019-12-18 00:00:00-05:00,24.36505889892578,24.36505889892578,24.36505889892578,24.36505889892578,0,0.0,0.0,0.0
2019-12-19 00:00:00-05:00,24.36505889892578,24.36505889892578,24.36505889892578,24.36505889892578,0,0.0,0.0,0.0
2019-12-20 00:00:00-05:00,24.62718011951753,24.69856071472168,24.61022631861787,24.69856071472168,400,0.0,0.0,0.0
2019-12-23 00:00:00-05:00,24.69856071472168,24.69856071472168,24.69856071472168,24.69856071472168,0,0.0,0.0,0.0
2019-12-24 00:00:00-05:00,24.69856071472168,24.69856071472168,24.69856071472168,24.69856071472168,0,0.0,0.0,0.0
2019-12-26 00:00:00-05:00,24.69856071472168,24.69856071472168,24.69856071472168,24.69856071472168,0,0.0,0.0,0.0
2019-12-27 00:00:00-05:00,24.686472648050636,24.708698272705078,24.686472648050636,24.708698272705078,631,0.13,0.0,0.0
2019-12-30 00:00:00-05:00,24.708698272705078,24.708698272705078,24.708698272705078,24.708698272705078,0,0.0,0.0,0.0
2019-12-31 00:00:00-05:00,24.68647147120082,24.73918342590332,24.68647147120082,24.73918342590332,105,0.0,0.0,0.0
2020-01-02 00:00:00-05:00,24.73918342590332,24.73918342590332,24.73918342590332,24.73918342590332,0,0.0,0.0,0.0
2020-01-03 00:00:00-05:00,24.73918342590332,24.73918342590332,24.73918342590332,24.73918342590332,0,0.0,0.0,0.0
2020-01-06 00:00:00-05:00,24.643894360330208,24.788658142089844,24.643894360330208,24.788658142089844,11146,0.0,0.0,0.0
2020-01-07 00:00:00-05:00,24.82271823247353,24.82271823247353,24.694985871770903,24.746078491210938,1021,0.0,0.0,0.0
2020-01-08 00:00:00-05:00,24.746078303129938,24.83974945822896,24.729048512916084,24.79717254638672,7100,0.0,0.0,0.0
2020-01-09 00:00:00-05:00,24.831232904063118,24.873809814453125,24.784397328111098,24.873809814453125,669,0.0,0.0,0.0
2020-01-10 00:00:00-05:00,24.873809814453125,24.873809814453125,24.873809814453125,24.873809814453125,0,0.0,0.0,0.0
2020-01-13 00:00:00-05:00,24.873809814453125,24.873809814453125,24.873809814453125,24.873809814453125,0,0.0,0.0,0.0
2020-01-14 00:00:00-05:00,24.873809814453125,24.873809814453125,24.873809814453125,24.873809814453125,0,0.0,0.0,0.0
2020-01-15 00:00:00-05:00,24.873809814453125,24.873809814453125,24.873809814453125,24.873809814453125,0,0.0,0.0,0.0
2020-01-16 00:00:00-05:00,24.694988250732422,24.694988250732422,24.694988250732422,24.694988250732422,1008,0.0,0.0,0.0
2020-01-17 00:00:00-05:00,24.694988250732422,24.694988250732422,24.694988250732422,24.694988250732422,0,0.0,0.0,0.0
2020-01-21 00:00:00-05:00,25.410290657876907,25.45278311408244,25.376227826612382,25.423830032348633,8700,0.0,0.0,0.0
2020-01-22 00:00:00-05:00,25.423830032348633,25.423830032348633,25.423830032348633,25.423830032348633,0,0.0,0.0,0.0
2020-01-23 00:00:00-05:00,25.423830032348633,25.423830032348633,25.423830032348633,25.423830032348633,0,0.0,0.0,0.0
2020-01-24 00:00:00-05:00,25.435837901463838,25.435837901463838,25.197402954101562,25.197402954101562,3700,0.0,0.0,0.0
2020-01-27 00:00:00-05:00,25.197402954101562,25.197402954101562,25.197402954101562,25.197402954101562,0,0.0,0.0,0.0
2020-01-28 00:00:00-05:00,25.197402954101562,25.197402954101562,25.197402954101562,25.197402954101562,0,0.0,0.0,0.0
2020-01-29 00:00:00-05:00,25.197402954101562,25.197402954101562,25.197402954101562,25.197402954101562,0,0.0,0.0,0.0
2020-01-30 00:00:00-05:00,25.197402954101562,25.197402954101562,25.197402954101562,25.197402954101562,0,0.0,0.0,0.0
2020-01-31 00:00:00-05:00,25.197402954101562,25.197402954101562,25.197402954101562,25.197402954101562,0,0.0,0.0,0.0
2020-02-03 00:00:00-05:00,25.197402954101562,25.197402954101562,25.197402954101562,25.197402954101562,0,0.0,0.0,0.0
2020-02-04 00:00:00-05:00,24.184055911610557,25.316619043631107,24.184055911610557,25.2740421295166,5500,0.0,0.0,0.0
2020-02-05 00:00:00-05:00,25.3621781285996,25.3621781285996,25.316619173573972,25.333650588989258,3268,0.0,0.0,0.0
2020-02-06 00:00:00-05:00,25.333650588989258,25.333650588989258,25.333650588989258,25.333650588989258,0,0.0,0.0,0.0
2020-02-07 00:00:00-05:00,25.333650588989258,25.333650588989258,25.333650588989258,25.333650588989258,0,0.0,0.0,0.0
2020-02-10 00:00:00-05:00,25.333650588989258,25.333650588989258,25.333650588989258,25.333650588989258,0,0.0,0.0,0.0
2020-02-11 00:00:00-05:00,25.444351196289062,25.444351196289062,25.444351196289062,25.444351196289062,134,0.0,0.0,0.0
2020-02-12 00:00:00-05:00,25.444351196289062,25.444351196289062,25.444351196289062,25.444351196289062,0,0.0,0.0,0.0
2020-02-13 00:00:00-05:00,25.444351196289062,25.444351196289062,25.444351196289062,25.444351196289062,0,0.0,0.0,0.0
2020-02-14 00:00:00-05:00,25.444351196289062,25.444351196289062,25.444351196289062,25.444351196289062,0,0.0,0.0,0.0
2020-02-18 00:00:00-05:00,25.444351196289062,25.444351196289062,25.444351196289062,25.444351196289062,0,0.0,0.0,0.0
2020-02-19 00:00:00-05:00,25.444351196289062,25.444351196289062,25.444351196289062,25.444351196289062,0,0.0,0.0,0.0
2020-02-20 00:00:00-05:00,25.444351196289062,25.444351196289062,25.444351196289062,25.444351196289062,0,0.0,0.0,0.0
2020-02-21 00:00:00-05:00,25.444351196289062,25.444351196289062,25.444351196289062,25.444351196289062,0,0.0,0.0,0.0
2020-02-24 00:00:00-05:00,25.444351196289062,25.444351196289062,25.444351196289062,25.444351196289062,0,0.0,0.0,0.0
2020-02-25 00:00:00-05:00,24.74071414207941,24.74071414207941,24.204492568969727,24.204492568969727,118,0.0,0.0,0.0
2020-02-26 00:00:00-05:00,24.269210815429688,24.269210815429688,24.269210815429688,24.269210815429688,192,0.0,0.0,0.0
2020-02-27 00:00:00-05:00,24.269210815429688,24.269210815429688,24.269210815429688,24.269210815429688,0,0.0,0.0,0.0
2020-02-28 00:00:00-05:00,22.608686447143555,22.608686447143555,22.608686447143555,22.608686447143555,300,0.0,0.0,0.0
2020-03-02 00:00:00-05:00,22.847121103788908,23.53994369506836,22.847121103788908,23.53994369506836,173,0.0,0.0,0.0
2020-03-03 00:00:00-05:00,23.53994369506836,23.53994369506836,23.53994369506836,23.53994369506836,0,0.0,0.0,0.0
2020-03-04 00:00:00-05:00,23.62629030060542,24.00275993347168,23.62629030060542,24.00275993347168,110,0.0,0.0,0.0
2020-03-05 00:00:00-05:00,24.00275993347168,24.00275993347168,24.00275993347168,24.00275993347168,0,0.0,0.0,0.0
2020-03-06 00:00:00-05:00,24.00275993347168,24.00275993347168,24.00275993347168,24.00275993347168,0,0.0,0.0,0.0
2020-03-09 00:00:00-04:00,24.00275993347168,24.00275993347168,24.00275993347168,24.00275993347168,0,0.0,0.0,0.0
2020-03-10 00:00:00-04:00,21.144018173217773,21.144018173217773,21.144018173217773,21.144018173217773,212,0.0,0.0,0.0
2020-03-11 00:00:00-04:00,21.144018173217773,21.144018173217773,21.144018173217773,21.144018173217773,0,0.0,0.0,0.0
2020-03-12 00:00:00-04:00,21.144018173217773,21.144018173217773,21.144018173217773,21.144018173217773,0,0.0,0.0,0.0
2020-03-13 00:00:00-04:00,21.144018173217773,21.144018173217773,21.144018173217773,21.144018173217773,0,0.0,0.0,0.0
2020-03-16 00:00:00-04:00,18.59788007498159,18.6234271980815,18.49569320678711,18.49569320678711,870,0.0,0.0,0.0
2020-03-17 00:00:00-04:00,18.49569320678711,18.49569320678711,18.49569320678711,18.49569320678711,0,0.0,0.0,0.0
2020-03-18 00:00:00-04:00,18.49569320678711,18.49569320678711,18.49569320678711,18.49569320678711,0,0.0,0.0,0.0
2020-03-19 00:00:00-04:00,18.49569320678711,18.49569320678711,18.49569320678711,18.49569320678711,0,0.0,0.0,0.0
2020-03-20 00:00:00-04:00,18.49569320678711,18.49569320678711,18.49569320678711,18.49569320678711,0,0.0,0.0,0.0
2020-03-23 00:00:00-04:00,18.49569320678711,18.49569320678711,18.49569320678711,18.49569320678711,0,0.0,0.0,0.0
2020-03-24 00:00:00-04:00,16.96289999749295,17.558986488177336,16.96289999749295,17.48285675048828,300,0.0,0.0,0.0
2020-03-25 00:00:00-04:00,17.48285675048828,17.48285675048828,17.48285675048828,17.48285675048828,0,0.0,0.0,0.0
2020-03-26 00:00:00-04:00,17.48285675048828,17.48285675048828,17.48285675048828,17.48285675048828,0,0.0,0.0,0.0
2020-03-27 00:00:00-04:00,18.13634000856271,18.469722747802734,18.13634000856271,18.469722747802734,363,0.0,0.0,0.0
2020-03-30 00:00:00-04:00,18.469722747802734,18.469722747802734,18.469722747802734,18.469722747802734,0,0.0,0.0,0.0
2020-03-31 00:00:00-04:00,18.469722747802734,18.469722747802734,18.469722747802734,18.469722747802734,0,0.0,0.0,0.0
2020-04-01 00:00:00-04:00,17.725787788682137,17.725787788682137,17.601869583129883,17.601869583129883,2450,0.152,0.0,0.0
2020-04-02 00:00:00-04:00,17.601869583129883,17.601869583129883,17.601869583129883,17.601869583129883,0,0.0,0.0,0.0
2020-04-03 00:00:00-04:00,17.601869583129883,17.601869583129883,17.601869583129883,17.601869583129883,0,0.0,0.0,0.0
2020-04-06 00:00:00-04:00,17.601869583129883,17.601869583129883,17.601869583129883,17.601869583129883,0,0.0,0.0,0.0
2020-04-07 00:00:00-04:00,17.601869583129883,17.601869583129883,17.601869583129883,17.601869583129883,0,0.0,0.0,0.0
2020-04-08 00:00:00-04:00,17.601869583129883,17.601869583129883,17.601869583129883,17.601869583129883,0,0.0,0.0,0.0
2020-04-09 00:00:00-04:00,17.601869583129883,17.601869583129883,17.601869583129883,17.601869583129883,0,0.0,0.0,0.0
2020-04-13 00:00:00-04:00,17.601869583129883,17.601869583129883,17.601869583129883,17.601869583129883,0,0.0,0.0,0.0
2020-04-14 00:00:00-04:00,17.601869583129883,17.601869583129883,17.601869583129883,17.601869583129883,0,0.0,0.0,0.0
2020-04-15 00:00:00-04:00,17.601869583129883,17.601869583129883,17.601869583129883,17.601869583129883,0,0.0,0.0,0.0
2020-04-16 00:00:00-04:00,17.601869583129883,17.601869583129883,17.601869583129883,17.601869583129883,0,0.0,0.0,0.0
2020-04-17 00:00:00-04:00,20.950216424382607,21.559083976368036,20.941640617720687,21.449487686157227,9022,0.0,0.0,0.0
2020-04-20 00:00:00-04:00,20.474270369537273,20.581465502362075,20.39451683741135,20.564313888549805,3411,0.0,0.0,0.0
2020-04-21 00:00:00-04:00,20.564313888549805,20.564313888549805,20.564313888549805,20.564313888549805,0,0.0,0.0,0.0
2020-04-22 00:00:00-04:00,20.032626874922958,20.032626874922958,20.014102935791016,20.014102935791016,100,0.0,0.0,0.0
2020-04-23 00:00:00-04:00,20.650071158842337,20.710100173950195,20.650071158842337,20.710100173950195,215,0.0,0.0,0.0
2020-04-24 00:00:00-04:00,20.710100173950195,20.710100173950195,20.710100173950195,20.710100173950195,0,0.0,0.0,0.0
2020-04-27 00:00:00-04:00,21.17318344116211,21.17318344116211,21.17318344116211,21.17318344116211,100,0.0,0.0,0.0
2020-04-28 00:00:00-04:00,22.622461318969727,22.622461318969727,22.622461318969727,22.622461318969727,101,0.0,0.0,0.0
2020-04-29 00:00:00-04:00,22.622461318969727,22.622461318969727,22.622461318969727,22.622461318969727,0,0.0,0.0,0.0
2020-04-30 00:00:00-04:00,23.617231587061074,23.617231587061074,23.317084898973285,23.325660705566406,609,0.0,0.0,0.0
2020-05-01 00:00:00-04:00,23.325660705566406,23.325660705566406,23.325660705566406,23.325660705566406,0,0.0,0.0,0.0
2020-05-04 00:00:00-04:00,21.661992553591393,22.048494338989258,21.619113519226843,22.048494338989258,791,0.0,0.0,0.0
2020-05-05 00:00:00-04:00,22.768245762785355,22.768245762785355,22.442373275756836,22.442373275756836,378,0.0,0.0,0.0
2020-05-06 00:00:00-04:00,21.25070571899414,21.25070571899414,21.25070571899414,21.25070571899414,160,0.0,0.0,0.0
2020-05-07 00:00:00-04:00,22.06504493877283,22.06504493877283,21.723649978637695,21.723649978637695,380,0.0,0.0,0.0
2020-05-08 00:00:00-04:00,21.723649978637695,21.723649978637695,21.723649978637695,21.723649978637695,0,0.0,0.0,0.0
2020-05-11 00:00:00-04:00,21.723649978637695,21.723649978637695,21.723649978637695,21.723649978637695,0,0.0,0.0,0.0
2020-05-12 00:00:00-04:00,21.723649978637695,21.723649978637695,21.723649978637695,21.723649978637695,0,0.0,0.0,0.0
2020-05-13 00:00:00-04:00,21.723649978637695,21.723649978637695,21.723649978637695,21.723649978637695,0,0.0,0.0,0.0
2020-05-14 00:00:00-04:00,20.58146496793982,20.838732625771915,20.272742470007,20.53858757019043,17700,0.0,0.0,0.0
2020-05-15 00:00:00-04:00,20.55573828715182,21.027397857697167,20.55573828715182,20.890188217163086,1000,0.0,0.0,0.0
2020-05-18 00:00:00-04:00,20.890188217163086,20.890188217163086,20.890188217163086,20.890188217163086,0,0.0,0.0,0.0
2020-05-19 00:00:00-04:00,20.890188217163086,20.890188217163086,20.890188217163086,20.890188217163086,0,0.0,0.0,0.0
2020-05-20 00:00:00-04:00,20.890188217163086,20.890188217163086,20.890188217163086,20.890188217163086,0,0.0,0.0,0.0
2020-05-21 00:00:00-04:00,20.890188217163086,20.890188217163086,20.890188217163086,20.890188217163086,0,0.0,0.0,0.0
2020-05-22 00:00:00-04:00,20.890188217163086,20.890188217163086,20.890188217163086,20.890188217163086,0,0.0,0.0,0.0
2020-05-26 00:00:00-04:00,20.890188217163086,20.890188217163086,20.890188217163086,20.890188217163086,0,0.0,0.0,0.0
2020-05-27 00:00:00-04:00,20.890188217163086,20.890188217163086,20.890188217163086,20.890188217163086,0,0.0,0.0,0.0
2020-05-28 00:00:00-04:00,26.147035938153284,26.147035938153284,24.448808670043945,24.448808670043945,1061,0.0,0.0,0.0
2020-05-29 00:00:00-04:00,23.857348996276663,23.857348996276663,23.745866775512695,23.745866775512695,364,0.0,0.0,0.0
2020-06-01 00:00:00-04:00,24.577871562161203,24.62152099609375,24.577871562161203,24.62152099609375,443,0.0,0.0,0.0
2020-06-02 00:00:00-04:00,24.62152099609375,24.62152099609375,24.62152099609375,24.62152099609375,0,0.0,0.0,0.0
2020-06-03 00:00:00-04:00,24.62152099609375,24.62152099609375,24.62152099609375,24.62152099609375,0,0.0,0.0,0.0
2020-06-04 00:00:00-04:00,27.141807517415543,27.30894660949707,27.141807517415543,27.30894660949707,222,0.0,0.0,0.0
2020-06-05 00:00:00-04:00,28.03366992570833,29.774521105245153,28.03366992570833,29.23151206970215,941,0.0,0.0,0.0
2020-06-08 00:00:00-04:00,32.15853953259416,32.15853953259416,30.44341742418914,31.207761764526367,4192,0.0,0.0,0.0
2020-06-09 00:00:00-04:00,31.42961263665049,31.42961263665049,29.783093780031162,29.83746337890625,1018,0.0,0.0,0.0
2020-06-10 00:00:00-04:00,28.31666692124509,28.31666692124509,27.817909240722656,27.817909240722656,384,0.0,0.0,0.0
2020-06-11 00:00:00-04:00,26.747331567428414,26.747331567428414,25.478139877319336,25.478139877319336,1188,0.0,0.0,0.0
2020-06-12 00:00:00-04:00,26.27567148076134,26.27567148076134,26.176366806030273,26.176366806030273,304,0.0,0.0,0.0
2020-06-15 00:00:00-04:00,26.176366806030273,26.176366806030273,26.176366806030273,26.176366806030273,0,0.0,0.0,0.0
2020-06-16 00:00:00-04:00,26.661574932053885,27.223278045654297,26.661574932053885,27.223278045654297,264,0.0,0.0,0.0
2020-06-17 00:00:00-04:00,27.223278045654297,27.223278045654297,27.223278045654297,27.223278045654297,0,0.0,0.0,0.0
2020-06-18 00:00:00-04:00,27.223278045654297,27.223278045654297,27.223278045654297,27.223278045654297,0,0.0,0.0,0.0
2020-06-19 00:00:00-04:00,26.10844642753162,26.10844642753162,26.01059913635254,26.01059913635254,336,0.0,0.0,0.0
2020-06-22 00:00:00-04:00,25.69252897117603,25.954343795776367,25.683954799830744,25.954343795776367,1481,0.0,0.0,0.0
2020-06-23 00:00:00-04:00,25.954343795776367,25.954343795776367,25.954343795776367,25.954343795776367,0,0.0,0.0,0.0
2020-06-24 00:00:00-04:00,25.954343795776367,25.954343795776367,25.954343795776367,25.954343795776367,0,0.0,0.0,0.0
2020-06-25 00:00:00-04:00,25.954343795776367,25.954343795776367,25.954343795776367,25.954343795776367,0,0.0,0.0,0.0
2020-06-26 00:00:00-04:00,24.0717377845514,24.0717377845514,23.977405548095703,23.977405548095703,12552,0.0,0.0,0.0
2020-06-29 00:00:00-04:00,23.801606610137064,25.019601821899414,23.801606610137064,25.019601821899414,1323,0.0,0.0,0.0
2020-06-30 00:00:00-04:00,25.019601821899414,25.019601821899414,25.019601821899414,25.019601821899414,0,0.0,0.0,0.0
2020-07-01 00:00:00-04:00,24.859018413554743,24.859018413554743,24.856517791748047,24.856517791748047,321,0.149,0.0,0.0
2020-07-02 00:00:00-04:00,24.856517791748047,24.856517791748047,24.856517791748047,24.856517791748047,0,0.0,0.0,0.0
2020-07-06 00:00:00-04:00,25.195182498472374,25.37541961669922,25.195182498472374,25.37541961669922,339,0.0,0.0,0.0
2020-07-07 00:00:00-04:00,25.37541961669922,25.37541961669922,25.37541961669922,25.37541961669922,0,0.0,0.0,0.0
2020-07-08 00:00:00-04:00,25.37541961669922,25.37541961669922,25.37541961669922,25.37541961669922,0,0.0,0.0,0.0
2020-07-09 00:00:00-04:00,25.37541961669922,25.37541961669922,25.37541961669922,25.37541961669922,0,0.0,0.0,0.0
2020-07-10 00:00:00-04:00,25.37541961669922,25.37541961669922,25.37541961669922,25.37541961669922,0,0.0,0.0,0.0
2020-07-13 00:00:00-04:00,24.63490695145998,24.668006896972656,24.63490695145998,24.668006896972656,238,0.0,0.0,0.0
2020-07-14 00:00:00-04:00,24.668006896972656,24.668006896972656,24.668006896972656,24.668006896972656,0,0.0,0.0,0.0
2020-07-15 00:00:00-04:00,24.668006896972656,24.668006896972656,24.668006896972656,24.668006896972656,0,0.0,0.0,0.0
2020-07-16 00:00:00-04:00,24.668006896972656,24.668006896972656,24.668006896972656,24.668006896972656,0,0.0,0.0,0.0
2020-07-17 00:00:00-04:00,25.41929320038452,25.45541000366211,25.41929320038452,25.45541000366211,1200,0.0,0.0,0.0
2020-07-20 00:00:00-04:00,25.45541000366211,25.45541000366211,25.45541000366211,25.45541000366211,0,0.0,0.0,0.0
2020-07-21 00:00:00-04:00,25.45541000366211,25.45541000366211,25.45541000366211,25.45541000366211,0,0.0,0.0,0.0
2020-07-22 00:00:00-04:00,25.85889434814453,25.85889434814453,25.85889434814453,25.85889434814453,147,0.0,0.0,0.0
2020-07-23 00:00:00-04:00,25.85889434814453,25.85889434814453,25.85889434814453,25.85889434814453,0,0.0,0.0,0.0
2020-07-24 00:00:00-04:00,25.85889434814453,25.85889434814453,25.85889434814453,25.85889434814453,0,0.0,0.0,0.0
2020-07-27 00:00:00-04:00,25.85889434814453,25.85889434814453,25.85889434814453,25.85889434814453,0,0.0,0.0,0.0
2020-07-28 00:00:00-04:00,25.85889434814453,25.85889434814453,25.85889434814453,25.85889434814453,0,0.0,0.0,0.0
2020-07-29 00:00:00-04:00,25.85889434814453,25.85889434814453,25.85889434814453,25.85889434814453,0,0.0,0.0,0.0
2020-07-30 00:00:00-04:00,25.85889434814453,25.85889434814453,25.85889434814453,25.85889434814453,0,0.0,0.0,0.0
2020-07-31 00:00:00-04:00,25.134844815163557,25.398950576782227,25.134844815163557,25.398950576782227,2128,0.0,0.0,0.0
2020-08-03 00:00:00-04:00,25.398950576782227,25.398950576782227,25.398950576782227,25.398950576782227,0,0.0,0.0,0.0
2020-08-04 00:00:00-04:00,25.398950576782227,25.398950576782227,25.398950576782227,25.398950576782227,0,0.0,0.0,0.0
2020-08-05 00:00:00-04:00,25.398950576782227,25.398950576782227,25.398950576782227,25.398950576782227,0,0.0,0.0,0.0
2020-08-06 00:00:00-04:00,25.398950576782227,25.398950576782227,25.398950576782227,25.398950576782227,0,0.0,0.0,0.0
2020-08-07 00:00:00-04:00,25.398950576782227,25.398950576782227,25.398950576782227,25.398950576782227,0,0.0,0.0,0.0
2020-08-10 00:00:00-04:00,25.398950576782227,25.398950576782227,25.398950576782227,25.398950576782227,0,0.0,0.0,0.0
2020-08-11 00:00:00-04:00,27.71211647569082,27.716167449951172,27.71211647569082,27.716167449951172,201,0.0,0.0,0.0
2020-08-12 00:00:00-04:00,26.720856881679087,28.09999656677246,26.720856881679087,28.09999656677246,290,0.0,0.0,0.0
2020-08-13 00:00:00-04:00,28.09999656677246,28.09999656677246,28.09999656677246,28.09999656677246,0,0.0,0.0,0.0
2020-08-14 00:00:00-04:00,27.719900131225586,27.719900131225586,27.690000534057617,27.690000534057617,677,4.5,0.0,0.0
2020-08-17 00:00:00-04:00,27.690000534057617,27.690000534057617,27.690000534057617,27.690000534057617,0,0.0,0.0,0.0
2020-08-18 00:00:00-04:00,27.690000534057617,27.690000534057617,27.690000534057617,27.690000534057617,0,0.0,0.0,0.0
2020-08-19 00:00:00-04:00,27.690000534057617,27.690000534057617,27.690000534057617,27.690000534057617,0,0.0,0.0,0.0
2020-08-20 00:00:00-04:00,27.690000534057617,27.690000534057617,27.690000534057617,27.690000534057617,0,0.0,0.0,0.0
2020-08-21 00:00:00-04:00,27.690000534057617,27.690000534057617,27.690000534057617,27.690000534057617,0,0.0,0.0,0.0
