Date,Open,High,Low,Close,Volume,Dividends,Stock Splits,Capital Gains
2019-07-23 00:00:00-04:00,24.544227600097656,24.544227600097656,24.544227600097656,24.544227600097656,0,0.0,0.0,0.0
2019-07-24 00:00:00-04:00,24.544227600097656,24.544227600097656,24.544227600097656,24.544227600097656,398089,0.0,0.0,0.0
2019-07-25 00:00:00-04:00,24.720172274599445,24.720172274599445,24.622425079345703,24.622425079345703,900,0.0,0.0,0.0
2019-07-26 00:00:00-04:00,24.827694194326938,24.83746910095215,24.81791928770173,24.83746910095215,4022,0.0,0.0,0.0
2019-07-29 00:00:00-04:00,24.83746910095215,24.83746910095215,24.83746910095215,24.83746910095215,0,0.0,0.0,0.0
2019-07-30 00:00:00-04:00,24.83746910095215,24.83746910095215,24.83746910095215,24.83746910095215,0,0.0,0.0,0.0
2019-07-31 00:00:00-04:00,24.83746910095215,24.83746910095215,24.83746910095215,24.83746910095215,0,0.0,0.0,0.0
2019-08-01 00:00:00-04:00,24.729944345498517,24.729944345498517,24.436704635620117,24.436704635620117,1222,0.0,0.0,0.0
2019-08-02 00:00:00-04:00,24.436704635620117,24.436704635620117,24.436704635620117,24.436704635620117,0,0.0,0.0,0.0
2019-08-05 00:00:00-04:00,24.436704635620117,24.436704635620117,24.436704635620117,24.436704635620117,0,0.0,0.0,0.0
2019-08-06 00:00:00-04:00,23.723153517018105,23.723153517018105,23.47878646850586,23.47878646850586,2300,0.0,0.0,0.0
2019-08-07 00:00:00-04:00,23.693828582763672,23.693828582763672,23.693828582763672,23.693828582763672,2000,0.0,0.0,0.0
2019-08-08 00:00:00-04:00,23.693828582763672,23.693828582763672,23.693828582763672,23.693828582763672,0,0.0,0.0,0.0
2019-08-09 00:00:00-04:00,23.693828582763672,23.693828582763672,23.693828582763672,23.693828582763672,0,0.0,0.0,0.0
2019-08-12 00:00:00-04:00,23.693828582763672,23.693828582763672,23.693828582763672,23.693828582763672,0,0.0,0.0,0.0
2019-08-13 00:00:00-04:00,23.693828582763672,23.693828582763672,23.693828582763672,23.693828582763672,0,0.0,0.0,0.0
2019-08-14 00:00:00-04:00,23.693828582763672,23.693828582763672,23.693828582763672,23.693828582763672,0,0.0,0.0,0.0
2019-08-15 00:00:00-04:00,23.693828582763672,23.693828582763672,23.693828582763672,23.693828582763672,0,0.0,0.0,0.0
2019-08-16 00:00:00-04:00,23.693828582763672,23.693828582763672,23.693828582763672,23.693828582763672,0,0.0,0.0,0.0
2019-08-19 00:00:00-04:00,23.752477645874023,23.82090198920693,23.752477645874023,23.752477645874023,2011,0.0,0.0,0.0
2019-08-20 00:00:00-04:00,23.752477645874023,23.752477645874023,23.752477645874023,23.752477645874023,0,0.0,0.0,0.0
2019-08-21 00:00:00-04:00,23.752477645874023,23.752477645874023,23.752477645874023,23.752477645874023,0,0.0,0.0,0.0
2019-08-22 00:00:00-04:00,23.752477645874023,23.752477645874023,23.752477645874023,23.752477645874023,0,0.0,0.0,0.0
2019-08-23 00:00:00-04:00,23.752477645874023,23.752477645874023,23.752477645874023,23.752477645874023,0,0.0,0.0,0.0
2019-08-26 00:00:00-04:00,23.752477645874023,23.752477645874023,23.752477645874023,23.752477645874023,0,0.0,0.0,0.0
2019-08-27 00:00:00-04:00,23.752477645874023,23.752477645874023,23.752477645874023,23.752477645874023,0,0.0,0.0,0.0
2019-08-28 00:00:00-04:00,23.341941833496094,23.341941833496094,23.341941833496094,23.341941833496094,150,0.0,0.0,0.0
2019-08-29 00:00:00-04:00,23.732929229736328,23.732929229736328,23.732929229736328,23.732929229736328,105,0.0,0.0,0.0
2019-08-30 00:00:00-04:00,23.732929229736328,23.732929229736328,23.732929229736328,23.732929229736328,0,0.0,0.0,0.0
2019-09-03 00:00:00-04:00,23.732929229736328,23.732929229736328,23.732929229736328,23.732929229736328,0,0.0,0.0,0.0
2019-09-04 00:00:00-04:00,23.732929229736328,23.732929229736328,23.732929229736328,23.732929229736328,0,0.0,0.0,0.0
2019-09-05 00:00:00-04:00,23.732929229736328,23.732929229736328,23.732929229736328,23.732929229736328,0,0.0,0.0,0.0
2019-09-06 00:00:00-04:00,23.732929229736328,23.732929229736328,23.732929229736328,23.732929229736328,0,0.0,0.0,0.0
2019-09-09 00:00:00-04:00,23.732929229736328,23.732929229736328,23.732929229736328,23.732929229736328,0,0.0,0.0,0.0
2019-09-10 00:00:00-04:00,23.732929229736328,23.732929229736328,23.732929229736328,23.732929229736328,0,0.0,0.0,0.0
2019-09-11 00:00:00-04:00,23.732929229736328,23.732929229736328,23.732929229736328,23.732929229736328,0,0.0,0.0,0.0
2019-09-12 00:00:00-04:00,23.732929229736328,23.732929229736328,23.732929229736328,23.732929229736328,0,0.0,0.0,0.0
2019-09-13 00:00:00-04:00,23.732929229736328,23.732929229736328,23.732929229736328,23.732929229736328,0,0.0,0.0,0.0
2019-09-16 00:00:00-04:00,23.732929229736328,23.732929229736328,23.732929229736328,23.732929229736328,0,0.0,0.0,0.0
2019-09-17 00:00:00-04:00,23.94797134399414,23.94797134399414,23.94797134399414,23.94797134399414,100,0.0,0.0,0.0
2019-09-18 00:00:00-04:00,23.94797134399414,23.94797134399414,23.94797134399414,23.94797134399414,0,0.0,0.0,0.0
2019-09-19 00:00:00-04:00,23.94797134399414,23.94797134399414,23.94797134399414,23.94797134399414,0,0.0,0.0,0.0
2019-09-20 00:00:00-04:00,23.94797134399414,23.94797134399414,23.94797134399414,23.94797134399414,0,0.0,0.0,0.0
2019-09-23 00:00:00-04:00,23.94797134399414,23.94797134399414,23.94797134399414,23.94797134399414,0,0.0,0.0,0.0
2019-09-24 00:00:00-04:00,23.94797134399414,23.94797134399414,23.94797134399414,23.94797134399414,0,0.0,0.0,0.0
2019-09-25 00:00:00-04:00,23.94797134399414,23.94797134399414,23.94797134399414,23.94797134399414,0,0.0,0.0,0.0
2019-09-26 00:00:00-04:00,23.94797134399414,23.94797134399414,23.94797134399414,23.94797134399414,0,0.0,0.0,0.0
2019-09-27 00:00:00-04:00,23.94797134399414,23.94797134399414,23.94797134399414,23.94797134399414,0,0.0,0.0,0.0
2019-09-30 00:00:00-04:00,23.94797134399414,23.94797134399414,23.94797134399414,23.94797134399414,0,0.0,0.0,0.0
2019-10-01 00:00:00-04:00,24.033313751220703,24.033313751220703,24.033313751220703,24.033313751220703,0,0.087,0.0,0.0
2019-10-02 00:00:00-04:00,24.033313751220703,24.033313751220703,24.033313751220703,24.033313751220703,0,0.0,0.0,0.0
2019-10-03 00:00:00-04:00,23.503597453725927,23.503597453725927,23.497222900390625,23.497222900390625,400,0.0,0.0,0.0
2019-10-04 00:00:00-04:00,23.497222900390625,23.497222900390625,23.497222900390625,23.497222900390625,0,0.0,0.0,0.0
2019-10-07 00:00:00-04:00,24.033313751220703,24.033313751220703,24.033313751220703,24.033313751220703,100,0.0,0.0,0.0
2019-10-08 00:00:00-04:00,24.033313751220703,24.033313751220703,24.033313751220703,24.033313751220703,0,0.0,0.0,0.0
2019-10-09 00:00:00-04:00,24.033313751220703,24.033313751220703,24.033313751220703,24.033313751220703,0,0.0,0.0,0.0
2019-10-10 00:00:00-04:00,24.033313751220703,24.033313751220703,24.033313751220703,24.033313751220703,0,0.0,0.0,0.0
2019-10-11 00:00:00-04:00,24.033313751220703,24.033313751220703,24.033313751220703,24.033313751220703,0,0.0,0.0,0.0
2019-10-14 00:00:00-04:00,24.033313751220703,24.033313751220703,24.033313751220703,24.033313751220703,0,0.0,0.0,0.0
2019-10-15 00:00:00-04:00,24.033313751220703,24.033313751220703,24.033313751220703,24.033313751220703,0,0.0,0.0,0.0
2019-10-16 00:00:00-04:00,24.033313751220703,24.033313751220703,24.033313751220703,24.033313751220703,0,0.0,0.0,0.0
2019-10-17 00:00:00-04:00,24.033313751220703,24.033313751220703,24.033313751220703,24.033313751220703,0,0.0,0.0,0.0
2019-10-18 00:00:00-04:00,24.033313751220703,24.033313751220703,24.033313751220703,24.033313751220703,0,0.0,0.0,0.0
2019-10-21 00:00:00-04:00,24.033313751220703,24.033313751220703,24.033313751220703,24.033313751220703,0,0.0,0.0,0.0
2019-10-22 00:00:00-04:00,24.033313751220703,24.033313751220703,24.033313751220703,24.033313751220703,0,0.0,0.0,0.0
2019-10-23 00:00:00-04:00,24.033313751220703,24.033313751220703,24.033313751220703,24.033313751220703,0,0.0,0.0,0.0
2019-10-24 00:00:00-04:00,24.033313751220703,24.033313751220703,24.033313751220703,24.033313751220703,0,0.0,0.0,0.0
2019-10-25 00:00:00-04:00,24.033313751220703,24.033313751220703,24.033313751220703,24.033313751220703,0,0.0,0.0,0.0
2019-10-28 00:00:00-04:00,24.033313751220703,24.033313751220703,24.033313751220703,24.033313751220703,0,0.0,0.0,0.0
2019-10-29 00:00:00-04:00,24.033313751220703,24.033313751220703,24.033313751220703,24.033313751220703,0,0.0,0.0,0.0
2019-10-30 00:00:00-04:00,24.033313751220703,24.033313751220703,24.033313751220703,24.033313751220703,0,0.0,0.0,0.0
2019-10-31 00:00:00-04:00,24.033313751220703,24.033313751220703,24.033313751220703,24.033313751220703,0,0.0,0.0,0.0
2019-11-01 00:00:00-04:00,24.88674195451257,24.88674195451257,24.87398910522461,24.87398910522461,801,0.0,0.0,0.0
2019-11-04 00:00:00-05:00,24.9652156829834,24.9652156829834,24.9652156829834,24.9652156829834,100,0.0,0.0,0.0
2019-11-05 00:00:00-05:00,24.9652156829834,24.9652156829834,24.9652156829834,24.9652156829834,0,0.0,0.0,0.0
2019-11-06 00:00:00-05:00,24.916166550582723,24.916166550582723,24.906356811523438,24.906356811523438,200,0.0,0.0,0.0
2019-11-07 00:00:00-05:00,25.053503036499023,25.053503036499023,25.053503036499023,25.053503036499023,100,0.0,0.0,0.0
2019-11-08 00:00:00-05:00,25.053503036499023,25.053503036499023,25.053503036499023,25.053503036499023,0,0.0,0.0,0.0
2019-11-11 00:00:00-05:00,25.053503036499023,25.053503036499023,25.053503036499023,25.053503036499023,0,0.0,0.0,0.0
2019-11-12 00:00:00-05:00,25.053503036499023,25.053503036499023,25.053503036499023,25.053503036499023,301,0.0,0.0,0.0
2019-11-13 00:00:00-05:00,25.053503036499023,25.053503036499023,25.053503036499023,25.053503036499023,0,0.0,0.0,0.0
2019-11-14 00:00:00-05:00,25.053503036499023,25.053503036499023,25.053503036499023,25.053503036499023,0,0.0,0.0,0.0
2019-11-15 00:00:00-05:00,25.053503036499023,25.053503036499023,25.053503036499023,25.053503036499023,0,0.0,0.0,0.0
2019-11-18 00:00:00-05:00,25.249693198435946,25.249693198435946,25.238706588745117,25.238706588745117,110,0.0,0.0,0.0
2019-11-19 00:00:00-05:00,25.238706588745117,25.238706588745117,25.238706588745117,25.238706588745117,0,0.0,0.0,0.0
2019-11-20 00:00:00-05:00,25.238706588745117,25.238706588745117,25.238706588745117,25.238706588745117,0,0.0,0.0,0.0
2019-11-21 00:00:00-05:00,25.131980895996094,25.131980895996094,25.131980895996094,25.131980895996094,110,0.0,0.0,0.0
2019-11-22 00:00:00-05:00,25.131980895996094,25.131980895996094,25.131980895996094,25.131980895996094,0,0.0,0.0,0.0
2019-11-25 00:00:00-05:00,25.131980895996094,25.131980895996094,25.131980895996094,25.131980895996094,0,0.0,0.0,0.0
2019-11-26 00:00:00-05:00,25.131980895996094,25.131980895996094,25.131980895996094,25.131980895996094,0,0.0,0.0,0.0
2019-11-27 00:00:00-05:00,25.74997956586257,25.74997956586257,25.72928237915039,25.72928237915039,100,0.0,0.0,0.0
2019-11-29 00:00:00-05:00,25.661691665649414,25.661691665649414,25.661691665649414,25.661691665649414,109,0.0,0.0,0.0
2019-12-02 00:00:00-05:00,25.661691665649414,25.661691665649414,25.661691665649414,25.661691665649414,0,0.0,0.0,0.0
2019-12-03 00:00:00-05:00,25.661691665649414,25.661691665649414,25.661691665649414,25.661691665649414,0,0.0,0.0,0.0
2019-12-04 00:00:00-05:00,25.661691665649414,25.661691665649414,25.661691665649414,25.661691665649414,0,0.0,0.0,0.0
2019-12-05 00:00:00-05:00,25.661691665649414,25.661691665649414,25.661691665649414,25.661691665649414,0,0.0,0.0,0.0
2019-12-06 00:00:00-05:00,25.661691665649414,25.661691665649414,25.661691665649414,25.661691665649414,0,0.0,0.0,0.0
2019-12-09 00:00:00-05:00,25.661691665649414,25.661691665649414,25.661691665649414,25.661691665649414,0,0.0,0.0,0.0
2019-12-10 00:00:00-05:00,25.661691665649414,25.661691665649414,25.661691665649414,25.661691665649414,0,0.0,0.0,0.0
2019-12-11 00:00:00-05:00,25.661691665649414,25.661691665649414,25.661691665649414,25.661691665649414,0,0.0,0.0,0.0
2019-12-12 00:00:00-05:00,25.661691665649414,25.661691665649414,25.661691665649414,25.661691665649414,0,0.0,0.0,0.0
2019-12-13 00:00:00-05:00,25.661691665649414,25.661691665649414,25.661691665649414,25.661691665649414,0,0.0,0.0,0.0
2019-12-16 00:00:00-05:00,25.661691665649414,25.661691665649414,25.661691665649414,25.661691665649414,0,0.0,0.0,0.0
2019-12-17 00:00:00-05:00,25.661691665649414,25.661691665649414,25.661691665649414,25.661691665649414,0,0.0,0.0,0.0
2019-12-18 00:00:00-05:00,25.661691665649414,25.661691665649414,25.661691665649414,25.661691665649414,0,0.0,0.0,0.0
2019-12-19 00:00:00-05:00,25.661691665649414,25.661691665649414,25.661691665649414,25.661691665649414,0,0.0,0.0,0.0
2019-12-20 00:00:00-05:00,25.661691665649414,25.661691665649414,25.661691665649414,25.661691665649414,0,0.0,0.0,0.0
2019-12-23 00:00:00-05:00,25.661691665649414,25.661691665649414,25.661691665649414,25.661691665649414,0,0.0,0.0,0.0
2019-12-24 00:00:00-05:00,25.661691665649414,25.661691665649414,25.661691665649414,25.661691665649414,0,0.0,0.0,0.0
2019-12-26 00:00:00-05:00,26.338550089478534,26.338550089478534,26.11293167690192,26.13313865661621,1131,0.0,0.0,0.0
2019-12-27 00:00:00-05:00,26.259305953979492,26.259305953979492,26.259305953979492,26.259305953979492,0,0.128,0.0,0.0
2019-12-30 00:00:00-05:00,26.05171943328875,26.05171943328875,26.020177841186523,26.020177841186523,202,0.0,0.0,0.0
2019-12-31 00:00:00-05:00,26.020177841186523,26.020177841186523,26.020177841186523,26.020177841186523,0,0.0,0.0,0.0
2020-01-02 00:00:00-05:00,26.020177841186523,26.020177841186523,26.020177841186523,26.020177841186523,0,0.0,0.0,0.0
2020-01-03 00:00:00-05:00,26.020177841186523,26.020177841186523,26.020177841186523,26.020177841186523,0,0.0,0.0,0.0
2020-01-06 00:00:00-05:00,26.020177841186523,26.020177841186523,26.020177841186523,26.020177841186523,0,0.0,0.0,0.0
2020-01-07 00:00:00-05:00,26.020177841186523,26.020177841186523,26.020177841186523,26.020177841186523,0,0.0,0.0,0.0
2020-01-08 00:00:00-05:00,26.020177841186523,26.020177841186523,26.020177841186523,26.020177841186523,0,0.0,0.0,0.0
2020-01-09 00:00:00-05:00,26.020177841186523,26.020177841186523,26.020177841186523,26.020177841186523,0,0.0,0.0,0.0
2020-01-10 00:00:00-05:00,26.020177841186523,26.020177841186523,26.020177841186523,26.020177841186523,0,0.0,0.0,0.0
2020-01-13 00:00:00-05:00,26.020177841186523,26.020177841186523,26.020177841186523,26.020177841186523,0,0.0,0.0,0.0
2020-01-14 00:00:00-05:00,26.020177841186523,26.020177841186523,26.020177841186523,26.020177841186523,0,0.0,0.0,0.0
2020-01-15 00:00:00-05:00,26.020177841186523,26.020177841186523,26.020177841186523,26.020177841186523,0,0.0,0.0,0.0
2020-01-16 00:00:00-05:00,26.020177841186523,26.020177841186523,26.020177841186523,26.020177841186523,0,0.0,0.0,0.0
2020-01-17 00:00:00-05:00,26.020177841186523,26.020177841186523,26.020177841186523,26.020177841186523,0,0.0,0.0,0.0
2020-01-21 00:00:00-05:00,26.020177841186523,26.020177841186523,26.020177841186523,26.020177841186523,0,0.0,0.0,0.0
2020-01-22 00:00:00-05:00,26.020177841186523,26.020177841186523,26.020177841186523,26.020177841186523,0,0.0,0.0,0.0
2020-01-23 00:00:00-05:00,26.020177841186523,26.020177841186523,26.020177841186523,26.020177841186523,0,0.0,0.0,0.0
2020-01-24 00:00:00-05:00,26.020177841186523,26.020177841186523,26.020177841186523,26.020177841186523,0,0.0,0.0,0.0
2020-01-27 00:00:00-05:00,26.020177841186523,26.020177841186523,26.020177841186523,26.020177841186523,0,0.0,0.0,0.0
2020-01-28 00:00:00-05:00,26.317857142316466,26.364973068237305,26.288285840340933,26.364973068237305,200,0.0,0.0,0.0
2020-01-29 00:00:00-05:00,26.364973068237305,26.364973068237305,26.364973068237305,26.364973068237305,0,0.0,0.0,0.0
2020-01-30 00:00:00-05:00,26.364973068237305,26.364973068237305,26.364973068237305,26.364973068237305,0,0.0,0.0,0.0
2020-01-31 00:00:00-05:00,26.364973068237305,26.364973068237305,26.364973068237305,26.364973068237305,0,0.0,0.0,0.0
2020-02-03 00:00:00-05:00,26.364973068237305,26.364973068237305,26.364973068237305,26.364973068237305,0,0.0,0.0,0.0
2020-02-04 00:00:00-05:00,26.364973068237305,26.364973068237305,26.364973068237305,26.364973068237305,0,0.0,0.0,0.0
2020-02-05 00:00:00-05:00,26.364973068237305,26.364973068237305,26.364973068237305,26.364973068237305,0,0.0,0.0,0.0
2020-02-06 00:00:00-05:00,26.364973068237305,26.364973068237305,26.364973068237305,26.364973068237305,0,0.0,0.0,0.0
2020-02-07 00:00:00-05:00,26.364973068237305,26.364973068237305,26.364973068237305,26.364973068237305,0,0.0,0.0,0.0
2020-02-10 00:00:00-05:00,26.364973068237305,26.364973068237305,26.364973068237305,26.364973068237305,0,0.0,0.0,0.0
2020-02-11 00:00:00-05:00,26.364973068237305,26.364973068237305,26.364973068237305,26.364973068237305,0,0.0,0.0,0.0
2020-02-12 00:00:00-05:00,26.364973068237305,26.364973068237305,26.364973068237305,26.364973068237305,0,0.0,0.0,0.0
2020-02-13 00:00:00-05:00,26.364973068237305,26.364973068237305,26.364973068237305,26.364973068237305,0,0.0,0.0,0.0
2020-02-14 00:00:00-05:00,26.364973068237305,26.364973068237305,26.364973068237305,26.364973068237305,0,0.0,0.0,0.0
2020-02-18 00:00:00-05:00,26.364973068237305,26.364973068237305,26.364973068237305,26.364973068237305,0,0.0,0.0,0.0
2020-02-19 00:00:00-05:00,26.364973068237305,26.364973068237305,26.364973068237305,26.364973068237305,0,0.0,0.0,0.0
2020-02-20 00:00:00-05:00,26.364973068237305,26.364973068237305,26.364973068237305,26.364973068237305,0,0.0,0.0,0.0
2020-02-21 00:00:00-05:00,26.364973068237305,26.364973068237305,26.364973068237305,26.364973068237305,0,0.0,0.0,0.0
2020-02-24 00:00:00-05:00,26.364973068237305,26.364973068237305,26.364973068237305,26.364973068237305,0,0.0,0.0,0.0
2020-02-25 00:00:00-05:00,26.364973068237305,26.364973068237305,26.364973068237305,26.364973068237305,0,0.0,0.0,0.0
2020-02-26 00:00:00-05:00,26.364973068237305,26.364973068237305,26.364973068237305,26.364973068237305,0,0.0,0.0,0.0
2020-02-27 00:00:00-05:00,26.364973068237305,26.364973068237305,26.364973068237305,26.364973068237305,0,0.0,0.0,0.0
2020-02-28 00:00:00-05:00,23.362862842076794,23.362862842076794,23.27020835876465,23.27020835876465,100,0.0,0.0,0.0
2020-03-02 00:00:00-05:00,23.27020835876465,23.27020835876465,23.27020835876465,23.27020835876465,0,0.0,0.0,0.0
2020-03-03 00:00:00-05:00,23.27020835876465,23.27020835876465,23.27020835876465,23.27020835876465,0,0.0,0.0,0.0
2020-03-04 00:00:00-05:00,23.27020835876465,23.27020835876465,23.27020835876465,23.27020835876465,0,0.0,0.0,0.0
2020-03-05 00:00:00-05:00,23.27020835876465,23.27020835876465,23.27020835876465,23.27020835876465,0,0.0,0.0,0.0
2020-03-06 00:00:00-05:00,23.27020835876465,23.27020835876465,23.27020835876465,23.27020835876465,0,0.0,0.0,0.0
2020-03-09 00:00:00-04:00,23.27020835876465,23.27020835876465,23.27020835876465,23.27020835876465,0,0.0,0.0,0.0
2020-03-10 00:00:00-04:00,20.92683533824726,21.66225814819336,20.92683533824726,21.66225814819336,101,0.0,0.0,0.0
2020-03-11 00:00:00-04:00,21.66225814819336,21.66225814819336,21.66225814819336,21.66225814819336,0,0.0,0.0,0.0
2020-03-12 00:00:00-04:00,21.66225814819336,21.66225814819336,21.66225814819336,21.66225814819336,0,0.0,0.0,0.0
2020-03-13 00:00:00-04:00,21.66225814819336,21.66225814819336,21.66225814819336,21.66225814819336,0,0.0,0.0,0.0
2020-03-16 00:00:00-04:00,17.111535990510077,17.2495316420304,16.75678564341644,16.790102005004883,2907,0.0,0.0,0.0
2020-03-17 00:00:00-04:00,17.13124825639822,17.354015350341797,17.13124825639822,17.354015350341797,100,0.0,0.0,0.0
2020-03-18 00:00:00-04:00,15.573763378486662,15.637636184692383,15.216846296078888,15.637636184692383,300,0.0,0.0,0.0
2020-03-19 00:00:00-04:00,16.727115631103516,16.727115631103516,16.727115631103516,16.727115631103516,700,0.0,0.0,0.0
2020-03-20 00:00:00-04:00,16.727115631103516,16.727115631103516,16.727115631103516,16.727115631103516,0,0.0,0.0,0.0
2020-03-23 00:00:00-04:00,15.220296526616531,15.220296526616531,15.113348960876465,15.113348960876465,1961,0.0,0.0,0.0
2020-03-24 00:00:00-04:00,16.510263442993164,16.510263442993164,16.510263442993164,16.510263442993164,234,0.0,0.0,0.0
2020-03-25 00:00:00-04:00,16.510263442993164,16.510263442993164,16.510263442993164,16.510263442993164,0,0.0,0.0,0.0
2020-03-26 00:00:00-04:00,16.510263442993164,16.510263442993164,16.510263442993164,16.510263442993164,0,0.0,0.0,0.0
2020-03-27 00:00:00-04:00,17.991161103724046,17.991161103724046,17.959224700927734,17.959224700927734,375,0.0,0.0,0.0
2020-03-30 00:00:00-04:00,17.959224700927734,17.959224700927734,17.959224700927734,17.959224700927734,0,0.0,0.0,0.0
2020-03-31 00:00:00-04:00,17.959224700927734,17.959224700927734,17.959224700927734,17.959224700927734,0,0.0,0.0,0.0
2020-04-01 00:00:00-04:00,17.233800888061523,17.233800888061523,17.233800888061523,17.233800888061523,147,0.098,0.0,0.0
2020-04-02 00:00:00-04:00,16.32206425036132,17.20159339904785,16.32206425036132,17.20159339904785,170,0.0,0.0,0.0
2020-04-03 00:00:00-04:00,17.20159339904785,17.20159339904785,17.20159339904785,17.20159339904785,0,0.0,0.0,0.0
2020-04-06 00:00:00-04:00,17.20159339904785,17.20159339904785,17.20159339904785,17.20159339904785,0,0.0,0.0,0.0
2020-04-07 00:00:00-04:00,17.20159339904785,17.20159339904785,17.20159339904785,17.20159339904785,0,0.0,0.0,0.0
2020-04-08 00:00:00-04:00,17.20159339904785,17.20159339904785,17.20159339904785,17.20159339904785,0,0.0,0.0,0.0
2020-04-09 00:00:00-04:00,17.20159339904785,17.20159339904785,17.20159339904785,17.20159339904785,0,0.0,0.0,0.0
2020-04-13 00:00:00-04:00,17.20159339904785,17.20159339904785,17.20159339904785,17.20159339904785,0,0.0,0.0,0.0
2020-04-14 00:00:00-04:00,17.20159339904785,17.20159339904785,17.20159339904785,17.20159339904785,0,0.0,0.0,0.0
2020-04-15 00:00:00-04:00,17.20159339904785,17.20159339904785,17.20159339904785,17.20159339904785,0,0.0,0.0,0.0
2020-04-16 00:00:00-04:00,17.20159339904785,17.20159339904785,17.20159339904785,17.20159339904785,0,0.0,0.0,0.0
2020-04-17 00:00:00-04:00,17.20159339904785,17.20159339904785,17.20159339904785,17.20159339904785,0,0.0,0.0,0.0
2020-04-20 00:00:00-04:00,17.20159339904785,17.20159339904785,17.20159339904785,17.20159339904785,0,0.0,0.0,0.0
2020-04-21 00:00:00-04:00,17.20159339904785,17.20159339904785,17.20159339904785,17.20159339904785,0,0.0,0.0,0.0
2020-04-22 00:00:00-04:00,17.20159339904785,17.20159339904785,17.20159339904785,17.20159339904785,0,0.0,0.0,0.0
2020-04-23 00:00:00-04:00,17.20159339904785,17.20159339904785,17.20159339904785,17.20159339904785,0,0.0,0.0,0.0
2020-04-24 00:00:00-04:00,18.95816993713379,18.95816993713379,18.95816993713379,18.95816993713379,138,0.0,0.0,0.0
2020-04-27 00:00:00-04:00,19.73116683959961,19.73116683959961,19.73116683959961,19.73116683959961,107,0.0,0.0,0.0
2020-04-28 00:00:00-04:00,19.73116683959961,19.73116683959961,19.73116683959961,19.73116683959961,0,0.0,0.0,0.0
2020-04-29 00:00:00-04:00,21.08886091644674,21.08886091644674,21.021669387817383,21.021669387817383,271,0.0,0.0,0.0
2020-04-30 00:00:00-04:00,20.424878717974423,21.0194879223399,20.405057907104492,20.405057907104492,321,0.0,0.0,0.0
2020-05-01 00:00:00-04:00,20.405057907104492,20.405057907104492,20.405057907104492,20.405057907104492,0,0.0,0.0,0.0
2020-05-04 00:00:00-04:00,20.405057907104492,20.405057907104492,20.405057907104492,20.405057907104492,0,0.0,0.0,0.0
2020-05-05 00:00:00-04:00,20.405057907104492,20.405057907104492,20.405057907104492,20.405057907104492,0,0.0,0.0,0.0
2020-05-06 00:00:00-04:00,19.374399142237323,19.374399142237323,19.244972229003906,19.244972229003906,106,0.0,0.0,0.0
2020-05-07 00:00:00-04:00,19.244972229003906,19.244972229003906,19.244972229003906,19.244972229003906,0,0.0,0.0,0.0
2020-05-08 00:00:00-04:00,19.244972229003906,19.244972229003906,19.244972229003906,19.244972229003906,0,0.0,0.0,0.0
2020-05-11 00:00:00-04:00,19.244972229003906,19.244972229003906,19.244972229003906,19.244972229003906,0,0.0,0.0,0.0
2020-05-12 00:00:00-04:00,19.244972229003906,19.244972229003906,19.244972229003906,19.244972229003906,0,0.0,0.0,0.0
2020-05-13 00:00:00-04:00,18.48248155087047,18.515581130981445,18.48248155087047,18.515581130981445,300,0.0,0.0,0.0
2020-05-14 00:00:00-04:00,18.597045494065227,18.761356353759766,18.597045494065227,18.761356353759766,1858,0.0,0.0,0.0
2020-05-15 00:00:00-04:00,18.761356353759766,18.761356353759766,18.761356353759766,18.761356353759766,0,0.0,0.0,0.0
2020-05-18 00:00:00-04:00,18.761356353759766,18.761356353759766,18.761356353759766,18.761356353759766,0,0.0,0.0,0.0
2020-05-19 00:00:00-04:00,18.761356353759766,18.761356353759766,18.761356353759766,18.761356353759766,0,0.0,0.0,0.0
2020-05-20 00:00:00-04:00,18.761356353759766,18.761356353759766,18.761356353759766,18.761356353759766,0,0.0,0.0,0.0
2020-05-21 00:00:00-04:00,20.48433893859278,20.49424934387207,20.48433893859278,20.49424934387207,2006,0.0,0.0,0.0
2020-05-22 00:00:00-04:00,20.49424934387207,20.49424934387207,20.49424934387207,20.49424934387207,0,0.0,0.0,0.0
2020-05-26 00:00:00-04:00,20.49424934387207,20.49424934387207,20.49424934387207,20.49424934387207,0,0.0,0.0,0.0
2020-05-27 00:00:00-04:00,21.81230354309082,21.81230354309082,21.81230354309082,21.81230354309082,184,0.0,0.0,0.0
2020-05-28 00:00:00-04:00,22.050148069433387,22.050148069433387,21.69219207763672,21.69219207763672,1456,0.0,0.0,0.0
2020-05-29 00:00:00-04:00,21.69219207763672,21.69219207763672,21.69219207763672,21.69219207763672,0,0.0,0.0,0.0
2020-06-01 00:00:00-04:00,21.80239368748974,21.80239368748974,21.75849151611328,21.75849151611328,373,0.0,0.0,0.0
2020-06-02 00:00:00-04:00,22.178979873657227,22.178979873657227,22.178979873657227,22.178979873657227,199,0.0,0.0,0.0
2020-06-03 00:00:00-04:00,22.178979873657227,22.178979873657227,22.178979873657227,22.178979873657227,0,0.0,0.0,0.0
2020-06-04 00:00:00-04:00,22.178979873657227,22.178979873657227,22.178979873657227,22.178979873657227,0,0.0,0.0,0.0
2020-06-05 00:00:00-04:00,22.178979873657227,22.178979873657227,22.178979873657227,22.178979873657227,0,0.0,0.0,0.0
2020-06-08 00:00:00-04:00,22.178979873657227,22.178979873657227,22.178979873657227,22.178979873657227,0,0.0,0.0,0.0
2020-06-09 00:00:00-04:00,22.178979873657227,22.178979873657227,22.178979873657227,22.178979873657227,0,0.0,0.0,0.0
2020-06-10 00:00:00-04:00,23.48712445672593,23.48712445672593,23.185457229614258,23.185457229614258,406,0.0,0.0,0.0
2020-06-11 00:00:00-04:00,23.185457229614258,23.185457229614258,23.185457229614258,23.185457229614258,0,0.0,0.0,0.0
2020-06-12 00:00:00-04:00,23.185457229614258,23.185457229614258,23.185457229614258,23.185457229614258,0,0.0,0.0,0.0
2020-06-15 00:00:00-04:00,23.185457229614258,23.185457229614258,23.185457229614258,23.185457229614258,0,0.0,0.0,0.0
2020-06-16 00:00:00-04:00,23.185457229614258,23.185457229614258,23.185457229614258,23.185457229614258,0,0.0,0.0,0.0
2020-06-17 00:00:00-04:00,23.185457229614258,23.185457229614258,23.185457229614258,23.185457229614258,0,0.0,0.0,0.0
2020-06-18 00:00:00-04:00,23.185457229614258,23.185457229614258,23.185457229614258,23.185457229614258,0,0.0,0.0,0.0
2020-06-19 00:00:00-04:00,23.185457229614258,23.185457229614258,23.185457229614258,23.185457229614258,0,0.0,0.0,0.0
2020-06-22 00:00:00-04:00,23.185457229614258,23.185457229614258,23.185457229614258,23.185457229614258,0,0.0,0.0,0.0
2020-06-23 00:00:00-04:00,23.185457229614258,23.185457229614258,23.185457229614258,23.185457229614258,0,0.0,0.0,0.0
2020-06-24 00:00:00-04:00,21.3564343692276,21.3564343692276,21.27715301513672,21.27715301513672,1317,0.0,0.0,0.0
2020-06-25 00:00:00-04:00,21.27715301513672,21.27715301513672,21.27715301513672,21.27715301513672,0,0.0,0.0,0.0
2020-06-26 00:00:00-04:00,21.27715301513672,21.27715301513672,21.27715301513672,21.27715301513672,0,0.0,0.0,0.0
2020-06-29 00:00:00-04:00,21.27715301513672,21.27715301513672,21.27715301513672,21.27715301513672,0,0.0,0.0,0.0
2020-06-30 00:00:00-04:00,21.27715301513672,21.27715301513672,21.27715301513672,21.27715301513672,0,0.0,0.0,0.0
2020-07-01 00:00:00-04:00,22.189005187910592,23.27904307246967,21.7138671875,21.7138671875,1211,0.096,0.0,0.0
2020-07-02 00:00:00-04:00,21.7138671875,21.7138671875,21.7138671875,21.7138671875,0,0.0,0.0,0.0
2020-07-06 00:00:00-04:00,21.7138671875,21.7138671875,21.7138671875,21.7138671875,0,0.0,0.0,0.0
2020-07-07 00:00:00-04:00,21.7138671875,21.7138671875,21.7138671875,21.7138671875,0,0.0,0.0,0.0
2020-07-08 00:00:00-04:00,21.7138671875,21.7138671875,21.7138671875,21.7138671875,0,0.0,0.0,0.0
2020-07-09 00:00:00-04:00,21.7138671875,21.7138671875,21.7138671875,21.7138671875,0,0.0,0.0,0.0
2020-07-10 00:00:00-04:00,21.7138671875,21.7138671875,21.7138671875,21.7138671875,0,0.0,0.0,0.0
2020-07-13 00:00:00-04:00,21.7138671875,21.7138671875,21.7138671875,21.7138671875,0,0.0,0.0,0.0
2020-07-14 00:00:00-04:00,21.7138671875,21.7138671875,21.7138671875,21.7138671875,0,0.0,0.0,0.0
2020-07-15 00:00:00-04:00,21.7138671875,21.7138671875,21.7138671875,21.7138671875,0,0.0,0.0,0.0
2020-07-16 00:00:00-04:00,21.7138671875,21.7138671875,21.7138671875,21.7138671875,0,0.0,0.0,0.0
2020-07-17 00:00:00-04:00,21.7138671875,21.7138671875,21.7138671875,21.7138671875,0,0.0,0.0,0.0
2020-07-20 00:00:00-04:00,21.7138671875,21.7138671875,21.7138671875,21.7138671875,0,0.0,0.0,0.0
2020-07-21 00:00:00-04:00,21.7138671875,21.7138671875,21.7138671875,21.7138671875,0,0.0,0.0,0.0
2020-07-22 00:00:00-04:00,22.816148671433183,22.826103588892032,22.73651123046875,22.73651123046875,402,0.0,0.0,0.0
2020-07-23 00:00:00-04:00,22.73651123046875,22.73651123046875,22.73651123046875,22.73651123046875,0,0.0,0.0,0.0
2020-07-24 00:00:00-04:00,22.73651123046875,22.73651123046875,22.73651123046875,22.73651123046875,0,0.0,0.0,0.0
2020-07-27 00:00:00-04:00,22.73651123046875,22.73651123046875,22.73651123046875,22.73651123046875,0,0.0,0.0,0.0
2020-07-28 00:00:00-04:00,22.913704242684155,22.913704242684155,22.706348419189453,22.706348419189453,104,0.0,0.0,0.0
2020-07-29 00:00:00-04:00,22.706348419189453,22.706348419189453,22.706348419189453,22.706348419189453,0,0.0,0.0,0.0
2020-07-30 00:00:00-04:00,22.706348419189453,22.706348419189453,22.706348419189453,22.706348419189453,0,0.0,0.0,0.0
2020-07-31 00:00:00-04:00,22.706348419189453,22.706348419189453,22.706348419189453,22.706348419189453,0,0.0,0.0,0.0
2020-08-03 00:00:00-04:00,22.706348419189453,22.706348419189453,22.706348419189453,22.706348419189453,0,0.0,0.0,0.0
2020-08-04 00:00:00-04:00,23.005288993638704,23.005288993638704,22.92565155029297,22.92565155029297,1396,0.0,0.0,0.0
2020-08-05 00:00:00-04:00,22.92565155029297,22.92565155029297,22.92565155029297,22.92565155029297,0,0.0,0.0,0.0
2020-08-06 00:00:00-04:00,22.92565155029297,22.92565155029297,22.92565155029297,22.92565155029297,0,0.0,0.0,0.0
2020-08-07 00:00:00-04:00,22.92565155029297,22.92565155029297,22.92565155029297,22.92565155029297,0,0.0,0.0,0.0
2020-08-10 00:00:00-04:00,22.92565155029297,22.92565155029297,22.92565155029297,22.92565155029297,0,0.0,0.0,0.0
2020-08-11 00:00:00-04:00,24.717493947513134,26.200742454866017,24.657766342163086,24.657766342163086,7789,0.0,0.0,0.0
2020-08-12 00:00:00-04:00,24.657766342163086,24.657766342163086,24.657766342163086,24.657766342163086,0,0.0,0.0,0.0
2020-08-13 00:00:00-04:00,24.325378697403753,24.325378697403753,24.192184448242188,24.192184448242188,1024,0.0,0.0,0.0
2020-08-14 00:00:00-04:00,24.192184448242188,24.192184448242188,24.192184448242188,24.192184448242188,0,0.0,0.0,0.0
2020-08-17 00:00:00-04:00,24.25958064910296,24.29939842224121,24.25958064910296,24.29939842224121,425,0.0,0.0,0.0
2020-08-18 00:00:00-04:00,24.000757682523716,25.245093905819946,23.990802764892578,23.990802764892578,3281,0.0,0.0,0.0
2020-08-19 00:00:00-04:00,23.90121078491211,23.90121078491211,23.90121078491211,23.90121078491211,200,0.0,0.0,0.0
2020-08-20 00:00:00-04:00,23.891254425048828,23.891254425048828,23.891254425048828,23.891254425048828,280,0.0,0.0,0.0
2020-08-21 00:00:00-04:00,23.891254425048828,23.891254425048828,23.891254425048828,23.891254425048828,0,0.0,0.0,0.0
2020-08-24 00:00:00-04:00,23.891354637386204,23.941028594970703,23.891354637386204,23.941028594970703,5601,0.0,0.0,0.0
2020-08-25 00:00:00-04:00,23.941028594970703,23.941028594970703,23.941028594970703,23.941028594970703,0,0.0,0.0,0.0
2020-08-26 00:00:00-04:00,23.941028594970703,23.941028594970703,23.941028594970703,23.941028594970703,0,0.0,0.0,0.0
2020-08-27 00:00:00-04:00,23.970892417418423,23.98084733483684,23.9609375,23.9609375,301,0.0,0.0,0.0
2020-08-28 00:00:00-04:00,24.030620574951172,24.030620574951172,24.030620574951172,24.030620574951172,107,0.0,0.0,0.0
2020-08-31 00:00:00-04:00,24.030620574951172,24.030620574951172,24.030620574951172,24.030620574951172,0,0.0,0.0,0.0
2020-09-01 00:00:00-04:00,23.961038884924015,24.063770294189453,23.961038884924015,24.063770294189453,1001,0.0,0.0,0.0
2020-09-02 00:00:00-04:00,24.26455619189309,24.419450759887695,24.26455619189309,24.419450759887695,201,0.0,0.0,0.0
2020-09-03 00:00:00-04:00,24.419450759887695,24.419450759887695,24.419450759887695,24.419450759887695,0,0.0,0.0,0.0
2020-09-04 00:00:00-04:00,24.419450759887695,24.419450759887695,24.419450759887695,24.419450759887695,0,0.0,0.0,0.0
2020-09-08 00:00:00-04:00,24.419450759887695,24.419450759887695,24.419450759887695,24.419450759887695,0,0.0,0.0,0.0
2020-09-09 00:00:00-04:00,24.419450759887695,24.419450759887695,24.419450759887695,24.419450759887695,0,0.0,0.0,0.0
2020-09-10 00:00:00-04:00,24.419450759887695,24.419450759887695,24.419450759887695,24.419450759887695,0,0.0,0.0,0.0
2020-09-11 00:00:00-04:00,24.419450759887695,24.419450759887695,24.419450759887695,24.419450759887695,0,0.0,0.0,0.0
2020-09-14 00:00:00-04:00,24.419450759887695,24.419450759887695,24.419450759887695,24.419450759887695,0,0.0,0.0,0.0
2020-09-15 00:00:00-04:00,23.771799087524414,23.771799087524414,23.771799087524414,23.771799087524414,101,0.0,0.0,0.0
2020-09-16 00:00:00-04:00,23.771799087524414,23.771799087524414,23.771799087524414,23.771799087524414,0,0.0,0.0,0.0
2020-09-17 00:00:00-04:00,23.771799087524414,23.771799087524414,23.771799087524414,23.771799087524414,0,0.0,0.0,0.0
2020-09-18 00:00:00-04:00,23.6423884191681,23.6423884191681,23.508100509643555,23.508100509643555,377,0.0,0.0,0.0
2020-09-21 00:00:00-04:00,23.508100509643555,23.508100509643555,23.508100509643555,23.508100509643555,0,0.0,0.0,0.0
2020-09-22 00:00:00-04:00,23.508100509643555,23.508100509643555,23.508100509643555,23.508100509643555,0,0.0,0.0,0.0
2020-09-23 00:00:00-04:00,23.508100509643555,23.508100509643555,23.508100509643555,23.508100509643555,0,0.0,0.0,0.0
2020-09-24 00:00:00-04:00,23.508100509643555,23.508100509643555,23.508100509643555,23.508100509643555,0,0.0,0.0,0.0
2020-09-25 00:00:00-04:00,23.508100509643555,23.508100509643555,23.508100509643555,23.508100509643555,0,0.0,0.0,0.0
2020-09-28 00:00:00-04:00,23.508100509643555,23.508100509643555,23.508100509643555,23.508100509643555,0,0.0,0.0,0.0
2020-09-29 00:00:00-04:00,23.508100509643555,23.508100509643555,23.508100509643555,23.508100509643555,0,0.0,0.0,0.0
2020-09-30 00:00:00-04:00,23.508100509643555,23.508100509643555,23.508100509643555,23.508100509643555,0,0.0,0.0,0.0
2020-10-01 00:00:00-04:00,23.615100860595703,23.615100860595703,23.615100860595703,23.615100860595703,0,0.107,0.0,0.0
2020-10-02 00:00:00-04:00,23.615100860595703,23.615100860595703,23.615100860595703,23.615100860595703,0,0.0,0.0,0.0
2020-10-05 00:00:00-04:00,23.615100860595703,23.615100860595703,23.615100860595703,23.615100860595703,0,0.0,0.0,0.0
2020-10-06 00:00:00-04:00,24.482200622558594,24.482200622558594,23.922300338745117,23.922300338745117,103,0.0,0.0,0.0
2020-10-07 00:00:00-04:00,23.922300338745117,23.922300338745117,23.922300338745117,23.922300338745117,0,0.0,0.0,0.0
2020-10-08 00:00:00-04:00,23.922300338745117,23.922300338745117,23.922300338745117,23.922300338745117,0,0.0,0.0,0.0
2020-10-09 00:00:00-04:00,23.922300338745117,23.922300338745117,23.922300338745117,23.922300338745117,0,0.0,0.0,0.0
2020-10-12 00:00:00-04:00,23.922300338745117,23.922300338745117,23.922300338745117,23.922300338745117,0,0.0,0.0,0.0
2020-10-13 00:00:00-04:00,23.922300338745117,23.922300338745117,23.922300338745117,23.922300338745117,0,0.0,0.0,0.0
2020-10-14 00:00:00-04:00,23.922300338745117,23.922300338745117,23.922300338745117,23.922300338745117,0,0.0,0.0,0.0
2020-10-15 00:00:00-04:00,23.922300338745117,23.922300338745117,23.922300338745117,23.922300338745117,0,0.0,0.0,0.0
2020-10-16 00:00:00-04:00,23.922300338745117,23.922300338745117,23.922300338745117,23.922300338745117,0,0.0,0.0,0.0
2020-10-19 00:00:00-04:00,23.922300338745117,23.922300338745117,23.922300338745117,23.922300338745117,0,0.0,0.0,0.0
2020-10-20 00:00:00-04:00,23.922300338745117,23.922300338745117,23.922300338745117,23.922300338745117,0,0.0,0.0,0.0
2020-10-21 00:00:00-04:00,24.600000381469727,24.600099563598633,24.534099578857422,24.534099578857422,400,0.0,0.0,0.0
2020-10-22 00:00:00-04:00,24.534099578857422,24.534099578857422,24.534099578857422,24.534099578857422,0,0.0,0.0,0.0
2020-10-23 00:00:00-04:00,24.534099578857422,24.534099578857422,24.534099578857422,24.534099578857422,0,0.0,0.0,0.0
2020-10-26 00:00:00-04:00,24.534099578857422,24.534099578857422,24.534099578857422,24.534099578857422,0,0.0,0.0,0.0
2020-10-27 00:00:00-04:00,24.534099578857422,24.534099578857422,24.534099578857422,24.534099578857422,0,0.0,0.0,0.0
2020-10-28 00:00:00-04:00,23.489999771118164,23.489999771118164,23.36240005493164,23.36240005493164,4338,0.0,0.0,0.0
2020-10-29 00:00:00-04:00,23.36240005493164,23.36240005493164,23.36240005493164,23.36240005493164,0,0.0,0.0,0.0
2020-10-30 00:00:00-04:00,23.399999618530273,23.459999084472656,23.3799991607666,23.459999084472656,2295,0.0,0.0,0.0
2020-11-02 00:00:00-05:00,23.459999084472656,23.459999084472656,23.459999084472656,23.459999084472656,0,0.0,0.0,0.0
2020-11-03 00:00:00-05:00,23.459999084472656,23.459999084472656,23.459999084472656,23.459999084472656,0,0.0,0.0,0.0
2020-11-04 00:00:00-05:00,23.459999084472656,23.459999084472656,23.459999084472656,23.459999084472656,0,0.0,0.0,0.0
2020-11-05 00:00:00-05:00,23.459999084472656,23.459999084472656,23.459999084472656,23.459999084472656,0,0.0,0.0,0.0
2020-11-06 00:00:00-05:00,23.459999084472656,23.459999084472656,23.459999084472656,23.459999084472656,0,0.0,0.0,0.0
2020-11-09 00:00:00-05:00,23.459999084472656,23.459999084472656,23.459999084472656,23.459999084472656,0,0.0,0.0,0.0
2020-11-10 00:00:00-05:00,23.459999084472656,23.459999084472656,23.459999084472656,23.459999084472656,0,0.0,0.0,0.0
2020-11-11 00:00:00-05:00,23.459999084472656,23.459999084472656,23.459999084472656,23.459999084472656,0,0.0,0.0,0.0
2020-11-12 00:00:00-05:00,23.459999084472656,23.459999084472656,23.459999084472656,23.459999084472656,0,0.0,0.0,0.0
2020-11-13 00:00:00-05:00,23.459999084472656,23.459999084472656,23.459999084472656,23.459999084472656,0,0.0,0.0,0.0
2020-11-16 00:00:00-05:00,23.459999084472656,23.459999084472656,23.459999084472656,23.459999084472656,0,0.0,0.0,0.0
2020-11-17 00:00:00-05:00,23.459999084472656,23.459999084472656,23.459999084472656,23.459999084472656,0,0.0,0.0,0.0
2020-11-18 00:00:00-05:00,23.459999084472656,23.459999084472656,23.459999084472656,23.459999084472656,0,0.0,0.0,0.0
2020-11-19 00:00:00-05:00,23.459999084472656,23.459999084472656,23.459999084472656,23.459999084472656,0,0.0,0.0,0.0
2020-11-20 00:00:00-05:00,27.18000030517578,27.180099487304688,27.18000030517578,27.180099487304688,251,0.0,0.0,0.0
2020-11-23 00:00:00-05:00,27.180099487304688,27.180099487304688,27.180099487304688,27.180099487304688,0,0.0,0.0,0.0
2020-11-24 00:00:00-05:00,28.670000076293945,28.68000030517578,28.670000076293945,28.68000030517578,808,0.0,0.0,0.0
2020-11-25 00:00:00-05:00,28.520000457763672,28.520000457763672,28.43000030517578,28.43000030517578,952,0.0,0.0,0.0
2020-11-27 00:00:00-05:00,28.43000030517578,28.43000030517578,28.43000030517578,28.43000030517578,0,0.0,0.0,0.0
2020-11-30 00:00:00-05:00,28.43000030517578,28.43000030517578,28.43000030517578,28.43000030517578,0,0.0,0.0,0.0
2020-12-01 00:00:00-05:00,28.43000030517578,28.43000030517578,28.43000030517578,28.43000030517578,0,0.0,0.0,0.0
2020-12-02 00:00:00-05:00,28.219999313354492,28.343700408935547,28.219999313354492,28.343700408935547,115,0.0,0.0,0.0
2020-12-03 00:00:00-05:00,28.343700408935547,28.343700408935547,28.343700408935547,28.343700408935547,0,0.0,0.0,0.0
2020-12-04 00:00:00-05:00,28.343700408935547,28.343700408935547,28.343700408935547,28.343700408935547,0,0.0,0.0,0.0
2020-12-07 00:00:00-05:00,28.343700408935547,28.343700408935547,28.343700408935547,28.343700408935547,0,0.0,0.0,0.0
2020-12-08 00:00:00-05:00,28.343700408935547,28.343700408935547,28.343700408935547,28.343700408935547,0,0.0,0.0,0.0
2020-12-09 00:00:00-05:00,28.343700408935547,28.343700408935547,28.343700408935547,28.343700408935547,0,0.0,0.0,0.0
2020-12-10 00:00:00-05:00,28.343700408935547,28.343700408935547,28.343700408935547,28.343700408935547,0,0.0,0.0,0.0
2020-12-11 00:00:00-05:00,29.530000686645508,29.530000686645508,29.530000686645508,29.530000686645508,176,0.0,0.0,0.0
2020-12-14 00:00:00-05:00,29.530000686645508,29.530000686645508,29.530000686645508,29.530000686645508,0,0.0,0.0,0.0
2020-12-15 00:00:00-05:00,29.530000686645508,29.530000686645508,29.530000686645508,29.530000686645508,0,0.0,0.0,0.0
2020-12-16 00:00:00-05:00,29.530000686645508,29.530000686645508,29.530000686645508,29.530000686645508,0,0.0,0.0,0.0
2020-12-17 00:00:00-05:00,29.530000686645508,29.530000686645508,29.530000686645508,29.530000686645508,0,0.0,0.0,0.0
2020-12-18 00:00:00-05:00,29.530000686645508,29.530000686645508,29.530000686645508,29.530000686645508,0,0.0,0.0,0.0
2020-12-21 00:00:00-05:00,29.530000686645508,29.530000686645508,29.530000686645508,29.530000686645508,0,0.0,0.0,0.0
2020-12-22 00:00:00-05:00,29.530000686645508,29.530000686645508,29.530000686645508,29.530000686645508,0,0.0,0.0,0.0
2020-12-23 00:00:00-05:00,29.530000686645508,29.530000686645508,29.530000686645508,29.530000686645508,0,0.0,0.0,0.0
2020-12-24 00:00:00-05:00,29.530000686645508,29.530000686645508,29.530000686645508,29.530000686645508,0,0.0,0.0,0.0
2020-12-28 00:00:00-05:00,29.530000686645508,29.530000686645508,29.530000686645508,29.530000686645508,0,0.0,0.0,0.0
2020-12-29 00:00:00-05:00,29.530000686645508,29.530000686645508,29.530000686645508,29.530000686645508,0,0.0,0.0,0.0
2020-12-30 00:00:00-05:00,29.530000686645508,29.530000686645508,29.530000686645508,29.530000686645508,0,0.0,0.0,0.0
2020-12-31 00:00:00-05:00,29.530000686645508,29.530000686645508,29.530000686645508,29.530000686645508,0,0.0,0.0,0.0
2021-01-04 00:00:00-05:00,29.530000686645508,29.530000686645508,29.530000686645508,29.530000686645508,0,0.0,0.0,0.0
2021-01-05 00:00:00-05:00,29.530000686645508,29.530000686645508,29.530000686645508,29.530000686645508,0,0.0,0.0,0.0
