Date,Open,High,Low,Close,Volume,Dividends,Stock Splits,Capital Gains
2022-10-13 00:00:00-04:00,24.239999771118164,25.73200035095215,24.079999923706055,25.35700035095215,2000,0.0,0.0,0.0
2022-10-14 00:00:00-04:00,25.224000930786133,25.229999542236328,24.7450008392334,24.7450008392334,3000,0.0,0.0,0.0
2022-10-17 00:00:00-04:00,25.534000396728516,25.534000396728516,25.534000396728516,25.534000396728516,100,0.0,0.0,0.0
2022-10-18 00:00:00-04:00,26.110000610351562,26.575000762939453,25.742000579833984,25.742000579833984,3900,0.0,0.0,0.0
2022-10-19 00:00:00-04:00,25.729999542236328,25.729999542236328,24.889999389648438,24.96500015258789,2900,0.0,0.0,0.0
2022-10-20 00:00:00-04:00,24.969999313354492,25.559999465942383,24.864999771118164,24.934999465942383,7300,0.0,0.0,0.0
2022-10-21 00:00:00-04:00,25.030000686645508,25.549999237060547,24.809999465942383,25.5,7300,0.0,0.0,0.0
2022-10-24 00:00:00-04:00,25.440000534057617,25.56999969482422,25.0,25.540000915527344,19400,0.0,0.0,0.0
2022-10-25 00:00:00-04:00,25.649999618530273,26.520000457763672,25.649999618530273,26.409000396728516,20600,0.0,0.0,0.0
2022-10-26 00:00:00-04:00,26.440000534057617,27.299999237060547,26.440000534057617,26.714000701904297,8300,0.0,0.0,0.0
2022-10-27 00:00:00-04:00,26.829999923706055,26.969999313354492,26.405000686645508,26.405000686645508,15300,0.0,0.0,0.0
2022-10-28 00:00:00-04:00,26.489999771118164,27.260000228881836,26.476999282836914,27.200000762939453,6600,0.0,0.0,0.0
2022-10-31 00:00:00-04:00,27.1299991607666,27.389999389648438,26.950000762939453,27.073999404907227,7700,0.0,0.0,0.0
2022-11-01 00:00:00-04:00,27.399999618530273,27.579999923706055,27.34000015258789,27.40399932861328,12200,0.0,0.0,0.0
2022-11-02 00:00:00-04:00,27.3700008392334,27.690000534057617,26.593000411987305,26.593000411987305,15400,0.0,0.0,0.0
2022-11-03 00:00:00-04:00,26.309999465942383,26.540000915527344,25.965999603271484,26.24799919128418,5200,0.0,0.0,0.0
2022-11-04 00:00:00-04:00,26.200000762939453,26.27199935913086,25.8700008392334,26.27199935913086,1000,0.0,0.0,0.0
2022-11-07 00:00:00-05:00,26.3799991607666,26.746000289916992,26.25,26.624000549316406,2900,0.0,0.0,0.0
2022-11-08 00:00:00-05:00,26.450000762939453,26.950000762939453,26.450000762939453,26.577999114990234,12800,0.0,0.0,0.0
2022-11-09 00:00:00-05:00,26.229999542236328,26.229999542236328,25.520000457763672,25.55900001525879,3900,0.0,0.0,0.0
2022-11-10 00:00:00-05:00,26.43000030517578,27.270000457763672,26.43000030517578,27.270000457763672,2500,0.0,0.0,0.0
2022-11-11 00:00:00-05:00,27.389999389648438,28.270000457763672,27.389999389648438,28.052000045776367,5800,0.0,0.0,0.0
2022-11-14 00:00:00-05:00,28.229999542236328,28.239999771118164,28.0310001373291,28.0310001373291,2300,0.0,0.0,0.0
2022-11-15 00:00:00-05:00,28.780000686645508,28.81999969482422,28.3799991607666,28.5049991607666,7500,0.0,0.0,0.0
2022-11-16 00:00:00-05:00,28.469999313354492,28.469999313354492,27.801000595092773,27.801000595092773,13400,0.0,0.0,0.0
2022-11-17 00:00:00-05:00,27.474000930786133,27.719999313354492,27.399999618530273,27.576000213623047,6200,0.0,0.0,0.0
2022-11-18 00:00:00-05:00,27.78499984741211,27.8799991607666,27.579999923706055,27.624000549316406,9200,0.0,0.0,0.0
2022-11-21 00:00:00-05:00,27.549999237060547,27.549999237060547,27.25,27.253999710083008,1700,0.0,0.0,0.0
2022-11-22 00:00:00-05:00,26.969999313354492,27.520000457763672,26.969999313354492,27.511999130249023,8300,0.0,0.0,0.0
2022-11-23 00:00:00-05:00,27.6299991607666,27.780000686645508,27.5,27.62299919128418,3400,0.0,0.0,0.0
2022-11-25 00:00:00-05:00,27.530000686645508,27.709999084472656,27.520000457763672,27.6200008392334,3000,0.0,0.0,0.0
2022-11-28 00:00:00-05:00,27.479999542236328,27.479999542236328,26.979000091552734,26.979000091552734,1300,0.0,0.0,0.0
2022-11-29 00:00:00-05:00,27.020000457763672,27.149999618530273,26.937000274658203,26.937000274658203,5100,0.0,0.0,0.0
2022-11-30 00:00:00-05:00,27.1299991607666,27.8799991607666,26.947999954223633,27.82900047302246,3700,0.0,0.0,0.0
2022-12-01 00:00:00-05:00,28.0,28.200000762939453,28.0,28.132999420166016,6400,0.0,0.0,0.0
2022-12-02 00:00:00-05:00,27.850000381469727,28.520000457763672,27.850000381469727,28.48699951171875,8800,0.0,0.0,0.0
2022-12-05 00:00:00-05:00,28.290000915527344,28.290000915527344,27.59000015258789,27.722999572753906,7700,0.0,0.0,0.0
2022-12-06 00:00:00-05:00,27.850000381469727,27.850000381469727,27.059999465942383,27.132999420166016,8800,0.0,0.0,0.0
2022-12-07 00:00:00-05:00,27.010000228881836,27.190000534057617,26.959999084472656,26.959999084472656,9000,0.0,0.0,0.0
2022-12-08 00:00:00-05:00,27.190000534057617,27.469999313354492,26.84000015258789,27.398000717163086,2100,0.0,0.0,0.0
2022-12-09 00:00:00-05:00,27.229999542236328,27.229999542236328,26.92300033569336,26.92300033569336,500,0.0,0.0,0.0
2022-12-12 00:00:00-05:00,26.916000366210938,27.200000762939453,26.916000366210938,27.179000854492188,2100,0.0,0.0,0.0
2022-12-13 00:00:00-05:00,27.719999313354492,27.729999542236328,27.290000915527344,27.520000457763672,3900,0.0,0.0,0.0
2022-12-14 00:00:00-05:00,27.709999084472656,27.719999313354492,27.270000457763672,27.347999572753906,4500,0.0,0.0,0.0
2022-12-15 00:00:00-05:00,27.139999389648438,27.139999389648438,26.589000701904297,26.589000701904297,5000,0.0,0.0,0.0
2022-12-16 00:00:00-05:00,26.209999084472656,26.520000457763672,26.209999084472656,26.479000091552734,6500,0.0,0.0,0.0
2022-12-19 00:00:00-05:00,26.8700008392334,26.8700008392334,25.768999099731445,25.84000015258789,9100,0.0,0.0,0.0
2022-12-20 00:00:00-05:00,25.8799991607666,26.1200008392334,25.639999389648438,26.049999237060547,8300,0.0,0.0,0.0
2022-12-21 00:00:00-05:00,26.280000686645508,26.790000915527344,26.280000686645508,26.643999099731445,2900,0.0,0.0,0.0
2022-12-22 00:00:00-05:00,26.420000076293945,26.420000076293945,25.899999618530273,26.420000076293945,4200,0.0,0.0,0.0
2022-12-23 00:00:00-05:00,26.21500015258789,26.229999542236328,26.030000686645508,26.191999435424805,4400,0.0,0.0,0.0
2022-12-27 00:00:00-05:00,25.799999237060547,25.989999771118164,25.597999572753906,25.597999572753906,6000,0.0,0.0,0.0
2022-12-28 00:00:00-05:00,25.6200008392334,25.667999267578125,25.559999465942383,25.565000534057617,4900,0.0,0.0,0.0
2022-12-29 00:00:00-05:00,25.719999313354492,26.770000457763672,25.719999313354492,26.767000198364258,800,0.0,0.0,0.0
2022-12-30 00:00:00-05:00,26.618999481201172,27.010000228881836,26.618999481201172,27.010000228881836,5300,0.0,0.0,0.0
2023-01-03 00:00:00-05:00,26.8799991607666,26.933000564575195,26.774999618530273,26.933000564575195,3000,0.0,0.0,0.0
2023-01-04 00:00:00-05:00,27.625,27.760000228881836,27.625,27.648000717163086,1300,0.0,0.0,0.0
2023-01-05 00:00:00-05:00,27.56999969482422,27.579999923706055,27.447999954223633,27.499000549316406,2300,0.0,0.0,0.0
2023-01-06 00:00:00-05:00,28.152000427246094,28.152000427246094,28.152000427246094,28.152000427246094,200,0.0,0.0,0.0
2023-01-09 00:00:00-05:00,28.700000762939453,28.899999618530273,28.540000915527344,28.540000915527344,2200,0.0,0.0,0.0
2023-01-10 00:00:00-05:00,29.065000534057617,29.13800048828125,29.065000534057617,29.13800048828125,600,0.0,0.0,0.0
2023-01-11 00:00:00-05:00,29.3700008392334,29.408000946044922,29.31399917602539,29.408000946044922,1700,0.0,0.0,0.0
2023-01-12 00:00:00-05:00,29.219999313354492,30.04800033569336,29.200000762939453,30.04800033569336,1800,0.0,0.0,0.0
2023-01-13 00:00:00-05:00,29.8799991607666,30.398000717163086,29.8799991607666,30.398000717163086,2700,0.0,0.0,0.0
2023-01-17 00:00:00-05:00,30.510000228881836,30.510000228881836,30.15999984741211,30.222999572753906,7100,0.0,0.0,0.0
2023-01-18 00:00:00-05:00,30.670000076293945,30.670000076293945,29.82900047302246,29.82900047302246,9400,0.0,0.0,0.0
2023-01-19 00:00:00-05:00,29.739999771118164,29.739999771118164,29.3799991607666,29.3799991607666,800,0.0,0.0,0.0
2023-01-20 00:00:00-05:00,29.690000534057617,30.16900062561035,29.520000457763672,30.16900062561035,1900,0.0,0.0,0.0
2023-01-23 00:00:00-05:00,30.459999084472656,30.704999923706055,30.459999084472656,30.656999588012695,2800,0.0,0.0,0.0
2023-01-24 00:00:00-05:00,30.540000915527344,30.760000228881836,30.5,30.527999877929688,4300,0.0,0.0,0.0
2023-01-25 00:00:00-05:00,30.139999389648438,30.582000732421875,29.940000534057617,30.582000732421875,10300,0.0,0.0,0.0
2023-01-26 00:00:00-05:00,30.610000610351562,30.666000366210938,30.540000915527344,30.666000366210938,1700,0.0,0.0,0.0
2023-01-27 00:00:00-05:00,30.68000030517578,30.979999542236328,30.584999084472656,30.790000915527344,3200,0.0,0.0,0.0
2023-01-30 00:00:00-05:00,30.670000076293945,30.670000076293945,30.135000228881836,30.135000228881836,3800,0.0,0.0,0.0
2023-01-31 00:00:00-05:00,30.3700008392334,30.875999450683594,30.3700008392334,30.875999450683594,3800,0.0,0.0,0.0
2023-02-01 00:00:00-05:00,30.8799991607666,31.75,30.780000686645508,31.51300048828125,22900,0.0,0.0,0.0
2023-02-02 00:00:00-05:00,31.809999465942383,32.72999954223633,31.809999465942383,32.44200134277344,11300,0.0,0.0,0.0
2023-02-03 00:00:00-05:00,32.380001068115234,32.540000915527344,32.112998962402344,32.112998962402344,3200,0.0,0.0,0.0
2023-02-06 00:00:00-05:00,32.099998474121094,32.099998474121094,31.690000534057617,31.759000778198242,13300,0.0,0.0,0.0
2023-02-07 00:00:00-05:00,31.510000228881836,32.11000061035156,31.40999984741211,32.07699966430664,12300,0.0,0.0,0.0
2023-02-08 00:00:00-05:00,32.040000915527344,32.040000915527344,31.25,31.27400016784668,5800,0.0,0.0,0.0
2023-02-09 00:00:00-05:00,31.81999969482422,31.81999969482422,30.850000381469727,30.89900016784668,5800,0.0,0.0,0.0
2023-02-10 00:00:00-05:00,30.920000076293945,30.920000076293945,30.489999771118164,30.64299964904785,7900,0.0,0.0,0.0
2023-02-13 00:00:00-05:00,30.3799991607666,30.68000030517578,30.350000381469727,30.670000076293945,10200,0.0,0.0,0.0
2023-02-14 00:00:00-05:00,30.31999969482422,30.746000289916992,30.31999969482422,30.746000289916992,600,0.0,0.0,0.0
2023-02-15 00:00:00-05:00,30.440000534057617,31.079999923706055,30.440000534057617,31.04599952697754,2000,0.0,0.0,0.0
2023-02-16 00:00:00-05:00,30.700000762939453,31.128999710083008,30.700000762939453,30.73900032043457,3000,0.0,0.0,0.0
2023-02-17 00:00:00-05:00,30.75,30.775999069213867,30.43000030517578,30.775999069213867,2400,0.0,0.0,0.0
2023-02-21 00:00:00-05:00,30.440000534057617,30.440000534057617,29.54199981689453,29.54199981689453,7500,0.0,0.0,0.0
2023-02-22 00:00:00-05:00,29.5,29.621999740600586,29.427000045776367,29.621999740600586,1500,0.0,0.0,0.0
2023-02-23 00:00:00-05:00,29.405000686645508,29.788999557495117,29.405000686645508,29.788999557495117,700,0.0,0.0,0.0
2023-02-24 00:00:00-05:00,29.479999542236328,29.479999542236328,28.989999771118164,29.079999923706055,13100,0.0,0.0,0.0
2023-02-27 00:00:00-05:00,29.520000457763672,29.520000457763672,29.038999557495117,29.038999557495117,1200,0.0,0.0,0.0
2023-02-28 00:00:00-05:00,29.030000686645508,29.350000381469727,29.030000686645508,29.22100067138672,1100,0.0,0.0,0.0
2023-03-01 00:00:00-05:00,29.510000228881836,29.510000228881836,29.2549991607666,29.2549991607666,2900,0.0,0.0,0.0
2023-03-02 00:00:00-05:00,29.040000915527344,29.29599952697754,28.850000381469727,29.29599952697754,5800,0.0,0.0,0.0
2023-03-03 00:00:00-05:00,29.849000930786133,29.849000930786133,29.849000930786133,29.849000930786133,300,0.0,0.0,0.0
2023-03-06 00:00:00-05:00,29.56999969482422,29.639999389648438,29.020000457763672,29.18199920654297,4900,0.0,0.0,0.0
2023-03-07 00:00:00-05:00,29.360000610351562,29.3700008392334,29.06999969482422,29.097999572753906,2800,0.0,0.0,0.0
2023-03-08 00:00:00-05:00,29.299999237060547,29.299999237060547,28.969999313354492,29.194000244140625,6200,0.0,0.0,0.0
2023-03-09 00:00:00-05:00,29.350000381469727,29.350000381469727,28.420000076293945,28.45400047302246,11900,0.0,0.0,0.0
2023-03-10 00:00:00-05:00,28.610000610351562,28.6299991607666,27.049999237060547,27.354000091552734,9600,0.0,0.0,0.0
2023-03-13 00:00:00-04:00,27.270000457763672,27.638999938964844,26.90999984741211,27.420000076293945,4700,0.0,0.0,0.0
2023-03-14 00:00:00-04:00,27.959999084472656,28.100000381469727,27.795000076293945,27.979999542236328,2800,0.0,0.0,0.0
2023-03-15 00:00:00-04:00,27.389999389648438,27.670000076293945,27.15999984741211,27.670000076293945,9300,0.0,0.0,0.0
2023-03-16 00:00:00-04:00,27.700000762939453,28.0,27.700000762939453,27.898000717163086,2100,0.0,0.0,0.0
2023-03-17 00:00:00-04:00,27.81999969482422,27.81999969482422,27.15999984741211,27.229999542236328,40400,0.0,0.0,0.0
2023-03-20 00:00:00-04:00,27.1200008392334,27.229999542236328,27.030000686645508,27.059999465942383,18200,0.0,0.0,0.0
2023-03-21 00:00:00-04:00,27.350000381469727,27.6200008392334,27.350000381469727,27.469999313354492,5000,0.0,0.0,0.0
2023-03-22 00:00:00-04:00,27.489999771118164,27.489999771118164,26.649999618530273,26.649999618530273,2900,0.0,0.0,0.0
2023-03-23 00:00:00-04:00,27.139999389648438,27.350000381469727,26.649999618530273,26.770000457763672,4300,0.0,0.0,0.0
2023-03-24 00:00:00-04:00,26.770000457763672,26.770000457763672,26.770000457763672,26.770000457763672,500,0.0,0.0,0.0
2023-03-27 00:00:00-04:00,27.1299991607666,27.1299991607666,26.899999618530273,27.059999465942383,3100,0.0,0.0,0.0
2023-03-28 00:00:00-04:00,27.0,27.048999786376953,26.84000015258789,26.84000015258789,300,0.0,0.0,0.0
2023-03-29 00:00:00-04:00,27.260000228881836,27.479999542236328,27.209999084472656,27.479999542236328,1800,0.0,0.0,0.0
2023-03-30 00:00:00-04:00,27.18000030517578,27.329999923706055,27.158000946044922,27.329999923706055,700,0.0,0.0,0.0
2023-03-31 00:00:00-04:00,27.8799991607666,27.941999435424805,27.8700008392334,27.941999435424805,1400,0.0,0.0,0.0
2023-04-03 00:00:00-04:00,27.860000610351562,27.940000534057617,27.70800018310547,27.940000534057617,5900,0.0,0.0,0.0
2023-04-04 00:00:00-04:00,28.15999984741211,28.15999984741211,27.3700008392334,27.496999740600586,2800,0.0,0.0,0.0
2023-04-05 00:00:00-04:00,27.062999725341797,27.18000030517578,27.049999237060547,27.18000030517578,2200,0.0,0.0,0.0
2023-04-06 00:00:00-04:00,26.972000122070312,27.440000534057617,26.972000122070312,27.40999984741211,10100,0.0,0.0,0.0
2023-04-10 00:00:00-04:00,27.260000228881836,27.538000106811523,27.1200008392334,27.538000106811523,11600,0.0,0.0,0.0
2023-04-11 00:00:00-04:00,27.700000762939453,27.829999923706055,27.66900062561035,27.719999313354492,2900,0.0,0.0,0.0
2023-04-12 00:00:00-04:00,28.06999969482422,28.06999969482422,27.3700008392334,27.3799991607666,6300,0.0,0.0,0.0
2023-04-13 00:00:00-04:00,27.5,28.160999298095703,27.5,28.160999298095703,1300,0.0,0.0,0.0
2023-04-14 00:00:00-04:00,28.200000762939453,28.200000762939453,27.600000381469727,27.722999572753906,2400,0.0,0.0,0.0
2023-04-17 00:00:00-04:00,27.799999237060547,28.219999313354492,27.799999237060547,28.163999557495117,3200,0.0,0.0,0.0
2023-04-18 00:00:00-04:00,27.969999313354492,27.969999313354492,27.739999771118164,27.865999221801758,5800,0.0,0.0,0.0
2023-04-19 00:00:00-04:00,27.70199966430664,27.889999389648438,27.70199966430664,27.885000228881836,1300,0.0,0.0,0.0
2023-04-20 00:00:00-04:00,27.690000534057617,27.690000534057617,27.45199966430664,27.45199966430664,5200,0.0,0.0,0.0
2023-04-21 00:00:00-04:00,27.639999389648438,27.739999771118164,27.395000457763672,27.729999542236328,3800,0.0,0.0,0.0
2023-04-24 00:00:00-04:00,27.6200008392334,27.6200008392334,27.25,27.34000015258789,3300,0.0,0.0,0.0
2023-04-25 00:00:00-04:00,27.290000915527344,27.290000915527344,26.600000381469727,26.600000381469727,1200,0.0,0.0,0.0
2023-04-26 00:00:00-04:00,26.489999771118164,26.540000915527344,26.309999465942383,26.45599937438965,2100,0.0,0.0,0.0
2023-04-27 00:00:00-04:00,26.440000534057617,26.6200008392334,26.440000534057617,26.600000381469727,2400,0.0,0.0,0.0
2023-04-28 00:00:00-04:00,26.610000610351562,27.030000686645508,26.610000610351562,27.018999099731445,1200,0.0,0.0,0.0
2023-05-01 00:00:00-04:00,27.297000885009766,27.530000686645508,27.297000885009766,27.3700008392334,2900,0.0,0.0,0.0
2023-05-02 00:00:00-04:00,27.43000030517578,27.43000030517578,26.719999313354492,26.829999923706055,3200,0.0,0.0,0.0
2023-05-03 00:00:00-04:00,27.200000762939453,27.889999389648438,27.200000762939453,27.66900062561035,900,0.0,0.0,0.0
2023-05-04 00:00:00-04:00,27.264999389648438,27.579999923706055,27.264999389648438,27.527999877929688,3200,0.0,0.0,0.0
2023-05-05 00:00:00-04:00,28.1299991607666,28.31599998474121,28.1299991607666,28.253000259399414,3100,0.0,0.0,0.0
2023-05-08 00:00:00-04:00,28.25,28.25,28.1200008392334,28.219999313354492,7300,0.0,0.0,0.0
2023-05-09 00:00:00-04:00,27.979999542236328,28.100000381469727,27.84000015258789,28.010000228881836,1600,0.0,0.0,0.0
2023-05-10 00:00:00-04:00,28.030000686645508,28.270000457763672,28.030000686645508,28.219999313354492,2900,0.0,0.0,0.0
2023-05-11 00:00:00-04:00,27.850000381469727,27.940000534057617,27.850000381469727,27.940000534057617,400,0.0,0.0,0.0
2023-05-12 00:00:00-04:00,28.15999984741211,28.15999984741211,27.56999969482422,27.639999389648438,1300,0.0,0.0,0.0
2023-05-15 00:00:00-04:00,28.0,28.25,28.0,28.100000381469727,1200,0.0,0.0,0.0
2023-05-16 00:00:00-04:00,27.8799991607666,27.90999984741211,27.823999404907227,27.829999923706055,2700,0.0,0.0,0.0
2023-05-17 00:00:00-04:00,28.010000228881836,28.43000030517578,27.694000244140625,28.389999389648438,700,0.0,0.0,0.0
2023-05-18 00:00:00-04:00,28.510000228881836,28.510000228881836,28.270000457763672,28.3700008392334,500,0.0,0.0,0.0
2023-05-19 00:00:00-04:00,28.420000076293945,28.65999984741211,28.420000076293945,28.600000381469727,1300,0.0,0.0,0.0
2023-05-22 00:00:00-04:00,28.65999984741211,29.09000015258789,28.65999984741211,29.0,5800,0.0,0.0,0.0
2023-05-23 00:00:00-04:00,28.989999771118164,29.3799991607666,28.722000122070312,28.722000122070312,1800,0.0,0.0,0.0
2023-05-24 00:00:00-04:00,28.329999923706055,28.329999923706055,28.299999237060547,28.299999237060547,600,0.0,0.0,0.0
2023-05-25 00:00:00-04:00,28.600000381469727,28.600000381469727,27.700000762939453,27.85300064086914,2600,0.0,0.0,0.0
2023-05-26 00:00:00-04:00,28.1200008392334,28.360000610351562,28.1200008392334,28.350000381469727,5400,0.0,0.0,0.0
2023-05-30 00:00:00-04:00,28.690000534057617,28.690000534057617,28.155000686645508,28.239999771118164,29600,0.0,0.0,0.0
2023-05-31 00:00:00-04:00,28.25,28.25,27.889999389648438,28.233999252319336,6100,0.0,0.0,0.0
2023-06-01 00:00:00-04:00,28.639999389648438,28.639999389648438,28.604999542236328,28.604999542236328,700,0.0,0.0,0.0
2023-06-02 00:00:00-04:00,29.0,29.280000686645508,28.780000686645508,29.280000686645508,2400,0.0,0.0,0.0
2023-06-05 00:00:00-04:00,29.31999969482422,29.31999969482422,29.030000686645508,29.030000686645508,1200,0.0,0.0,0.0
2023-06-06 00:00:00-04:00,29.079999923706055,29.760000228881836,29.079999923706055,29.760000228881836,1000,0.0,0.0,0.0
2023-06-07 00:00:00-04:00,29.899999618530273,30.110000610351562,29.739999771118164,29.940000534057617,6300,0.0,0.0,0.0
2023-06-08 00:00:00-04:00,30.09000015258789,30.09000015258789,29.84000015258789,29.959999084472656,1400,0.0,0.0,0.0
2023-06-09 00:00:00-04:00,29.989999771118164,30.15999984741211,29.639999389648438,29.639999389648438,8100,0.0,0.0,0.0
2023-06-12 00:00:00-04:00,29.829999923706055,29.950000762939453,29.829999923706055,29.899999618530273,1900,0.0,0.0,0.0
2023-06-13 00:00:00-04:00,30.1299991607666,30.40999984741211,30.1200008392334,30.290000915527344,9900,0.0,0.0,0.0
2023-06-14 00:00:00-04:00,30.360000610351562,30.360000610351562,29.53499984741211,29.649999618530273,5200,0.0,0.0,0.0
2023-06-15 00:00:00-04:00,29.540000915527344,29.75,29.43000030517578,29.71500015258789,22300,0.0,0.0,0.0
2023-06-16 00:00:00-04:00,29.770000457763672,29.770000457763672,29.290000915527344,29.341999053955078,1100,0.0,0.0,0.0
2023-06-20 00:00:00-04:00,29.31999969482422,29.420000076293945,29.020000457763672,29.382999420166016,2300,0.0,0.0,0.0
2023-06-21 00:00:00-04:00,29.329999923706055,29.329999923706055,28.770000457763672,29.049999237060547,2700,0.0,0.0,0.0
2023-06-22 00:00:00-04:00,28.829999923706055,28.829999923706055,28.729999542236328,28.729999542236328,500,0.0,0.0,0.0
2023-06-23 00:00:00-04:00,28.600000381469727,28.600000381469727,28.139999389648438,28.139999389648438,1200,0.0,0.0,0.0
2023-06-26 00:00:00-04:00,28.290000915527344,28.290000915527344,27.660999298095703,27.780000686645508,3000,0.0,0.0,0.0
2023-06-27 00:00:00-04:00,27.889999389648438,28.09000015258789,27.790000915527344,28.030000686645508,700,0.0,0.0,0.0
2023-06-28 00:00:00-04:00,28.149999618530273,28.28499984741211,28.097999572753906,28.28499984741211,700,0.0,0.0,0.0
2023-06-29 00:00:00-04:00,28.350000381469727,28.520000457763672,28.350000381469727,28.415000915527344,5900,0.0,0.0,0.0
2023-06-30 00:00:00-04:00,28.81999969482422,28.81999969482422,28.530000686645508,28.639999389648438,1900,0.0,0.0,0.0
2023-07-03 00:00:00-04:00,28.6299991607666,28.815000534057617,28.600000381469727,28.780000686645508,2800,0.0,0.0,0.0
2023-07-05 00:00:00-04:00,28.780000686645508,28.780000686645508,28.40999984741211,28.420000076293945,1300,0.0,0.0,0.0
2023-07-06 00:00:00-04:00,27.8799991607666,27.8799991607666,27.594999313354492,27.829999923706055,2000,0.0,0.0,0.0
2023-07-07 00:00:00-04:00,28.14900016784668,28.309999465942383,28.14900016784668,28.170000076293945,1700,0.0,0.0,0.0
2023-07-10 00:00:00-04:00,28.18000030517578,28.959999084472656,28.18000030517578,28.902999877929688,6600,0.0,0.0,0.0
2023-07-11 00:00:00-04:00,29.1200008392334,29.1200008392334,28.899999618530273,29.06999969482422,2000,0.0,0.0,0.0
2023-07-12 00:00:00-04:00,29.520000457763672,29.54199981689453,29.469999313354492,29.469999313354492,6400,0.0,0.0,0.0
2023-07-13 00:00:00-04:00,29.65999984741211,29.65999984741211,29.579999923706055,29.59000015258789,1200,0.0,0.0,0.0
2023-07-14 00:00:00-04:00,29.440000534057617,29.440000534057617,29.010000228881836,29.010000228881836,2600,0.0,0.0,0.0
2023-07-17 00:00:00-04:00,29.1200008392334,29.360000610351562,29.1200008392334,29.246999740600586,4000,0.0,0.0,0.0
2023-07-18 00:00:00-04:00,29.530000686645508,29.530000686645508,29.42799949645996,29.510000228881836,1100,0.0,0.0,0.0
2023-07-19 00:00:00-04:00,29.90999984741211,29.90999984741211,29.690000534057617,29.690000534057617,600,0.0,0.0,0.0
2023-07-20 00:00:00-04:00,29.530000686645508,29.549999237060547,29.110000610351562,29.110000610351562,1100,0.0,0.0,0.0
2023-07-21 00:00:00-04:00,29.31999969482422,29.420000076293945,29.209999084472656,29.209999084472656,2000,0.0,0.0,0.0
2023-07-24 00:00:00-04:00,28.957000732421875,28.959999084472656,28.850000381469727,28.8799991607666,2600,0.0,0.0,0.0
2023-07-25 00:00:00-04:00,28.850000381469727,28.851999282836914,28.6200008392334,28.670000076293945,1400,0.0,0.0,0.0
2023-07-26 00:00:00-04:00,28.559999465942383,28.8700008392334,28.559999465942383,28.850000381469727,5800,0.0,0.0,0.0
2023-07-27 00:00:00-04:00,28.700000762939453,28.700000762939453,28.260000228881836,28.260000228881836,2000,0.0,0.0,0.0
2023-07-28 00:00:00-04:00,28.469999313354492,28.829999923706055,28.469999313354492,28.829999923706055,500,0.0,0.0,0.0
2023-07-31 00:00:00-04:00,28.979999542236328,29.299999237060547,28.979999542236328,29.299999237060547,2900,0.0,0.0,0.0
