Date,Open,High,Low,Close,Volume,Dividends,Stock Splits,Capital Gains
2022-12-05 00:00:00-05:00,20.0,20.0,20.0,20.0,0,0.0,0.0,0.0
2022-12-06 00:00:00-05:00,20.0,20.0,20.0,20.0,0,0.0,0.0,0.0
2022-12-07 00:00:00-05:00,20.014999389648438,20.014999389648438,20.014999389648438,20.014999389648438,101,0.0,0.0,0.0
2022-12-08 00:00:00-05:00,19.90999984741211,19.915000915527344,19.8799991607666,19.915000915527344,2940,0.0,0.0,0.0
2022-12-09 00:00:00-05:00,19.905000686645508,19.905000686645508,19.905000686645508,19.905000686645508,50,0.0,0.0,0.0
2022-12-12 00:00:00-05:00,19.959999084472656,19.959999084472656,19.959999084472656,19.959999084472656,500,0.0,0.0,0.0
2022-12-13 00:00:00-05:00,20.1200008392334,20.1200008392334,19.950000762939453,19.979999542236328,11169,0.0,0.0,0.0
2022-12-14 00:00:00-05:00,19.90999984741211,19.90999984741211,19.90999984741211,19.90999984741211,600,0.0,0.0,0.0
2022-12-15 00:00:00-05:00,20.0,20.0,20.0,20.0,400,0.0,0.0,0.0
2022-12-16 00:00:00-05:00,20.05500030517578,20.05500030517578,20.05500030517578,20.05500030517578,5,0.0,0.0,0.0
2022-12-19 00:00:00-05:00,20.024999618530273,20.024999618530273,20.021299362182617,20.021299362182617,100,0.0,0.0,0.0
2022-12-20 00:00:00-05:00,20.040000915527344,20.040000915527344,20.040000915527344,20.040000915527344,400,0.0,0.0,0.0
2022-12-21 00:00:00-05:00,20.06999969482422,20.06999969482422,20.06999969482422,20.06999969482422,100,0.0,0.0,0.0
2022-12-22 00:00:00-05:00,20.030000686645508,20.030000686645508,20.030000686645508,20.030000686645508,0,0.0,0.0,0.0
2022-12-23 00:00:00-05:00,20.049999237060547,20.049999237060547,20.049999237060547,20.049999237060547,53,0.0,0.0,0.0
2022-12-27 00:00:00-05:00,19.940000534057617,19.940000534057617,19.940000534057617,19.940000534057617,1,0.0,0.0,0.0
2022-12-28 00:00:00-05:00,19.899999618530273,19.899999618530273,19.899999618530273,19.899999618530273,800,0.0,0.0,0.0
2022-12-29 00:00:00-05:00,19.920000076293945,19.920000076293945,19.920000076293945,19.920000076293945,400,0.0,0.0,0.0
2022-12-30 00:00:00-05:00,19.90999984741211,19.90999984741211,19.90999984741211,19.90999984741211,400,0.0,0.0,0.0
2023-01-03 00:00:00-05:00,19.93000030517578,19.93000030517578,19.8799991607666,19.8799991607666,2100,0.0,0.0,0.0
2023-01-04 00:00:00-05:00,19.921199798583984,19.93000030517578,19.921199798583984,19.93000030517578,500,0.0,0.0,0.0
2023-01-05 00:00:00-05:00,20.0049991607666,20.0049991607666,20.0049991607666,20.0049991607666,0,0.0,0.0,0.0
2023-01-06 00:00:00-05:00,19.989999771118164,20.020000457763672,19.975000381469727,19.975000381469727,14900,0.0,0.0,0.0
2023-01-09 00:00:00-05:00,20.06999969482422,20.06999969482422,20.030000686645508,20.030000686645508,1704,0.0,0.0,0.0
2023-01-10 00:00:00-05:00,20.09000015258789,20.09000015258789,20.09000015258789,20.09000015258789,0,0.0,0.0,0.0
2023-01-11 00:00:00-05:00,20.100000381469727,20.100000381469727,20.100000381469727,20.100000381469727,1,0.0,0.0,0.0
2023-01-12 00:00:00-05:00,20.139999389648438,20.139999389648438,20.1200008392334,20.125,300,0.0,0.0,0.0
2023-01-13 00:00:00-05:00,20.072500228881836,20.072500228881836,20.072500228881836,20.072500228881836,0,0.0,0.0,0.0
2023-01-17 00:00:00-05:00,20.06999969482422,20.06999969482422,20.06999969482422,20.06999969482422,700,0.0,0.0,0.0
2023-01-18 00:00:00-05:00,20.040000915527344,20.040000915527344,20.040000915527344,20.040000915527344,29,0.0,0.0,0.0
2023-01-19 00:00:00-05:00,20.024999618530273,20.024999618530273,20.024999618530273,20.024999618530273,29,0.0,0.0,0.0
2023-01-20 00:00:00-05:00,20.010000228881836,20.010000228881836,20.010000228881836,20.010000228881836,29,0.0,0.0,0.0
2023-01-23 00:00:00-05:00,20.010000228881836,20.010000228881836,20.010000228881836,20.010000228881836,29,0.0,0.0,0.0
2023-01-24 00:00:00-05:00,20.010000228881836,20.010000228881836,20.010000228881836,20.010000228881836,29,0.0,0.0,0.0
2023-01-25 00:00:00-05:00,20.019100189208984,20.019100189208984,20.019100189208984,20.019100189208984,25,0.0,0.0,0.0
2023-01-26 00:00:00-05:00,19.950000762939453,19.950000762939453,19.950000762939453,19.950000762939453,29,0.0,0.0,0.0
2023-01-27 00:00:00-05:00,19.96940040588379,19.96940040588379,19.96940040588379,19.96940040588379,29,0.0,0.0,0.0
2023-01-30 00:00:00-05:00,19.920000076293945,19.920000076293945,19.920000076293945,19.920000076293945,401,0.0,0.0,0.0
2023-01-31 00:00:00-05:00,19.957700729370117,19.957700729370117,19.957700729370117,19.957700729370117,1,0.0,0.0,0.0
2023-02-01 00:00:00-05:00,19.969999313354492,19.969999313354492,19.969999313354492,19.969999313354492,502,0.0,0.0,0.0
2023-02-02 00:00:00-05:00,19.989999771118164,19.989999771118164,19.989999771118164,19.989999771118164,254,0.0,0.0,0.0
2023-02-03 00:00:00-05:00,20.00589942932129,20.00589942932129,20.00589942932129,20.00589942932129,29,0.0,0.0,0.0
2023-02-06 00:00:00-05:00,20.020000457763672,20.020000457763672,20.020000457763672,20.020000457763672,400,0.0,0.0,0.0
2023-02-07 00:00:00-05:00,20.024799346923828,20.024799346923828,20.024799346923828,20.024799346923828,1,0.0,0.0,0.0
2023-02-08 00:00:00-05:00,20.0,20.0,20.0,20.0,4,0.0,0.0,0.0
2023-02-09 00:00:00-05:00,19.959999084472656,19.959999084472656,19.959999084472656,19.959999084472656,100,0.0,0.0,0.0
2023-02-10 00:00:00-05:00,20.0,20.0,20.0,20.0,29,0.0,0.0,0.0
2023-02-13 00:00:00-05:00,19.954999923706055,19.954999923706055,19.954999923706055,19.954999923706055,29,0.0,0.0,0.0
2023-02-14 00:00:00-05:00,19.950000762939453,19.950000762939453,19.950000762939453,19.950000762939453,29,0.0,0.0,0.0
2023-02-15 00:00:00-05:00,19.934999465942383,19.934999465942383,19.934999465942383,19.934999465942383,29,0.0,0.0,0.0
2023-02-16 00:00:00-05:00,19.959999084472656,19.959999084472656,19.959999084472656,19.959999084472656,400,0.0,0.0,0.0
2023-02-17 00:00:00-05:00,19.989999771118164,19.989999771118164,19.989999771118164,19.989999771118164,29,0.0,0.0,0.0
2023-02-21 00:00:00-05:00,19.950000762939453,19.950000762939453,19.950000762939453,19.950000762939453,29,0.0,0.0,0.0
2023-02-22 00:00:00-05:00,19.938100814819336,19.938100814819336,19.938100814819336,19.938100814819336,29,0.0,0.0,0.0
2023-02-23 00:00:00-05:00,19.864999771118164,19.864999771118164,19.864999771118164,19.864999771118164,29,0.0,0.0,0.0
2023-02-24 00:00:00-05:00,19.895000457763672,19.895000457763672,19.895000457763672,19.895000457763672,29,0.0,0.0,0.0
2023-02-27 00:00:00-05:00,19.890199661254883,19.890199661254883,19.890199661254883,19.890199661254883,1,0.0,0.0,0.0
2023-02-28 00:00:00-05:00,19.92840003967285,19.92840003967285,19.92840003967285,19.92840003967285,1,0.0,0.0,0.0
2023-03-01 00:00:00-05:00,19.9375,19.9375,19.9375,19.9375,2,0.0,0.0,0.0
2023-03-02 00:00:00-05:00,19.915000915527344,19.915000915527344,19.915000915527344,19.915000915527344,2,0.0,0.0,0.0
2023-03-03 00:00:00-05:00,19.93899917602539,19.93899917602539,19.93899917602539,19.93899917602539,2,0.0,0.0,0.0
2023-03-06 00:00:00-05:00,19.94499969482422,19.94499969482422,19.94499969482422,19.94499969482422,2,0.0,0.0,0.0
2023-03-07 00:00:00-05:00,19.93000030517578,19.93000030517578,19.93000030517578,19.93000030517578,400,0.0,0.0,0.0
2023-03-08 00:00:00-05:00,19.959999084472656,19.959999084472656,19.959999084472656,19.959999084472656,2,0.0,0.0,0.0
2023-03-09 00:00:00-05:00,19.915000915527344,19.915000915527344,19.915000915527344,19.915000915527344,2,0.0,0.0,0.0
2023-03-10 00:00:00-05:00,19.923799514770508,19.923799514770508,19.923799514770508,19.923799514770508,2,0.0,0.0,0.0
2023-03-13 00:00:00-04:00,19.829999923706055,19.829999923706055,19.78529930114746,19.78529930114746,1001,0.0,0.0,0.0
2023-03-14 00:00:00-04:00,19.895000457763672,19.895000457763672,19.895000457763672,19.895000457763672,2,0.0,0.0,0.0
2023-03-15 00:00:00-04:00,19.816299438476562,19.816299438476562,19.816299438476562,19.816299438476562,2,0.0,0.0,0.0
2023-03-16 00:00:00-04:00,19.825000762939453,19.825000762939453,19.825000762939453,19.825000762939453,2,0.0,0.0,0.0
2023-03-17 00:00:00-04:00,19.77120018005371,19.77120018005371,19.77120018005371,19.77120018005371,1,0.0,0.0,0.0
2023-03-20 00:00:00-04:00,19.806499481201172,19.806499481201172,19.806499481201172,19.806499481201172,2,0.0,0.0,0.0
2023-03-21 00:00:00-04:00,19.85449981689453,19.85449981689453,19.85449981689453,19.85449981689453,2,0.0,0.0,0.0
2023-03-22 00:00:00-04:00,19.80500030517578,19.80500030517578,19.80500030517578,19.80500030517578,2,0.0,0.0,0.0
2023-03-23 00:00:00-04:00,19.802000045776367,19.802000045776367,19.802000045776367,19.802000045776367,2,0.0,0.0,0.0
2023-03-24 00:00:00-04:00,19.78849983215332,19.78849983215332,19.78849983215332,19.78849983215332,2,0.0,0.0,0.0
2023-03-27 00:00:00-04:00,19.79599952697754,19.79599952697754,19.79599952697754,19.79599952697754,2,0.0,0.0,0.0
2023-03-28 00:00:00-04:00,19.694900512695312,19.694900512695312,19.694900512695312,19.694900512695312,2,0.0,0.0,0.0
2023-03-29 00:00:00-04:00,19.706600189208984,19.706600189208984,19.706600189208984,19.706600189208984,2,0.0,0.0,0.0
2023-03-30 00:00:00-04:00,19.704999923706055,19.704999923706055,19.704999923706055,19.704999923706055,1,0.0,0.0,0.0
2023-03-31 00:00:00-04:00,19.780000686645508,19.780000686645508,19.780000686645508,19.780000686645508,101,0.0,0.0,0.0
2023-04-03 00:00:00-04:00,19.774200439453125,19.774200439453125,19.774200439453125,19.774200439453125,2,0.0,0.0,0.0
2023-04-04 00:00:00-04:00,19.829999923706055,19.829999923706055,19.829999923706055,19.829999923706055,102,0.0,0.0,0.0
2023-04-05 00:00:00-04:00,19.83329963684082,19.83329963684082,19.83329963684082,19.83329963684082,2,0.0,0.0,0.0
2023-04-06 00:00:00-04:00,19.829999923706055,19.829999923706055,19.829999923706055,19.829999923706055,2,0.0,0.0,0.0
2023-04-10 00:00:00-04:00,19.854999542236328,19.854999542236328,19.854999542236328,19.854999542236328,2,0.0,0.0,0.0
2023-04-11 00:00:00-04:00,19.84000015258789,19.84000015258789,19.84000015258789,19.84000015258789,2,0.0,0.0,0.0
2023-04-12 00:00:00-04:00,19.83209991455078,19.83209991455078,19.83209991455078,19.83209991455078,2,0.0,0.0,0.0
2023-04-13 00:00:00-04:00,19.8799991607666,19.8799991607666,19.8799991607666,19.8799991607666,2,0.0,0.0,0.0
2023-04-14 00:00:00-04:00,19.850000381469727,19.850000381469727,19.850000381469727,19.850000381469727,2,0.0,0.0,0.0
2023-04-17 00:00:00-04:00,19.860000610351562,19.860000610351562,19.860000610351562,19.860000610351562,2,0.0,0.0,0.0
2023-04-18 00:00:00-04:00,19.84000015258789,19.84000015258789,19.84000015258789,19.84000015258789,2,0.0,0.0,0.0
2023-04-19 00:00:00-04:00,19.850000381469727,19.850000381469727,19.850000381469727,19.850000381469727,2,0.0,0.0,0.0
2023-04-20 00:00:00-04:00,19.829999923706055,19.829999923706055,19.829999923706055,19.829999923706055,2,0.0,0.0,0.0
2023-04-21 00:00:00-04:00,19.8799991607666,19.8799991607666,19.8799991607666,19.8799991607666,106,0.0,0.0,0.0
2023-04-24 00:00:00-04:00,19.850000381469727,19.850000381469727,19.850000381469727,19.850000381469727,101,0.0,0.0,0.0
2023-04-25 00:00:00-04:00,19.760000228881836,19.760000228881836,19.760000228881836,19.760000228881836,2,0.0,0.0,0.0
2023-04-26 00:00:00-04:00,19.78499984741211,19.78499984741211,19.78499984741211,19.78499984741211,2,0.0,0.0,0.0
2023-04-27 00:00:00-04:00,19.81999969482422,19.850000381469727,19.809999465942383,19.809999465942383,4076,0.0,0.0,0.0
2023-04-28 00:00:00-04:00,19.774999618530273,19.774999618530273,19.774999618530273,19.774999618530273,2,0.0,0.0,0.0
2023-05-01 00:00:00-04:00,19.815000534057617,19.815000534057617,19.815000534057617,19.815000534057617,1,0.0,0.0,0.0
2023-05-02 00:00:00-04:00,19.84000015258789,19.84000015258789,19.80500030517578,19.80500030517578,2402,0.0,0.0,0.0
2023-05-03 00:00:00-04:00,19.780000686645508,19.780000686645508,19.780000686645508,19.780000686645508,2,0.0,0.0,0.0
2023-05-04 00:00:00-04:00,19.84000015258789,19.84000015258789,19.84000015258789,19.84000015258789,100,0.0,0.0,0.0
2023-05-05 00:00:00-04:00,19.889999389648438,19.93000030517578,19.8799991607666,19.889999389648438,3200,0.0,0.0,0.0
2023-05-08 00:00:00-04:00,19.90999984741211,19.950000762939453,19.90999984741211,19.950000762939453,2200,0.0,0.0,0.0
2023-05-09 00:00:00-04:00,19.940000534057617,19.950000762939453,19.940000534057617,19.950000762939453,1350,0.0,0.0,0.0
2023-05-10 00:00:00-04:00,19.90999984741211,19.93000030517578,19.889999389648438,19.93000030517578,7300,0.0,0.0,0.0
2023-05-11 00:00:00-04:00,19.915000915527344,19.915000915527344,19.915000915527344,19.915000915527344,2,0.0,0.0,0.0
2023-05-12 00:00:00-04:00,19.979000091552734,19.979999542236328,19.94499969482422,19.94499969482422,570,0.0,0.0,0.0
2023-05-15 00:00:00-04:00,19.989999771118164,19.989999771118164,19.989999771118164,19.989999771118164,2,0.0,0.0,0.0
2023-05-16 00:00:00-04:00,19.950899124145508,19.950899124145508,19.950899124145508,19.950899124145508,2,0.0,0.0,0.0
2023-05-17 00:00:00-04:00,19.940000534057617,19.940000534057617,19.940000534057617,19.940000534057617,100,0.0,0.0,0.0
2023-05-18 00:00:00-04:00,19.954999923706055,19.954999923706055,19.954999923706055,19.954999923706055,2,0.0,0.0,0.0
2023-05-19 00:00:00-04:00,19.950000762939453,19.950000762939453,19.950000762939453,19.950000762939453,370,0.0,0.0,0.0
2023-05-22 00:00:00-04:00,19.958099365234375,19.958099365234375,19.958099365234375,19.958099365234375,43,0.0,0.0,0.0
2023-05-23 00:00:00-04:00,19.96500015258789,19.96500015258789,19.96500015258789,19.96500015258789,8,0.0,0.0,0.0
2023-05-24 00:00:00-04:00,19.920000076293945,20.0,19.889999389648438,19.98349952697754,1893,0.0,0.0,0.0
2023-05-25 00:00:00-04:00,19.8700008392334,19.8700008392334,19.8700008392334,19.8700008392334,161,0.0,0.0,0.0
2023-05-26 00:00:00-04:00,19.938400268554688,19.938400268554688,19.938400268554688,19.938400268554688,1,0.0,0.0,0.0
2023-05-30 00:00:00-04:00,19.924999237060547,19.924999237060547,19.924999237060547,19.924999237060547,1,0.0,0.0,0.0
2023-05-31 00:00:00-04:00,19.92449951171875,19.92449951171875,19.92449951171875,19.92449951171875,1,0.0,0.0,0.0
2023-06-01 00:00:00-04:00,19.920000076293945,19.920000076293945,19.920000076293945,19.920000076293945,12,0.0,0.0,0.0
2023-06-02 00:00:00-04:00,19.930599212646484,19.930599212646484,19.930599212646484,19.930599212646484,3,0.0,0.0,0.0
2023-06-05 00:00:00-04:00,19.94339942932129,19.94339942932129,19.94339942932129,19.94339942932129,3,0.0,0.0,0.0
2023-06-06 00:00:00-04:00,19.984899520874023,19.984899520874023,19.984899520874023,19.984899520874023,6,0.0,0.0,0.0
2023-06-07 00:00:00-04:00,19.940000534057617,19.940000534057617,19.940000534057617,19.940000534057617,100,0.0,0.0,0.0
2023-06-08 00:00:00-04:00,20.0,20.0,20.0,20.0,5,0.0,0.0,0.0
2023-06-09 00:00:00-04:00,19.989999771118164,19.989999771118164,19.989999771118164,19.989999771118164,0,0.0,0.0,0.0
2023-06-12 00:00:00-04:00,19.989999771118164,19.989999771118164,19.989999771118164,19.989999771118164,100,0.0,0.0,0.0
2023-06-13 00:00:00-04:00,20.0,20.0,20.0,20.0,5,0.0,0.0,0.0
2023-06-14 00:00:00-04:00,19.979999542236328,19.979999542236328,19.979999542236328,19.979999542236328,100,0.0,0.0,0.0
2023-06-15 00:00:00-04:00,20.002199172973633,20.010000228881836,20.0,20.010000228881836,1200,0.0,0.0,0.0
2023-06-16 00:00:00-04:00,20.03499984741211,20.03499984741211,20.03499984741211,20.03499984741211,5,0.0,0.0,0.0
2023-06-20 00:00:00-04:00,20.037799835205078,20.037799835205078,20.037799835205078,20.037799835205078,5,0.0,0.0,0.0
2023-06-21 00:00:00-04:00,20.030000686645508,20.030000686645508,20.030000686645508,20.030000686645508,105,0.0,0.0,0.0
2023-06-22 00:00:00-04:00,20.020000457763672,20.020000457763672,20.020000457763672,20.020000457763672,105,0.0,0.0,0.0
2023-06-23 00:00:00-04:00,20.0,20.0,20.0,20.0,100,0.0,0.0,0.0
2023-06-26 00:00:00-04:00,19.969999313354492,19.969999313354492,19.969999313354492,19.969999313354492,200,0.0,0.0,0.0
2023-06-27 00:00:00-04:00,19.989999771118164,19.989999771118164,19.989999771118164,19.989999771118164,1,0.0,0.0,0.0
2023-06-28 00:00:00-04:00,19.969999313354492,19.985000610351562,19.959999084472656,19.985000610351562,905,0.0,0.0,0.0
2023-06-29 00:00:00-04:00,19.985000610351562,19.985000610351562,19.985000610351562,19.985000610351562,0,0.0,0.0,0.0
2023-06-30 00:00:00-04:00,19.985000610351562,19.985000610351562,19.985000610351562,19.985000610351562,0,0.0,0.0,0.0
2023-07-03 00:00:00-04:00,19.985000610351562,19.985000610351562,19.985000610351562,19.985000610351562,0,0.0,0.0,0.0
2023-07-05 00:00:00-04:00,19.985000610351562,19.985000610351562,19.985000610351562,19.985000610351562,0,0.0,0.0,0.0
2023-07-06 00:00:00-04:00,19.985000610351562,19.985000610351562,19.985000610351562,19.985000610351562,0,0.0,0.0,0.0
