Date,Open,High,Low,Close,Volume,Dividends,Stock Splits
2022-02-07 00:00:00-05:00,9.649999618530273,9.649999618530273,9.649999618530273,9.649999618530273,100,0.0,0.0
2022-02-08 00:00:00-05:00,9.850000381469727,9.880000114440918,9.829999923706055,9.880000114440918,890200,0.0,0.0
2022-02-09 00:00:00-05:00,9.899999618530273,9.90999984741211,9.850000381469727,9.899999618530273,624800,0.0,0.0
2022-02-10 00:00:00-05:00,9.880000114440918,9.880000114440918,9.880000114440918,9.880000114440918,5100,0.0,0.0
2022-02-11 00:00:00-05:00,9.880000114440918,9.880000114440918,9.880000114440918,9.880000114440918,0,0.0,0.0
2022-02-14 00:00:00-05:00,9.880000114440918,9.880000114440918,9.880000114440918,9.880000114440918,0,0.0,0.0
2022-02-15 00:00:00-05:00,9.880000114440918,9.880000114440918,9.850000381469727,9.880000114440918,131300,0.0,0.0
2022-02-16 00:00:00-05:00,9.850000381469727,9.899999618530273,9.850000381469727,9.869999885559082,18200,0.0,0.0
2022-02-17 00:00:00-05:00,9.869999885559082,9.869999885559082,9.869999885559082,9.869999885559082,0,0.0,0.0
2022-02-18 00:00:00-05:00,9.869999885559082,9.869999885559082,9.869999885559082,9.869999885559082,0,0.0,0.0
2022-02-22 00:00:00-05:00,9.885000228881836,9.890000343322754,9.885000228881836,9.890000343322754,181400,0.0,0.0
2022-02-23 00:00:00-05:00,9.9399995803833,9.954999923706055,9.869999885559082,9.920000076293945,6600,0.0,0.0
2022-02-24 00:00:00-05:00,9.829999923706055,9.869999885559082,9.829999923706055,9.869999885559082,2800,0.0,0.0
2022-02-25 00:00:00-05:00,9.90999984741211,9.90999984741211,9.90999984741211,9.90999984741211,100200,0.0,0.0
2022-02-28 00:00:00-05:00,9.899999618530273,9.899999618530273,9.899999618530273,9.899999618530273,50000,0.0,0.0
2022-03-01 00:00:00-05:00,9.914999961853027,9.914999961853027,9.914999961853027,9.914999961853027,300,0.0,0.0
2022-03-02 00:00:00-05:00,10.40999984741211,10.40999984741211,9.920000076293945,9.9399995803833,3200,0.0,0.0
2022-03-03 00:00:00-05:00,9.920000076293945,9.920000076293945,9.920000076293945,9.920000076293945,300,0.0,0.0
2022-03-04 00:00:00-05:00,9.920000076293945,9.920000076293945,9.920000076293945,9.920000076293945,0,0.0,0.0
2022-03-07 00:00:00-05:00,9.920000076293945,9.920000076293945,9.90999984741211,9.90999984741211,33100,0.0,0.0
2022-03-08 00:00:00-05:00,9.90999984741211,9.90999984741211,9.90999984741211,9.90999984741211,0,0.0,0.0
2022-03-09 00:00:00-05:00,9.90999984741211,9.90999984741211,9.90999984741211,9.90999984741211,0,0.0,0.0
2022-03-10 00:00:00-05:00,9.923999786376953,9.923999786376953,9.923999786376953,9.923999786376953,300,0.0,0.0
2022-03-11 00:00:00-05:00,9.923999786376953,9.923999786376953,9.923999786376953,9.923999786376953,0,0.0,0.0
2022-03-14 00:00:00-04:00,9.923999786376953,9.923999786376953,9.923999786376953,9.923999786376953,0,0.0,0.0
2022-03-15 00:00:00-04:00,9.9399995803833,9.9399995803833,9.90999984741211,9.90999984741211,200600,0.0,0.0
2022-03-16 00:00:00-04:00,9.90999984741211,9.90999984741211,9.90999984741211,9.90999984741211,0,0.0,0.0
2022-03-17 00:00:00-04:00,9.90999984741211,9.9399995803833,9.90999984741211,9.9399995803833,46400,0.0,0.0
2022-03-18 00:00:00-04:00,9.9399995803833,9.9399995803833,9.9399995803833,9.9399995803833,0,0.0,0.0
2022-03-21 00:00:00-04:00,9.9399995803833,9.9399995803833,9.9399995803833,9.9399995803833,0,0.0,0.0
2022-03-22 00:00:00-04:00,9.920000076293945,9.920000076293945,9.920000076293945,9.920000076293945,63000,0.0,0.0
2022-03-23 00:00:00-04:00,9.920000076293945,9.920000076293945,9.920000076293945,9.920000076293945,1700,0.0,0.0
2022-03-24 00:00:00-04:00,9.9399995803833,9.949999809265137,9.9399995803833,9.949999809265137,9200,0.0,0.0
2022-03-25 00:00:00-04:00,9.949999809265137,9.960000038146973,9.930000305175781,9.930000305175781,5000,0.0,0.0
2022-03-28 00:00:00-04:00,9.930000305175781,9.930000305175781,9.930000305175781,9.930000305175781,0,0.0,0.0
2022-03-29 00:00:00-04:00,9.930000305175781,9.930000305175781,9.930000305175781,9.930000305175781,0,0.0,0.0
2022-03-30 00:00:00-04:00,9.930000305175781,9.930000305175781,9.930000305175781,9.930000305175781,0,0.0,0.0
2022-03-31 00:00:00-04:00,9.960000038146973,9.970000267028809,9.949999809265137,9.949999809265137,324700,0.0,0.0
2022-04-01 00:00:00-04:00,9.9399995803833,9.949999809265137,9.9399995803833,9.949999809265137,11300,0.0,0.0
2022-04-04 00:00:00-04:00,9.930000305175781,9.930000305175781,9.930000305175781,9.930000305175781,1000,0.0,0.0
2022-04-05 00:00:00-04:00,9.930000305175781,9.930000305175781,9.930000305175781,9.930000305175781,400,0.0,0.0
2022-04-06 00:00:00-04:00,9.930000305175781,9.979999542236328,9.930000305175781,9.979999542236328,161800,0.0,0.0
2022-04-07 00:00:00-04:00,9.979999542236328,9.979999542236328,9.979999542236328,9.979999542236328,0,0.0,0.0
2022-04-08 00:00:00-04:00,9.979999542236328,9.979999542236328,9.979999542236328,9.979999542236328,0,0.0,0.0
2022-04-11 00:00:00-04:00,9.949999809265137,9.949999809265137,9.949999809265137,9.949999809265137,400,0.0,0.0
2022-04-12 00:00:00-04:00,9.949999809265137,10.0,9.949999809265137,10.0,104500,0.0,0.0
2022-04-13 00:00:00-04:00,10.0,10.0,10.0,10.0,1500,0.0,0.0
2022-04-14 00:00:00-04:00,9.989999771118164,9.989999771118164,9.989999771118164,9.989999771118164,600,0.0,0.0
2022-04-18 00:00:00-04:00,9.989999771118164,9.989999771118164,9.989999771118164,9.989999771118164,0,0.0,0.0
2022-04-19 00:00:00-04:00,9.989999771118164,9.989999771118164,9.989999771118164,9.989999771118164,0,0.0,0.0
2022-04-20 00:00:00-04:00,9.989999771118164,9.989999771118164,9.989999771118164,9.989999771118164,0,0.0,0.0
2022-04-21 00:00:00-04:00,9.989999771118164,9.989999771118164,9.970000267028809,9.970000267028809,1600,0.0,0.0
2022-04-22 00:00:00-04:00,10.020000457763672,10.020000457763672,10.020000457763672,10.020000457763672,100,0.0,0.0
2022-04-25 00:00:00-04:00,9.979999542236328,9.979999542236328,9.960000038146973,9.960000038146973,10900,0.0,0.0
2022-04-26 00:00:00-04:00,9.960000038146973,9.960000038146973,9.960000038146973,9.960000038146973,0,0.0,0.0
2022-04-27 00:00:00-04:00,9.960000038146973,9.960000038146973,9.960000038146973,9.960000038146973,0,0.0,0.0
2022-04-28 00:00:00-04:00,9.960000038146973,9.960000038146973,9.960000038146973,9.960000038146973,0,0.0,0.0
2022-04-29 00:00:00-04:00,9.960000038146973,9.960000038146973,9.960000038146973,9.960000038146973,0,0.0,0.0
2022-05-02 00:00:00-04:00,9.960000038146973,9.960000038146973,9.960000038146973,9.960000038146973,0,0.0,0.0
2022-05-03 00:00:00-04:00,9.960000038146973,9.960000038146973,9.960000038146973,9.960000038146973,0,0.0,0.0
2022-05-04 00:00:00-04:00,9.960000038146973,9.960000038146973,9.960000038146973,9.960000038146973,0,0.0,0.0
2022-05-05 00:00:00-04:00,9.979999542236328,9.979999542236328,9.970000267028809,9.970000267028809,4500,0.0,0.0
2022-05-06 00:00:00-04:00,9.970000267028809,9.970000267028809,9.970000267028809,9.970000267028809,0,0.0,0.0
2022-05-09 00:00:00-04:00,9.989999771118164,9.989999771118164,9.970000267028809,9.970000267028809,84900,0.0,0.0
2022-05-10 00:00:00-04:00,9.970000267028809,9.970000267028809,9.970000267028809,9.970000267028809,50000,0.0,0.0
2022-05-11 00:00:00-04:00,9.970000267028809,9.970000267028809,9.970000267028809,9.970000267028809,0,0.0,0.0
2022-05-12 00:00:00-04:00,9.949999809265137,9.949999809265137,9.949999809265137,9.949999809265137,1300,0.0,0.0
2022-05-13 00:00:00-04:00,9.949999809265137,9.949999809265137,9.949999809265137,9.949999809265137,0,0.0,0.0
2022-05-16 00:00:00-04:00,9.949999809265137,9.949999809265137,9.949999809265137,9.949999809265137,0,0.0,0.0
2022-05-17 00:00:00-04:00,9.930000305175781,9.9399995803833,9.930000305175781,9.9399995803833,1000,0.0,0.0
2022-05-18 00:00:00-04:00,9.9399995803833,9.9399995803833,9.9399995803833,9.9399995803833,0,0.0,0.0
2022-05-19 00:00:00-04:00,9.930000305175781,9.930000305175781,9.930000305175781,9.930000305175781,3900,0.0,0.0
2022-05-20 00:00:00-04:00,9.930000305175781,9.930000305175781,9.930000305175781,9.930000305175781,0,0.0,0.0
2022-05-23 00:00:00-04:00,9.949999809265137,9.949999809265137,9.930000305175781,9.930000305175781,6700,0.0,0.0
2022-05-24 00:00:00-04:00,9.930000305175781,9.930000305175781,9.930000305175781,9.930000305175781,400100,0.0,0.0
2022-05-25 00:00:00-04:00,9.930000305175781,9.930000305175781,9.930000305175781,9.930000305175781,0,0.0,0.0
2022-05-26 00:00:00-04:00,9.949999809265137,9.949999809265137,9.920000076293945,9.920000076293945,65000,0.0,0.0
2022-05-27 00:00:00-04:00,9.920000076293945,9.920000076293945,9.914999961853027,9.914999961853027,117700,0.0,0.0
2022-05-31 00:00:00-04:00,9.949999809265137,9.949999809265137,9.949999809265137,9.949999809265137,19000,0.0,0.0
2022-06-01 00:00:00-04:00,9.949999809265137,9.949999809265137,9.949999809265137,9.949999809265137,5200,0.0,0.0
2022-06-02 00:00:00-04:00,9.949999809265137,9.949999809265137,9.949999809265137,9.949999809265137,0,0.0,0.0
2022-06-03 00:00:00-04:00,9.970000267028809,9.970000267028809,9.970000267028809,9.970000267028809,200,0.0,0.0
2022-06-06 00:00:00-04:00,9.970000267028809,9.970000267028809,9.970000267028809,9.970000267028809,0,0.0,0.0
2022-06-07 00:00:00-04:00,9.970000267028809,9.970000267028809,9.970000267028809,9.970000267028809,0,0.0,0.0
2022-06-08 00:00:00-04:00,9.970000267028809,9.970000267028809,9.970000267028809,9.970000267028809,0,0.0,0.0
2022-06-09 00:00:00-04:00,9.960000038146973,9.970000267028809,9.960000038146973,9.970000267028809,200,0.0,0.0
2022-06-10 00:00:00-04:00,9.970000267028809,9.970000267028809,9.970000267028809,9.970000267028809,0,0.0,0.0
2022-06-13 00:00:00-04:00,9.970000267028809,9.970000267028809,9.960000038146973,9.960000038146973,51600,0.0,0.0
2022-06-14 00:00:00-04:00,9.960000038146973,9.960000038146973,9.960000038146973,9.960000038146973,14000,0.0,0.0
2022-06-15 00:00:00-04:00,9.960000038146973,9.970000267028809,9.960000038146973,9.970000267028809,10100,0.0,0.0
2022-06-16 00:00:00-04:00,9.970000267028809,9.970000267028809,9.960000038146973,9.960000038146973,45400,0.0,0.0
2022-06-17 00:00:00-04:00,9.920000076293945,9.949999809265137,9.920000076293945,9.949999809265137,366800,0.0,0.0
2022-06-21 00:00:00-04:00,9.949999809265137,9.949999809265137,9.930000305175781,9.949999809265137,526500,0.0,0.0
2022-06-22 00:00:00-04:00,9.920000076293945,9.970000267028809,9.920000076293945,9.970000267028809,325300,0.0,0.0
2022-06-23 00:00:00-04:00,9.970000267028809,9.970000267028809,9.970000267028809,9.970000267028809,0,0.0,0.0
2022-06-24 00:00:00-04:00,9.970000267028809,9.970000267028809,9.970000267028809,9.970000267028809,0,0.0,0.0
2022-06-27 00:00:00-04:00,9.970000267028809,9.970000267028809,9.970000267028809,9.970000267028809,0,0.0,0.0
2022-06-28 00:00:00-04:00,9.970000267028809,9.970000267028809,9.970000267028809,9.970000267028809,0,0.0,0.0
2022-06-29 00:00:00-04:00,9.970000267028809,9.970000267028809,9.970000267028809,9.970000267028809,0,0.0,0.0
2022-06-30 00:00:00-04:00,9.970000267028809,9.979999542236328,9.970000267028809,9.979999542236328,1900,0.0,0.0
2022-07-01 00:00:00-04:00,9.979999542236328,9.979999542236328,9.979999542236328,9.979999542236328,0,0.0,0.0
2022-07-05 00:00:00-04:00,10.050000190734863,10.050000190734863,9.989999771118164,10.010000228881836,241600,0.0,0.0
2022-07-06 00:00:00-04:00,9.989999771118164,9.989999771118164,9.979999542236328,9.979999542236328,5600,0.0,0.0
2022-07-07 00:00:00-04:00,10.050000190734863,10.050000190734863,9.960000038146973,9.960000038146973,24400,0.0,0.0
2022-07-08 00:00:00-04:00,9.960000038146973,9.960000038146973,9.960000038146973,9.960000038146973,0,0.0,0.0
2022-07-11 00:00:00-04:00,9.984999656677246,10.0,9.979999542236328,10.0,1600,0.0,0.0
2022-07-12 00:00:00-04:00,9.979999542236328,9.979999542236328,9.979999542236328,9.979999542236328,600,0.0,0.0
2022-07-13 00:00:00-04:00,9.979999542236328,9.979999542236328,9.979999542236328,9.979999542236328,36500,0.0,0.0
2022-07-14 00:00:00-04:00,9.984999656677246,10.069999694824219,9.970000267028809,9.979999542236328,311000,0.0,0.0
2022-07-15 00:00:00-04:00,9.979999542236328,10.0,9.979999542236328,10.0,7200,0.0,0.0
2022-07-18 00:00:00-04:00,9.979999542236328,10.0,9.979999542236328,10.0,4400,0.0,0.0
2022-07-19 00:00:00-04:00,9.989999771118164,10.180000305175781,9.960000038146973,10.050000190734863,18800,0.0,0.0
2022-07-20 00:00:00-04:00,10.050000190734863,10.050000190734863,10.050000190734863,10.050000190734863,0,0.0,0.0
2022-07-21 00:00:00-04:00,10.095000267028809,10.095000267028809,10.010000228881836,10.024999618530273,1900,0.0,0.0
2022-07-22 00:00:00-04:00,10.005000114440918,10.029999732971191,10.005000114440918,10.010000228881836,27500,0.0,0.0
2022-07-25 00:00:00-04:00,9.989999771118164,9.989999771118164,9.989999771118164,9.989999771118164,1000,0.0,0.0
2022-07-26 00:00:00-04:00,10.050000190734863,10.050000190734863,10.050000190734863,10.050000190734863,20400,0.0,0.0
2022-07-27 00:00:00-04:00,9.970000267028809,10.079999923706055,9.960000038146973,10.050000190734863,172100,0.0,0.0
2022-07-28 00:00:00-04:00,10.050000190734863,10.050000190734863,10.039999961853027,10.050000190734863,5700,0.0,0.0
2022-07-29 00:00:00-04:00,10.039999961853027,10.039999961853027,10.039999961853027,10.039999961853027,800,0.0,0.0
2022-08-01 00:00:00-04:00,10.09000015258789,10.09000015258789,10.029999732971191,10.03499984741211,39900,0.0,0.0
2022-08-02 00:00:00-04:00,10.0600004196167,10.09000015258789,9.989999771118164,10.053999900817871,19400,0.0,0.0
2022-08-03 00:00:00-04:00,10.050000190734863,10.359999656677246,10.010000228881836,10.1899995803833,3700,0.0,0.0
2022-08-04 00:00:00-04:00,10.1899995803833,10.1899995803833,10.1899995803833,10.1899995803833,0,0.0,0.0
2022-08-05 00:00:00-04:00,10.050000190734863,10.09000015258789,10.050000190734863,10.0600004196167,91200,0.0,0.0
2022-08-08 00:00:00-04:00,10.119999885559082,10.119999885559082,10.09000015258789,10.09000015258789,500,0.0,0.0
2022-08-09 00:00:00-04:00,10.09000015258789,10.09000015258789,10.09000015258789,10.09000015258789,0,0.0,0.0
2022-08-10 00:00:00-04:00,10.09000015258789,10.09000015258789,10.09000015258789,10.09000015258789,0,0.0,0.0
2022-08-11 00:00:00-04:00,10.09000015258789,10.09000015258789,10.09000015258789,10.09000015258789,0,0.0,0.0
2022-08-12 00:00:00-04:00,10.130000114440918,10.130000114440918,10.0649995803833,10.0649995803833,300,0.0,0.0
2022-08-15 00:00:00-04:00,10.0649995803833,10.0649995803833,10.0649995803833,10.0649995803833,0,0.0,0.0
2022-08-16 00:00:00-04:00,10.130000114440918,10.130000114440918,10.130000114440918,10.130000114440918,100,0.0,0.0
2022-08-17 00:00:00-04:00,10.09000015258789,10.09000015258789,10.09000015258789,10.09000015258789,200,0.0,0.0
2022-08-18 00:00:00-04:00,10.09000015258789,10.09000015258789,10.09000015258789,10.09000015258789,0,0.0,0.0
2022-08-19 00:00:00-04:00,10.020000457763672,10.020000457763672,10.020000457763672,10.020000457763672,600,0.0,0.0
2022-08-22 00:00:00-04:00,10.020000457763672,10.020000457763672,10.020000457763672,10.020000457763672,0,0.0,0.0
2022-08-23 00:00:00-04:00,10.020000457763672,10.020000457763672,10.020000457763672,10.020000457763672,0,0.0,0.0
2022-08-24 00:00:00-04:00,9.989999771118164,10.0,9.989999771118164,9.989999771118164,800,0.0,0.0
2022-08-25 00:00:00-04:00,9.989999771118164,9.989999771118164,9.989999771118164,9.989999771118164,0,0.0,0.0
2022-08-26 00:00:00-04:00,9.989999771118164,9.989999771118164,9.989999771118164,9.989999771118164,0,0.0,0.0
2022-08-29 00:00:00-04:00,10.029999732971191,10.029999732971191,10.0,10.029999732971191,3400,0.0,0.0
2022-08-30 00:00:00-04:00,10.020000457763672,10.020000457763672,10.020000457763672,10.020000457763672,300,0.0,0.0
2022-08-31 00:00:00-04:00,10.020000457763672,10.020000457763672,10.020000457763672,10.020000457763672,0,0.0,0.0
2022-09-01 00:00:00-04:00,10.020000457763672,10.020000457763672,10.020000457763672,10.020000457763672,600,0.0,0.0
2022-09-02 00:00:00-04:00,10.039999961853027,10.039999961853027,10.038000106811523,10.038000106811523,2600,0.0,0.0
2022-09-06 00:00:00-04:00,10.050000190734863,10.050000190734863,10.043000221252441,10.050000190734863,1600,0.0,0.0
2022-09-07 00:00:00-04:00,10.0600004196167,10.0600004196167,10.057999610900879,10.057999610900879,5900,0.0,0.0
2022-09-08 00:00:00-04:00,10.057999610900879,10.057999610900879,10.057999610900879,10.057999610900879,800,0.0,0.0
2022-09-09 00:00:00-04:00,10.0600004196167,10.0600004196167,10.0600004196167,10.0600004196167,50200,0.0,0.0
2022-09-12 00:00:00-04:00,10.0600004196167,10.0600004196167,10.0600004196167,10.0600004196167,400,0.0,0.0
2022-09-13 00:00:00-04:00,10.0600004196167,10.0600004196167,10.0600004196167,10.0600004196167,2100,0.0,0.0
2022-09-14 00:00:00-04:00,10.0600004196167,10.079999923706055,10.0600004196167,10.079999923706055,524000,0.0,0.0
2022-09-15 00:00:00-04:00,10.069999694824219,10.069999694824219,10.069999694824219,10.069999694824219,1200,0.0,0.0
2022-09-16 00:00:00-04:00,10.069999694824219,10.069999694824219,10.069999694824219,10.069999694824219,0,0.0,0.0
2022-09-19 00:00:00-04:00,10.069999694824219,10.079999923706055,10.069999694824219,10.079999923706055,2500,0.0,0.0
2022-09-20 00:00:00-04:00,10.079999923706055,10.079999923706055,10.069999694824219,10.079999923706055,16800,0.0,0.0
2022-09-21 00:00:00-04:00,10.119999885559082,10.119999885559082,10.09000015258789,10.09000015258789,1900,0.0,0.0
2022-09-22 00:00:00-04:00,10.09000015258789,10.09000015258789,10.079999923706055,10.079999923706055,6100,0.0,0.0
2022-09-23 00:00:00-04:00,10.09000015258789,10.09000015258789,10.09000015258789,10.09000015258789,1400,0.0,0.0
2022-09-26 00:00:00-04:00,10.09000015258789,10.09000015258789,10.09000015258789,10.09000015258789,600,0.0,0.0
2022-09-27 00:00:00-04:00,10.09000015258789,10.09000015258789,10.09000015258789,10.09000015258789,0,0.0,0.0
2022-09-28 00:00:00-04:00,10.100000381469727,10.104999542236328,10.100000381469727,10.100000381469727,55100,0.0,0.0
2022-09-29 00:00:00-04:00,10.109999656677246,10.109999656677246,10.109999656677246,10.109999656677246,100,0.0,0.0
2022-09-30 00:00:00-04:00,10.109999656677246,10.109999656677246,10.109999656677246,10.109999656677246,0,0.0,0.0
2022-10-03 00:00:00-04:00,10.109999656677246,10.109999656677246,10.109999656677246,10.109999656677246,0,0.0,0.0
2022-10-04 00:00:00-04:00,10.109999656677246,10.109999656677246,10.109999656677246,10.109999656677246,0,0.0,0.0
2022-10-05 00:00:00-04:00,10.109999656677246,10.109999656677246,10.109999656677246,10.109999656677246,0,0.0,0.0
2022-10-06 00:00:00-04:00,10.109999656677246,10.109999656677246,10.109999656677246,10.109999656677246,0,0.0,0.0
2022-10-07 00:00:00-04:00,10.220000267028809,10.220000267028809,10.220000267028809,10.220000267028809,100,0.0,0.0
2022-10-10 00:00:00-04:00,10.119999885559082,10.119999885559082,10.119999885559082,10.119999885559082,100,0.0,0.0
2022-10-11 00:00:00-04:00,10.079999923706055,10.079999923706055,10.079999923706055,10.079999923706055,100,0.0,0.0
2022-10-12 00:00:00-04:00,10.079999923706055,10.079999923706055,10.079999923706055,10.079999923706055,0,0.0,0.0
2022-10-13 00:00:00-04:00,10.079999923706055,10.079999923706055,10.079999923706055,10.079999923706055,0,0.0,0.0
2022-10-14 00:00:00-04:00,10.079999923706055,10.079999923706055,10.079999923706055,10.079999923706055,0,0.0,0.0
2022-10-17 00:00:00-04:00,10.079999923706055,10.079999923706055,10.079999923706055,10.079999923706055,0,0.0,0.0
2022-10-18 00:00:00-04:00,10.079999923706055,10.079999923706055,10.079999923706055,10.079999923706055,0,0.0,0.0
2022-10-19 00:00:00-04:00,10.039999961853027,10.039999961853027,10.039999961853027,10.039999961853027,3800,0.0,0.0
2022-10-20 00:00:00-04:00,10.039999961853027,10.039999961853027,10.039999961853027,10.039999961853027,0,0.0,0.0
2022-10-21 00:00:00-04:00,10.039999961853027,10.039999961853027,10.039999961853027,10.039999961853027,0,0.0,0.0
2022-10-24 00:00:00-04:00,10.039999961853027,10.039999961853027,10.039999961853027,10.039999961853027,0,0.0,0.0
2022-10-25 00:00:00-04:00,10.039999961853027,10.039999961853027,10.039999961853027,10.039999961853027,0,0.0,0.0
2022-10-26 00:00:00-04:00,10.039999961853027,10.039999961853027,10.039999961853027,10.039999961853027,0,0.0,0.0
2022-10-27 00:00:00-04:00,10.039999961853027,10.039999961853027,10.039999961853027,10.039999961853027,0,0.0,0.0
2022-10-28 00:00:00-04:00,10.039999961853027,10.039999961853027,10.039999961853027,10.039999961853027,0,0.0,0.0
2022-10-31 00:00:00-04:00,10.130000114440918,10.130000114440918,10.100000381469727,10.109999656677246,2404500,0.0,0.0
2022-11-01 00:00:00-04:00,10.130000114440918,10.130000114440918,10.130000114440918,10.130000114440918,300,0.0,0.0
2022-11-02 00:00:00-04:00,10.130000114440918,10.130000114440918,10.130000114440918,10.130000114440918,0,0.0,0.0
2022-11-03 00:00:00-04:00,10.119999885559082,10.125,10.119999885559082,10.119999885559082,5700,0.0,0.0
2022-11-04 00:00:00-04:00,10.119999885559082,10.119999885559082,10.119999885559082,10.119999885559082,0,0.0,0.0
2022-11-07 00:00:00-05:00,10.130000114440918,10.130000114440918,10.119999885559082,10.130000114440918,2000,0.0,0.0
2022-11-08 00:00:00-05:00,10.119999885559082,10.119999885559082,10.119999885559082,10.119999885559082,200,0.0,0.0
2022-11-09 00:00:00-05:00,10.119999885559082,10.119999885559082,10.119999885559082,10.119999885559082,2100,0.0,0.0
2022-11-10 00:00:00-05:00,10.119999885559082,10.119999885559082,10.119999885559082,10.119999885559082,500,0.0,0.0
2022-11-11 00:00:00-05:00,10.119999885559082,10.119999885559082,10.119999885559082,10.119999885559082,0,0.0,0.0
2022-11-14 00:00:00-05:00,10.119999885559082,10.119999885559082,10.119999885559082,10.119999885559082,200,0.0,0.0
2022-11-15 00:00:00-05:00,10.149999618530273,10.149999618530273,10.149999618530273,10.149999618530273,200,0.0,0.0
2022-11-16 00:00:00-05:00,10.149999618530273,10.149999618530273,10.149999618530273,10.149999618530273,0,0.0,0.0
2022-11-17 00:00:00-05:00,10.109999656677246,10.109999656677246,10.109999656677246,10.109999656677246,100,0.0,0.0
2022-11-18 00:00:00-05:00,10.119999885559082,10.140000343322754,10.119999885559082,10.140000343322754,8400,0.0,0.0
2022-11-21 00:00:00-05:00,10.140000343322754,10.149999618530273,10.135000228881836,10.149999618530273,293300,0.0,0.0
2022-11-22 00:00:00-05:00,10.149999618530273,10.149999618530273,10.149999618530273,10.149999618530273,0,0.0,0.0
2022-11-23 00:00:00-05:00,10.140000343322754,10.140000343322754,10.140000343322754,10.140000343322754,300,0.0,0.0
2022-11-25 00:00:00-05:00,10.140000343322754,10.140000343322754,10.140000343322754,10.140000343322754,0,0.0,0.0
2022-11-28 00:00:00-05:00,10.149999618530273,10.149999618530273,10.149999618530273,10.149999618530273,100,0.0,0.0
2022-11-29 00:00:00-05:00,10.15999984741211,10.15999984741211,10.149999618530273,10.149999618530273,400,0.0,0.0
2022-11-30 00:00:00-05:00,10.149999618530273,10.149999618530273,10.149999618530273,10.149999618530273,100,0.0,0.0
2022-12-01 00:00:00-05:00,10.149999618530273,10.170000076293945,10.149999618530273,10.154999732971191,4200,0.0,0.0
2022-12-02 00:00:00-05:00,10.149999618530273,10.149999618530273,10.149999618530273,10.149999618530273,100,0.0,0.0
2022-12-05 00:00:00-05:00,10.210000038146973,10.210000038146973,10.210000038146973,10.210000038146973,400,0.0,0.0
2022-12-06 00:00:00-05:00,10.210000038146973,10.210000038146973,10.210000038146973,10.210000038146973,0,0.0,0.0
2022-12-07 00:00:00-05:00,10.210000038146973,10.210000038146973,10.210000038146973,10.210000038146973,0,0.0,0.0
2022-12-08 00:00:00-05:00,10.210000038146973,10.210000038146973,10.210000038146973,10.210000038146973,0,0.0,0.0
2022-12-09 00:00:00-05:00,10.180000305175781,10.180000305175781,10.180000305175781,10.180000305175781,160000,0.0,0.0
2022-12-12 00:00:00-05:00,10.180000305175781,10.180000305175781,10.180000305175781,10.180000305175781,0,0.0,0.0
2022-12-13 00:00:00-05:00,10.1899995803833,10.199999809265137,10.1850004196167,10.199999809265137,22500,0.0,0.0
2022-12-14 00:00:00-05:00,10.199999809265137,10.199999809265137,10.199999809265137,10.199999809265137,0,0.0,0.0
2022-12-15 00:00:00-05:00,10.25,10.274999618530273,10.25,10.25,16700,0.0,0.0
2022-12-16 00:00:00-05:00,10.199999809265137,10.199999809265137,10.199999809265137,10.199999809265137,150000,0.0,0.0
2022-12-19 00:00:00-05:00,10.3100004196167,10.319999694824219,10.3100004196167,10.3100004196167,1200,0.0,0.0
2022-12-20 00:00:00-05:00,10.210000038146973,10.220000267028809,10.210000038146973,10.220000267028809,5400,0.0,0.0
2022-12-21 00:00:00-05:00,10.210000038146973,10.210000038146973,10.210000038146973,10.210000038146973,100,0.0,0.0
2022-12-22 00:00:00-05:00,10.239999771118164,10.239999771118164,10.239999771118164,10.239999771118164,100,0.0,0.0
2022-12-23 00:00:00-05:00,10.220000267028809,10.220000267028809,10.220000267028809,10.220000267028809,1900,0.0,0.0
2022-12-27 00:00:00-05:00,10.220000267028809,10.220000267028809,10.220000267028809,10.220000267028809,0,0.0,0.0
2022-12-28 00:00:00-05:00,10.220000267028809,10.220000267028809,10.220000267028809,10.220000267028809,0,0.0,0.0
2022-12-29 00:00:00-05:00,10.300000190734863,10.300000190734863,10.300000190734863,10.300000190734863,500,0.0,0.0
2022-12-30 00:00:00-05:00,10.300000190734863,10.300000190734863,10.300000190734863,10.300000190734863,0,0.0,0.0
2023-01-03 00:00:00-05:00,10.260000228881836,10.260000228881836,10.25,10.260000228881836,9400,0.0,0.0
2023-01-04 00:00:00-05:00,10.25,10.270000457763672,10.239999771118164,10.270000457763672,18300,0.0,0.0
2023-01-05 00:00:00-05:00,10.270000457763672,10.270000457763672,10.270000457763672,10.270000457763672,0,0.0,0.0
2023-01-06 00:00:00-05:00,10.300000190734863,10.300000190734863,10.289999961853027,10.300000190734863,6600,0.0,0.0
2023-01-09 00:00:00-05:00,10.300000190734863,10.300000190734863,10.300000190734863,10.300000190734863,100,0.0,0.0
2023-01-10 00:00:00-05:00,10.300000190734863,10.3100004196167,10.279999732971191,10.300000190734863,55000,0.0,0.0
2023-01-11 00:00:00-05:00,10.300000190734863,10.300000190734863,10.25,10.260000228881836,26500,0.0,0.0
2023-01-12 00:00:00-05:00,10.270000457763672,10.300000190734863,10.270000457763672,10.300000190734863,87500,0.0,0.0
2023-01-13 00:00:00-05:00,10.300000190734863,10.300000190734863,10.300000190734863,10.300000190734863,0,0.0,0.0
2023-01-17 00:00:00-05:00,10.300000190734863,10.300000190734863,10.25,10.274999618530273,54000,0.0,0.0
2023-01-18 00:00:00-05:00,10.300000190734863,10.3100004196167,10.289999961853027,10.300000190734863,132100,0.0,0.0
2023-01-19 00:00:00-05:00,10.289999961853027,10.34000015258789,10.289999961853027,10.315999984741211,2600,0.0,0.0
2023-01-20 00:00:00-05:00,10.329999923706055,10.359999656677246,10.3100004196167,10.3100004196167,1000,0.0,0.0
2023-01-23 00:00:00-05:00,10.3100004196167,10.3100004196167,10.3100004196167,10.3100004196167,0,0.0,0.0
2023-01-24 00:00:00-05:00,10.300000190734863,10.300000190734863,10.300000190734863,10.300000190734863,50000,0.0,0.0
2023-01-25 00:00:00-05:00,10.34000015258789,10.34000015258789,10.34000015258789,10.34000015258789,900,0.0,0.0
2023-01-26 00:00:00-05:00,10.34000015258789,10.34000015258789,10.34000015258789,10.34000015258789,0,0.0,0.0
2023-01-27 00:00:00-05:00,10.34000015258789,10.350000381469727,10.335000038146973,10.350000381469727,159700,0.0,0.0
2023-01-30 00:00:00-05:00,10.359999656677246,10.359999656677246,10.34000015258789,10.350000381469727,109800,0.0,0.0
2023-01-31 00:00:00-05:00,10.354999542236328,10.359999656677246,10.34000015258789,10.350000381469727,70400,0.0,0.0
2023-02-01 00:00:00-05:00,10.350000381469727,10.350000381469727,10.350000381469727,10.350000381469727,0,0.0,0.0
2023-02-02 00:00:00-05:00,10.350000381469727,10.350000381469727,10.350000381469727,10.350000381469727,0,0.0,0.0
2023-02-03 00:00:00-05:00,10.350000381469727,10.350000381469727,10.350000381469727,10.350000381469727,0,0.0,0.0
2023-02-06 00:00:00-05:00,10.354999542236328,10.354999542236328,10.354999542236328,10.354999542236328,2100,0.0,0.0
2023-02-07 00:00:00-05:00,10.460000038146973,10.460000038146973,10.329999923706055,10.329999923706055,1017100,0.0,0.0
2023-02-08 00:00:00-05:00,10.329999923706055,10.369999885559082,10.329999923706055,10.329999923706055,1200,0.0,0.0
2023-02-09 00:00:00-05:00,10.329999923706055,10.329999923706055,10.329999923706055,10.329999923706055,0,0.0,0.0
2023-02-10 00:00:00-05:00,10.350000381469727,10.350000381469727,10.34000015258789,10.34000015258789,15300,0.0,0.0
2023-02-13 00:00:00-05:00,10.34000015258789,10.34000015258789,10.34000015258789,10.34000015258789,0,0.0,0.0
2023-02-14 00:00:00-05:00,10.34000015258789,10.34000015258789,10.34000015258789,10.34000015258789,0,0.0,0.0
2023-02-15 00:00:00-05:00,10.369999885559082,10.399999618530273,10.369999885559082,10.399999618530273,78700,0.0,0.0
2023-02-16 00:00:00-05:00,10.399999618530273,10.399999618530273,10.399999618530273,10.399999618530273,0,0.0,0.0
2023-02-17 00:00:00-05:00,10.399999618530273,10.399999618530273,10.399999618530273,10.399999618530273,0,0.0,0.0
2023-02-21 00:00:00-05:00,10.380000114440918,10.380000114440918,10.380000114440918,10.380000114440918,4800,0.0,0.0
2023-02-22 00:00:00-05:00,10.359999656677246,10.369999885559082,10.359999656677246,10.369999885559082,400,0.0,0.0
2023-02-23 00:00:00-05:00,10.369999885559082,10.369999885559082,10.369999885559082,10.369999885559082,4800,0.0,0.0
2023-02-24 00:00:00-05:00,10.369999885559082,10.369999885559082,10.359999656677246,10.364999771118164,294700,0.0,0.0
2023-02-27 00:00:00-05:00,10.350000381469727,10.369999885559082,10.350000381469727,10.369999885559082,400,0.0,0.0
2023-02-28 00:00:00-05:00,10.369999885559082,10.380000114440918,10.369999885559082,10.375,182100,0.0,0.0
2023-03-01 00:00:00-05:00,10.739999771118164,10.739999771118164,10.359999656677246,10.380000114440918,3000,0.0,0.0
2023-03-02 00:00:00-05:00,10.380000114440918,10.380000114440918,10.380000114440918,10.380000114440918,0,0.0,0.0
2023-03-03 00:00:00-05:00,10.380000114440918,10.380000114440918,10.380000114440918,10.380000114440918,0,0.0,0.0
2023-03-06 00:00:00-05:00,10.380000114440918,10.380000114440918,10.380000114440918,10.380000114440918,0,0.0,0.0
2023-03-07 00:00:00-05:00,10.380000114440918,10.399999618530273,10.380000114440918,10.390000343322754,164100,0.0,0.0
2023-03-08 00:00:00-05:00,10.399999618530273,10.40999984741211,10.399999618530273,10.399999618530273,113400,0.0,0.0
2023-03-09 00:00:00-05:00,10.529999732971191,10.539999961853027,10.4399995803833,10.4399995803833,1100,0.0,0.0
2023-03-10 00:00:00-05:00,10.479999542236328,10.600000381469727,10.40999984741211,10.420000076293945,558800,0.0,0.0
2023-03-13 00:00:00-04:00,10.449999809265137,10.449999809265137,10.449999809265137,10.449999809265137,100,0.0,0.0
2023-03-14 00:00:00-04:00,10.420000076293945,10.444999694824219,10.40999984741211,10.40999984741211,255400,0.0,0.0
2023-03-15 00:00:00-04:00,11.229999542236328,11.229999542236328,10.40999984741211,10.430000305175781,21400,0.0,0.0
2023-03-16 00:00:00-04:00,10.760000228881836,10.760000228881836,10.380000114440918,10.40999984741211,3600,0.0,0.0
2023-03-17 00:00:00-04:00,10.430000305175781,10.430000305175781,10.399999618530273,10.399999618530273,6300,0.0,0.0
2023-03-20 00:00:00-04:00,10.399999618530273,10.399999618530273,10.399999618530273,10.399999618530273,0,0.0,0.0
2023-03-21 00:00:00-04:00,10.40999984741211,10.420000076293945,10.40999984741211,10.40999984741211,324200,0.0,0.0
2023-03-22 00:00:00-04:00,10.420000076293945,10.420000076293945,10.404999732971191,10.40999984741211,897300,0.0,0.0
2023-03-23 00:00:00-04:00,10.40999984741211,10.449999809265137,10.40999984741211,10.40999984741211,4700,0.0,0.0
2023-03-24 00:00:00-04:00,10.40999984741211,10.40999984741211,10.40999984741211,10.40999984741211,0,0.0,0.0
2023-03-27 00:00:00-04:00,10.40999984741211,10.489999771118164,10.40999984741211,10.489999771118164,79900,0.0,0.0
2023-03-28 00:00:00-04:00,10.489999771118164,10.489999771118164,10.460000038146973,10.460000038146973,2900,0.0,0.0
2023-03-29 00:00:00-04:00,10.6850004196167,10.6850004196167,10.425000190734863,10.440999984741211,4700,0.0,0.0
2023-03-30 00:00:00-04:00,10.510000228881836,10.510000228881836,10.420000076293945,10.430000305175781,19500,0.0,0.0
2023-03-31 00:00:00-04:00,10.430000305175781,10.430000305175781,10.430000305175781,10.430000305175781,0,0.0,0.0
2023-04-03 00:00:00-04:00,10.460000038146973,10.460000038146973,10.460000038146973,10.460000038146973,300,0.0,0.0
2023-04-04 00:00:00-04:00,10.5,10.734999656677246,10.420000076293945,10.420000076293945,12200,0.0,0.0
2023-04-05 00:00:00-04:00,10.460000038146973,10.460000038146973,10.460000038146973,10.460000038146973,700,0.0,0.0
2023-04-06 00:00:00-04:00,10.460000038146973,10.460000038146973,10.460000038146973,10.460000038146973,800,0.0,0.0
2023-04-10 00:00:00-04:00,10.479999542236328,10.479999542236328,10.479999542236328,10.479999542236328,300,0.0,0.0
2023-04-11 00:00:00-04:00,10.470000267028809,10.479999542236328,10.460000038146973,10.460000038146973,1800,0.0,0.0
2023-04-12 00:00:00-04:00,10.460000038146973,10.460000038146973,10.460000038146973,10.460000038146973,100,0.0,0.0
2023-04-13 00:00:00-04:00,10.460000038146973,10.460000038146973,10.460000038146973,10.460000038146973,10900,0.0,0.0
2023-04-14 00:00:00-04:00,10.460000038146973,10.460000038146973,10.460000038146973,10.460000038146973,0,0.0,0.0
2023-04-17 00:00:00-04:00,10.460000038146973,10.460000038146973,10.460000038146973,10.460000038146973,0,0.0,0.0
2023-04-18 00:00:00-04:00,10.460000038146973,10.460000038146973,10.460000038146973,10.460000038146973,0,0.0,0.0
2023-04-19 00:00:00-04:00,10.460000038146973,10.460000038146973,10.460000038146973,10.460000038146973,0,0.0,0.0
2023-04-20 00:00:00-04:00,10.489999771118164,10.489999771118164,10.479999542236328,10.479999542236328,500,0.0,0.0
2023-04-21 00:00:00-04:00,10.479999542236328,10.479999542236328,10.479999542236328,10.479999542236328,0,0.0,0.0
2023-04-24 00:00:00-04:00,10.479999542236328,10.479999542236328,10.479999542236328,10.479999542236328,0,0.0,0.0
2023-04-25 00:00:00-04:00,10.46500015258789,10.479999542236328,10.449999809265137,10.449999809265137,238800,0.0,0.0
2023-04-26 00:00:00-04:00,10.510000228881836,10.510000228881836,10.510000228881836,10.510000228881836,100,0.0,0.0
2023-04-27 00:00:00-04:00,10.510000228881836,10.510000228881836,10.510000228881836,10.510000228881836,0,0.0,0.0
2023-04-28 00:00:00-04:00,10.510000228881836,10.510000228881836,10.510000228881836,10.510000228881836,0,0.0,0.0
2023-05-01 00:00:00-04:00,10.479999542236328,10.510000228881836,10.479999542236328,10.510000228881836,4400,0.0,0.0
2023-05-02 00:00:00-04:00,10.510000228881836,10.510000228881836,10.510000228881836,10.510000228881836,0,0.0,0.0
2023-05-03 00:00:00-04:00,10.550000190734863,10.550000190734863,10.550000190734863,10.550000190734863,800,0.0,0.0
2023-05-04 00:00:00-04:00,10.460000038146973,10.460000038146973,10.460000038146973,10.460000038146973,200,0.0,0.0
2023-05-05 00:00:00-04:00,10.460000038146973,10.460000038146973,10.460000038146973,10.460000038146973,0,0.0,0.0
2023-05-08 00:00:00-04:00,10.470000267028809,10.470000267028809,10.470000267028809,10.470000267028809,500,0.0,0.0
2023-05-09 00:00:00-04:00,10.479999542236328,10.489999771118164,10.479999542236328,10.489999771118164,629300,0.0,0.0
2023-05-10 00:00:00-04:00,10.489999771118164,10.489999771118164,10.489999771118164,10.489999771118164,0,0.0,0.0
2023-05-11 00:00:00-04:00,10.489999771118164,10.489999771118164,10.489999771118164,10.489999771118164,0,0.0,0.0
2023-05-12 00:00:00-04:00,10.489999771118164,10.5,10.489999771118164,10.489999771118164,42300,0.0,0.0
2023-05-15 00:00:00-04:00,10.489999771118164,10.5,10.489999771118164,10.489999771118164,4800,0.0,0.0
2023-05-16 00:00:00-04:00,10.5,10.510000228881836,10.5,10.5,1284000,0.0,0.0
2023-05-17 00:00:00-04:00,10.510000228881836,10.510000228881836,10.5,10.5,38500,0.0,0.0
2023-05-18 00:00:00-04:00,10.529999732971191,10.529999732971191,10.5,10.5,67800,0.0,0.0
2023-05-19 00:00:00-04:00,10.515000343322754,10.515000343322754,10.515000343322754,10.515000343322754,692000,0.0,0.0
2023-05-22 00:00:00-04:00,10.505000114440918,10.505000114440918,10.5,10.5,149300,0.0,0.0
2023-05-23 00:00:00-04:00,10.5,10.5,10.5,10.5,0,0.0,0.0
2023-05-24 00:00:00-04:00,10.5,10.5,10.5,10.5,3100,0.0,0.0
2023-05-25 00:00:00-04:00,10.510000228881836,10.510000228881836,10.510000228881836,10.510000228881836,200,0.0,0.0
2023-05-26 00:00:00-04:00,10.510000228881836,10.510000228881836,10.489999771118164,10.489999771118164,2600,0.0,0.0
2023-05-30 00:00:00-04:00,10.520000457763672,10.520000457763672,10.520000457763672,10.520000457763672,100,0.0,0.0
2023-05-31 00:00:00-04:00,10.520000457763672,10.520000457763672,10.520000457763672,10.520000457763672,200000,0.0,0.0
2023-06-01 00:00:00-04:00,10.520000457763672,10.520000457763672,10.520000457763672,10.520000457763672,135700,0.0,0.0
2023-06-02 00:00:00-04:00,10.520000457763672,10.529999732971191,10.520000457763672,10.529999732971191,255000,0.0,0.0
2023-06-05 00:00:00-04:00,10.520000457763672,10.5600004196167,10.520000457763672,10.539999961853027,849700,0.0,0.0
2023-06-06 00:00:00-04:00,10.539999961853027,10.539999961853027,10.510000228881836,10.510000228881836,271500,0.0,0.0
2023-06-07 00:00:00-04:00,10.550000190734863,10.550000190734863,10.539999961853027,10.550000190734863,1286700,0.0,0.0
2023-06-08 00:00:00-04:00,10.600000381469727,10.600000381469727,10.520000457763672,10.520000457763672,1200,0.0,0.0
2023-06-09 00:00:00-04:00,10.520000457763672,10.520000457763672,10.520000457763672,10.520000457763672,0,0.0,0.0
2023-06-12 00:00:00-04:00,10.649999618530273,10.770000457763672,10.529999732971191,10.619999885559082,35200,0.0,0.0
2023-06-13 00:00:00-04:00,10.619999885559082,10.619999885559082,10.550000190734863,10.585000038146973,145100,0.0,0.0
2023-06-14 00:00:00-04:00,10.585000038146973,10.585000038146973,10.585000038146973,10.585000038146973,0,0.0,0.0
2023-06-15 00:00:00-04:00,10.619999885559082,10.619999885559082,10.619999885559082,10.619999885559082,100,0.0,0.0
2023-06-16 00:00:00-04:00,10.539999961853027,10.609999656677246,10.539999961853027,10.609999656677246,1600,0.0,0.0
2023-06-20 00:00:00-04:00,10.619999885559082,10.619999885559082,10.619999885559082,10.619999885559082,200,0.0,0.0
2023-06-21 00:00:00-04:00,10.619999885559082,10.6899995803833,10.569999694824219,10.569999694824219,33100,0.0,0.0
2023-06-22 00:00:00-04:00,10.609999656677246,10.630000114440918,10.609999656677246,10.619999885559082,51700,0.0,0.0
2023-06-23 00:00:00-04:00,10.630000114440918,10.640000343322754,10.569999694824219,10.569999694824219,132400,0.0,0.0
2023-06-26 00:00:00-04:00,10.600000381469727,10.640000343322754,10.600000381469727,10.619999885559082,22800,0.0,0.0
2023-06-27 00:00:00-04:00,10.569999694824219,10.649999618530273,10.569999694824219,10.619999885559082,47500,0.0,0.0
2023-06-28 00:00:00-04:00,10.619999885559082,10.630000114440918,10.619999885559082,10.619999885559082,1900,0.0,0.0
2023-06-29 00:00:00-04:00,10.630000114440918,10.739999771118164,10.609999656677246,10.619999885559082,46700,0.0,0.0
2023-06-30 00:00:00-04:00,10.579999923706055,10.619999885559082,10.579999923706055,10.619999885559082,200,0.0,0.0
2023-07-03 00:00:00-04:00,10.619999885559082,10.619999885559082,10.619999885559082,10.619999885559082,0,0.0,0.0
2023-07-05 00:00:00-04:00,10.619999885559082,10.619999885559082,10.619999885559082,10.619999885559082,0,0.0,0.0
2023-07-06 00:00:00-04:00,10.649999618530273,10.649999618530273,10.619999885559082,10.619999885559082,400,0.0,0.0
2023-07-07 00:00:00-04:00,10.614999771118164,10.614999771118164,10.614999771118164,10.614999771118164,300,0.0,0.0
2023-07-10 00:00:00-04:00,10.614999771118164,10.614999771118164,10.614999771118164,10.614999771118164,0,0.0,0.0
2023-07-11 00:00:00-04:00,10.614999771118164,10.614999771118164,10.614999771118164,10.614999771118164,0,0.0,0.0
2023-07-12 00:00:00-04:00,10.614999771118164,10.614999771118164,10.614999771118164,10.614999771118164,0,0.0,0.0
2023-07-13 00:00:00-04:00,10.614999771118164,10.614999771118164,10.614999771118164,10.614999771118164,0,0.0,0.0
2023-07-14 00:00:00-04:00,10.614999771118164,10.614999771118164,10.614999771118164,10.614999771118164,0,0.0,0.0
2023-07-17 00:00:00-04:00,10.65999984741211,10.65999984741211,10.65999984741211,10.65999984741211,200,0.0,0.0
2023-07-18 00:00:00-04:00,10.65999984741211,10.65999984741211,10.65999984741211,10.65999984741211,100,0.0,0.0
2023-07-19 00:00:00-04:00,10.670000076293945,10.670000076293945,10.65999984741211,10.65999984741211,300,0.0,0.0
2023-07-20 00:00:00-04:00,10.600000381469727,10.680000305175781,10.600000381469727,10.670000076293945,86600,0.0,0.0
2023-07-21 00:00:00-04:00,10.670000076293945,10.670000076293945,10.670000076293945,10.670000076293945,0,0.0,0.0
2023-07-24 00:00:00-04:00,10.670000076293945,10.670000076293945,10.670000076293945,10.670000076293945,0,0.0,0.0
2023-07-25 00:00:00-04:00,10.680000305175781,10.6899995803833,10.680000305175781,10.6899995803833,800,0.0,0.0
2023-07-26 00:00:00-04:00,10.6899995803833,10.6899995803833,10.6899995803833,10.6899995803833,0,0.0,0.0
2023-07-27 00:00:00-04:00,10.739999771118164,10.739999771118164,10.739999771118164,10.739999771118164,1500,0.0,0.0
2023-07-28 00:00:00-04:00,10.739999771118164,10.739999771118164,10.680000305175781,10.680000305175781,2400,0.0,0.0
2023-07-31 00:00:00-04:00,10.680000305175781,10.680000305175781,10.680000305175781,10.680000305175781,0,0.0,0.0
