Date,Open,High,Low,Close,Volume,Dividends,Stock Splits
2022-08-22 00:00:00-04:00,9.920000076293945,9.942999839782715,9.899999618530273,9.9350004196167,47800,0.0,0.0
2022-08-23 00:00:00-04:00,9.914999961853027,9.960000038146973,9.880000114440918,9.960000038146973,126500,0.0,0.0
2022-08-24 00:00:00-04:00,9.930000305175781,9.960000038146973,9.930000305175781,9.960000038146973,88800,0.0,0.0
2022-08-25 00:00:00-04:00,9.930000305175781,9.949999809265137,9.930000305175781,9.949999809265137,6100,0.0,0.0
2022-08-26 00:00:00-04:00,9.949999809265137,9.949999809265137,9.949999809265137,9.949999809265137,9500,0.0,0.0
2022-08-29 00:00:00-04:00,9.930000305175781,9.930000305175781,9.930000305175781,9.930000305175781,200,0.0,0.0
2022-08-30 00:00:00-04:00,9.949999809265137,9.949999809265137,9.930000305175781,9.949999809265137,2400,0.0,0.0
2022-08-31 00:00:00-04:00,9.949999809265137,9.949999809265137,9.949999809265137,9.949999809265137,5900,0.0,0.0
2022-09-01 00:00:00-04:00,9.949999809265137,9.949999809265137,9.949999809265137,9.949999809265137,0,0.0,0.0
2022-09-02 00:00:00-04:00,9.9399995803833,9.949999809265137,9.9399995803833,9.949999809265137,6200,0.0,0.0
2022-09-06 00:00:00-04:00,9.956000328063965,9.956000328063965,9.956000328063965,9.956000328063965,100,0.0,0.0
2022-09-07 00:00:00-04:00,9.956000328063965,9.956000328063965,9.956000328063965,9.956000328063965,0,0.0,0.0
2022-09-08 00:00:00-04:00,9.949999809265137,9.979999542236328,9.949999809265137,9.979999542236328,20800,0.0,0.0
2022-09-09 00:00:00-04:00,9.970000267028809,10.0,9.949999809265137,9.949999809265137,15200,0.0,0.0
2022-09-12 00:00:00-04:00,9.930000305175781,9.989999771118164,9.930000305175781,9.989999771118164,17700,0.0,0.0
2022-09-13 00:00:00-04:00,10.020000457763672,10.020000457763672,10.020000457763672,10.020000457763672,200,0.0,0.0
2022-09-14 00:00:00-04:00,10.020000457763672,10.020000457763672,10.020000457763672,10.020000457763672,0,0.0,0.0
2022-09-15 00:00:00-04:00,10.010000228881836,10.010000228881836,10.0,10.0,49700,0.0,0.0
2022-09-16 00:00:00-04:00,10.0,10.0,10.0,10.0,0,0.0,0.0
2022-09-19 00:00:00-04:00,9.930000305175781,9.930000305175781,9.890000343322754,9.90999984741211,110500,0.0,0.0
2022-09-20 00:00:00-04:00,9.90999984741211,9.90999984741211,9.90999984741211,9.90999984741211,0,0.0,0.0
2022-09-21 00:00:00-04:00,9.90999984741211,9.90999984741211,9.90999984741211,9.90999984741211,0,0.0,0.0
2022-09-22 00:00:00-04:00,9.90999984741211,9.90999984741211,9.90999984741211,9.90999984741211,0,0.0,0.0
2022-09-23 00:00:00-04:00,9.90999984741211,9.90999984741211,9.90999984741211,9.90999984741211,0,0.0,0.0
2022-09-26 00:00:00-04:00,9.90999984741211,9.90999984741211,9.90999984741211,9.90999984741211,0,0.0,0.0
2022-09-27 00:00:00-04:00,9.90999984741211,9.90999984741211,9.90999984741211,9.90999984741211,0,0.0,0.0
2022-09-28 00:00:00-04:00,9.90999984741211,9.90999984741211,9.90999984741211,9.90999984741211,0,0.0,0.0
2022-09-29 00:00:00-04:00,9.869999885559082,9.920000076293945,9.869999885559082,9.899999618530273,7700,0.0,0.0
2022-09-30 00:00:00-04:00,9.970000267028809,9.970000267028809,9.949999809265137,9.949999809265137,55100,0.0,0.0
2022-10-03 00:00:00-04:00,9.949999809265137,9.949999809265137,9.949999809265137,9.949999809265137,0,0.0,0.0
2022-10-04 00:00:00-04:00,9.979999542236328,9.989999771118164,9.968999862670898,9.989999771118164,24800,0.0,0.0
2022-10-05 00:00:00-04:00,9.984999656677246,10.010000228881836,9.984999656677246,9.989999771118164,361700,0.0,0.0
2022-10-06 00:00:00-04:00,9.989999771118164,9.989999771118164,9.899999618530273,9.920000076293945,155700,0.0,0.0
2022-10-07 00:00:00-04:00,9.90999984741211,9.960000038146973,9.90999984741211,9.960000038146973,2800,0.0,0.0
2022-10-10 00:00:00-04:00,9.960000038146973,9.960000038146973,9.960000038146973,9.960000038146973,0,0.0,0.0
2022-10-11 00:00:00-04:00,9.960000038146973,9.960000038146973,9.960000038146973,9.960000038146973,0,0.0,0.0
2022-10-12 00:00:00-04:00,9.9399995803833,9.960000038146973,9.9399995803833,9.960000038146973,55000,0.0,0.0
2022-10-13 00:00:00-04:00,9.960000038146973,9.970000267028809,9.960000038146973,9.960000038146973,10200,0.0,0.0
2022-10-14 00:00:00-04:00,9.960000038146973,9.960000038146973,9.960000038146973,9.960000038146973,16400,0.0,0.0
2022-10-17 00:00:00-04:00,9.960000038146973,9.960000038146973,9.960000038146973,9.960000038146973,0,0.0,0.0
2022-10-18 00:00:00-04:00,9.949999809265137,10.0,9.949999809265137,9.994999885559082,111000,0.0,0.0
2022-10-19 00:00:00-04:00,9.949999809265137,9.949999809265137,9.949999809265137,9.949999809265137,14300,0.0,0.0
2022-10-20 00:00:00-04:00,9.949999809265137,9.979999542236328,9.949999809265137,9.979999542236328,99900,0.0,0.0
2022-10-21 00:00:00-04:00,9.949999809265137,10.0,9.949999809265137,10.0,63100,0.0,0.0
2022-10-24 00:00:00-04:00,9.960000038146973,10.149999618530273,9.960000038146973,10.010000228881836,67100,0.0,0.0
2022-10-25 00:00:00-04:00,10.010000228881836,10.010000228881836,10.010000228881836,10.010000228881836,0,0.0,0.0
2022-10-26 00:00:00-04:00,10.024999618530273,10.024999618530273,10.024999618530273,10.024999618530273,200,0.0,0.0
2022-10-27 00:00:00-04:00,10.050000190734863,10.0649995803833,10.020000457763672,10.03499984741211,22400,0.0,0.0
2022-10-28 00:00:00-04:00,10.050000190734863,10.154999732971191,10.020000457763672,10.079999923706055,551600,0.0,0.0
2022-10-31 00:00:00-04:00,10.100000381469727,10.109999656677246,10.039999961853027,10.050000190734863,31400,0.0,0.0
2022-11-01 00:00:00-04:00,10.0649995803833,10.069999694824219,10.0649995803833,10.069999694824219,38700,0.0,0.0
2022-11-02 00:00:00-04:00,10.069999694824219,10.069999694824219,10.069999694824219,10.069999694824219,0,0.0,0.0
2022-11-03 00:00:00-04:00,10.039999961853027,10.039999961853027,10.039999961853027,10.039999961853027,14600,0.0,0.0
2022-11-04 00:00:00-04:00,10.09000015258789,10.098999977111816,10.09000015258789,10.09000015258789,3100,0.0,0.0
2022-11-07 00:00:00-05:00,10.050000190734863,10.0600004196167,10.050000190734863,10.0600004196167,22600,0.0,0.0
2022-11-08 00:00:00-05:00,10.050000190734863,10.050000190734863,10.050000190734863,10.050000190734863,10500,0.0,0.0
2022-11-09 00:00:00-05:00,10.050000190734863,10.079999923706055,10.039999961853027,10.069999694824219,2500,0.0,0.0
2022-11-10 00:00:00-05:00,10.069999694824219,10.069999694824219,10.069999694824219,10.069999694824219,0,0.0,0.0
2022-11-11 00:00:00-05:00,10.050000190734863,10.095000267028809,10.050000190734863,10.095000267028809,15500,0.0,0.0
2022-11-14 00:00:00-05:00,10.095000267028809,10.095000267028809,10.095000267028809,10.095000267028809,0,0.0,0.0
2022-11-15 00:00:00-05:00,10.079999923706055,10.079999923706055,10.079999923706055,10.079999923706055,5000,0.0,0.0
2022-11-16 00:00:00-05:00,10.079999923706055,10.079999923706055,10.079999923706055,10.079999923706055,0,0.0,0.0
2022-11-17 00:00:00-05:00,10.079999923706055,10.079999923706055,10.079999923706055,10.079999923706055,0,0.0,0.0
2022-11-18 00:00:00-05:00,10.079999923706055,10.079999923706055,10.079999923706055,10.079999923706055,0,0.0,0.0
2022-11-21 00:00:00-05:00,10.109999656677246,10.109999656677246,10.109999656677246,10.109999656677246,1000,0.0,0.0
2022-11-22 00:00:00-05:00,10.100000381469727,10.100000381469727,10.100000381469727,10.100000381469727,100,0.0,0.0
2022-11-23 00:00:00-05:00,10.109999656677246,10.109999656677246,10.109999656677246,10.109999656677246,42200,0.0,0.0
2022-11-25 00:00:00-05:00,10.109999656677246,10.109999656677246,10.109999656677246,10.109999656677246,0,0.0,0.0
2022-11-28 00:00:00-05:00,10.104999542236328,10.104999542236328,10.104999542236328,10.104999542236328,30000,0.0,0.0
2022-11-29 00:00:00-05:00,10.140000343322754,10.140000343322754,10.140000343322754,10.140000343322754,500,0.0,0.0
2022-11-30 00:00:00-05:00,10.142999649047852,10.15999984741211,10.140000343322754,10.149999618530273,437400,0.0,0.0
2022-12-01 00:00:00-05:00,10.109999656677246,10.109999656677246,10.109999656677246,10.109999656677246,1100,0.0,0.0
2022-12-02 00:00:00-05:00,10.109999656677246,10.119999885559082,10.109999656677246,10.109999656677246,1200,0.0,0.0
2022-12-05 00:00:00-05:00,10.109999656677246,10.109999656677246,10.109999656677246,10.109999656677246,100,0.0,0.0
2022-12-06 00:00:00-05:00,10.109999656677246,10.109999656677246,10.109999656677246,10.109999656677246,0,0.0,0.0
2022-12-07 00:00:00-05:00,10.109999656677246,10.109999656677246,10.109999656677246,10.109999656677246,0,0.0,0.0
2022-12-08 00:00:00-05:00,10.140000343322754,10.140000343322754,10.130000114440918,10.130000114440918,3300,0.0,0.0
2022-12-09 00:00:00-05:00,10.125,10.125,10.109999656677246,10.109999656677246,800,0.0,0.0
2022-12-12 00:00:00-05:00,10.109999656677246,10.109999656677246,10.109999656677246,10.109999656677246,0,0.0,0.0
2022-12-13 00:00:00-05:00,10.114999771118164,10.135000228881836,10.114999771118164,10.130000114440918,70500,0.0,0.0
2022-12-14 00:00:00-05:00,10.130000114440918,10.130000114440918,10.130000114440918,10.130000114440918,100,0.0,0.0
2022-12-15 00:00:00-05:00,10.119999885559082,10.130000114440918,10.119999885559082,10.130000114440918,35900,0.0,0.0
2022-12-16 00:00:00-05:00,10.050000190734863,10.130000114440918,10.050000190734863,10.125,66100,0.0,0.0
2022-12-19 00:00:00-05:00,10.130000114440918,10.130000114440918,10.125,10.130000114440918,10300,0.0,0.0
2022-12-20 00:00:00-05:00,10.149999618530273,10.149999618530273,10.130000114440918,10.130000114440918,75200,0.0,0.0
2022-12-21 00:00:00-05:00,10.130000114440918,10.130000114440918,10.130000114440918,10.130000114440918,0,0.0,0.0
2022-12-22 00:00:00-05:00,10.130000114440918,10.130000114440918,10.130000114440918,10.130000114440918,0,0.0,0.0
2022-12-23 00:00:00-05:00,10.130000114440918,10.130000114440918,10.130000114440918,10.130000114440918,0,0.0,0.0
2022-12-27 00:00:00-05:00,10.140000343322754,10.140000343322754,10.123000144958496,10.130000114440918,1700,0.0,0.0
2022-12-28 00:00:00-05:00,10.130000114440918,10.130000114440918,10.130000114440918,10.130000114440918,0,0.0,0.0
2022-12-29 00:00:00-05:00,10.149999618530273,10.4399995803833,10.149999618530273,10.229999542236328,37400,0.0,0.0
2022-12-30 00:00:00-05:00,10.289999961853027,10.319000244140625,10.149999618530273,10.180000305175781,14400,0.0,0.0
2023-01-03 00:00:00-05:00,10.149999618530273,10.210000038146973,10.135000228881836,10.199999809265137,11000,0.0,0.0
2023-01-04 00:00:00-05:00,10.1899995803833,10.25,10.1899995803833,10.229999542236328,174600,0.0,0.0
2023-01-05 00:00:00-05:00,10.265000343322754,10.270000457763672,10.220000267028809,10.229999542236328,507700,0.0,0.0
2023-01-06 00:00:00-05:00,10.229999542236328,10.239999771118164,10.220000267028809,10.229999542236328,17800,0.0,0.0
2023-01-09 00:00:00-05:00,10.210000038146973,10.229999542236328,10.210000038146973,10.229999542236328,4800,0.0,0.0
2023-01-10 00:00:00-05:00,10.220000267028809,10.260000228881836,10.140000343322754,10.260000228881836,233400,0.0,0.0
2023-01-11 00:00:00-05:00,10.75,10.75,10.25,10.270000457763672,735500,0.0,0.0
2023-01-12 00:00:00-05:00,10.359999656677246,10.359999656677246,10.25,10.260000228881836,13100,0.0,0.0
2023-01-13 00:00:00-05:00,10.75,10.75,10.25,10.25,4500,0.0,0.0
2023-01-17 00:00:00-05:00,10.25,10.255000114440918,10.25,10.255000114440918,1800,0.0,0.0
2023-01-18 00:00:00-05:00,10.255000114440918,10.255000114440918,10.255000114440918,10.255000114440918,0,0.0,0.0
2023-01-19 00:00:00-05:00,10.75,10.75,10.75,10.75,400,0.0,0.0
2023-01-20 00:00:00-05:00,10.75,10.75,10.75,10.75,0,0.0,0.0
2023-01-23 00:00:00-05:00,10.319999694824219,10.319999694824219,10.270000457763672,10.270000457763672,300,0.0,0.0
2023-01-24 00:00:00-05:00,10.270000457763672,10.279999732971191,10.260000228881836,10.260000228881836,9500,0.0,0.0
2023-01-25 00:00:00-05:00,10.260000228881836,10.260000228881836,10.25,10.25,11000,0.0,0.0
2023-01-26 00:00:00-05:00,10.255000114440918,10.260000228881836,10.255000114440918,10.260000228881836,9700,0.0,0.0
2023-01-27 00:00:00-05:00,10.260000228881836,10.260000228881836,10.260000228881836,10.260000228881836,100100,0.0,0.0
2023-01-30 00:00:00-05:00,10.265000343322754,10.265000343322754,10.265000343322754,10.265000343322754,3200,0.0,0.0
2023-01-31 00:00:00-05:00,10.265000343322754,10.265000343322754,10.265000343322754,10.265000343322754,2300,0.0,0.0
2023-02-01 00:00:00-05:00,10.265000343322754,10.270000457763672,10.265000343322754,10.270000457763672,35000,0.0,0.0
2023-02-02 00:00:00-05:00,10.270000457763672,10.28499984741211,10.270000457763672,10.270000457763672,130500,0.0,0.0
2023-02-03 00:00:00-05:00,10.270000457763672,10.270000457763672,10.270000457763672,10.270000457763672,0,0.0,0.0
2023-02-06 00:00:00-05:00,10.270000457763672,10.270000457763672,10.270000457763672,10.270000457763672,0,0.0,0.0
2023-02-07 00:00:00-05:00,10.270000457763672,10.270000457763672,10.270000457763672,10.270000457763672,0,0.0,0.0
2023-02-08 00:00:00-05:00,10.289999961853027,10.289999961853027,10.289999961853027,10.289999961853027,482100,0.0,0.0
2023-02-09 00:00:00-05:00,10.289999961853027,10.300000190734863,10.289999961853027,10.300000190734863,6900,0.0,0.0
2023-02-10 00:00:00-05:00,10.300000190734863,10.300000190734863,10.300000190734863,10.300000190734863,100700,0.0,0.0
2023-02-13 00:00:00-05:00,10.300000190734863,10.300000190734863,10.300000190734863,10.300000190734863,0,0.0,0.0
2023-02-14 00:00:00-05:00,10.300000190734863,10.300000190734863,10.300000190734863,10.300000190734863,1300,0.0,0.0
2023-02-15 00:00:00-05:00,10.3100004196167,10.34000015258789,10.3100004196167,10.3100004196167,1500,0.0,0.0
2023-02-16 00:00:00-05:00,10.3100004196167,10.3100004196167,10.3100004196167,10.3100004196167,800,0.0,0.0
2023-02-17 00:00:00-05:00,10.3100004196167,10.3100004196167,10.3100004196167,10.3100004196167,1100,0.0,0.0
2023-02-21 00:00:00-05:00,10.3100004196167,10.3100004196167,10.3100004196167,10.3100004196167,0,0.0,0.0
2023-02-22 00:00:00-05:00,10.34000015258789,10.34000015258789,10.34000015258789,10.34000015258789,10700,0.0,0.0
2023-02-23 00:00:00-05:00,10.345000267028809,10.350000381469727,10.345000267028809,10.350000381469727,5800,0.0,0.0
2023-02-24 00:00:00-05:00,10.354999542236328,10.354999542236328,10.354999542236328,10.354999542236328,1900,0.0,0.0
2023-02-27 00:00:00-05:00,10.359999656677246,10.359999656677246,10.350000381469727,10.359999656677246,3800,0.0,0.0
2023-02-28 00:00:00-05:00,10.350000381469727,10.350000381469727,10.350000381469727,10.350000381469727,2500,0.0,0.0
2023-03-01 00:00:00-05:00,10.350000381469727,10.350000381469727,10.350000381469727,10.350000381469727,0,0.0,0.0
2023-03-02 00:00:00-05:00,10.359999656677246,10.359999656677246,10.359999656677246,10.359999656677246,6900,0.0,0.0
2023-03-03 00:00:00-05:00,10.359999656677246,10.359999656677246,10.359999656677246,10.359999656677246,0,0.0,0.0
2023-03-06 00:00:00-05:00,10.359999656677246,10.359999656677246,10.359999656677246,10.359999656677246,0,0.0,0.0
2023-03-07 00:00:00-05:00,10.399999618530273,10.40999984741211,10.399999618530273,10.399999618530273,4100,0.0,0.0
2023-03-08 00:00:00-05:00,10.430000305175781,10.4399995803833,10.425000190734863,10.4399995803833,405700,0.0,0.0
2023-03-09 00:00:00-05:00,10.449999809265137,10.449999809265137,10.4399995803833,10.449999809265137,5100,0.0,0.0
2023-03-10 00:00:00-05:00,10.430000305175781,10.4399995803833,10.430000305175781,10.430000305175781,55500,0.0,0.0
2023-03-13 00:00:00-04:00,10.425000190734863,10.425000190734863,10.425000190734863,10.425000190734863,300,0.0,0.0
2023-03-14 00:00:00-04:00,10.425000190734863,10.425000190734863,10.425000190734863,10.425000190734863,0,0.0,0.0
2023-03-15 00:00:00-04:00,10.425000190734863,10.425000190734863,10.425000190734863,10.425000190734863,716400,0.0,0.0
2023-03-16 00:00:00-04:00,10.425000190734863,10.425000190734863,10.425000190734863,10.425000190734863,0,0.0,0.0
2023-03-17 00:00:00-04:00,10.425000190734863,10.425000190734863,10.425000190734863,10.425000190734863,0,0.0,0.0
2023-03-20 00:00:00-04:00,10.425000190734863,10.425000190734863,10.425000190734863,10.425000190734863,0,0.0,0.0
2023-03-21 00:00:00-04:00,10.425000190734863,10.425000190734863,10.425000190734863,10.425000190734863,0,0.0,0.0
2023-03-22 00:00:00-04:00,10.425000190734863,10.425000190734863,10.425000190734863,10.425000190734863,0,0.0,0.0
2023-03-23 00:00:00-04:00,10.4399995803833,10.4399995803833,10.4399995803833,10.4399995803833,200,0.0,0.0
2023-03-24 00:00:00-04:00,10.4399995803833,10.4399995803833,10.4399995803833,10.4399995803833,0,0.0,0.0
2023-03-27 00:00:00-04:00,10.4350004196167,10.4399995803833,10.4350004196167,10.4399995803833,6800,0.0,0.0
2023-03-28 00:00:00-04:00,10.425000190734863,10.430000305175781,10.40999984741211,10.420000076293945,40900,0.0,0.0
2023-03-29 00:00:00-04:00,10.414999961853027,10.427000045776367,10.40999984741211,10.427000045776367,22600,0.0,0.0
2023-03-30 00:00:00-04:00,10.420000076293945,10.420000076293945,10.420000076293945,10.420000076293945,250000,0.0,0.0
2023-03-31 00:00:00-04:00,10.425000190734863,10.430000305175781,10.425000190734863,10.430000305175781,9700,0.0,0.0
2023-04-03 00:00:00-04:00,10.430000305175781,10.430000305175781,10.420000076293945,10.420000076293945,3200,0.0,0.0
2023-04-04 00:00:00-04:00,10.420000076293945,10.420000076293945,10.420000076293945,10.420000076293945,300000,0.0,0.0
2023-04-05 00:00:00-04:00,10.420000076293945,10.4399995803833,10.420000076293945,10.420000076293945,75800,0.0,0.0
2023-04-06 00:00:00-04:00,10.420000076293945,10.430000305175781,10.420000076293945,10.420000076293945,110000,0.0,0.0
2023-04-10 00:00:00-04:00,10.420000076293945,10.430000305175781,10.414999961853027,10.420000076293945,711100,0.0,0.0
2023-04-11 00:00:00-04:00,10.420000076293945,10.430000305175781,10.420000076293945,10.420000076293945,48300,0.0,0.0
2023-04-12 00:00:00-04:00,10.444999694824219,10.444999694824219,10.420000076293945,10.420000076293945,468100,0.0,0.0
2023-04-13 00:00:00-04:00,10.420000076293945,10.420000076293945,10.420000076293945,10.420000076293945,400,0.0,0.0
2023-04-14 00:00:00-04:00,10.430000305175781,10.430000305175781,10.430000305175781,10.430000305175781,1000,0.0,0.0
2023-04-17 00:00:00-04:00,10.5,10.5,10.5,10.5,400,0.0,0.0
2023-04-18 00:00:00-04:00,10.460000038146973,10.46500015258789,10.4399995803833,10.4399995803833,68000,0.0,0.0
2023-04-19 00:00:00-04:00,10.4399995803833,10.4399995803833,10.4399995803833,10.4399995803833,300,0.0,0.0
2023-04-20 00:00:00-04:00,10.4399995803833,10.4399995803833,10.4399995803833,10.4399995803833,130000,0.0,0.0
2023-04-21 00:00:00-04:00,10.444999694824219,10.444999694824219,10.444000244140625,10.444000244140625,800,0.0,0.0
2023-04-24 00:00:00-04:00,10.449999809265137,10.449999809265137,10.444999694824219,10.449999809265137,56800,0.0,0.0
2023-04-25 00:00:00-04:00,10.449999809265137,10.449999809265137,10.4399995803833,10.4399995803833,59500,0.0,0.0
2023-04-26 00:00:00-04:00,10.5,10.5,10.449999809265137,10.470000267028809,134600,0.0,0.0
2023-04-27 00:00:00-04:00,10.460000038146973,10.460000038146973,10.460000038146973,10.460000038146973,100,0.0,0.0
2023-04-28 00:00:00-04:00,10.470000267028809,10.470000267028809,10.470000267028809,10.470000267028809,2600,0.0,0.0
2023-05-01 00:00:00-04:00,10.470000267028809,10.470000267028809,10.470000267028809,10.470000267028809,0,0.0,0.0
2023-05-02 00:00:00-04:00,10.475000381469727,10.484999656677246,10.475000381469727,10.484999656677246,59800,0.0,0.0
2023-05-03 00:00:00-04:00,10.479999542236328,10.489999771118164,10.479999542236328,10.489999771118164,4000,0.0,0.0
2023-05-04 00:00:00-04:00,10.489999771118164,10.489999771118164,10.489999771118164,10.489999771118164,113800,0.0,0.0
2023-05-05 00:00:00-04:00,10.5,10.5,10.5,10.5,100,0.0,0.0
2023-05-08 00:00:00-04:00,10.496000289916992,10.5,10.494999885559082,10.5,12700,0.0,0.0
2023-05-09 00:00:00-04:00,10.5,10.520000457763672,10.5,10.520000457763672,41000,0.0,0.0
2023-05-10 00:00:00-04:00,10.520000457763672,10.520000457763672,10.520000457763672,10.520000457763672,1700,0.0,0.0
2023-05-11 00:00:00-04:00,10.520000457763672,10.520000457763672,10.520000457763672,10.520000457763672,0,0.0,0.0
2023-05-12 00:00:00-04:00,10.520000457763672,10.520000457763672,10.520000457763672,10.520000457763672,0,0.0,0.0
2023-05-15 00:00:00-04:00,10.640000343322754,10.640000343322754,10.640000343322754,10.640000343322754,1400,0.0,0.0
2023-05-16 00:00:00-04:00,10.539999961853027,10.539999961853027,10.539999961853027,10.539999961853027,1400,0.0,0.0
2023-05-17 00:00:00-04:00,10.539999961853027,10.539999961853027,10.539999961853027,10.539999961853027,0,0.0,0.0
2023-05-18 00:00:00-04:00,10.539999961853027,10.539999961853027,10.539999961853027,10.539999961853027,0,0.0,0.0
2023-05-19 00:00:00-04:00,10.539999961853027,10.539999961853027,10.539999961853027,10.539999961853027,0,0.0,0.0
2023-05-22 00:00:00-04:00,10.529999732971191,10.529999732971191,10.529999732971191,10.529999732971191,700,0.0,0.0
2023-05-23 00:00:00-04:00,10.529999732971191,10.529999732971191,10.529999732971191,10.529999732971191,0,0.0,0.0
2023-05-24 00:00:00-04:00,10.529999732971191,10.529999732971191,10.529999732971191,10.529999732971191,0,0.0,0.0
2023-05-25 00:00:00-04:00,10.529999732971191,10.529999732971191,10.529999732971191,10.529999732971191,0,0.0,0.0
2023-05-26 00:00:00-04:00,10.529999732971191,10.529999732971191,10.529999732971191,10.529999732971191,0,0.0,0.0
2023-05-30 00:00:00-04:00,10.529999732971191,10.529999732971191,10.529999732971191,10.529999732971191,100,0.0,0.0
2023-05-31 00:00:00-04:00,10.550000190734863,10.5600004196167,10.529999732971191,10.529999732971191,25800,0.0,0.0
2023-06-01 00:00:00-04:00,10.550000190734863,10.550000190734863,10.550000190734863,10.550000190734863,700,0.0,0.0
2023-06-02 00:00:00-04:00,10.569999694824219,10.569999694824219,10.569999694824219,10.569999694824219,193700,0.0,0.0
2023-06-05 00:00:00-04:00,10.5649995803833,10.5649995803833,10.5600004196167,10.5600004196167,400,0.0,0.0
2023-06-06 00:00:00-04:00,10.5649995803833,10.5649995803833,10.5600004196167,10.5649995803833,1600,0.0,0.0
2023-06-07 00:00:00-04:00,10.569999694824219,10.569999694824219,10.569999694824219,10.569999694824219,1100,0.0,0.0
2023-06-08 00:00:00-04:00,10.5600004196167,10.5600004196167,10.5600004196167,10.5600004196167,24900,0.0,0.0
2023-06-09 00:00:00-04:00,10.5600004196167,10.5600004196167,10.5600004196167,10.5600004196167,0,0.0,0.0
2023-06-12 00:00:00-04:00,10.5649995803833,10.5649995803833,10.5600004196167,10.5600004196167,200,0.0,0.0
2023-06-13 00:00:00-04:00,10.5600004196167,10.5600004196167,10.5600004196167,10.5600004196167,0,0.0,0.0
2023-06-14 00:00:00-04:00,10.5600004196167,10.5600004196167,10.5600004196167,10.5600004196167,0,0.0,0.0
2023-06-15 00:00:00-04:00,10.5649995803833,10.569999694824219,10.5649995803833,10.569999694824219,35100,0.0,0.0
2023-06-16 00:00:00-04:00,10.5600004196167,10.5600004196167,10.5600004196167,10.5600004196167,1000,0.0,0.0
2023-06-20 00:00:00-04:00,10.555000305175781,10.579999923706055,10.555000305175781,10.574999809265137,16800,0.0,0.0
2023-06-21 00:00:00-04:00,10.579999923706055,10.585000038146973,10.569999694824219,10.579999923706055,57700,0.0,0.0
2023-06-22 00:00:00-04:00,10.579999923706055,10.600000381469727,10.569999694824219,10.59000015258789,79200,0.0,0.0
2023-06-23 00:00:00-04:00,10.59000015258789,10.59000015258789,10.59000015258789,10.59000015258789,0,0.0,0.0
2023-06-26 00:00:00-04:00,10.59000015258789,10.59000015258789,10.59000015258789,10.59000015258789,0,0.0,0.0
2023-06-27 00:00:00-04:00,10.59000015258789,10.59000015258789,10.59000015258789,10.59000015258789,0,0.0,0.0
2023-06-28 00:00:00-04:00,10.579999923706055,10.585000038146973,10.579999923706055,10.585000038146973,78900,0.0,0.0
2023-06-29 00:00:00-04:00,10.585000038146973,10.600000381469727,10.579999923706055,10.600000381469727,22700,0.0,0.0
2023-06-30 00:00:00-04:00,10.59000015258789,10.59000015258789,10.59000015258789,10.59000015258789,1700,0.0,0.0
2023-07-03 00:00:00-04:00,10.59000015258789,10.59000015258789,10.59000015258789,10.59000015258789,0,0.0,0.0
2023-07-05 00:00:00-04:00,10.619999885559082,10.619999885559082,10.619999885559082,10.619999885559082,400,0.0,0.0
2023-07-06 00:00:00-04:00,10.619999885559082,10.619999885559082,10.619000434875488,10.619000434875488,900,0.0,0.0
2023-07-07 00:00:00-04:00,10.619999885559082,10.670000076293945,10.600000381469727,10.600000381469727,1500,0.0,0.0
2023-07-10 00:00:00-04:00,10.600000381469727,10.600000381469727,10.600000381469727,10.600000381469727,0,0.0,0.0
2023-07-11 00:00:00-04:00,10.600000381469727,10.619999885559082,10.600000381469727,10.609999656677246,4600,0.0,0.0
2023-07-12 00:00:00-04:00,10.609999656677246,10.609999656677246,10.609999656677246,10.609999656677246,0,0.0,0.0
2023-07-13 00:00:00-04:00,10.609999656677246,10.609999656677246,10.609999656677246,10.609999656677246,0,0.0,0.0
2023-07-14 00:00:00-04:00,10.649999618530273,10.649999618530273,10.649999618530273,10.649999618530273,200,0.0,0.0
2023-07-17 00:00:00-04:00,10.649999618530273,10.649999618530273,10.649999618530273,10.649999618530273,0,0.0,0.0
2023-07-18 00:00:00-04:00,10.65999984741211,10.65999984741211,10.649999618530273,10.649999618530273,8900,0.0,0.0
2023-07-19 00:00:00-04:00,10.649999618530273,10.649999618530273,10.649999618530273,10.649999618530273,0,0.0,0.0
2023-07-20 00:00:00-04:00,10.654000282287598,10.654000282287598,10.635000228881836,10.635000228881836,6000,0.0,0.0
2023-07-21 00:00:00-04:00,10.630000114440918,10.630000114440918,10.630000114440918,10.630000114440918,39000,0.0,0.0
2023-07-24 00:00:00-04:00,10.630000114440918,10.630000114440918,10.630000114440918,10.630000114440918,0,0.0,0.0
2023-07-25 00:00:00-04:00,10.630000114440918,10.630000114440918,10.630000114440918,10.630000114440918,400,0.0,0.0
2023-07-26 00:00:00-04:00,10.630000114440918,10.630000114440918,10.630000114440918,10.630000114440918,0,0.0,0.0
2023-07-27 00:00:00-04:00,10.630000114440918,10.630000114440918,10.630000114440918,10.630000114440918,0,0.0,0.0
2023-07-28 00:00:00-04:00,10.633000373840332,10.675000190734863,10.609999656677246,10.609999656677246,400,0.0,0.0
2023-07-31 00:00:00-04:00,10.609999656677246,10.609999656677246,10.609999656677246,10.609999656677246,0,0.0,0.0
2023-08-01 00:00:00-04:00,10.675000190734863,10.720000267028809,10.675000190734863,10.675000190734863,105,0.0,0.0
