Date,Open,High,Low,Close,Volume,Dividends,Stock Splits,Capital Gains
2022-08-18 00:00:00-04:00,24.479000091552734,24.479000091552734,24.479000091552734,24.479000091552734,0,0.0,0.0,0.0
2022-08-19 00:00:00-04:00,26.280000686645508,26.280000686645508,26.184999465942383,26.184999465942383,200,0.0,0.0,0.0
2022-08-22 00:00:00-04:00,28.683000564575195,28.683000564575195,28.683000564575195,28.683000564575195,100,0.0,0.0,0.0
2022-08-23 00:00:00-04:00,27.874000549316406,27.874000549316406,27.874000549316406,27.874000549316406,100,0.0,0.0,0.0
2022-08-24 00:00:00-04:00,26.50200080871582,26.50200080871582,26.50200080871582,26.50200080871582,100,0.0,0.0,0.0
2022-08-25 00:00:00-04:00,25.312999725341797,25.312999725341797,25.312999725341797,25.312999725341797,200,0.0,0.0,0.0
2022-08-26 00:00:00-04:00,28.149999618530273,29.034000396728516,27.940000534057617,29.034000396728516,600,0.0,0.0,0.0
2022-08-29 00:00:00-04:00,28.68899917602539,28.68899917602539,28.68899917602539,28.68899917602539,100,0.0,0.0,0.0
2022-08-30 00:00:00-04:00,28.610000610351562,29.466999053955078,28.530000686645508,29.466999053955078,600,0.0,0.0,0.0
2022-08-31 00:00:00-04:00,28.219999313354492,28.52400016784668,28.219999313354492,28.52400016784668,600,0.0,0.0,0.0
2022-09-01 00:00:00-04:00,28.260000228881836,28.260000228881836,28.260000228881836,28.260000228881836,100,0.0,0.0,0.0
2022-09-02 00:00:00-04:00,27.100000381469727,28.663999557495117,27.100000381469727,28.663999557495117,1300,0.0,0.0,0.0
2022-09-06 00:00:00-04:00,29.65399932861328,29.65399932861328,29.65399932861328,29.65399932861328,100,0.0,0.0,0.0
2022-09-07 00:00:00-04:00,28.239999771118164,28.360000610351562,27.134000778198242,27.134000778198242,1000,0.0,0.0,0.0
2022-09-08 00:00:00-04:00,26.4950008392334,26.4950008392334,26.4950008392334,26.4950008392334,100,0.0,0.0,0.0
2022-09-09 00:00:00-04:00,25.906999588012695,25.906999588012695,25.906999588012695,25.906999588012695,600,0.0,0.0,0.0
2022-09-12 00:00:00-04:00,25.916000366210938,25.916000366210938,25.916000366210938,25.916000366210938,100,0.0,0.0,0.0
2022-09-13 00:00:00-04:00,28.139999389648438,29.66699981689453,28.139999389648438,29.66699981689453,100,0.0,0.0,0.0
2022-09-14 00:00:00-04:00,29.31999969482422,29.31999969482422,29.05900001525879,29.05900001525879,600,0.0,0.0,0.0
2022-09-15 00:00:00-04:00,28.8799991607666,29.260000228881836,28.8700008392334,29.16900062561035,900,0.0,0.0,0.0
2022-09-16 00:00:00-04:00,30.360000610351562,31.079999923706055,28.944000244140625,28.944000244140625,7000,0.0,0.0,0.0
2022-09-19 00:00:00-04:00,28.295000076293945,28.295000076293945,27.739999771118164,27.791000366210938,2200,0.0,0.0,0.0
2022-09-20 00:00:00-04:00,29.25,29.3700008392334,29.229999542236328,29.360000610351562,2300,0.0,0.0,0.0
2022-09-21 00:00:00-04:00,29.450000762939453,30.207000732421875,28.350000381469727,30.207000732421875,1200,0.0,0.0,0.0
2022-09-22 00:00:00-04:00,30.709999084472656,30.739999771118164,30.06999969482422,30.280000686645508,3000,0.0,0.0,0.0
2022-09-23 00:00:00-04:00,34.82600021362305,34.9900016784668,32.91999816894531,33.00600051879883,4100,0.0,0.0,0.0
2022-09-26 00:00:00-04:00,33.12900161743164,34.73400115966797,33.12900161743164,34.34299850463867,1600,0.0,0.0,0.0
2022-09-27 00:00:00-04:00,33.36000061035156,35.90999984741211,33.36000061035156,35.262001037597656,2500,0.0,0.0,0.0
2022-09-28 00:00:00-04:00,34.29999923706055,34.29999923706055,33.09400177001953,33.09400177001953,200,0.0,0.0,0.0
2022-09-29 00:00:00-04:00,35.060001373291016,35.060001373291016,35.0,35.0,500,0.0,0.0,0.0
2022-09-30 00:00:00-04:00,35.80799865722656,35.80799865722656,35.80799865722656,35.80799865722656,100,0.0,0.0,0.0
2022-10-03 00:00:00-04:00,33.0,33.505001068115234,32.599998474121094,33.505001068115234,5000,0.0,0.0,0.0
2022-10-04 00:00:00-04:00,31.780000686645508,31.780000686645508,31.719999313354492,31.759000778198242,600,0.0,0.0,0.0
2022-10-05 00:00:00-04:00,32.18000030517578,32.18000030517578,32.12099838256836,32.12099838256836,2500,0.0,0.0,0.0
2022-10-06 00:00:00-04:00,33.4109992980957,33.4109992980957,33.4109992980957,33.4109992980957,700,0.0,0.0,0.0
2022-10-07 00:00:00-04:00,35.45000076293945,35.45000076293945,35.37099838256836,35.37099838256836,2400,0.0,0.0,0.0
2022-10-10 00:00:00-04:00,37.29999923706055,37.29999923706055,35.85499954223633,36.42599868774414,1300,0.0,0.0,0.0
2022-10-11 00:00:00-04:00,37.0,37.37799835205078,37.0,37.37799835205078,1000,0.0,0.0,0.0
2022-10-12 00:00:00-04:00,37.36000061035156,37.36000061035156,36.54999923706055,36.847999572753906,2000,0.0,0.0,0.0
2022-10-13 00:00:00-04:00,37.5,37.5,35.4010009765625,35.4010009765625,500,0.0,0.0,0.0
2022-10-14 00:00:00-04:00,34.459999084472656,36.900001525878906,34.13999938964844,36.74599838256836,1200,0.0,0.0,0.0
2022-10-17 00:00:00-04:00,34.9900016784668,35.124000549316406,34.630001068115234,35.124000549316406,800,0.0,0.0,0.0
2022-10-18 00:00:00-04:00,34.31800079345703,34.31800079345703,34.31800079345703,34.31800079345703,400,0.0,0.0,0.0
2022-10-19 00:00:00-04:00,34.555999755859375,34.555999755859375,34.555999755859375,34.555999755859375,100,0.0,0.0,0.0
2022-10-20 00:00:00-04:00,33.0,33.768001556396484,33.0,33.768001556396484,400,0.0,0.0,0.0
2022-10-21 00:00:00-04:00,32.869998931884766,33.84000015258789,32.869998931884766,33.84000015258789,500,0.0,0.0,0.0
2022-10-24 00:00:00-04:00,32.928001403808594,32.928001403808594,32.928001403808594,32.928001403808594,100,0.0,0.0,0.0
2022-10-25 00:00:00-04:00,30.915000915527344,30.915000915527344,30.915000915527344,30.915000915527344,100,0.0,0.0,0.0
2022-10-26 00:00:00-04:00,29.93899917602539,29.93899917602539,29.93899917602539,29.93899917602539,100,0.0,0.0,0.0
2022-10-27 00:00:00-04:00,29.17099952697754,29.17099952697754,29.17099952697754,29.17099952697754,600,0.0,0.0,0.0
2022-10-28 00:00:00-04:00,29.040000915527344,29.040000915527344,27.820999145507812,27.820999145507812,100,0.0,0.0,0.0
2022-10-31 00:00:00-04:00,27.56999969482422,27.56999969482422,27.349000930786133,27.349000930786133,400,0.0,0.0,0.0
2022-11-01 00:00:00-04:00,27.350000381469727,27.479999542236328,26.81800079345703,26.81800079345703,500,0.0,0.0,0.0
2022-11-02 00:00:00-04:00,28.020999908447266,28.020999908447266,28.020999908447266,28.020999908447266,500,0.0,0.0,0.0
2022-11-03 00:00:00-04:00,26.889999389648438,26.889999389648438,26.889999389648438,26.889999389648438,200,0.0,0.0,0.0
2022-11-04 00:00:00-04:00,27.235000610351562,27.235000610351562,26.56999969482422,26.56999969482422,300,0.0,0.0,0.0
2022-11-07 00:00:00-05:00,26.058000564575195,26.058000564575195,26.058000564575195,26.058000564575195,100,0.0,0.0,0.0
2022-11-08 00:00:00-05:00,25.860000610351562,27.07900047302246,25.84000015258789,27.07900047302246,500,0.0,0.0,0.0
2022-11-09 00:00:00-05:00,28.586000442504883,28.586000442504883,28.586000442504883,28.586000442504883,0,0.0,0.0,0.0
2022-11-10 00:00:00-05:00,25.559999465942383,25.79400062561035,25.559999465942383,25.79400062561035,1900,0.0,0.0,0.0
2022-11-11 00:00:00-05:00,25.68600082397461,25.799999237060547,25.68600082397461,25.709999084472656,1500,0.0,0.0,0.0
2022-11-14 00:00:00-05:00,25.0,25.562000274658203,24.6200008392334,25.562000274658203,1000,0.0,0.0,0.0
2022-11-15 00:00:00-05:00,25.200000762939453,26.540000915527344,25.200000762939453,26.143999099731445,600,0.0,0.0,0.0
2022-11-16 00:00:00-05:00,25.20800018310547,25.20800018310547,25.20800018310547,25.20800018310547,100,0.0,0.0,0.0
2022-11-17 00:00:00-05:00,24.73900032043457,24.73900032043457,24.73900032043457,24.73900032043457,100,0.0,0.0,0.0
2022-11-18 00:00:00-05:00,24.65999984741211,24.670000076293945,24.329999923706055,24.329999923706055,1500,0.0,0.0,0.0
2022-11-21 00:00:00-05:00,23.378999710083008,23.378999710083008,23.378999710083008,23.378999710083008,100,0.0,0.0,0.0
2022-11-22 00:00:00-05:00,22.1299991607666,22.139999389648438,22.086999893188477,22.086999893188477,1000,0.0,0.0,0.0
2022-11-23 00:00:00-05:00,21.3799991607666,21.427000045776367,21.3799991607666,21.427000045776367,100,0.0,0.0,0.0
2022-11-25 00:00:00-05:00,21.59600067138672,21.59600067138672,21.59600067138672,21.59600067138672,100,0.0,0.0,0.0
2022-11-28 00:00:00-05:00,22.860000610351562,22.860000610351562,22.860000610351562,22.860000610351562,100,0.0,0.0,0.0
2022-11-29 00:00:00-05:00,22.56999969482422,22.56999969482422,22.135000228881836,22.135000228881836,300,0.0,0.0,0.0
2022-11-30 00:00:00-05:00,22.34000015258789,22.34000015258789,20.913000106811523,20.913000106811523,100,0.0,0.0,0.0
2022-12-01 00:00:00-05:00,20.518999099731445,20.518999099731445,20.518999099731445,20.518999099731445,1200,0.0,0.0,0.0
2022-12-02 00:00:00-05:00,19.854999542236328,19.854999542236328,19.854999542236328,19.854999542236328,100,0.0,0.0,0.0
2022-12-05 00:00:00-05:00,20.444000244140625,20.444000244140625,20.444000244140625,20.444000244140625,100,0.0,0.0,0.0
2022-12-06 00:00:00-05:00,21.197999954223633,21.197999954223633,21.197999954223633,21.197999954223633,0,0.0,0.0,0.0
2022-12-07 00:00:00-05:00,21.658000946044922,21.658000946044922,21.658000946044922,21.658000946044922,100,0.0,0.0,0.0
2022-12-08 00:00:00-05:00,21.799999237060547,21.799999237060547,21.097000122070312,21.097000122070312,1100,0.0,0.0,0.0
2022-12-09 00:00:00-05:00,21.82200050354004,21.82200050354004,21.82200050354004,21.82200050354004,100,0.0,0.0,0.0
2022-12-12 00:00:00-05:00,21.530000686645508,21.739999771118164,21.530000686645508,21.739999771118164,200,0.0,0.0,0.0
2022-12-13 00:00:00-05:00,20.780000686645508,21.280000686645508,20.16200065612793,20.16200065612793,400,0.0,0.0,0.0
2022-12-14 00:00:00-05:00,19.479999542236328,20.510000228881836,19.239999771118164,19.239999771118164,27600,0.0,0.0,0.0
2022-12-15 00:00:00-05:00,19.81999969482422,21.639999389648438,19.81999969482422,21.020000457763672,14700,0.0,0.0,0.0
2022-12-16 00:00:00-05:00,20.84000015258789,22.010000228881836,20.84000015258789,21.200000762939453,3000,0.0,0.0,0.0
2022-12-19 00:00:00-05:00,20.469999313354492,20.809999465942383,19.8799991607666,20.389999389648438,12000,0.0,0.0,0.0
2022-12-20 00:00:00-05:00,20.540000915527344,20.68000030517578,19.889999389648438,20.1299991607666,6600,0.0,0.0,0.0
2022-12-21 00:00:00-05:00,19.170000076293945,19.239999771118164,18.850000381469727,19.049999237060547,7700,0.0,0.0,0.0
2022-12-22 00:00:00-05:00,19.559999465942383,21.719999313354492,19.549999237060547,20.540000915527344,14500,0.0,0.0,0.0
2022-12-23 00:00:00-05:00,20.190000534057617,20.389999389648438,19.520000457763672,19.729999542236328,7500,0.0,0.0,0.0
2022-12-27 00:00:00-05:00,20.020000457763672,20.149999618530273,19.510000228881836,19.649999618530273,6200,0.0,0.0,0.0
2022-12-28 00:00:00-05:00,19.459999084472656,19.68000030517578,19.149999618530273,19.68000030517578,3000,0.0,0.0,0.0
2022-12-29 00:00:00-05:00,19.190000534057617,19.270000457763672,18.81999969482422,19.270000457763672,8100,0.0,0.0,0.0
2022-12-30 00:00:00-05:00,19.219999313354492,19.219999313354492,19.219999313354492,19.219999313354492,100,0.0,0.0,0.0
2023-01-03 00:00:00-05:00,18.979999542236328,18.979999542236328,18.979999542236328,18.979999542236328,100,0.0,0.0,0.0
2023-01-04 00:00:00-05:00,18.540000915527344,18.540000915527344,18.170000076293945,18.170000076293945,1300,0.0,0.0,0.0
2023-01-05 00:00:00-05:00,18.639999389648438,18.639999389648438,18.389999389648438,18.389999389648438,400,0.0,0.0,0.0
2023-01-06 00:00:00-05:00,17.579999923706055,17.739999771118164,17.3700008392334,17.739999771118164,900,0.0,0.0,0.0
2023-01-09 00:00:00-05:00,17.479999542236328,17.979999542236328,17.34000015258789,17.899999618530273,1000,0.0,0.0,0.0
2023-01-10 00:00:00-05:00,17.010000228881836,17.010000228881836,17.010000228881836,17.010000228881836,1000,0.0,0.0,0.0
2023-01-11 00:00:00-05:00,16.799999237060547,16.90999984741211,16.739999771118164,16.90999984741211,2900,0.0,0.0,0.0
2023-01-12 00:00:00-05:00,16.34000015258789,16.34000015258789,15.640000343322754,15.640000343322754,4900,0.0,0.0,0.0
2023-01-13 00:00:00-05:00,15.130000114440918,15.130000114440918,14.84000015258789,15.0600004196167,2200,0.0,0.0,0.0
2023-01-17 00:00:00-05:00,15.15999984741211,15.239999771118164,15.15999984741211,15.239999771118164,300,0.0,0.0,0.0
2023-01-18 00:00:00-05:00,15.039999961853027,16.170000076293945,15.039999961853027,16.010000228881836,5700,0.0,0.0,0.0
2023-01-19 00:00:00-05:00,16.719999313354492,16.889999389648438,16.1200008392334,16.1200008392334,3500,0.0,0.0,0.0
2023-01-20 00:00:00-05:00,15.760000228881836,15.760000228881836,15.319999694824219,15.369999885559082,500,0.0,0.0,0.0
2023-01-23 00:00:00-05:00,15.288999557495117,15.34000015258789,15.079999923706055,15.109999656677246,6600,0.0,0.0,0.0
2023-01-24 00:00:00-05:00,14.9399995803833,15.029999732971191,14.15999984741211,14.376999855041504,7600,0.0,0.0,0.0
2023-01-25 00:00:00-05:00,15.079999923706055,15.350000381469727,14.208000183105469,14.208000183105469,900,0.0,0.0,0.0
2023-01-26 00:00:00-05:00,14.3100004196167,14.399999618530273,13.866999626159668,13.866999626159668,1300,0.0,0.0,0.0
2023-01-27 00:00:00-05:00,13.619999885559082,13.640000343322754,13.25,13.600000381469727,7800,0.0,0.0,0.0
2023-01-30 00:00:00-05:00,14.199999809265137,14.3100004196167,14.16100025177002,14.16100025177002,1100,0.0,0.0,0.0
2023-01-31 00:00:00-05:00,13.640000343322754,13.699999809265137,13.57800006866455,13.57800006866455,1700,0.0,0.0,0.0
2023-02-01 00:00:00-05:00,13.779999732971191,14.069999694824219,13.008000373840332,13.008000373840332,2000,0.0,0.0,0.0
2023-02-02 00:00:00-05:00,12.699999809265137,13.392999649047852,12.699999809265137,13.392999649047852,300,0.0,0.0,0.0
2023-02-03 00:00:00-05:00,14.029999732971191,14.029999732971191,13.64900016784668,13.64900016784668,200,0.0,0.0,0.0
2023-02-06 00:00:00-05:00,14.199999809265137,14.210000038146973,14.100000381469727,14.100000381469727,1900,0.0,0.0,0.0
2023-02-07 00:00:00-05:00,14.0,14.010000228881836,13.442999839782715,13.442999839782715,2400,0.0,0.0,0.0
2023-02-08 00:00:00-05:00,14.390999794006348,14.390999794006348,14.390999794006348,14.390999794006348,100,0.0,0.0,0.0
2023-02-09 00:00:00-05:00,14.85200023651123,14.85200023651123,14.85200023651123,14.85200023651123,100,0.0,0.0,0.0
2023-02-10 00:00:00-05:00,15.159000396728516,15.159000396728516,15.159000396728516,15.159000396728516,200,0.0,0.0,0.0
2023-02-13 00:00:00-05:00,14.493000030517578,14.493000030517578,14.303999900817871,14.303999900817871,100,0.0,0.0,0.0
2023-02-14 00:00:00-05:00,13.446000099182129,13.446000099182129,13.446000099182129,13.446000099182129,100,0.0,0.0,0.0
2023-02-15 00:00:00-05:00,13.1899995803833,13.1899995803833,13.1899995803833,13.1899995803833,0,0.0,0.0,0.0
2023-02-16 00:00:00-05:00,14.166000366210938,14.166000366210938,14.166000366210938,14.166000366210938,0,0.0,0.0,0.0
2023-02-17 00:00:00-05:00,14.260000228881836,14.260000228881836,14.256999969482422,14.256999969482422,200,0.0,0.0,0.0
2023-02-21 00:00:00-05:00,15.614999771118164,15.866999626159668,15.614999771118164,15.866999626159668,300,0.0,0.0,0.0
2023-02-22 00:00:00-05:00,15.152000427246094,15.152000427246094,15.152000427246094,15.152000427246094,100,0.0,0.0,0.0
2023-02-23 00:00:00-05:00,14.364999771118164,14.364999771118164,14.364999771118164,14.364999771118164,100,0.0,0.0,0.0
2023-02-24 00:00:00-05:00,15.204000473022461,15.204000473022461,15.204000473022461,15.204000473022461,100,0.0,0.0,0.0
2023-02-27 00:00:00-05:00,14.284000396728516,14.284000396728516,14.284000396728516,14.284000396728516,100,0.0,0.0,0.0
2023-02-28 00:00:00-05:00,13.78600025177002,13.78600025177002,13.78600025177002,13.78600025177002,100,0.0,0.0,0.0
2023-03-01 00:00:00-05:00,14.092000007629395,14.092000007629395,14.092000007629395,14.092000007629395,0,0.0,0.0,0.0
2023-03-02 00:00:00-05:00,13.689000129699707,13.689000129699707,13.338000297546387,13.338000297546387,100,0.0,0.0,0.0
2023-03-03 00:00:00-05:00,12.682000160217285,12.682000160217285,12.682000160217285,12.682000160217285,100,0.0,0.0,0.0
2023-03-06 00:00:00-05:00,12.449999809265137,12.539999961853027,12.380000114440918,12.420000076293945,3300,0.0,0.0,0.0
2023-03-07 00:00:00-05:00,12.210000038146973,12.949999809265137,12.210000038146973,12.946000099182129,8100,0.0,0.0,0.0
2023-03-08 00:00:00-05:00,12.789999961853027,12.84000015258789,12.49899959564209,12.49899959564209,1800,0.0,0.0,0.0
2023-03-09 00:00:00-05:00,12.40999984741211,14.569000244140625,12.25,14.569000244140625,3700,0.0,0.0,0.0
2023-03-10 00:00:00-05:00,14.720000267028809,18.600000381469727,14.720000267028809,16.663999557495117,16700,0.0,0.0,0.0
2023-03-13 00:00:00-04:00,17.84000015258789,19.010000228881836,17.219999313354492,17.576000213623047,11600,0.0,0.0,0.0
2023-03-14 00:00:00-04:00,16.170000076293945,16.43000030517578,14.770000457763672,16.155000686645508,6400,0.0,0.0,0.0
2023-03-15 00:00:00-04:00,17.940000534057617,20.3700008392334,17.940000534057617,18.010000228881836,8100,0.0,0.0,0.0
2023-03-16 00:00:00-04:00,18.610000610351562,18.760000228881836,15.640000343322754,15.640000343322754,7400,0.0,0.0,0.0
2023-03-17 00:00:00-04:00,16.420000076293945,18.26300048828125,16.420000076293945,18.26300048828125,3800,0.0,0.0,0.0
2023-03-20 00:00:00-04:00,17.399999618530273,17.799999237060547,16.969999313354492,17.006000518798828,1500,0.0,0.0,0.0
2023-03-21 00:00:00-04:00,15.630000114440918,15.739999771118164,14.815999984741211,14.815999984741211,8100,0.0,0.0,0.0
2023-03-22 00:00:00-04:00,14.460000038146973,15.510000228881836,14.100000381469727,15.510000228881836,4200,0.0,0.0,0.0
2023-03-23 00:00:00-04:00,14.489999771118164,16.450000762939453,14.4399995803833,16.149999618530273,13600,0.0,0.0,0.0
2023-03-24 00:00:00-04:00,17.229999542236328,17.479999542236328,15.418999671936035,15.418999671936035,2800,0.0,0.0,0.0
2023-03-27 00:00:00-04:00,14.979999542236328,15.020000457763672,14.319999694824219,14.378999710083008,1100,0.0,0.0,0.0
2023-03-28 00:00:00-04:00,13.90999984741211,14.25,13.789999961853027,13.789999961853027,1300,0.0,0.0,0.0
2023-03-29 00:00:00-04:00,13.100000381469727,13.100000381469727,13.039999961853027,13.067000389099121,400,0.0,0.0,0.0
2023-03-30 00:00:00-04:00,13.220000267028809,13.699999809265137,13.119999885559082,13.119999885559082,400,0.0,0.0,0.0
2023-03-31 00:00:00-04:00,12.979999542236328,13.010000228881836,12.819999694824219,12.970000267028809,5300,0.0,0.0,0.0
2023-04-03 00:00:00-04:00,13.020000457763672,13.350000381469727,12.564000129699707,12.564000129699707,900,0.0,0.0,0.0
2023-04-04 00:00:00-04:00,12.979999542236328,13.329999923706055,12.869999885559082,12.913000106811523,4600,0.0,0.0,0.0
2023-04-05 00:00:00-04:00,13.350000381469727,13.350000381469727,12.762999534606934,12.762999534606934,700,0.0,0.0,0.0
2023-04-06 00:00:00-04:00,13.029999732971191,13.029999732971191,12.366999626159668,12.366999626159668,900,0.0,0.0,0.0
2023-04-10 00:00:00-04:00,12.300000190734863,12.34000015258789,12.199999809265137,12.204999923706055,2200,0.0,0.0,0.0
2023-04-11 00:00:00-04:00,12.010000228881836,12.140000343322754,11.920000076293945,12.069999694824219,3100,0.0,0.0,0.0
2023-04-12 00:00:00-04:00,11.680000305175781,12.170000076293945,11.680000305175781,12.128000259399414,1800,0.0,0.0,0.0
2023-04-13 00:00:00-04:00,11.510000228881836,11.550000190734863,11.49899959564209,11.49899959564209,600,0.0,0.0,0.0
2023-04-14 00:00:00-04:00,11.510000228881836,11.520000457763672,11.25,11.25,1500,0.0,0.0,0.0
2023-04-17 00:00:00-04:00,10.970000267028809,10.970000267028809,10.717000007629395,10.717000007629395,3100,0.0,0.0,0.0
2023-04-18 00:00:00-04:00,10.670000076293945,10.770000457763672,10.529999732971191,10.585000038146973,3200,0.0,0.0,0.0
2023-04-19 00:00:00-04:00,10.739999771118164,10.739999771118164,10.470000267028809,10.666000366210938,4900,0.0,0.0,0.0
2023-04-20 00:00:00-04:00,10.850000381469727,11.0,10.6899995803833,10.960000038146973,2600,0.0,0.0,0.0
2023-04-21 00:00:00-04:00,10.880000114440918,11.039999961853027,10.618000030517578,10.618000030517578,3200,0.0,0.0,0.0
2023-04-24 00:00:00-04:00,10.710000038146973,10.829999923706055,10.57699966430664,10.57699966430664,4000,0.0,0.0,0.0
2023-04-25 00:00:00-04:00,10.701000213623047,11.901000022888184,10.699999809265137,11.890000343322754,4400,0.0,0.0,0.0
2023-04-26 00:00:00-04:00,11.489999771118164,11.699999809265137,11.180000305175781,11.416000366210938,2000,0.0,0.0,0.0
2023-04-27 00:00:00-04:00,10.918999671936035,10.920000076293945,10.550000190734863,10.654000282287598,5900,0.0,0.0,0.0
2023-04-28 00:00:00-04:00,10.520000457763672,10.520000457763672,10.069999694824219,10.069999694824219,1900,0.0,0.0,0.0
2023-05-01 00:00:00-04:00,9.539999961853027,9.989999771118164,9.539999961853027,9.83899974822998,1500,0.0,0.0,0.0
2023-05-02 00:00:00-04:00,10.229999542236328,11.40999984741211,10.229999542236328,10.472999572753906,6100,0.0,0.0,0.0
2023-05-03 00:00:00-04:00,10.670000076293945,10.949999809265137,10.229999542236328,10.91100025177002,4200,0.0,0.0,0.0
2023-05-04 00:00:00-04:00,11.859999656677246,11.930000305175781,11.600000381469727,11.718000411987305,2500,0.0,0.0,0.0
2023-05-05 00:00:00-04:00,10.899999618530273,10.90999984741211,10.375,10.375,13800,0.0,0.0,0.0
2023-05-08 00:00:00-04:00,10.470000267028809,10.470000267028809,10.173999786376953,10.173999786376953,500,0.0,0.0,0.0
2023-05-09 00:00:00-04:00,10.4399995803833,10.480999946594238,10.329999923706055,10.480999946594238,10900,0.0,0.0,0.0
2023-05-10 00:00:00-04:00,10.100000381469727,10.1899995803833,10.020000457763672,10.062999725341797,800,0.0,0.0,0.0
2023-05-11 00:00:00-04:00,10.380000114440918,10.5600004196167,9.878000259399414,9.878000259399414,2600,0.0,0.0,0.0
2023-05-12 00:00:00-04:00,9.739999771118164,10.1899995803833,9.739999771118164,9.901000022888184,1300,0.0,0.0,0.0
2023-05-15 00:00:00-04:00,9.90999984741211,9.90999984741211,9.510000228881836,9.510000228881836,700,0.0,0.0,0.0
2023-05-16 00:00:00-04:00,9.539999961853027,9.934000015258789,9.539999961853027,9.934000015258789,800,0.0,0.0,0.0
2023-05-17 00:00:00-04:00,9.710000038146973,9.710000038146973,9.430000305175781,9.458999633789062,2000,0.0,0.0,0.0
2023-05-18 00:00:00-04:00,9.470000267028809,9.470000267028809,8.920000076293945,8.920000076293945,2100,0.0,0.0,0.0
2023-05-19 00:00:00-04:00,8.770000457763672,9.454999923706055,8.760000228881836,9.23900032043457,6000,0.0,0.0,0.0
2023-05-22 00:00:00-04:00,9.3100004196167,9.520000457763672,9.140000343322754,9.265999794006348,1100,0.0,0.0,0.0
2023-05-23 00:00:00-04:00,9.40999984741211,9.531999588012695,9.140000343322754,9.531999588012695,600,0.0,0.0,0.0
2023-05-24 00:00:00-04:00,9.960000038146973,10.239999771118164,9.960000038146973,10.119999885559082,15100,0.0,0.0,0.0
2023-05-25 00:00:00-04:00,9.699999809265137,9.9399995803833,9.609999656677246,9.729000091552734,6400,0.0,0.0,0.0
2023-05-26 00:00:00-04:00,9.239999771118164,9.25,8.880000114440918,9.15999984741211,2000,0.0,0.0,0.0
2023-05-30 00:00:00-04:00,9.15999984741211,9.15999984741211,8.887999534606934,8.887999534606934,400,0.0,0.0,0.0
2023-05-31 00:00:00-04:00,8.960000038146973,9.079999923706055,8.736000061035156,8.736000061035156,1300,0.0,0.0,0.0
2023-06-01 00:00:00-04:00,8.100000381469727,8.109999656677246,8.003999710083008,8.003999710083008,2700,0.0,0.0,0.0
2023-06-02 00:00:00-04:00,7.769999980926514,7.769999980926514,7.440000057220459,7.599999904632568,2900,0.0,0.0,0.0
2023-06-05 00:00:00-04:00,7.550000190734863,7.570000171661377,7.341000080108643,7.341000080108643,3200,0.0,0.0,0.0
2023-06-06 00:00:00-04:00,7.239999771118164,7.239999771118164,6.689000129699707,6.689000129699707,2600,0.0,0.0,0.0
2023-06-07 00:00:00-04:00,6.860000133514404,6.889999866485596,6.747000217437744,6.747000217437744,500,0.0,0.0,0.0
2023-06-08 00:00:00-04:00,6.650000095367432,6.650000095367432,6.409999847412109,6.473999977111816,1500,0.0,0.0,0.0
2023-06-09 00:00:00-04:00,6.429999828338623,6.630000114440918,6.429999828338623,6.504000186920166,400,0.0,0.0,0.0
2023-06-12 00:00:00-04:00,6.679999828338623,6.679999828338623,6.571000099182129,6.571000099182129,300,0.0,0.0,0.0
2023-06-13 00:00:00-04:00,6.539999961853027,6.559999942779541,6.510000228881836,6.559999942779541,3300,0.0,0.0,0.0
2023-06-14 00:00:00-04:00,6.420000076293945,6.510000228881836,6.320000171661377,6.328000068664551,2200,0.0,0.0,0.0
2023-06-15 00:00:00-04:00,6.28000020980835,6.491000175476074,6.28000020980835,6.491000175476074,400,0.0,0.0,0.0
2023-06-16 00:00:00-04:00,6.550000190734863,6.550000190734863,6.199999809265137,6.199999809265137,1500,0.0,0.0,0.0
2023-06-20 00:00:00-04:00,6.320000171661377,6.440000057220459,6.25,6.254000186920166,11900,0.0,0.0,0.0
2023-06-21 00:00:00-04:00,6.119999885559082,6.119999885559082,6.040999889373779,6.040999889373779,800,0.0,0.0,0.0
2023-06-22 00:00:00-04:00,6.039999961853027,6.039999961853027,5.827000141143799,5.827000141143799,1600,0.0,0.0,0.0
2023-06-23 00:00:00-04:00,6.130000114440918,6.130000114440918,5.849999904632568,5.959000110626221,600,0.0,0.0,0.0
2023-06-26 00:00:00-04:00,5.840000152587891,5.954999923706055,5.78000020980835,5.954999923706055,1600,0.0,0.0,0.0
2023-06-27 00:00:00-04:00,5.769999980926514,5.769999980926514,5.559999942779541,5.696000099182129,6000,0.0,0.0,0.0
2023-06-28 00:00:00-04:00,5.659999847412109,5.659999847412109,5.449999809265137,5.451000213623047,1200,0.0,0.0,0.0
2023-06-29 00:00:00-04:00,5.589000225067139,5.589000225067139,5.570000171661377,5.570000171661377,200,0.0,0.0,0.0
2023-06-30 00:00:00-04:00,5.5,5.53000020980835,5.420000076293945,5.443999767303467,1600,0.0,0.0,0.0
2023-07-03 00:00:00-04:00,5.409999847412109,5.510000228881836,5.409999847412109,5.429999828338623,700,0.0,0.0,0.0
2023-07-05 00:00:00-04:00,5.519999980926514,5.541999816894531,5.46999979019165,5.541999816894531,200,0.0,0.0,0.0
2023-07-06 00:00:00-04:00,5.96999979019165,6.690000057220459,5.949999809265137,5.9710001945495605,8900,0.0,0.0,0.0
2023-07-07 00:00:00-04:00,6.090000152587891,6.090000152587891,5.670000076293945,5.790999889373779,2600,0.0,0.0,0.0
2023-07-10 00:00:00-04:00,5.760000228881836,5.889999866485596,5.730000019073486,5.730000019073486,8200,0.0,0.0,0.0
2023-07-11 00:00:00-04:00,5.550000190734863,5.71999979019165,5.5,5.639999866485596,1600,0.0,0.0,0.0
2023-07-12 00:00:00-04:00,5.329999923706055,5.349999904632568,5.190000057220459,5.190000057220459,2800,0.0,0.0,0.0
2023-07-13 00:00:00-04:00,4.980000019073486,5.21999979019165,4.974999904632568,5.190000057220459,6400,0.0,0.0,0.0
2023-07-14 00:00:00-04:00,5.25,5.359000205993652,5.079999923706055,5.156000137329102,31700,0.0,0.0,0.0
2023-07-17 00:00:00-04:00,5.130000114440918,5.130000114440918,5.010000228881836,5.10699987411499,6400,0.0,0.0,0.0
2023-07-18 00:00:00-04:00,5.119999885559082,5.119999885559082,4.940000057220459,4.989999771118164,17200,0.0,0.0,0.0
2023-07-19 00:00:00-04:00,4.980999946594238,5.150000095367432,4.550000190734863,5.150000095367432,27200,0.0,0.0,0.0
2023-07-20 00:00:00-04:00,5.21999979019165,5.21999979019165,5.14900016784668,5.14900016784668,200,0.0,0.0,0.0
2023-07-21 00:00:00-04:00,5.150000095367432,5.150000095367432,5.02400016784668,5.02400016784668,2600,0.0,0.0,0.0
2023-07-24 00:00:00-04:00,5.039999961853027,5.039999961853027,4.880000114440918,4.923999786376953,20800,0.0,0.0,0.0
2023-07-25 00:00:00-04:00,4.920000076293945,4.960000038146973,4.809999942779541,4.940000057220459,23400,0.0,0.0,0.0
2023-07-26 00:00:00-04:00,4.979000091552734,4.979000091552734,4.738999843597412,4.747000217437744,14500,0.0,0.0,0.0
2023-07-27 00:00:00-04:00,4.590000152587891,5.199999809265137,4.590000152587891,5.104000091552734,26500,0.0,0.0,0.0
2023-07-28 00:00:00-04:00,4.75,4.900000095367432,4.730000019073486,4.750999927520752,4200,0.0,0.0,0.0
2023-07-31 00:00:00-04:00,4.755000114440918,4.820000171661377,4.7210001945495605,4.739999771118164,6600,0.0,0.0,0.0
2023-08-01 00:00:00-04:00,4.920000076293945,4.920000076293945,4.920000076293945,4.920000076293945,373,0.0,0.0,0.0
