Date,Open,High,Low,Close,Volume,Dividends,Stock Splits
2021-03-26 00:00:00-04:00,9.999999747378752e-05,9.999999747378752e-05,9.999999747378752e-05,9.999999747378752e-05,9000000,0.0,0.0
2021-03-29 00:00:00-04:00,9.999999747378752e-05,9.999999747378752e-05,9.999999747378752e-05,9.999999747378752e-05,3000000,0.0,0.0
2021-03-30 00:00:00-04:00,9.999999747378752e-05,9.999999747378752e-05,9.999999747378752e-05,9.999999747378752e-05,18300000,0.0,0.0
2021-03-31 00:00:00-04:00,0.00019999999494757503,0.009999999776482582,0.00019999999494757503,0.0010999999940395355,596981151,0.0,0.0
2021-04-01 00:00:00-04:00,0.0012000000569969416,0.003800000064074993,0.0012000000569969416,0.0031999999191612005,676736906,0.0,0.0
2021-04-05 00:00:00-04:00,0.003449999960139394,0.003700000001117587,0.0017000000225380063,0.0020000000949949026,353575155,0.0,0.0
2021-04-06 00:00:00-04:00,0.0019000000320374966,0.002099999925121665,0.0013000000035390258,0.0015999999595806003,145228341,0.0,0.0
2021-04-07 00:00:00-04:00,0.0015999999595806003,0.0015999999595806003,0.0010999999940395355,0.0013000000035390258,89675444,0.0,0.0
2021-04-08 00:00:00-04:00,0.0012000000569969416,0.00139999995008111,0.0010000000474974513,0.0013000000035390258,55776492,0.0,0.0
2021-04-09 00:00:00-04:00,0.00139999995008111,0.00139999995008111,0.0010999999940395355,0.0013000000035390258,30536292,0.0,0.0
2021-04-12 00:00:00-04:00,0.0013000000035390258,0.00139999995008111,0.0007999999797903001,0.0010000000474974513,130222446,0.0,0.0
2021-04-13 00:00:00-04:00,0.0008999999845400453,0.0012000000569969416,0.000699999975040555,0.0010999999940395355,432007872,0.0,0.0
2021-04-14 00:00:00-04:00,0.0010000000474974513,0.0010999999940395355,0.0008999999845400453,0.0010000000474974513,143856614,0.0,0.0
2021-04-15 00:00:00-04:00,0.0008999999845400453,0.0011500000255182385,0.0008999999845400453,0.0010999999940395355,70952910,0.0,0.0
2021-04-16 00:00:00-04:00,0.0012000000569969416,0.0012000000569969416,0.0008999999845400453,0.0010999999940395355,51064140,0.0,0.0
2021-04-19 00:00:00-04:00,0.0010999999940395355,0.0010999999940395355,0.0007999999797903001,0.0008999999845400453,105455978,0.0,0.0
2021-04-20 00:00:00-04:00,0.0008999999845400453,0.0008999999845400453,0.000699999975040555,0.000699999975040555,66049552,0.0,0.0
2021-04-21 00:00:00-04:00,0.000699999975040555,0.0010999999940395355,0.000699999975040555,0.0010999999940395355,53186774,0.0,0.0
2021-04-22 00:00:00-04:00,0.0010999999940395355,0.0010999999940395355,0.0007999999797903001,0.0008999999845400453,11276462,0.0,0.0
2021-04-23 00:00:00-04:00,0.0009500000160187483,0.0010999999940395355,0.0007999999797903001,0.0010000000474974513,11284030,0.0,0.0
2021-04-26 00:00:00-04:00,0.0008999999845400453,0.0010000000474974513,0.0007999999797903001,0.0008999999845400453,34828025,0.0,0.0
2021-04-27 00:00:00-04:00,0.0008999999845400453,0.0010000000474974513,0.0007999999797903001,0.0008999999845400453,20461226,0.0,0.0
2021-04-28 00:00:00-04:00,0.0010000000474974513,0.0017999999690800905,0.0008999999845400453,0.00139999995008111,408965453,0.0,0.0
2021-04-29 00:00:00-04:00,0.001500000013038516,0.004900000058114529,0.00139999995008111,0.003000000026077032,509,0.0,0.0
2021-04-30 00:00:00-04:00,0.003599999938160181,0.004600000102072954,0.002400000113993883,0.0026000000070780516,724699109,0.0,0.0
2021-05-03 00:00:00-04:00,0.002300000051036477,0.0024999999441206455,0.0017000000225380063,0.0017999999690800905,232026367,0.0,0.0
2021-05-04 00:00:00-04:00,0.0019000000320374966,0.0019000000320374966,0.00139999995008111,0.0015999999595806003,196873613,0.0,0.0
2021-05-05 00:00:00-04:00,0.001449999981559813,0.001500000013038516,0.0012000000569969416,0.00139999995008111,139391655,0.0,0.0
2021-05-06 00:00:00-04:00,0.0012499999720603228,0.002300000051036477,0.0012000000569969416,0.0019000000320374966,423222735,0.0,0.0
2021-05-07 00:00:00-04:00,0.0017999999690800905,0.0017999999690800905,0.00139999995008111,0.0017999999690800905,71306953,0.0,0.0
2021-05-10 00:00:00-04:00,0.0015999999595806003,0.0019000000320374966,0.00139999995008111,0.0015999999595806003,79911551,0.0,0.0
2021-05-11 00:00:00-04:00,0.00139999995008111,0.001500000013038516,0.0012000000569969416,0.001500000013038516,80829744,0.0,0.0
2021-05-12 00:00:00-04:00,0.001500000013038516,0.001500000013038516,0.0012000000569969416,0.0012000000569969416,45546999,0.0,0.0
2021-05-13 00:00:00-04:00,0.0012000000569969416,0.00139999995008111,0.0012000000569969416,0.0012499999720603228,40394164,0.0,0.0
2021-05-14 00:00:00-04:00,0.0017999999690800905,0.003800000064074993,0.0017000000225380063,0.002099999925121665,833027173,0.0,0.0
2021-05-17 00:00:00-04:00,0.002099999925121665,0.002199999988079071,0.0017000000225380063,0.0017999999690800905,82820310,0.0,0.0
2021-05-18 00:00:00-04:00,0.0020000000949949026,0.0020000000949949026,0.00139999995008111,0.001500000013038516,69520613,0.0,0.0
2021-05-19 00:00:00-04:00,0.002050000010058284,0.002050000010058284,0.001500000013038516,0.0017999999690800905,41878280,0.0,0.0
2021-05-20 00:00:00-04:00,0.0017000000225380063,0.0019000000320374966,0.0015999999595806003,0.0017000000225380063,44845458,0.0,0.0
2021-05-21 00:00:00-04:00,0.0017000000225380063,0.0020000000949949026,0.0017000000225380063,0.0017999999690800905,29888778,0.0,0.0
2021-05-24 00:00:00-04:00,0.0017000000225380063,0.0020000000949949026,0.001500000013038516,0.0017999999690800905,38419103,0.0,0.0
2021-05-25 00:00:00-04:00,0.0017000000225380063,0.0017999999690800905,0.0017000000225380063,0.0017000000225380063,18952958,0.0,0.0
2021-05-26 00:00:00-04:00,0.0015999999595806003,0.0020000000949949026,0.0015999999595806003,0.0015999999595806003,30409953,0.0,0.0
2021-05-27 00:00:00-04:00,0.0015999999595806003,0.0017999999690800905,0.00139999995008111,0.0015999999595806003,32556762,0.0,0.0
2021-05-28 00:00:00-04:00,0.0015999999595806003,0.0015999999595806003,0.00139999995008111,0.001500000013038516,22637124,0.0,0.0
2021-06-01 00:00:00-04:00,0.00139999995008111,0.001500000013038516,0.0013000000035390258,0.00139999995008111,48573601,0.0,0.0
2021-06-02 00:00:00-04:00,0.001500000013038516,0.001500000013038516,0.0013000000035390258,0.001500000013038516,26992013,0.0,0.0
2021-06-03 00:00:00-04:00,0.0012000000569969416,0.001500000013038516,0.0012000000569969416,0.00139999995008111,8740905,0.0,0.0
2021-06-04 00:00:00-04:00,0.00139999995008111,0.0017000000225380063,0.0013000000035390258,0.0017000000225380063,26412889,0.0,0.0
2021-06-07 00:00:00-04:00,0.0017999999690800905,0.0017999999690800905,0.0013000000035390258,0.001500000013038516,16122626,0.0,0.0
2021-06-08 00:00:00-04:00,0.0013000000035390258,0.0017999999690800905,0.0013000000035390258,0.0017000000225380063,50190267,0.0,0.0
2021-06-09 00:00:00-04:00,0.0015999999595806003,0.0017000000225380063,0.0013000000035390258,0.001550000044517219,20757554,0.0,0.0
2021-06-10 00:00:00-04:00,0.001500000013038516,0.0015999999595806003,0.00139999995008111,0.001500000013038516,14146853,0.0,0.0
2021-06-11 00:00:00-04:00,0.00139999995008111,0.001500000013038516,0.0013000000035390258,0.001500000013038516,29535344,0.0,0.0
2021-06-14 00:00:00-04:00,0.0013000000035390258,0.0015999999595806003,0.0013000000035390258,0.00139999995008111,22982753,0.0,0.0
2021-06-15 00:00:00-04:00,0.0013500000350177288,0.001500000013038516,0.0013000000035390258,0.0013000000035390258,7434509,0.0,0.0
2021-06-16 00:00:00-04:00,0.0013000000035390258,0.001500000013038516,0.0013000000035390258,0.001500000013038516,24182384,0.0,0.0
2021-06-17 00:00:00-04:00,0.001500000013038516,0.0015999999595806003,0.00139999995008111,0.0015999999595806003,22679906,0.0,0.0
2021-06-18 00:00:00-04:00,0.0015999999595806003,0.0017000000225380063,0.00139999995008111,0.0015999999595806003,31668974,0.0,0.0
2021-06-21 00:00:00-04:00,0.0015999999595806003,0.002300000051036477,0.00139999995008111,0.002199999988079071,96941123,0.0,0.0
2021-06-22 00:00:00-04:00,0.0020000000949949026,0.0026000000070780516,0.0017000000225380063,0.0019000000320374966,125933005,0.0,0.0
2021-06-23 00:00:00-04:00,0.0017999999690800905,0.0020000000949949026,0.0017000000225380063,0.0019000000320374966,27405069,0.0,0.0
2021-06-24 00:00:00-04:00,0.0019000000320374966,0.0019000000320374966,0.0015999999595806003,0.0017999999690800905,50191679,0.0,0.0
2021-06-25 00:00:00-04:00,0.0017000000225380063,0.002199999988079071,0.0017000000225380063,0.0020000000949949026,60746170,0.0,0.0
2021-06-28 00:00:00-04:00,0.0019000000320374966,0.002099999925121665,0.0017000000225380063,0.0017999999690800905,39339563,0.0,0.0
2021-06-29 00:00:00-04:00,0.0020000000949949026,0.0027000000700354576,0.0017000000225380063,0.002099999925121665,399146711,0.0,0.0
2021-06-30 00:00:00-04:00,0.0023499999660998583,0.0023499999660998583,0.0017999999690800905,0.0020000000949949026,83076846,0.0,0.0
2021-07-01 00:00:00-04:00,0.0020000000949949026,0.002300000051036477,0.0019000000320374966,0.002300000051036477,59559949,0.0,0.0
2021-07-02 00:00:00-04:00,0.002199999988079071,0.002199999988079071,0.0019000000320374966,0.0020000000949949026,50618544,0.0,0.0
2021-07-06 00:00:00-04:00,0.002050000010058284,0.002050000010058284,0.0019000000320374966,0.0019000000320374966,23896616,0.0,0.0
2021-07-07 00:00:00-04:00,0.0020000000949949026,0.002300000051036477,0.0017000000225380063,0.0019000000320374966,104417125,0.0,0.0
2021-07-08 00:00:00-04:00,0.0019000000320374966,0.002099999925121665,0.0019000000320374966,0.0020000000949949026,11774288,0.0,0.0
2021-07-09 00:00:00-04:00,0.0019000000320374966,0.0019000000320374966,0.0017000000225380063,0.0019000000320374966,46471437,0.0,0.0
2021-07-12 00:00:00-04:00,0.0017000000225380063,0.0020000000949949026,0.0017000000225380063,0.0020000000949949026,26079552,0.0,0.0
2021-07-13 00:00:00-04:00,0.0017999999690800905,0.0019000000320374966,0.0017000000225380063,0.0019000000320374966,54826699,0.0,0.0
2021-07-14 00:00:00-04:00,0.0017999999690800905,0.0017999999690800905,0.0015999999595806003,0.0015999999595806003,32445639,0.0,0.0
2021-07-15 00:00:00-04:00,0.0015999999595806003,0.0017999999690800905,0.00139999995008111,0.001500000013038516,57572070,0.0,0.0
2021-07-16 00:00:00-04:00,0.001500000013038516,0.001500000013038516,0.0013000000035390258,0.001500000013038516,30094867,0.0,0.0
2021-07-19 00:00:00-04:00,0.0013000000035390258,0.001500000013038516,0.0013000000035390258,0.001500000013038516,23266179,0.0,0.0
2021-07-20 00:00:00-04:00,0.0013500000350177288,0.0017000000225380063,0.0013500000350177288,0.0015999999595806003,24333347,0.0,0.0
2021-07-21 00:00:00-04:00,0.001500000013038516,0.0017999999690800905,0.0013000000035390258,0.0017999999690800905,46698163,0.0,0.0
2021-07-22 00:00:00-04:00,0.0017999999690800905,0.0017999999690800905,0.001500000013038516,0.0017000000225380063,7532808,0.0,0.0
2021-07-23 00:00:00-04:00,0.00139999995008111,0.0015999999595806003,0.00139999995008111,0.0015999999595806003,6850147,0.0,0.0
2021-07-26 00:00:00-04:00,0.00139999995008111,0.0015999999595806003,0.0013000000035390258,0.001500000013038516,11568248,0.0,0.0
2021-07-27 00:00:00-04:00,0.001500000013038516,0.001500000013038516,0.00139999995008111,0.001500000013038516,7124602,0.0,0.0
2021-07-28 00:00:00-04:00,0.0013500000350177288,0.0020000000949949026,0.0013500000350177288,0.0017999999690800905,129630951,0.0,0.0
2021-07-29 00:00:00-04:00,0.0020000000949949026,0.0024999999441206455,0.0017999999690800905,0.0019000000320374966,448015672,0.0,0.0
2021-07-30 00:00:00-04:00,0.0017999999690800905,0.0020000000949949026,0.0015999999595806003,0.0015999999595806003,96646313,0.0,0.0
2021-08-02 00:00:00-04:00,0.0015999999595806003,0.0019000000320374966,0.0015999999595806003,0.0017000000225380063,63157416,0.0,0.0
2021-08-03 00:00:00-04:00,0.0016499999910593033,0.0019000000320374966,0.0015999999595806003,0.0017999999690800905,30983618,0.0,0.0
2021-08-04 00:00:00-04:00,0.0017000000225380063,0.0017999999690800905,0.0015999999595806003,0.0017000000225380063,14698378,0.0,0.0
2021-08-05 00:00:00-04:00,0.0017000000225380063,0.0019000000320374966,0.0017000000225380063,0.0017000000225380063,33064876,0.0,0.0
2021-08-06 00:00:00-04:00,0.001500000013038516,0.0017000000225380063,0.00139999995008111,0.0015999999595806003,66940417,0.0,0.0
2021-08-09 00:00:00-04:00,0.0015999999595806003,0.0015999999595806003,0.00139999995008111,0.001500000013038516,26113364,0.0,0.0
2021-08-10 00:00:00-04:00,0.00139999995008111,0.0015999999595806003,0.00139999995008111,0.0015999999595806003,19072250,0.0,0.0
2021-08-11 00:00:00-04:00,0.001500000013038516,0.001500000013038516,0.00139999995008111,0.001500000013038516,19156354,0.0,0.0
2021-08-12 00:00:00-04:00,0.0017000000225380063,0.0019000000320374966,0.0015999999595806003,0.0017999999690800905,120856167,0.0,0.0
2021-08-13 00:00:00-04:00,0.0017999999690800905,0.0017999999690800905,0.0015999999595806003,0.0015999999595806003,41852265,0.0,0.0
2021-08-16 00:00:00-04:00,0.0017999999690800905,0.0017999999690800905,0.0015999999595806003,0.0015999999595806003,13370144,0.0,0.0
2021-08-17 00:00:00-04:00,0.0015999999595806003,0.0016499999910593033,0.0015999999595806003,0.0016499999910593033,12490658,0.0,0.0
2021-08-18 00:00:00-04:00,0.0015999999595806003,0.0015999999595806003,0.00139999995008111,0.0015999999595806003,50505883,0.0,0.0
2021-08-19 00:00:00-04:00,0.0015999999595806003,0.0015999999595806003,0.00139999995008111,0.00139999995008111,25284413,0.0,0.0
2021-08-20 00:00:00-04:00,0.0015999999595806003,0.0017999999690800905,0.00139999995008111,0.0017000000225380063,40489354,0.0,0.0
2021-08-23 00:00:00-04:00,0.0015999999595806003,0.0017000000225380063,0.00139999995008111,0.0015999999595806003,28932751,0.0,0.0
2021-08-24 00:00:00-04:00,0.0017000000225380063,0.0017999999690800905,0.0015999999595806003,0.0015999999595806003,79681387,0.0,0.0
2021-08-25 00:00:00-04:00,0.0017500000540167093,0.0017999999690800905,0.0015999999595806003,0.0016499999910593033,14380581,0.0,0.0
2021-08-26 00:00:00-04:00,0.0015999999595806003,0.002099999925121665,0.0015999999595806003,0.0017999999690800905,362843130,0.0,0.0
2021-08-27 00:00:00-04:00,0.0017000000225380063,0.0017999999690800905,0.0015999999595806003,0.0015999999595806003,27030352,0.0,0.0
2021-08-30 00:00:00-04:00,0.0017000000225380063,0.0017999999690800905,0.0015999999595806003,0.0017999999690800905,37518323,0.0,0.0
2021-08-31 00:00:00-04:00,0.0017999999690800905,0.0017999999690800905,0.0015999999595806003,0.0017999999690800905,5980360,0.0,0.0
2021-09-01 00:00:00-04:00,0.0017999999690800905,0.0019000000320374966,0.0017000000225380063,0.0017999999690800905,18763918,0.0,0.0
2021-09-02 00:00:00-04:00,0.0016499999910593033,0.0020000000949949026,0.0016499999910593033,0.0017999999690800905,63969370,0.0,0.0
2021-09-03 00:00:00-04:00,0.0017000000225380063,0.0019000000320374966,0.0017000000225380063,0.0019000000320374966,17792274,0.0,0.0
2021-09-07 00:00:00-04:00,0.001550000044517219,0.0020000000949949026,0.001550000044517219,0.0017000000225380063,8316325,0.0,0.0
2021-09-08 00:00:00-04:00,0.0019000000320374966,0.002099999925121665,0.0017999999690800905,0.0020000000949949026,32044937,0.0,0.0
2021-09-09 00:00:00-04:00,0.0020000000949949026,0.0020000000949949026,0.0017999999690800905,0.0017999999690800905,18755927,0.0,0.0
2021-09-10 00:00:00-04:00,0.0017999999690800905,0.0019000000320374966,0.0017000000225380063,0.0017000000225380063,21226141,0.0,0.0
2021-09-13 00:00:00-04:00,0.0017999999690800905,0.0019000000320374966,0.0017000000225380063,0.0019000000320374966,13475796,0.0,0.0
2021-09-14 00:00:00-04:00,0.0017000000225380063,0.0017999999690800905,0.0015999999595806003,0.0017000000225380063,26230153,0.0,0.0
2021-09-15 00:00:00-04:00,0.0017000000225380063,0.0017999999690800905,0.0015999999595806003,0.0015999999595806003,7790000,0.0,0.0
2021-09-16 00:00:00-04:00,0.0017000000225380063,0.0017999999690800905,0.0015999999595806003,0.0017000000225380063,4818850,0.0,0.0
2021-09-17 00:00:00-04:00,0.0017000000225380063,0.0017999999690800905,0.0017000000225380063,0.0017999999690800905,7720613,0.0,0.0
2021-09-20 00:00:00-04:00,0.001500000013038516,0.0019000000320374966,0.001500000013038516,0.0017999999690800905,62291508,0.0,0.0
2021-09-21 00:00:00-04:00,0.0020000000949949026,0.002199999988079071,0.0017999999690800905,0.002099999925121665,55024395,0.0,0.0
2021-09-22 00:00:00-04:00,0.0020000000949949026,0.002300000051036477,0.0020000000949949026,0.002099999925121665,16667210,0.0,0.0
2021-09-23 00:00:00-04:00,0.002099999925121665,0.002300000051036477,0.0017999999690800905,0.0019000000320374966,18569924,0.0,0.0
2021-09-24 00:00:00-04:00,0.002099999925121665,0.002099999925121665,0.0017000000225380063,0.0019000000320374966,11644167,0.0,0.0
2021-09-27 00:00:00-04:00,0.0017999999690800905,0.0026000000070780516,0.0017999999690800905,0.0026000000070780516,54078281,0.0,0.0
2021-09-28 00:00:00-04:00,0.0024999999441206455,0.0024999999441206455,0.0017000000225380063,0.0017000000225380063,7265227,0.0,0.0
2021-09-29 00:00:00-04:00,0.0020000000949949026,0.002199999988079071,0.001500000013038516,0.002099999925121665,7820928,0.0,0.0
2021-09-30 00:00:00-04:00,0.0015999999595806003,0.002199999988079071,0.001500000013038516,0.0017999999690800905,53880460,0.0,0.0
2021-10-01 00:00:00-04:00,0.0017999999690800905,0.002099999925121665,0.0017000000225380063,0.002099999925121665,8602800,0.0,0.0
2021-10-04 00:00:00-04:00,0.0020000000949949026,0.0027000000700354576,0.0017999999690800905,0.0026000000070780516,49812097,0.0,0.0
2021-10-05 00:00:00-04:00,0.0026499999221414328,0.0038999998942017555,0.0026499999221414328,0.003800000064074993,157403284,0.0,0.0
2021-10-06 00:00:00-04:00,0.003800000064074993,0.005499999970197678,0.0035000001080334187,0.005100000184029341,187826197,0.0,0.0
2021-10-07 00:00:00-04:00,0.005499999970197678,0.006399999838322401,0.004900000058114529,0.005900000222027302,225246601,0.0,0.0
2021-10-08 00:00:00-04:00,0.006099999882280827,0.008799999952316284,0.00570000009611249,0.0071000000461936,178891949,0.0,0.0
2021-10-11 00:00:00-04:00,0.007499999832361937,0.007499999832361937,0.005400000140070915,0.006500000134110451,129329705,0.0,0.0
2021-10-12 00:00:00-04:00,0.004600000102072954,0.006000000052154064,0.0044999998062849045,0.00570000009611249,247092794,0.0,0.0
2021-10-13 00:00:00-04:00,0.00559999980032444,0.005900000222027302,0.004699999932199717,0.00559999980032444,156637146,0.0,0.0
2021-10-14 00:00:00-04:00,0.00559999980032444,0.005799999926239252,0.005100000184029341,0.005450000055134296,46993321,0.0,0.0
2021-10-15 00:00:00-04:00,0.005499999970197678,0.005499999970197678,0.004999999888241291,0.005200000014156103,33352584,0.0,0.0
2021-10-18 00:00:00-04:00,0.004900000058114529,0.005200000014156103,0.003599999938160181,0.0038999998942017555,162286035,0.0,0.0
2021-10-19 00:00:00-04:00,0.003800000064074993,0.0044999998062849045,0.003700000001117587,0.003800000064074993,47558197,0.0,0.0
2021-10-20 00:00:00-04:00,0.003800000064074993,0.00430000014603138,0.003700000001117587,0.0038999998942017555,46202882,0.0,0.0
2021-10-21 00:00:00-04:00,0.003700000001117587,0.004399999976158142,0.003700000001117587,0.0038999998942017555,25125838,0.0,0.0
2021-10-22 00:00:00-04:00,0.0035000001080334187,0.003800000064074993,0.003000000026077032,0.003599999938160181,50992106,0.0,0.0
2021-10-25 00:00:00-04:00,0.003000000026077032,0.003700000001117587,0.003000000026077032,0.003599999938160181,10440448,0.0,0.0
2021-10-26 00:00:00-04:00,0.003700000001117587,0.004100000020116568,0.0032500000670552254,0.0034000000450760126,37301159,0.0,0.0
2021-10-27 00:00:00-04:00,0.0034000000450760126,0.0035000001080334187,0.002899999963119626,0.0031999999191612005,24237842,0.0,0.0
2021-10-28 00:00:00-04:00,0.0035000001080334187,0.00430000014603138,0.0024999999441206455,0.0026499999221414328,178598286,0.0,0.0
2021-10-29 00:00:00-04:00,0.0027000000700354576,0.0027000000700354576,0.002199999988079071,0.0026000000070780516,32673977,0.0,0.0
2021-11-01 00:00:00-04:00,0.002300000051036477,0.002899999963119626,0.002300000051036477,0.0026000000070780516,37174832,0.0,0.0
2021-11-02 00:00:00-04:00,0.0026000000070780516,0.002899999963119626,0.002300000051036477,0.002400000113993883,31968390,0.0,0.0
2021-11-03 00:00:00-04:00,0.0027000000700354576,0.0027000000700354576,0.002099999925121665,0.002400000113993883,34986858,0.0,0.0
2021-11-04 00:00:00-04:00,0.002199999988079071,0.0024999999441206455,0.00215000007301569,0.002300000051036477,18212849,0.0,0.0
2021-11-05 00:00:00-04:00,0.002199999988079071,0.0035000001080334187,0.002199999988079071,0.0034000000450760126,39005808,0.0,0.0
2021-11-08 00:00:00-05:00,0.0035000001080334187,0.003700000001117587,0.003100000089034438,0.003700000001117587,25617329,0.0,0.0
2021-11-09 00:00:00-05:00,0.003700000001117587,0.003700000001117587,0.003120000008493662,0.003599999938160181,23030124,0.0,0.0
2021-11-10 00:00:00-05:00,0.003599999938160181,0.0044999998062849045,0.0032599999103695154,0.00419999985024333,61471521,0.0,0.0
2021-11-11 00:00:00-05:00,0.004399999976158142,0.005200000014156103,0.003800000064074993,0.0044999998062849045,76031436,0.0,0.0
2021-11-12 00:00:00-05:00,0.0044999998062849045,0.004600000102072954,0.003700000001117587,0.00419999985024333,41576979,0.0,0.0
2021-11-15 00:00:00-05:00,0.004900000058114529,0.004900000058114529,0.004000000189989805,0.0044999998062849045,41455246,0.0,0.0
2021-11-16 00:00:00-05:00,0.004100000020116568,0.004699999932199717,0.0026000000070780516,0.003100000089034438,202624872,0.0,0.0
2021-11-17 00:00:00-05:00,0.0027000000700354576,0.0032999999821186066,0.0026000000070780516,0.0027000000700354576,40369247,0.0,0.0
2021-11-18 00:00:00-05:00,0.00279999990016222,0.0034000000450760126,0.0027000000700354576,0.00279999990016222,31996338,0.0,0.0
2021-11-19 00:00:00-05:00,0.003100000089034438,0.0031999999191612005,0.002400000113993883,0.0024999999441206455,40886681,0.0,0.0
2021-11-22 00:00:00-05:00,0.0027000000700354576,0.003700000001117587,0.0027000000700354576,0.0031999999191612005,72315493,0.0,0.0
2021-11-23 00:00:00-05:00,0.0035000001080334187,0.0035000001080334187,0.002899999963119626,0.003000000026077032,30402724,0.0,0.0
2021-11-24 00:00:00-05:00,0.00279999990016222,0.0032999999821186066,0.00279999990016222,0.0032999999821186066,15502554,0.0,0.0
2021-11-26 00:00:00-05:00,0.0032999999821186066,0.0035000001080334187,0.002899999963119626,0.003100000089034438,2086844,0.0,0.0
2021-11-29 00:00:00-05:00,0.0032999999821186066,0.0035000001080334187,0.003019999945536256,0.003019999945536256,19184902,0.0,0.0
2021-11-30 00:00:00-05:00,0.0032999999821186066,0.003599999938160181,0.003000000026077032,0.0034000000450760126,53001334,0.0,0.0
2021-12-01 00:00:00-05:00,0.0034000000450760126,0.0035000001080334187,0.003000000026077032,0.003000000026077032,10496378,0.0,0.0
2021-12-02 00:00:00-05:00,0.003000000026077032,0.0034000000450760126,0.0029700000304728746,0.0031999999191612005,32941652,0.0,0.0
2021-12-03 00:00:00-05:00,0.003100000089034438,0.003100000089034438,0.0027000000700354576,0.002899999963119626,17980415,0.0,0.0
2021-12-06 00:00:00-05:00,0.003000000026077032,0.003100000089034438,0.0026000000070780516,0.0026000000070780516,29351391,0.0,0.0
2021-12-07 00:00:00-05:00,0.002899999963119626,0.0032999999821186066,0.002400000113993883,0.003000000026077032,36423385,0.0,0.0
2021-12-08 00:00:00-05:00,0.003000000026077032,0.003800000064074993,0.002899999963119626,0.003700000001117587,50561679,0.0,0.0
2021-12-09 00:00:00-05:00,0.003700000001117587,0.003700000001117587,0.003000000026077032,0.003100000089034438,69829554,0.0,0.0
2021-12-10 00:00:00-05:00,0.0031999999191612005,0.0035000001080334187,0.0027000000700354576,0.0030300000216811895,24509560,0.0,0.0
2021-12-13 00:00:00-05:00,0.003000000026077032,0.0035000001080334187,0.0027000000700354576,0.003000000026077032,26631494,0.0,0.0
2021-12-14 00:00:00-05:00,0.003000000026077032,0.0031999999191612005,0.0026000000070780516,0.003100000089034438,15817537,0.0,0.0
2021-12-15 00:00:00-05:00,0.0032999999821186066,0.0034000000450760126,0.002899999963119626,0.003000000026077032,28907593,0.0,0.0
2021-12-16 00:00:00-05:00,0.0034000000450760126,0.0035000001080334187,0.002899999963119626,0.003000000026077032,20646919,0.0,0.0
2021-12-17 00:00:00-05:00,0.0031999999191612005,0.0032999999821186066,0.002899999963119626,0.0032999999821186066,8828819,0.0,0.0
2021-12-20 00:00:00-05:00,0.0032999999821186066,0.003700000001117587,0.002899999963119626,0.0031300000846385956,48716364,0.0,0.0
2021-12-21 00:00:00-05:00,0.0032999999821186066,0.0035000001080334187,0.002899999963119626,0.003100000089034438,21855023,0.0,0.0
2021-12-22 00:00:00-05:00,0.0031999999191612005,0.0034000000450760126,0.002899999963119626,0.003100000089034438,18836692,0.0,0.0
2021-12-23 00:00:00-05:00,0.0032999999821186066,0.0032999999821186066,0.0012000000569969416,0.0027000000700354576,247657477,0.0,0.0
2021-12-27 00:00:00-05:00,0.0027000000700354576,0.003000000026077032,0.0024999999441206455,0.00279999990016222,33479249,0.0,0.0
2021-12-28 00:00:00-05:00,0.002899999963119626,0.0044999998062849045,0.0026000000070780516,0.004000000189989805,300792740,0.0,0.0
2021-12-29 00:00:00-05:00,0.004699999932199717,0.004900000058114529,0.003800000064074993,0.00419999985024333,212502756,0.0,0.0
2021-12-30 00:00:00-05:00,0.004399999976158142,0.004600000102072954,0.003599999938160181,0.00419999985024333,63474423,0.0,0.0
2021-12-31 00:00:00-05:00,0.0044999998062849045,0.004699999932199717,0.003599999938160181,0.0038999998942017555,33587404,0.0,0.0
2022-01-03 00:00:00-05:00,0.004000000189989805,0.0044999998062849045,0.003800000064074993,0.00430000014603138,49948683,0.0,0.0
2022-01-04 00:00:00-05:00,0.0044999998062849045,0.004900000058114529,0.004100000020116568,0.004800000227987766,84974231,0.0,0.0
2022-01-05 00:00:00-05:00,0.004699999932199717,0.005499999970197678,0.0044999998062849045,0.0044999998062849045,76635414,0.0,0.0
2022-01-06 00:00:00-05:00,0.00430000014603138,0.004699999932199717,0.0038999998942017555,0.004000000189989805,26757457,0.0,0.0
2022-01-07 00:00:00-05:00,0.004600000102072954,0.004900000058114529,0.0038999998942017555,0.004900000058114529,22793989,0.0,0.0
2022-01-10 00:00:00-05:00,0.004999999888241291,0.005499999970197678,0.004699999932199717,0.005400000140070915,46411513,0.0,0.0
2022-01-11 00:00:00-05:00,0.005799999926239252,0.005799999926239252,0.004100000020116568,0.004699999932199717,111020933,0.0,0.0
2022-01-12 00:00:00-05:00,0.0052999998442828655,0.0052999998442828655,0.004449999891221523,0.004999999888241291,49149075,0.0,0.0
2022-01-13 00:00:00-05:00,0.0052999998442828655,0.00570000009611249,0.0044999998062849045,0.005200000014156103,60871106,0.0,0.0
2022-01-14 00:00:00-05:00,0.005200000014156103,0.005200000014156103,0.0044999998062849045,0.0044999998062849045,26458748,0.0,0.0
2022-01-18 00:00:00-05:00,0.004600000102072954,0.004900000058114529,0.004000000189989805,0.004100000020116568,44575214,0.0,0.0
2022-01-19 00:00:00-05:00,0.0044999998062849045,0.0044999998062849045,0.0035000001080334187,0.003800000064074993,52623541,0.0,0.0
2022-01-20 00:00:00-05:00,0.004000000189989805,0.004399999976158142,0.003700000001117587,0.004000000189989805,24995990,0.0,0.0
2022-01-21 00:00:00-05:00,0.004000000189989805,0.00430000014603138,0.003599999938160181,0.003800000064074993,21821607,0.0,0.0
2022-01-24 00:00:00-05:00,0.003800000064074993,0.004000000189989805,0.002899999963119626,0.0035000001080334187,50061336,0.0,0.0
2022-01-25 00:00:00-05:00,0.0035000001080334187,0.0035000001080334187,0.003000000026077032,0.0035000001080334187,11386052,0.0,0.0
2022-01-26 00:00:00-05:00,0.0035000001080334187,0.0035000001080334187,0.003000000026077032,0.0035000001080334187,14479993,0.0,0.0
2022-01-27 00:00:00-05:00,0.003800000064074993,0.003800000064074993,0.003000000026077032,0.003100000089034438,31591600,0.0,0.0
2022-01-28 00:00:00-05:00,0.003000000026077032,0.0032999999821186066,0.003000000026077032,0.0031999999191612005,15527227,0.0,0.0
2022-01-31 00:00:00-05:00,0.0034000000450760126,0.0034000000450760126,0.003000000026077032,0.003000000026077032,28785433,0.0,0.0
2022-02-01 00:00:00-05:00,0.003800000064074993,0.003800000064074993,0.002899999963119626,0.0031999999191612005,42370062,0.0,0.0
2022-02-02 00:00:00-05:00,0.0031999999191612005,0.0032999999821186066,0.0027000000700354576,0.0031500000040978193,22468759,0.0,0.0
2022-02-03 00:00:00-05:00,0.003100000089034438,0.0032999999821186066,0.00279999990016222,0.00279999990016222,21682603,0.0,0.0
2022-02-04 00:00:00-05:00,0.00279999990016222,0.003100000089034438,0.0026000000070780516,0.00279999990016222,20331902,0.0,0.0
2022-02-07 00:00:00-05:00,0.003000000026077032,0.0031999999191612005,0.0027000000700354576,0.0031999999191612005,30785160,0.0,0.0
2022-02-08 00:00:00-05:00,0.0032999999821186066,0.003599999938160181,0.003000000026077032,0.0032999999821186066,17387495,0.0,0.0
2022-02-09 00:00:00-05:00,0.0035000001080334187,0.0035000001080334187,0.003100000089034438,0.0034000000450760126,5999795,0.0,0.0
2022-02-10 00:00:00-05:00,0.003599999938160181,0.003700000001117587,0.0031999999191612005,0.003599999938160181,17840468,0.0,0.0
2022-02-11 00:00:00-05:00,0.003800000064074993,0.003800000064074993,0.003100000089034438,0.0034000000450760126,18327068,0.0,0.0
2022-02-14 00:00:00-05:00,0.003800000064074993,0.00430000014603138,0.0031999999191612005,0.0033100000582635403,23998429,0.0,0.0
2022-02-15 00:00:00-05:00,0.0032999999821186066,0.003800000064074993,0.0032999999821186066,0.0032999999821186066,8616668,0.0,0.0
2022-02-16 00:00:00-05:00,0.0035000001080334187,0.003700000001117587,0.003000000026077032,0.0031999999191612005,28743085,0.0,0.0
2022-02-17 00:00:00-05:00,0.0034000000450760126,0.003599999938160181,0.003000000026077032,0.0032999999821186066,10444879,0.0,0.0
2022-02-18 00:00:00-05:00,0.0032999999821186066,0.0035000001080334187,0.003000000026077032,0.0032999999821186066,4618435,0.0,0.0
2022-02-22 00:00:00-05:00,0.003000000026077032,0.003599999938160181,0.0019000000320374966,0.0032999999821186066,16655375,0.0,0.0
2022-02-23 00:00:00-05:00,0.0031500000040978193,0.0032999999821186066,0.003000000026077032,0.003000000026077032,8125685,0.0,0.0
2022-02-24 00:00:00-05:00,0.002899999963119626,0.003100000089034438,0.0027000000700354576,0.003100000089034438,22724949,0.0,0.0
2022-02-25 00:00:00-05:00,0.003000000026077032,0.0031999999191612005,0.002899999963119626,0.003000000026077032,7954705,0.0,0.0
2022-02-28 00:00:00-05:00,0.003100000089034438,0.0032999999821186066,0.002730000065639615,0.003100000089034438,22446687,0.0,0.0
2022-03-01 00:00:00-05:00,0.0031999999191612005,0.0032999999821186066,0.00279999990016222,0.0032999999821186066,9946197,0.0,0.0
2022-03-02 00:00:00-05:00,0.0032999999821186066,0.0035000001080334187,0.002899999963119626,0.003100000089034438,13353039,0.0,0.0
2022-03-03 00:00:00-05:00,0.0031999999191612005,0.0031999999191612005,0.00279999990016222,0.002899999963119626,13429513,0.0,0.0
2022-03-04 00:00:00-05:00,0.003000000026077032,0.003100000089034438,0.0026000000070780516,0.0027000000700354576,23325980,0.0,0.0
2022-03-07 00:00:00-05:00,0.0027000000700354576,0.002899999963119626,0.0024999999441206455,0.002899999963119626,17792617,0.0,0.0
2022-03-08 00:00:00-05:00,0.00279999990016222,0.003000000026077032,0.002300000051036477,0.002300000051036477,18132172,0.0,0.0
2022-03-09 00:00:00-05:00,0.0031999999191612005,0.0031999999191612005,0.002300000051036477,0.0024999999441206455,24622381,0.0,0.0
2022-03-10 00:00:00-05:00,0.0035000001080334187,0.0035000001080334187,0.002400000113993883,0.0024999999441206455,8682078,0.0,0.0
2022-03-11 00:00:00-05:00,0.0027000000700354576,0.002899999963119626,0.0024999999441206455,0.0026000000070780516,10563579,0.0,0.0
2022-03-14 00:00:00-04:00,0.0026000000070780516,0.002899999963119626,0.002400000113993883,0.0026000000070780516,10659482,0.0,0.0
2022-03-15 00:00:00-04:00,0.0026000000070780516,0.00279999990016222,0.002300000051036477,0.002400000113993883,9046609,0.0,0.0
2022-03-16 00:00:00-04:00,0.002400000113993883,0.0026000000070780516,0.002300000051036477,0.0026000000070780516,9409159,0.0,0.0
2022-03-17 00:00:00-04:00,0.002400000113993883,0.0026000000070780516,0.002400000113993883,0.0026000000070780516,5502541,0.0,0.0
2022-03-18 00:00:00-04:00,0.0026000000070780516,0.0027000000700354576,0.002400000113993883,0.0024999999441206455,14775398,0.0,0.0
2022-03-21 00:00:00-04:00,0.0026000000070780516,0.0027000000700354576,0.002240000059828162,0.002400000113993883,12251676,0.0,0.0
2022-03-22 00:00:00-04:00,0.0024999999441206455,0.0027000000700354576,0.002400000113993883,0.0024399999529123306,19778495,0.0,0.0
2022-03-23 00:00:00-04:00,0.0026000000070780516,0.0034000000450760126,0.0026000000070780516,0.0027000000700354576,30695844,0.0,0.0
2022-03-24 00:00:00-04:00,0.003000000026077032,0.003100000089034438,0.0027000000700354576,0.0027000000700354576,16698197,0.0,0.0
2022-03-25 00:00:00-04:00,0.00279999990016222,0.003100000089034438,0.00279999990016222,0.003100000089034438,5680059,0.0,0.0
2022-03-28 00:00:00-04:00,0.003000000026077032,0.0035000001080334187,0.00279999990016222,0.003000000026077032,5297312,0.0,0.0
2022-03-29 00:00:00-04:00,0.0035000001080334187,0.0035000001080334187,0.002899999963119626,0.002950000111013651,2419314,0.0,0.0
2022-03-30 00:00:00-04:00,0.002899999963119626,0.0031999999191612005,0.002899999963119626,0.003000000026077032,5588426,0.0,0.0
2022-03-31 00:00:00-04:00,0.002899999963119626,0.003100000089034438,0.0027000000700354576,0.002899999963119626,5795367,0.0,0.0
2022-04-01 00:00:00-04:00,0.003100000089034438,0.0031999999191612005,0.0026000000070780516,0.0027000000700354576,9680573,0.0,0.0
2022-04-04 00:00:00-04:00,0.003000000026077032,0.003000000026077032,0.002099999925121665,0.002199999988079071,67038451,0.0,0.0
2022-04-05 00:00:00-04:00,0.002199999988079071,0.002400000113993883,0.002199999988079071,0.002400000113993883,22069404,0.0,0.0
2022-04-06 00:00:00-04:00,0.002300000051036477,0.0024999999441206455,0.0020000000949949026,0.002099999925121665,40843170,0.0,0.0
2022-04-07 00:00:00-04:00,0.002099999925121665,0.002300000051036477,0.0020000000949949026,0.002199999988079071,17821840,0.0,0.0
2022-04-08 00:00:00-04:00,0.002099999925121665,0.002300000051036477,0.0017999999690800905,0.0020000000949949026,24432279,0.0,0.0
2022-04-11 00:00:00-04:00,0.0020000000949949026,0.0020000000949949026,0.0015999999595806003,0.0017000000225380063,74025047,0.0,0.0
2022-04-12 00:00:00-04:00,0.0017000000225380063,0.0017999999690800905,0.0015999999595806003,0.0017000000225380063,15426479,0.0,0.0
2022-04-13 00:00:00-04:00,0.0015999999595806003,0.0017999999690800905,0.0015999999595806003,0.0017000000225380063,15468032,0.0,0.0
2022-04-14 00:00:00-04:00,0.0017000000225380063,0.0017999999690800905,0.0015999999595806003,0.0016499999910593033,16313150,0.0,0.0
2022-04-18 00:00:00-04:00,0.0017000000225380063,0.0017999999690800905,0.0015999999595806003,0.0017000000225380063,8219222,0.0,0.0
2022-04-19 00:00:00-04:00,0.0017000000225380063,0.002099999925121665,0.0017000000225380063,0.0020000000949949026,13876583,0.0,0.0
2022-04-20 00:00:00-04:00,0.002099999925121665,0.002300000051036477,0.0020000000949949026,0.002300000051036477,24653565,0.0,0.0
2022-04-21 00:00:00-04:00,0.002300000051036477,0.002300000051036477,0.0020000000949949026,0.002099999925121665,15913495,0.0,0.0
2022-04-22 00:00:00-04:00,0.002099999925121665,0.002199999988079071,0.0020000000949949026,0.002099999925121665,14192104,0.0,0.0
2022-04-25 00:00:00-04:00,0.002099999925121665,0.002300000051036477,0.0019000000320374966,0.0020000000949949026,36675736,0.0,0.0
2022-04-26 00:00:00-04:00,0.0017000000225380063,0.002400000113993883,0.0017000000225380063,0.002099999925121665,6580263,0.0,0.0
2022-04-27 00:00:00-04:00,0.002300000051036477,0.002300000051036477,0.002099999925121665,0.002300000051036477,8438909,0.0,0.0
2022-04-28 00:00:00-04:00,0.002099999925121665,0.002899999963119626,0.002099999925121665,0.002899999963119626,38578100,0.0,0.0
2022-04-29 00:00:00-04:00,0.002899999963119626,0.003100000089034438,0.002199999988079071,0.003100000089034438,21749874,0.0,0.0
2022-05-02 00:00:00-04:00,0.0031999999191612005,0.0034000000450760126,0.002400000113993883,0.0031999999191612005,10789983,0.0,0.0
2022-05-03 00:00:00-04:00,0.003000000026077032,0.0035000001080334187,0.003000000026077032,0.003100000089034438,5520751,0.0,0.0
2022-05-04 00:00:00-04:00,0.003000000026077032,0.0031999999191612005,0.00279999990016222,0.003100000089034438,4185998,0.0,0.0
2022-05-05 00:00:00-04:00,0.003000000026077032,0.0034000000450760126,0.00279999990016222,0.003000000026077032,5092911,0.0,0.0
2022-05-06 00:00:00-04:00,0.003000000026077032,0.003000000026077032,0.002199999988079071,0.002899999963119626,8281913,0.0,0.0
2022-05-09 00:00:00-04:00,0.0031999999191612005,0.0034000000450760126,0.0017000000225380063,0.0027000000700354576,6053266,0.0,0.0
2022-05-10 00:00:00-04:00,0.0024999999441206455,0.00279999990016222,0.0022499999031424522,0.0027000000700354576,6231260,0.0,0.0
2022-05-11 00:00:00-04:00,0.001500000013038516,0.003000000026077032,0.001500000013038516,0.00279999990016222,11440083,0.0,0.0
2022-05-12 00:00:00-04:00,0.00279999990016222,0.003000000026077032,0.002099999925121665,0.0024999999441206455,3782605,0.0,0.0
2022-05-13 00:00:00-04:00,0.003000000026077032,0.003000000026077032,0.0024999999441206455,0.003000000026077032,3419615,0.0,0.0
2022-05-16 00:00:00-04:00,0.003000000026077032,0.003000000026077032,0.0026000000070780516,0.003000000026077032,2071139,0.0,0.0
2022-05-17 00:00:00-04:00,0.00279999990016222,0.003000000026077032,0.0024999999441206455,0.0027000000700354576,5163146,0.0,0.0
2022-05-18 00:00:00-04:00,0.0026000000070780516,0.00279999990016222,0.002300000051036477,0.002400000113993883,3278264,0.0,0.0
2022-05-19 00:00:00-04:00,0.003000000026077032,0.003000000026077032,0.002300000051036477,0.0026000000070780516,8820905,0.0,0.0
2022-05-20 00:00:00-04:00,0.002400000113993883,0.0024999999441206455,0.002199999988079071,0.002199999988079071,11654779,0.0,0.0
2022-05-23 00:00:00-04:00,0.002199999988079071,0.0024999999441206455,0.002199999988079071,0.0024999999441206455,3707349,0.0,0.0
2022-05-24 00:00:00-04:00,0.0024999999441206455,0.00279999990016222,0.002199999988079071,0.002199999988079071,4262358,0.0,0.0
2022-05-25 00:00:00-04:00,0.0027000000700354576,0.0027000000700354576,0.002199999988079071,0.002400000113993883,6129851,0.0,0.0
2022-05-26 00:00:00-04:00,0.002199999988079071,0.0026000000070780516,0.002199999988079071,0.002400000113993883,2814649,0.0,0.0
2022-05-27 00:00:00-04:00,0.0027000000700354576,0.0027000000700354576,0.002099999925121665,0.0026000000070780516,10552857,0.0,0.0
2022-05-31 00:00:00-04:00,0.002300000051036477,0.00279999990016222,0.002300000051036477,0.0027000000700354576,8897849,0.0,0.0
2022-06-01 00:00:00-04:00,0.0026000000070780516,0.00279999990016222,0.002400000113993883,0.0024999999441206455,4261393,0.0,0.0
2022-06-02 00:00:00-04:00,0.0024999999441206455,0.0027000000700354576,0.002300000051036477,0.0027000000700354576,7728218,0.0,0.0
2022-06-03 00:00:00-04:00,0.002400000113993883,0.0027000000700354576,0.002300000051036477,0.0026000000070780516,2226244,0.0,0.0
2022-06-06 00:00:00-04:00,0.002199999988079071,0.0026000000070780516,0.002099999925121665,0.002300000051036477,7112021,0.0,0.0
2022-06-07 00:00:00-04:00,0.002199999988079071,0.002400000113993883,0.002199999988079071,0.002199999988079071,6256916,0.0,0.0
2022-06-08 00:00:00-04:00,0.002099999925121665,0.002400000113993883,0.002099999925121665,0.002099999925121665,3048903,0.0,0.0
2022-06-09 00:00:00-04:00,0.0020000000949949026,0.002300000051036477,0.001500000013038516,0.0020000000949949026,16577379,0.0,0.0
2022-06-10 00:00:00-04:00,0.0019000000320374966,0.0020000000949949026,0.001500000013038516,0.0017000000225380063,82430475,0.0,0.0
2022-06-13 00:00:00-04:00,0.001500000013038516,0.0017000000225380063,0.0013000000035390258,0.001500000013038516,41144847,0.0,0.0
2022-06-14 00:00:00-04:00,0.00139999995008111,0.0017000000225380063,0.00139999995008111,0.001500000013038516,12463691,0.0,0.0
2022-06-15 00:00:00-04:00,0.0017000000225380063,0.0017000000225380063,0.0010999999940395355,0.00139999995008111,48411622,0.0,0.0
2022-06-16 00:00:00-04:00,0.001500000013038516,0.001500000013038516,0.0012000000569969416,0.0013000000035390258,25185419,0.0,0.0
2022-06-17 00:00:00-04:00,0.0012000000569969416,0.0013000000035390258,0.0011699999449774623,0.0013000000035390258,24605383,0.0,0.0
2022-06-21 00:00:00-04:00,0.0013000000035390258,0.0013000000035390258,0.0010000000474974513,0.0010999999940395355,37818516,0.0,0.0
2022-06-22 00:00:00-04:00,0.0012000000569969416,0.0013000000035390258,0.0012000000569969416,0.0013000000035390258,13887444,0.0,0.0
2022-06-23 00:00:00-04:00,0.0013000000035390258,0.00139999995008111,0.0010999999940395355,0.0013000000035390258,13138395,0.0,0.0
2022-06-24 00:00:00-04:00,0.0012000000569969416,0.00139999995008111,0.0012000000569969416,0.0012000000569969416,5461000,0.0,0.0
2022-06-27 00:00:00-04:00,0.0013000000035390258,0.0013000000035390258,0.0012000000569969416,0.0012000000569969416,6236522,0.0,0.0
2022-06-28 00:00:00-04:00,0.0013000000035390258,0.0017000000225380063,0.0012700000079348683,0.001449999981559813,21954096,0.0,0.0
2022-06-29 00:00:00-04:00,0.001500000013038516,0.0015999999595806003,0.0012000000569969416,0.0013000000035390258,450796541,0.0,0.0
2022-06-30 00:00:00-04:00,0.0013000000035390258,0.0013000000035390258,0.0007999999797903001,0.0010000000474974513,222752641,0.0,0.0
2022-07-01 00:00:00-04:00,0.0010000000474974513,0.0010000000474974513,0.0007999999797903001,0.0010000000474974513,66932744,0.0,0.0
2022-07-05 00:00:00-04:00,0.0010000000474974513,0.0010000000474974513,0.0008999999845400453,0.0008999999845400453,28356028,0.0,0.0
2022-07-06 00:00:00-04:00,0.0010000000474974513,0.0010000000474974513,0.0007999999797903001,0.0008999999845400453,18905749,0.0,0.0
2022-07-07 00:00:00-04:00,0.0008999999845400453,0.0008999999845400453,0.0007999999797903001,0.0008999999845400453,18741624,0.0,0.0
2022-07-08 00:00:00-04:00,0.0007999999797903001,0.0008999999845400453,0.0007999999797903001,0.0008999999845400453,9834843,0.0,0.0
2022-07-11 00:00:00-04:00,0.0007999999797903001,0.0008999999845400453,0.0007999999797903001,0.0008999999845400453,13544737,0.0,0.0
2022-07-12 00:00:00-04:00,0.0007999999797903001,0.0010000000474974513,0.0007999999797903001,0.0009500000160187483,15373425,0.0,0.0
2022-07-13 00:00:00-04:00,0.0008999999845400453,0.0010000000474974513,0.0008999999845400453,0.0008999999845400453,8144611,0.0,0.0
2022-07-14 00:00:00-04:00,0.0010000000474974513,0.0010999999940395355,0.0007999999797903001,0.0010999999940395355,36054078,0.0,0.0
2022-07-15 00:00:00-04:00,0.0010999999940395355,0.0010999999940395355,0.0008999999845400453,0.0010999999940395355,11976600,0.0,0.0
2022-07-18 00:00:00-04:00,0.0010999999940395355,0.0010999999940395355,0.0008999999845400453,0.0010000000474974513,2599200,0.0,0.0
2022-07-19 00:00:00-04:00,0.0010000000474974513,0.0010999999940395355,0.0008999999845400453,0.0010000000474974513,48474951,0.0,0.0
2022-07-20 00:00:00-04:00,0.0010000000474974513,0.0010999999940395355,0.0008999999845400453,0.0010000000474974513,5399013,0.0,0.0
2022-07-21 00:00:00-04:00,0.0008999999845400453,0.0010000000474974513,0.0007999999797903001,0.0008999999845400453,16380131,0.0,0.0
2022-07-22 00:00:00-04:00,0.0008999999845400453,0.0010000000474974513,0.0007999999797903001,0.0008999999845400453,45034614,0.0,0.0
2022-07-25 00:00:00-04:00,0.0008999999845400453,0.0008999999845400453,0.0007999999797903001,0.0007999999797903001,13186934,0.0,0.0
2022-07-26 00:00:00-04:00,0.0008999999845400453,0.0008999999845400453,0.0006000000284984708,0.0006000000284984708,66944804,0.0,0.0
2022-07-27 00:00:00-04:00,0.0006000000284984708,0.0007999999797903001,0.0006000000284984708,0.0007999999797903001,19948459,0.0,0.0
2022-07-28 00:00:00-04:00,0.000699999975040555,0.0007999999797903001,0.0006000000284984708,0.000699999975040555,17501764,0.0,0.0
2022-07-29 00:00:00-04:00,0.000699999975040555,0.0007999999797903001,0.0006000000284984708,0.0007999999797903001,13722793,0.0,0.0
2022-08-01 00:00:00-04:00,0.000699999975040555,0.0007999999797903001,0.0006000000284984708,0.000699999975040555,7366491,0.0,0.0
2022-08-02 00:00:00-04:00,0.0006000000284984708,0.000699999975040555,0.0006000000284984708,0.0006000000284984708,4257190,0.0,0.0
2022-08-03 00:00:00-04:00,0.0006000000284984708,0.000699999975040555,0.0006000000284984708,0.0006000000284984708,25387197,0.0,0.0
2022-08-04 00:00:00-04:00,0.0006000000284984708,0.000699999975040555,0.0005000000237487257,0.0006000000284984708,22080666,0.0,0.0
2022-08-05 00:00:00-04:00,0.0006000000284984708,0.000699999975040555,0.0006000000284984708,0.0006000000284984708,19126904,0.0,0.0
2022-08-08 00:00:00-04:00,0.0006000000284984708,0.000699999975040555,0.0005000000237487257,0.0005000000237487257,8023857,0.0,0.0
2022-08-09 00:00:00-04:00,0.0005000000237487257,0.000699999975040555,0.0005000000237487257,0.0006000000284984708,14000991,0.0,0.0
2022-08-10 00:00:00-04:00,0.0005000000237487257,0.0006000000284984708,0.0005000000237487257,0.0006000000284984708,3944183,0.0,0.0
2022-08-11 00:00:00-04:00,0.0006000000284984708,0.000699999975040555,0.0006000000284984708,0.0006000000284984708,14895805,0.0,0.0
2022-08-12 00:00:00-04:00,0.0006000000284984708,0.000699999975040555,0.0006000000284984708,0.0006000000284984708,10578826,0.0,0.0
2022-08-15 00:00:00-04:00,0.0006000000284984708,0.000699999975040555,0.0006000000284984708,0.0006500000017695129,1955642,0.0,0.0
2022-08-16 00:00:00-04:00,0.0006000000284984708,0.000699999975040555,0.0006000000284984708,0.000699999975040555,29152303,0.0,0.0
2022-08-17 00:00:00-04:00,0.0006000000284984708,0.0007999999797903001,0.0006000000284984708,0.0007999999797903001,12474088,0.0,0.0
2022-08-18 00:00:00-04:00,0.0007999999797903001,0.0007999999797903001,0.000699999975040555,0.0007999999797903001,2599700,0.0,0.0
2022-08-19 00:00:00-04:00,0.000699999975040555,0.0007999999797903001,0.000699999975040555,0.000699999975040555,5213966,0.0,0.0
2022-08-22 00:00:00-04:00,0.000699999975040555,0.0007999999797903001,0.000699999975040555,0.0007999999797903001,6578285,0.0,0.0
2022-08-23 00:00:00-04:00,0.0007999999797903001,0.0007999999797903001,0.000699999975040555,0.000699999975040555,13996147,0.0,0.0
2022-08-24 00:00:00-04:00,0.0007999999797903001,0.0008500000112690032,0.000699999975040555,0.0007999999797903001,64611697,0.0,0.0
2022-08-25 00:00:00-04:00,0.0008999999845400453,0.0008999999845400453,0.0007999999797903001,0.0007999999797903001,7785322,0.0,0.0
2022-08-26 00:00:00-04:00,0.0007999999797903001,0.0007999999797903001,0.000699999975040555,0.0007999999797903001,8254807,0.0,0.0
2022-08-29 00:00:00-04:00,0.0007999999797903001,0.0008999999845400453,0.000699999975040555,0.0007999999797903001,29042993,0.0,0.0
2022-08-30 00:00:00-04:00,0.0007999999797903001,0.0008999999845400453,0.000699999975040555,0.0007999999797903001,3267000,0.0,0.0
2022-08-31 00:00:00-04:00,0.0007999999797903001,0.0007999999797903001,0.000699999975040555,0.0007999999797903001,12813565,0.0,0.0
2022-09-01 00:00:00-04:00,0.000699999975040555,0.0007999999797903001,0.000699999975040555,0.0007999999797903001,8727857,0.0,0.0
2022-09-02 00:00:00-04:00,0.0007999999797903001,0.0008999999845400453,0.000699999975040555,0.000699999975040555,12152754,0.0,0.0
2022-09-06 00:00:00-04:00,0.0007999999797903001,0.0007999999797903001,0.000699999975040555,0.000699999975040555,5906520,0.0,0.0
2022-09-07 00:00:00-04:00,0.000699999975040555,0.000699999975040555,0.000699999975040555,0.000699999975040555,7550264,0.0,0.0
2022-09-08 00:00:00-04:00,0.000699999975040555,0.000699999975040555,0.0006000000284984708,0.000699999975040555,5697944,0.0,0.0
2022-09-09 00:00:00-04:00,0.000699999975040555,0.000699999975040555,0.0006000000284984708,0.000699999975040555,7678571,0.0,0.0
2022-09-12 00:00:00-04:00,0.000699999975040555,0.000699999975040555,0.0006000000284984708,0.0006000000284984708,3293570,0.0,0.0
2022-09-13 00:00:00-04:00,0.000699999975040555,0.000699999975040555,0.0006000000284984708,0.0006000000284984708,22060754,0.0,0.0
2022-09-14 00:00:00-04:00,0.0006000000284984708,0.000699999975040555,0.0006000000284984708,0.0006000000284984708,5850628,0.0,0.0
2022-09-15 00:00:00-04:00,0.0006000000284984708,0.000699999975040555,0.0006000000284984708,0.0006000000284984708,5309324,0.0,0.0
2022-09-16 00:00:00-04:00,0.0006000000284984708,0.000699999975040555,0.0005000000237487257,0.0005000000237487257,11216280,0.0,0.0
2022-09-19 00:00:00-04:00,0.0006000000284984708,0.0006000000284984708,0.0005000000237487257,0.0006000000284984708,8651000,0.0,0.0
2022-09-20 00:00:00-04:00,0.0005000000237487257,0.000699999975040555,0.0005000000237487257,0.000699999975040555,6024665,0.0,0.0
2022-09-21 00:00:00-04:00,0.0006000000284984708,0.000699999975040555,0.0005000000237487257,0.0006000000284984708,5676586,0.0,0.0
2022-09-22 00:00:00-04:00,0.0005000000237487257,0.0006000000284984708,0.0005000000237487257,0.0006000000284984708,24476075,0.0,0.0
2022-09-23 00:00:00-04:00,0.0006000000284984708,0.0006000000284984708,0.0005000000237487257,0.0005000000237487257,6281666,0.0,0.0
2022-09-26 00:00:00-04:00,0.0006000000284984708,0.0006000000284984708,0.00039999998989515007,0.0005000000237487257,29275250,0.0,0.0
2022-09-27 00:00:00-04:00,0.0005000000237487257,0.0005000000237487257,0.00039999998989515007,0.0005000000237487257,11330118,0.0,0.0
2022-09-28 00:00:00-04:00,0.00039999998989515007,0.0005000000237487257,0.00039999998989515007,0.0005000000237487257,36353028,0.0,0.0
2022-09-29 00:00:00-04:00,0.00039999998989515007,0.0005000000237487257,0.00039999998989515007,0.0005000000237487257,3075700,0.0,0.0
2022-09-30 00:00:00-04:00,0.00039999998989515007,0.0005000000237487257,0.00039999998989515007,0.0005000000237487257,4155455,0.0,0.0
2022-10-03 00:00:00-04:00,0.00039999998989515007,0.0005000000237487257,0.00039999998989515007,0.00039999998989515007,9527500,0.0,0.0
2022-10-04 00:00:00-04:00,0.0003000000142492354,0.0005000000237487257,0.0003000000142492354,0.00039999998989515007,4470504,0.0,0.0
2022-10-05 00:00:00-04:00,0.00039999998989515007,0.00039999998989515007,0.0003000000142492354,0.00039999998989515007,19066600,0.0,0.0
2022-10-06 00:00:00-04:00,0.00039999998989515007,0.00039999998989515007,0.00039999998989515007,0.00039999998989515007,1800009,0.0,0.0
2022-10-07 00:00:00-04:00,0.0003000000142492354,0.0005000000237487257,0.0003000000142492354,0.0005000000237487257,11112930,0.0,0.0
2022-10-10 00:00:00-04:00,0.0003000000142492354,0.00039999998989515007,0.0003000000142492354,0.00039999998989515007,13579999,0.0,0.0
2022-10-11 00:00:00-04:00,0.0005000000237487257,0.0006000000284984708,0.00039999998989515007,0.0006000000284984708,140117465,0.0,0.0
2022-10-12 00:00:00-04:00,0.0006000000284984708,0.0006000000284984708,0.00039999998989515007,0.0005000000237487257,44903695,0.0,0.0
2022-10-13 00:00:00-04:00,0.00039999998989515007,0.0005000000237487257,0.00039999998989515007,0.0005000000237487257,15645856,0.0,0.0
2022-10-14 00:00:00-04:00,0.0005000000237487257,0.0005499999970197678,0.0005000000237487257,0.0005499999970197678,3228334,0.0,0.0
2022-10-17 00:00:00-04:00,0.0005000000237487257,0.0006000000284984708,0.0005000000237487257,0.0006000000284984708,18540666,0.0,0.0
2022-10-18 00:00:00-04:00,0.0005000000237487257,0.0006000000284984708,0.0005000000237487257,0.0006000000284984708,9812945,0.0,0.0
2022-10-19 00:00:00-04:00,0.0005000000237487257,0.0006000000284984708,0.0005000000237487257,0.0006000000284984708,3539442,0.0,0.0
2022-10-20 00:00:00-04:00,0.0005000000237487257,0.0006000000284984708,0.0005000000237487257,0.0006000000284984708,9144092,0.0,0.0
2022-10-21 00:00:00-04:00,0.0006000000284984708,0.0006000000284984708,0.0005000000237487257,0.0005499999970197678,3955000,0.0,0.0
2022-10-24 00:00:00-04:00,0.0006000000284984708,0.000699999975040555,0.0006000000284984708,0.0006000000284984708,22977998,0.0,0.0
2022-10-25 00:00:00-04:00,0.000699999975040555,0.000699999975040555,0.0006000000284984708,0.0006500000017695129,2766012,0.0,0.0
2022-10-26 00:00:00-04:00,0.0006000000284984708,0.0006500000017695129,0.0005000000237487257,0.0005000000237487257,15425178,0.0,0.0
2022-10-27 00:00:00-04:00,0.0005000000237487257,0.0006000000284984708,0.00039999998989515007,0.0005499999970197678,19189107,0.0,0.0
2022-10-28 00:00:00-04:00,0.0005000000237487257,0.0006000000284984708,0.0005000000237487257,0.0005000000237487257,4320681,0.0,0.0
2022-10-31 00:00:00-04:00,0.0005499999970197678,0.0006000000284984708,0.00044999999227002263,0.0005000000237487257,7259757,0.0,0.0
2022-11-01 00:00:00-04:00,0.00039999998989515007,0.0005000000237487257,0.00039999998989515007,0.0005000000237487257,4946002,0.0,0.0
2022-11-02 00:00:00-04:00,0.00039999998989515007,0.0005000000237487257,0.00039999998989515007,0.00044999999227002263,12493820,0.0,0.0
2022-11-03 00:00:00-04:00,0.00039999998989515007,0.0005000000237487257,0.00039999998989515007,0.0005000000237487257,15576217,0.0,0.0
2022-11-04 00:00:00-04:00,0.0005000000237487257,0.0006000000284984708,0.0005000000237487257,0.0006000000284984708,9671247,0.0,0.0
2022-11-07 00:00:00-05:00,0.0006000000284984708,0.0006000000284984708,0.0005000000237487257,0.0005000000237487257,3938331,0.0,0.0
2022-11-08 00:00:00-05:00,0.0005000000237487257,0.0005000000237487257,0.00039999998989515007,0.00039999998989515007,1955319,0.0,0.0
2022-11-09 00:00:00-05:00,0.0005000000237487257,0.0005000000237487257,0.00039999998989515007,0.00039999998989515007,16016611,0.0,0.0
2022-11-10 00:00:00-05:00,0.00039999998989515007,0.0005000000237487257,0.00039999998989515007,0.0005000000237487257,2176177,0.0,0.0
2022-11-11 00:00:00-05:00,0.0006000000284984708,0.0006000000284984708,0.0005000000237487257,0.0005000000237487257,713333,0.0,0.0
2022-11-14 00:00:00-05:00,0.0006000000284984708,0.0006000000284984708,0.00039999998989515007,0.0005000000237487257,5369966,0.0,0.0
2022-11-15 00:00:00-05:00,0.0005000000237487257,0.0005000000237487257,0.0005000000237487257,0.0005000000237487257,4500000,0.0,0.0
2022-11-16 00:00:00-05:00,0.0005000000237487257,0.0005000000237487257,0.00039999998989515007,0.00039999998989515007,2833750,0.0,0.0
2022-11-17 00:00:00-05:00,0.0005000000237487257,0.0005000000237487257,0.00044999999227002263,0.0005000000237487257,13785199,0.0,0.0
2022-11-18 00:00:00-05:00,0.0005000000237487257,0.0005000000237487257,0.00039999998989515007,0.0005000000237487257,8610357,0.0,0.0
2022-11-21 00:00:00-05:00,0.0005000000237487257,0.0005000000237487257,0.00039999998989515007,0.00044999999227002263,1163300,0.0,0.0
2022-11-22 00:00:00-05:00,0.0005000000237487257,0.0005000000237487257,0.00039999998989515007,0.0005000000237487257,8882294,0.0,0.0
2022-11-23 00:00:00-05:00,0.00039999998989515007,0.0005000000237487257,0.00039999998989515007,0.0005000000237487257,4639173,0.0,0.0
2022-11-25 00:00:00-05:00,0.00039999998989515007,0.0005000000237487257,0.00039999998989515007,0.0005000000237487257,4398161,0.0,0.0
2022-11-28 00:00:00-05:00,0.0005000000237487257,0.0005000000237487257,0.00039999998989515007,0.0005000000237487257,1060000,0.0,0.0
2022-11-29 00:00:00-05:00,0.00039999998989515007,0.0005000000237487257,0.00039999998989515007,0.0005000000237487257,8816158,0.0,0.0
2022-11-30 00:00:00-05:00,0.00039999998989515007,0.0005000000237487257,0.00039999998989515007,0.00039999998989515007,3594400,0.0,0.0
2022-12-01 00:00:00-05:00,0.00039999998989515007,0.0005000000237487257,0.00039999998989515007,0.0005000000237487257,5375000,0.0,0.0
2022-12-02 00:00:00-05:00,0.0005000000237487257,0.0005000000237487257,0.00039999998989515007,0.0005000000237487257,3747737,0.0,0.0
2022-12-05 00:00:00-05:00,0.00039999998989515007,0.0005000000237487257,0.00039999998989515007,0.0005000000237487257,1506800,0.0,0.0
2022-12-06 00:00:00-05:00,0.00039999998989515007,0.0005000000237487257,0.00039999998989515007,0.00039999998989515007,2439829,0.0,0.0
2022-12-07 00:00:00-05:00,0.00039999998989515007,0.0005000000237487257,0.00039999998989515007,0.00039999998989515007,23658791,0.0,0.0
2022-12-08 00:00:00-05:00,0.0005000000237487257,0.0005000000237487257,0.0003000000142492354,0.0003000000142492354,57241386,0.0,0.0
2022-12-09 00:00:00-05:00,0.0003000000142492354,0.00039999998989515007,0.0003000000142492354,0.00039999998989515007,1442500,0.0,0.0
2022-12-12 00:00:00-05:00,0.00039999998989515007,0.00039999998989515007,0.0003000000142492354,0.0003000000142492354,3995442,0.0,0.0
2022-12-13 00:00:00-05:00,0.0003000000142492354,0.00039999998989515007,0.0003000000142492354,0.0003000000142492354,62781950,0.0,0.0
2022-12-14 00:00:00-05:00,0.0003000000142492354,0.0003499999875202775,0.0003000000142492354,0.0003000000142492354,21169563,0.0,0.0
2022-12-15 00:00:00-05:00,0.0003000000142492354,0.0003000000142492354,0.0003000000142492354,0.0003000000142492354,4167631,0.0,0.0
2022-12-16 00:00:00-05:00,0.0003000000142492354,0.00039999998989515007,0.0003000000142492354,0.00039999998989515007,5000000,0.0,0.0
2022-12-19 00:00:00-05:00,0.00039999998989515007,0.00039999998989515007,0.0003000000142492354,0.00039999998989515007,22115000,0.0,0.0
2022-12-20 00:00:00-05:00,0.0003000000142492354,0.00039999998989515007,0.0003000000142492354,0.00039999998989515007,154444,0.0,0.0
2022-12-21 00:00:00-05:00,0.0003000000142492354,0.0003499999875202775,0.0003000000142492354,0.0003499999875202775,301810,0.0,0.0
2022-12-22 00:00:00-05:00,0.0003499999875202775,0.00039999998989515007,0.0003000000142492354,0.00039999998989515007,4727250,0.0,0.0
2022-12-23 00:00:00-05:00,0.00039999998989515007,0.00039999998989515007,0.0003000000142492354,0.00039999998989515007,6869612,0.0,0.0
2022-12-27 00:00:00-05:00,0.00019999999494757503,0.00039999998989515007,0.00019999999494757503,0.00019999999494757503,26523602,0.0,0.0
2022-12-28 00:00:00-05:00,0.0003000000142492354,0.0003000000142492354,0.00019999999494757503,0.0003000000142492354,25792330,0.0,0.0
2022-12-29 00:00:00-05:00,0.00039999998989515007,0.00039999998989515007,0.00019999999494757503,0.0003000000142492354,15421060,0.0,0.0
2022-12-30 00:00:00-05:00,0.00019999999494757503,0.00039999998989515007,0.00019999999494757503,0.0003000000142492354,23098768,0.0,0.0
2023-01-03 00:00:00-05:00,0.0003000000142492354,0.00039999998989515007,0.00019999999494757503,0.00039999998989515007,8954959,0.0,0.0
2023-01-04 00:00:00-05:00,0.0003000000142492354,0.00039999998989515007,0.0003000000142492354,0.00039999998989515007,3460302,0.0,0.0
2023-01-05 00:00:00-05:00,0.0003000000142492354,0.00039999998989515007,0.0003000000142492354,0.00039999998989515007,670000,0.0,0.0
2023-01-06 00:00:00-05:00,0.0003000000142492354,0.00039999998989515007,0.0003000000142492354,0.00039999998989515007,4780549,0.0,0.0
2023-01-09 00:00:00-05:00,0.0003000000142492354,0.00039999998989515007,0.0003000000142492354,0.00039999998989515007,6052872,0.0,0.0
2023-01-10 00:00:00-05:00,0.0003000000142492354,0.00039999998989515007,0.0003000000142492354,0.00039999998989515007,7104042,0.0,0.0
2023-01-11 00:00:00-05:00,0.00039999998989515007,0.00039999998989515007,0.00039999998989515007,0.00039999998989515007,1500000,0.0,0.0
2023-01-12 00:00:00-05:00,0.0003000000142492354,0.00039999998989515007,0.0003000000142492354,0.00039999998989515007,5466110,0.0,0.0
2023-01-13 00:00:00-05:00,0.0003000000142492354,0.00039999998989515007,0.0003000000142492354,0.00039999998989515007,5358913,0.0,0.0
2023-01-17 00:00:00-05:00,0.0003000000142492354,0.0003000000142492354,0.00019999999494757503,0.00019999999494757503,7277109,0.0,0.0
2023-01-18 00:00:00-05:00,0.0003000000142492354,0.00039999998989515007,0.0003000000142492354,0.00039999998989515007,24029535,0.0,0.0
2023-01-19 00:00:00-05:00,0.00039999998989515007,0.00039999998989515007,0.0003000000142492354,0.00039999998989515007,6570045,0.0,0.0
2023-01-20 00:00:00-05:00,0.00039999998989515007,0.00039999998989515007,0.00039999998989515007,0.00039999998989515007,15000,0.0,0.0
2023-01-23 00:00:00-05:00,0.00039999998989515007,0.00039999998989515007,0.0003000000142492354,0.00039999998989515007,707942,0.0,0.0
2023-01-24 00:00:00-05:00,0.0003000000142492354,0.00039999998989515007,0.0003000000142492354,0.0003000000142492354,66955496,0.0,0.0
2023-01-25 00:00:00-05:00,0.00039999998989515007,0.00039999998989515007,0.00019999999494757503,0.00039999998989515007,148444,0.0,0.0
2023-01-26 00:00:00-05:00,0.00039999998989515007,0.00039999998989515007,0.0003000000142492354,0.00039999998989515007,627690,0.0,0.0
2023-01-27 00:00:00-05:00,0.0003000000142492354,0.00039999998989515007,0.0003000000142492354,0.0003499999875202775,2750999,0.0,0.0
2023-01-30 00:00:00-05:00,0.0003000000142492354,0.00039999998989515007,0.0003000000142492354,0.00039999998989515007,10588000,0.0,0.0
2023-01-31 00:00:00-05:00,0.0003000000142492354,0.00039999998989515007,0.0003000000142492354,0.00039999998989515007,10305354,0.0,0.0
2023-02-01 00:00:00-05:00,0.0003000000142492354,0.00039999998989515007,0.0003000000142492354,0.00039999998989515007,1575000,0.0,0.0
2023-02-02 00:00:00-05:00,0.0003000000142492354,0.00039999998989515007,0.0003000000142492354,0.0003499999875202775,2840777,0.0,0.0
2023-02-03 00:00:00-05:00,0.00039999998989515007,0.00039999998989515007,0.0003000000142492354,0.0003000000142492354,3371000,0.0,0.0
2023-02-06 00:00:00-05:00,0.00039999998989515007,0.00039999998989515007,0.0002500000118743628,0.0003000000142492354,9775078,0.0,0.0
2023-02-07 00:00:00-05:00,0.00019999999494757503,0.00039999998989515007,0.00019999999494757503,0.00039999998989515007,7066438,0.0,0.0
2023-02-08 00:00:00-05:00,0.0003000000142492354,0.00039999998989515007,0.0003000000142492354,0.00039999998989515007,2897944,0.0,0.0
2023-02-09 00:00:00-05:00,0.00039999998989515007,0.00039999998989515007,0.00039999998989515007,0.00039999998989515007,230869,0.0,0.0
2023-02-10 00:00:00-05:00,0.00039999998989515007,0.00039999998989515007,0.0003000000142492354,0.00039999998989515007,9539916,0.0,0.0
2023-02-13 00:00:00-05:00,0.00039999998989515007,0.00039999998989515007,0.0003000000142492354,0.00039999998989515007,1101999,0.0,0.0
2023-02-14 00:00:00-05:00,0.0003000000142492354,0.00039999998989515007,0.0003000000142492354,0.0003000000142492354,1024443,0.0,0.0
2023-02-15 00:00:00-05:00,0.00039999998989515007,0.00039999998989515007,0.0003000000142492354,0.00039999998989515007,1359443,0.0,0.0
2023-02-16 00:00:00-05:00,0.00039999998989515007,0.00039999998989515007,0.0003000000142492354,0.0003000000142492354,1212700,0.0,0.0
2023-02-17 00:00:00-05:00,0.00039999998989515007,0.00039999998989515007,0.00039999998989515007,0.00039999998989515007,190000,0.0,0.0
2023-02-21 00:00:00-05:00,0.00039999998989515007,0.00039999998989515007,0.0003000000142492354,0.0003000000142492354,4482791,0.0,0.0
2023-02-22 00:00:00-05:00,0.00039999998989515007,0.00039999998989515007,0.00019999999494757503,0.0003000000142492354,12995915,0.0,0.0
2023-02-23 00:00:00-05:00,0.0003000000142492354,0.0003000000142492354,0.00019999999494757503,0.0003000000142492354,2716111,0.0,0.0
2023-02-24 00:00:00-05:00,0.0003000000142492354,0.0003000000142492354,0.0003000000142492354,0.0003000000142492354,8200000,0.0,0.0
2023-02-27 00:00:00-05:00,0.0003000000142492354,0.0003000000142492354,0.00019999999494757503,0.0003000000142492354,1274414,0.0,0.0
2023-02-28 00:00:00-05:00,0.0003000000142492354,0.0003000000142492354,0.00019999999494757503,0.0003000000142492354,676110,0.0,0.0
2023-03-01 00:00:00-05:00,0.00019999999494757503,0.0003000000142492354,0.00019999999494757503,0.0003000000142492354,14200222,0.0,0.0
2023-03-02 00:00:00-05:00,0.0003000000142492354,0.0003000000142492354,0.00019999999494757503,0.0003000000142492354,6460469,0.0,0.0
2023-03-03 00:00:00-05:00,0.0003000000142492354,0.0003000000142492354,0.00019999999494757503,0.0003000000142492354,2271110,0.0,0.0
2023-03-06 00:00:00-05:00,0.00019999999494757503,0.0003000000142492354,0.00019999999494757503,0.0003000000142492354,11317001,0.0,0.0
2023-03-07 00:00:00-05:00,0.0003000000142492354,0.0003000000142492354,0.0003000000142492354,0.0003000000142492354,1739999,0.0,0.0
2023-03-08 00:00:00-05:00,0.0002500000118743628,0.0003000000142492354,0.00019999999494757503,0.0003000000142492354,1116214,0.0,0.0
2023-03-09 00:00:00-05:00,0.00019999999494757503,0.0003000000142492354,0.00019999999494757503,0.0003000000142492354,1188998,0.0,0.0
2023-03-10 00:00:00-05:00,0.0003000000142492354,0.0003000000142492354,0.0003000000142492354,0.0003000000142492354,0,0.0,0.0
2023-03-13 00:00:00-04:00,0.0003000000142492354,0.0003000000142492354,0.00019999999494757503,0.0003000000142492354,14697664,0.0,0.0
2023-03-14 00:00:00-04:00,0.00019999999494757503,0.0003000000142492354,0.00019999999494757503,0.0003000000142492354,12094111,0.0,0.0
2023-03-15 00:00:00-04:00,0.0003000000142492354,0.0003000000142492354,0.00019999999494757503,0.0003000000142492354,32276960,0.0,0.0
2023-03-16 00:00:00-04:00,0.00019999999494757503,0.0003000000142492354,0.00019999999494757503,0.0003000000142492354,15000,0.0,0.0
2023-03-17 00:00:00-04:00,0.0003000000142492354,0.0003000000142492354,0.00019999999494757503,0.0003000000142492354,2011111,0.0,0.0
2023-03-20 00:00:00-04:00,0.00019999999494757503,0.0003000000142492354,0.00019999999494757503,0.0003000000142492354,2452335,0.0,0.0
2023-03-21 00:00:00-04:00,0.0003000000142492354,0.0003000000142492354,0.0003000000142492354,0.0003000000142492354,0,0.0,0.0
2023-03-22 00:00:00-04:00,0.00019999999494757503,0.0003000000142492354,0.00019999999494757503,0.0003000000142492354,5175944,0.0,0.0
2023-03-23 00:00:00-04:00,0.0003000000142492354,0.0003000000142492354,0.0003000000142492354,0.0003000000142492354,0,0.0,0.0
2023-03-24 00:00:00-04:00,0.00019999999494757503,0.0003000000142492354,0.00019999999494757503,0.00019999999494757503,1549860,0.0,0.0
2023-03-27 00:00:00-04:00,0.00019999999494757503,0.0003000000142492354,0.00019999999494757503,0.0003000000142492354,3381158,0.0,0.0
2023-03-28 00:00:00-04:00,0.00019999999494757503,0.0003000000142492354,0.00019999999494757503,0.0003000000142492354,2355001,0.0,0.0
2023-03-29 00:00:00-04:00,0.00019999999494757503,0.0003000000142492354,0.00019999999494757503,0.0003000000142492354,5008000,0.0,0.0
2023-03-30 00:00:00-04:00,0.0003000000142492354,0.0003000000142492354,0.0003000000142492354,0.0003000000142492354,0,0.0,0.0
2023-03-31 00:00:00-04:00,0.00019999999494757503,0.0003000000142492354,0.00019999999494757503,0.0003000000142492354,2232333,0.0,0.0
2023-04-03 00:00:00-04:00,0.0003000000142492354,0.0003000000142492354,0.00019999999494757503,0.0003000000142492354,1785000,0.0,0.0
2023-04-04 00:00:00-04:00,0.00019999999494757503,0.0003000000142492354,0.00019999999494757503,0.0003000000142492354,1565000,0.0,0.0
2023-04-05 00:00:00-04:00,0.00019999999494757503,0.0003000000142492354,0.00019999999494757503,0.00019999999494757503,1333488,0.0,0.0
2023-04-06 00:00:00-04:00,0.0003000000142492354,0.0003000000142492354,0.00019999999494757503,0.0003000000142492354,13895000,0.0,0.0
2023-04-10 00:00:00-04:00,0.0003000000142492354,0.0003000000142492354,0.0003000000142492354,0.0003000000142492354,2000000,0.0,0.0
2023-04-11 00:00:00-04:00,0.00019999999494757503,0.0003000000142492354,0.00019999999494757503,0.00019999999494757503,555000,0.0,0.0
2023-04-12 00:00:00-04:00,0.0003000000142492354,0.0003000000142492354,0.00019999999494757503,0.0003000000142492354,8113640,0.0,0.0
2023-04-13 00:00:00-04:00,0.0003000000142492354,0.0003000000142492354,0.00019999999494757503,0.0003000000142492354,13570000,0.0,0.0
2023-04-14 00:00:00-04:00,0.0003000000142492354,0.0003000000142492354,0.0003000000142492354,0.0003000000142492354,5000000,0.0,0.0
2023-04-17 00:00:00-04:00,0.00019999999494757503,0.0003000000142492354,0.00019999999494757503,0.0003000000142492354,746816,0.0,0.0
2023-04-18 00:00:00-04:00,0.0003000000142492354,0.0003000000142492354,0.0003000000142492354,0.0003000000142492354,2810001,0.0,0.0
2023-04-19 00:00:00-04:00,0.00019999999494757503,0.0003000000142492354,0.00019999999494757503,0.0003000000142492354,4771664,0.0,0.0
2023-04-20 00:00:00-04:00,0.00019999999494757503,0.0003000000142492354,0.00019999999494757503,0.0003000000142492354,1505000,0.0,0.0
2023-04-21 00:00:00-04:00,0.0003000000142492354,0.0003000000142492354,0.0003000000142492354,0.0003000000142492354,999999,0.0,0.0
2023-04-24 00:00:00-04:00,0.00019999999494757503,0.0003000000142492354,0.00019999999494757503,0.0003000000142492354,235000,0.0,0.0
2023-04-25 00:00:00-04:00,0.0003000000142492354,0.0003000000142492354,0.00019999999494757503,0.00019999999494757503,133333,0.0,0.0
2023-04-26 00:00:00-04:00,0.00019999999494757503,0.0003000000142492354,0.00019999999494757503,0.00019999999494757503,2660163,0.0,0.0
2023-04-27 00:00:00-04:00,0.0002500000118743628,0.0003000000142492354,0.00019999999494757503,0.0003000000142492354,136666,0.0,0.0
2023-04-28 00:00:00-04:00,0.0003000000142492354,0.0003000000142492354,0.00019999999494757503,0.00019999999494757503,3500666,0.0,0.0
2023-05-01 00:00:00-04:00,0.00019999999494757503,0.0003000000142492354,0.00019999999494757503,0.00019999999494757503,146726919,0.0,0.0
2023-05-02 00:00:00-04:00,0.00019999999494757503,0.0003000000142492354,0.00019999999494757503,0.00019999999494757503,5522516,0.0,0.0
2023-05-03 00:00:00-04:00,0.0003000000142492354,0.0003000000142492354,0.00019999999494757503,0.00019999999494757503,7489266,0.0,0.0
2023-05-04 00:00:00-04:00,0.0003000000142492354,0.0003000000142492354,0.00019999999494757503,0.00019999999494757503,9931839,0.0,0.0
2023-05-05 00:00:00-04:00,0.0003000000142492354,0.0003000000142492354,0.00019999999494757503,0.0003000000142492354,70000,0.0,0.0
2023-05-08 00:00:00-04:00,0.00019999999494757503,0.0003000000142492354,0.00019999999494757503,0.00019999999494757503,25449390,0.0,0.0
2023-05-09 00:00:00-04:00,0.0003000000142492354,0.0003000000142492354,0.00019999999494757503,0.0003000000142492354,1669200,0.0,0.0
2023-05-10 00:00:00-04:00,0.0003000000142492354,0.0003000000142492354,0.00019999999494757503,0.0003000000142492354,830222,0.0,0.0
2023-05-11 00:00:00-04:00,0.0003000000142492354,0.0003000000142492354,0.0003000000142492354,0.0003000000142492354,120000,0.0,0.0
2023-05-12 00:00:00-04:00,0.0003000000142492354,0.0003000000142492354,0.0003000000142492354,0.0003000000142492354,220000,0.0,0.0
2023-05-15 00:00:00-04:00,0.0003000000142492354,0.0003000000142492354,0.00019999999494757503,0.0003000000142492354,282333,0.0,0.0
2023-05-16 00:00:00-04:00,0.00019999999494757503,0.00019999999494757503,0.00019999999494757503,0.00019999999494757503,1000000,0.0,0.0
2023-05-17 00:00:00-04:00,0.00019999999494757503,0.0003000000142492354,0.00019999999494757503,0.0002500000118743628,2124642,0.0,0.0
2023-05-18 00:00:00-04:00,0.0003000000142492354,0.0003000000142492354,0.00019999999494757503,0.00019999999494757503,1635000,0.0,0.0
2023-05-19 00:00:00-04:00,0.00019999999494757503,0.0003000000142492354,0.00019999999494757503,0.0003000000142492354,11080357,0.0,0.0
2023-05-22 00:00:00-04:00,0.0003000000142492354,0.0003000000142492354,0.0003000000142492354,0.0003000000142492354,50000,0.0,0.0
2023-05-23 00:00:00-04:00,0.0002500000118743628,0.0003000000142492354,0.0002500000118743628,0.0003000000142492354,19811,0.0,0.0
2023-05-24 00:00:00-04:00,0.0002500000118743628,0.0003000000142492354,0.00019999999494757503,0.0003000000142492354,101000,0.0,0.0
2023-05-25 00:00:00-04:00,0.0003000000142492354,0.0003000000142492354,0.0003000000142492354,0.0003000000142492354,0,0.0,0.0
2023-05-26 00:00:00-04:00,0.00019999999494757503,0.0003000000142492354,0.00019999999494757503,0.0003000000142492354,2050000,0.0,0.0
2023-05-30 00:00:00-04:00,0.00019999999494757503,0.0003000000142492354,0.00019999999494757503,0.00019999999494757503,1474967,0.0,0.0
2023-05-31 00:00:00-04:00,0.0003000000142492354,0.0003000000142492354,0.00019999999494757503,0.0003000000142492354,270555,0.0,0.0
2023-06-01 00:00:00-04:00,0.00019999999494757503,0.0003000000142492354,0.00019999999494757503,0.0003000000142492354,2555555,0.0,0.0
2023-06-02 00:00:00-04:00,0.0003000000142492354,0.0003000000142492354,0.0003000000142492354,0.0003000000142492354,0,0.0,0.0
2023-06-05 00:00:00-04:00,0.00019999999494757503,0.0003000000142492354,0.00019999999494757503,0.0003000000142492354,10495660,0.0,0.0
2023-06-06 00:00:00-04:00,0.00019999999494757503,0.0003000000142492354,0.00019999999494757503,0.00019999999494757503,10285184,0.0,0.0
2023-06-07 00:00:00-04:00,0.0003000000142492354,0.0003000000142492354,0.00019999999494757503,0.0003000000142492354,611882,0.0,0.0
2023-06-08 00:00:00-04:00,0.0003000000142492354,0.0003000000142492354,0.0003000000142492354,0.0003000000142492354,0,0.0,0.0
2023-06-09 00:00:00-04:00,0.00019999999494757503,0.0003000000142492354,0.00019999999494757503,0.0003000000142492354,10136445,0.0,0.0
2023-06-12 00:00:00-04:00,0.0003000000142492354,0.0003000000142492354,0.0003000000142492354,0.0003000000142492354,0,0.0,0.0
2023-06-13 00:00:00-04:00,0.00019999999494757503,0.0003000000142492354,0.00019999999494757503,0.0003000000142492354,5876593,0.0,0.0
2023-06-14 00:00:00-04:00,0.00019999999494757503,0.0003000000142492354,0.00019999999494757503,0.0003000000142492354,20876145,0.0,0.0
2023-06-15 00:00:00-04:00,0.00019999999494757503,0.0003000000142492354,0.00019999999494757503,0.00019999999494757503,50483774,0.0,0.0
2023-06-16 00:00:00-04:00,0.00019999999494757503,0.0003000000142492354,0.00019999999494757503,0.0003000000142492354,1004444,0.0,0.0
2023-06-20 00:00:00-04:00,0.00019999999494757503,0.00019999999494757503,0.00019999999494757503,0.00019999999494757503,4185000,0.0,0.0
2023-06-21 00:00:00-04:00,0.00019999999494757503,0.00019999999494757503,9.999999747378752e-05,0.00019999999494757503,9013057,0.0,0.0
2023-06-22 00:00:00-04:00,0.00019999999494757503,0.00019999999494757503,9.999999747378752e-05,0.00019999999494757503,2415555,0.0,0.0
2023-06-23 00:00:00-04:00,9.999999747378752e-05,0.00019999999494757503,9.999999747378752e-05,0.00019999999494757503,1354555,0.0,0.0
2023-06-26 00:00:00-04:00,0.00019999999494757503,0.00019999999494757503,0.00019999999494757503,0.00019999999494757503,50500,0.0,0.0
2023-06-27 00:00:00-04:00,9.999999747378752e-05,0.00019999999494757503,9.999999747378752e-05,0.00019999999494757503,550000,0.0,0.0
2023-06-28 00:00:00-04:00,9.999999747378752e-05,0.00019999999494757503,9.999999747378752e-05,0.00019999999494757503,1878728,0.0,0.0
2023-06-29 00:00:00-04:00,9.999999747378752e-05,0.00019999999494757503,9.999999747378752e-05,0.00019999999494757503,1250000,0.0,0.0
2023-06-30 00:00:00-04:00,0.00019999999494757503,0.00019999999494757503,0.00019999999494757503,0.00019999999494757503,0,0.0,0.0
2023-07-03 00:00:00-04:00,0.00019999999494757503,0.00019999999494757503,0.00019999999494757503,0.00019999999494757503,1500001,0.0,0.0
2023-07-05 00:00:00-04:00,9.999999747378752e-05,0.00019999999494757503,9.999999747378752e-05,0.00019999999494757503,405555,0.0,0.0
2023-07-06 00:00:00-04:00,0.00019999999494757503,0.00019999999494757503,0.00019999999494757503,0.00019999999494757503,3500000,0.0,0.0
2023-07-07 00:00:00-04:00,9.999999747378752e-05,0.00019999999494757503,9.999999747378752e-05,0.00019999999494757503,522221,0.0,0.0
2023-07-10 00:00:00-04:00,9.999999747378752e-05,0.00019999999494757503,9.999999747378752e-05,9.999999747378752e-05,4400555,0.0,0.0
2023-07-11 00:00:00-04:00,9.999999747378752e-05,0.00019999999494757503,9.999999747378752e-05,0.00019999999494757503,1503577,0.0,0.0
2023-07-12 00:00:00-04:00,0.00019999999494757503,0.00019999999494757503,9.999999747378752e-05,0.00019999999494757503,901055,0.0,0.0
2023-07-13 00:00:00-04:00,9.999999747378752e-05,0.00019999999494757503,9.999999747378752e-05,0.00019999999494757503,370555,0.0,0.0
2023-07-14 00:00:00-04:00,9.999999747378752e-05,0.00019999999494757503,9.999999747378752e-05,0.00019999999494757503,2281554,0.0,0.0
2023-07-17 00:00:00-04:00,0.00019999999494757503,0.00019999999494757503,0.00019999999494757503,0.00019999999494757503,0,0.0,0.0
2023-07-18 00:00:00-04:00,9.999999747378752e-05,0.00019999999494757503,9.999999747378752e-05,0.00019999999494757503,4476513,0.0,0.0
2023-07-19 00:00:00-04:00,0.00019999999494757503,0.00019999999494757503,0.00019999999494757503,0.00019999999494757503,0,0.0,0.0
2023-07-20 00:00:00-04:00,0.00019999999494757503,0.00019999999494757503,9.999999747378752e-05,0.00019999999494757503,7104355,0.0,0.0
2023-07-21 00:00:00-04:00,9.999999747378752e-05,0.00019999999494757503,9.999999747378752e-05,0.00019999999494757503,305555,0.0,0.0
2023-07-24 00:00:00-04:00,9.999999747378752e-05,0.00019999999494757503,9.999999747378752e-05,0.00019999999494757503,10878282,0.0,0.0
2023-07-25 00:00:00-04:00,9.999999747378752e-05,0.00019999999494757503,9.999999747378752e-05,0.00019999999494757503,4068150,0.0,0.0
2023-07-26 00:00:00-04:00,9.999999747378752e-05,0.00019999999494757503,9.999999747378752e-05,0.00019999999494757503,278000,0.0,0.0
2023-07-27 00:00:00-04:00,0.00019999999494757503,0.0003000000142492354,0.00019999999494757503,0.00019999999494757503,41517410,0.0,0.0
2023-07-28 00:00:00-04:00,0.00019999999494757503,0.0003000000142492354,0.00019999999494757503,0.00019999999494757503,33119042,0.0,0.0
2023-08-01 00:00:00-04:00,0.00019999999494757503,0.00019999999494757503,0.00019999999494757503,0.00019999999494757503,3100000,0.0,0.0
