Date,Open,High,Low,Close,Volume,Dividends,Stock Splits,Capital Gains
2020-11-11 00:00:00-05:00,25.4768009185791,25.4768009185791,25.4768009185791,25.4768009185791,0,0.0,0.0,0.0
2020-11-12 00:00:00-05:00,25.639999389648438,25.639999389648438,25.27739906311035,25.27739906311035,935,0.0,0.0,0.0
2020-11-13 00:00:00-05:00,25.34000015258789,25.354999542236328,25.309799194335938,25.342199325561523,1334,0.0,0.0,0.0
2020-11-16 00:00:00-05:00,25.559999465942383,25.56999969482422,25.420000076293945,25.548999786376953,14018,0.0,0.0,0.0
2020-11-17 00:00:00-05:00,25.489999771118164,25.579999923706055,25.3533992767334,25.553699493408203,1338,0.0,0.0,0.0
2020-11-18 00:00:00-05:00,25.549999237060547,25.579999923706055,25.305999755859375,25.305999755859375,837,0.0,0.0,0.0
2020-11-19 00:00:00-05:00,25.420000076293945,25.5,25.389999389648438,25.5,1634,0.0,0.0,0.0
2020-11-20 00:00:00-05:00,25.489999771118164,25.589000701904297,25.489999771118164,25.4960994720459,3075,0.0,0.0,0.0
2020-11-23 00:00:00-05:00,25.770000457763672,25.82159996032715,25.729999542236328,25.82159996032715,2660,0.0,0.0,0.0
2020-11-24 00:00:00-05:00,26.170000076293945,26.32990074157715,26.170000076293945,26.31100082397461,840,0.0,0.0,0.0
2020-11-25 00:00:00-05:00,26.190000534057617,26.389999389648438,26.190000534057617,26.313400268554688,1268,0.0,0.0,0.0
2020-11-27 00:00:00-05:00,26.579999923706055,26.85059928894043,26.579999923706055,26.74920082092285,933,0.0,0.0,0.0
2020-11-30 00:00:00-05:00,26.989999771118164,27.0,26.43000030517578,26.43000030517578,667,0.0,0.0,0.0
2020-12-01 00:00:00-05:00,26.690000534057617,26.690000534057617,26.613000869750977,26.613000869750977,813,0.0,0.0,0.0
2020-12-02 00:00:00-05:00,26.299999237060547,26.55900001525879,26.299999237060547,26.541799545288086,677,0.0,0.0,0.0
2020-12-03 00:00:00-05:00,26.638999938964844,26.649999618530273,26.406099319458008,26.406099319458008,1187,0.0,0.0,0.0
2020-12-04 00:00:00-05:00,26.559999465942383,26.559999465942383,26.520000457763672,26.538400650024414,1766,0.0,0.0,0.0
2020-12-07 00:00:00-05:00,26.56999969482422,26.59000015258789,26.544300079345703,26.544300079345703,2277,0.0,0.0,0.0
2020-12-08 00:00:00-05:00,26.739999771118164,26.989999771118164,26.739999771118164,26.948400497436523,500,0.0,0.0,0.0
2020-12-09 00:00:00-05:00,26.84000015258789,26.969999313354492,26.500999450683594,26.600000381469727,3379,0.0,0.0,0.0
2020-12-10 00:00:00-05:00,26.5,26.67569923400879,26.5,26.67569923400879,287,0.0,0.0,0.0
2020-12-11 00:00:00-05:00,26.672300338745117,26.672300338745117,26.672300338745117,26.672300338745117,48,0.0,0.0,0.0
2020-12-14 00:00:00-05:00,27.040000915527344,27.040000915527344,27.007299423217773,27.007299423217773,315,0.0,0.0,0.0
2020-12-15 00:00:00-05:00,27.649999618530273,27.94059944152832,27.649999618530273,27.94059944152832,821,0.0,0.0,0.0
2020-12-16 00:00:00-05:00,27.889999389648438,27.935199737548828,27.889999389648438,27.935199737548828,525,0.0,0.0,0.0
2020-12-17 00:00:00-05:00,28.198999404907227,28.198999404907227,28.181699752807617,28.196300506591797,675,0.0,0.0,0.0
2020-12-18 00:00:00-05:00,28.62019920349121,28.62019920349121,28.62019920349121,28.62019920349121,100,0.0,0.0,0.0
2020-12-21 00:00:00-05:00,28.459999084472656,28.86280059814453,28.408000946044922,28.86280059814453,1721,0.0,0.0,0.0
2020-12-22 00:00:00-05:00,29.09000015258789,29.424100875854492,29.062000274658203,29.424100875854492,1573,0.0,0.0,0.0
2020-12-23 00:00:00-05:00,30.079999923706055,30.079999923706055,29.626399993896484,29.626399993896484,4150,0.0,0.0,0.0
2020-12-24 00:00:00-05:00,29.670000076293945,29.670000076293945,29.510000228881836,29.616899490356445,1552,0.0,0.0,0.0
2020-12-28 00:00:00-05:00,30.231000900268555,30.231000900268555,29.940000534057617,29.940000534057617,2672,0.0,0.0,0.0
2020-12-29 00:00:00-05:00,30.280000686645508,30.280000686645508,29.77899932861328,29.836700439453125,2617,0.0,0.0,0.0
2020-12-30 00:00:00-05:00,30.200000762939453,30.30500030517578,30.195100784301758,30.195100784301758,2619,0.0,0.0,0.0
2020-12-31 00:00:00-05:00,30.25,30.25,30.25,30.25,714,0.0,0.0,0.0
2021-01-04 00:00:00-05:00,31.339599609375,31.339599609375,30.76799964904785,30.875099182128906,3431,0.0,0.0,0.0
2021-01-05 00:00:00-05:00,30.979999542236328,31.34000015258789,30.96980094909668,31.29599952697754,4134,0.0,0.0,0.0
2021-01-06 00:00:00-05:00,32.5,33.380001068115234,32.5,33.010799407958984,103711,0.0,0.0,0.0
2021-01-07 00:00:00-05:00,34.150001525878906,34.43000030517578,33.93000030517578,34.380699157714844,8941,0.0,0.0,0.0
2021-01-08 00:00:00-05:00,34.779998779296875,35.099998474121094,33.95000076293945,34.1870002746582,21823,0.0,0.0,0.0
2021-01-11 00:00:00-05:00,33.65999984741211,33.68000030517578,33.029998779296875,33.56060028076172,4455,0.0,0.0,0.0
2021-01-12 00:00:00-05:00,33.540000915527344,33.71760177612305,33.470001220703125,33.71760177612305,1124,0.0,0.0,0.0
2021-01-13 00:00:00-05:00,33.849998474121094,33.849998474121094,33.48830032348633,33.48830032348633,1546,0.0,0.0,0.0
2021-01-14 00:00:00-05:00,33.70000076293945,33.70000076293945,33.37889862060547,33.37889862060547,1519,0.0,0.0,0.0
2021-01-15 00:00:00-05:00,33.0,33.0,31.985000610351562,31.985000610351562,4253,0.0,0.0,0.0
2021-01-19 00:00:00-05:00,33.31999969482422,33.31999969482422,32.18000030517578,32.85020065307617,4346,0.0,0.0,0.0
2021-01-20 00:00:00-05:00,33.380001068115234,33.494998931884766,33.380001068115234,33.494998931884766,1486,0.0,0.0,0.0
2021-01-21 00:00:00-05:00,33.7599983215332,34.183101654052734,33.499000549316406,34.183101654052734,7758,0.0,0.0,0.0
2021-01-22 00:00:00-05:00,33.900001525878906,34.14870071411133,33.89659881591797,34.14870071411133,3528,0.0,0.0,0.0
2021-01-25 00:00:00-05:00,34.45000076293945,34.59000015258789,33.72999954223633,33.852901458740234,8162,0.0,0.0,0.0
2021-01-26 00:00:00-05:00,33.790000915527344,33.80500030517578,33.564998626708984,33.78269958496094,560,0.0,0.0,0.0
2021-01-27 00:00:00-05:00,32.900001525878906,32.900001525878906,32.209999084472656,32.36470031738281,2440,0.0,0.0,0.0
2021-01-28 00:00:00-05:00,32.90999984741211,32.90999984741211,32.540000915527344,32.76430130004883,11207,0.0,0.0,0.0
2021-01-29 00:00:00-05:00,32.44900131225586,32.45000076293945,31.709999084472656,31.933900833129883,2787,0.0,0.0,0.0
2021-02-01 00:00:00-05:00,32.349998474121094,32.899200439453125,32.349998474121094,32.899200439453125,950,0.0,0.0,0.0
2021-02-02 00:00:00-05:00,33.619998931884766,33.619998931884766,33.15999984741211,33.597999572753906,7543,0.0,0.0,0.0
2021-02-03 00:00:00-05:00,34.09000015258789,34.09000015258789,33.724998474121094,34.00469970703125,2506,0.0,0.0,0.0
2021-02-04 00:00:00-05:00,33.79999923706055,33.79999923706055,33.68000030517578,33.75790023803711,3322,0.0,0.0,0.0
2021-02-05 00:00:00-05:00,33.810001373291016,33.91999816894531,33.810001373291016,33.91299819946289,1477,0.0,0.0,0.0
2021-02-08 00:00:00-05:00,34.2599983215332,34.37110137939453,34.2599983215332,34.37110137939453,3159,0.0,0.0,0.0
2021-02-09 00:00:00-05:00,34.665000915527344,34.81999969482422,34.5890007019043,34.77330017089844,9723,0.0,0.0,0.0
2021-02-10 00:00:00-05:00,35.17499923706055,35.17499923706055,34.51169967651367,34.51169967651367,8497,0.0,0.0,0.0
2021-02-11 00:00:00-05:00,34.970001220703125,35.01890182495117,34.79999923706055,35.01890182495117,1553,0.0,0.0,0.0
2021-02-12 00:00:00-05:00,35.0,35.23429870605469,35.0,35.23429870605469,3602,0.0,0.0,0.0
2021-02-16 00:00:00-05:00,35.91999816894531,35.91999816894531,35.400001525878906,35.422698974609375,8269,0.0,0.0,0.0
2021-02-17 00:00:00-05:00,35.08000183105469,35.08000183105469,34.30500030517578,34.8218994140625,4078,0.0,0.0,0.0
2021-02-18 00:00:00-05:00,34.08000183105469,34.08000183105469,33.5,33.765499114990234,3505,0.0,0.0,0.0
2021-02-19 00:00:00-05:00,34.099998474121094,34.099998474121094,33.9900016784668,33.999000549316406,5788,0.0,0.0,0.0
2021-02-22 00:00:00-05:00,33.27000045776367,33.310001373291016,32.76020050048828,32.76020050048828,2428,0.0,0.0,0.0
2021-02-23 00:00:00-05:00,32.25,32.25,31.489999771118164,32.193199157714844,14610,0.0,0.0,0.0
2021-02-24 00:00:00-05:00,31.940000534057617,32.61000061035156,31.93000030517578,32.58169937133789,8887,0.0,0.0,0.0
2021-02-25 00:00:00-05:00,32.56999969482422,32.56999969482422,31.485000610351562,31.56410026550293,1382,0.0,0.0,0.0
2021-02-26 00:00:00-05:00,31.079999923706055,31.6205997467041,31.0,31.6205997467041,11796,0.0,0.0,0.0
2021-03-01 00:00:00-05:00,32.29999923706055,32.80500030517578,32.16659927368164,32.75,12008,0.0,0.0,0.0
2021-03-02 00:00:00-05:00,32.7599983215332,32.779998779296875,32.150001525878906,32.18009948730469,4348,0.0,0.0,0.0
2021-03-03 00:00:00-05:00,31.850000381469727,31.850000381469727,30.9778995513916,30.9778995513916,822,0.0,0.0,0.0
2021-03-04 00:00:00-05:00,30.079999923706055,30.459999084472656,29.299999237060547,29.34000015258789,12977,0.0,0.0,0.0
2021-03-05 00:00:00-05:00,29.479999542236328,29.479999542236328,28.280000686645508,29.16069984436035,7927,0.0,0.0,0.0
2021-03-08 00:00:00-05:00,29.52829933166504,29.52829933166504,28.96299934387207,28.96299934387207,3695,0.0,0.0,0.0
2021-03-09 00:00:00-05:00,29.729999542236328,29.98900032043457,29.729999542236328,29.86400032043457,3199,0.0,0.0,0.0
2021-03-10 00:00:00-05:00,30.010000228881836,30.100000381469727,30.010000228881836,30.07979965209961,730,0.0,0.0,0.0
2021-03-11 00:00:00-05:00,31.1200008392334,31.179000854492188,31.1200008392334,31.156400680541992,777,0.0,0.0,0.0
2021-03-12 00:00:00-05:00,31.030000686645508,31.070899963378906,30.954999923706055,31.070899963378906,478,0.0,0.0,0.0
2021-03-15 00:00:00-04:00,31.139999389648438,31.196300506591797,30.899999618530273,31.196300506591797,4813,0.0,0.0,0.0
2021-03-16 00:00:00-04:00,31.015399932861328,31.015399932861328,31.015399932861328,31.015399932861328,175,0.0,0.0,0.0
2021-03-17 00:00:00-04:00,30.639999389648438,30.639999389648438,30.6299991607666,30.6299991607666,326,0.0,0.0,0.0
2021-03-18 00:00:00-04:00,30.440000534057617,30.440000534057617,29.809999465942383,29.815200805664062,1512,0.0,0.0,0.0
2021-03-19 00:00:00-04:00,30.0,30.020599365234375,29.665000915527344,30.020599365234375,2415,0.0,0.0,0.0
2021-03-22 00:00:00-04:00,30.299999237060547,30.47410011291504,30.283000946044922,30.47410011291504,620,0.0,0.0,0.0
2021-03-23 00:00:00-04:00,30.0,30.0,29.65690040588379,29.65690040588379,1251,0.0,0.0,0.0
2021-03-24 00:00:00-04:00,29.6200008392334,29.6200008392334,29.107500076293945,29.107500076293945,1223,0.0,0.0,0.0
2021-03-25 00:00:00-04:00,28.729999542236328,29.44379997253418,28.729999542236328,29.44379997253418,2693,0.0,0.0,0.0
2021-03-26 00:00:00-04:00,30.240400314331055,30.240400314331055,30.240400314331055,30.240400314331055,169,0.0,0.0,0.0
2021-03-29 00:00:00-04:00,30.200000762939453,30.200000762939453,29.80590057373047,29.80590057373047,1440,0.0,0.0,0.0
2021-03-30 00:00:00-04:00,30.319799423217773,30.319799423217773,30.319799423217773,30.319799423217773,421,0.0,0.0,0.0
2021-03-31 00:00:00-04:00,30.711999893188477,30.879899978637695,30.711999893188477,30.879899978637695,814,0.0,0.0,0.0
2021-04-01 00:00:00-04:00,31.3799991607666,31.3799991607666,31.309999465942383,31.36050033569336,2391,0.0,0.0,0.0
2021-04-05 00:00:00-04:00,32.0099983215332,32.0099983215332,31.450000762939453,31.578899383544922,16881,0.0,0.0,0.0
2021-04-06 00:00:00-04:00,31.549999237060547,31.579999923706055,31.4281005859375,31.4281005859375,3592,0.0,0.0,0.0
2021-04-07 00:00:00-04:00,31.079999923706055,31.079999923706055,30.874799728393555,30.874799728393555,1248,0.0,0.0,0.0
2021-04-08 00:00:00-04:00,31.09000015258789,31.260000228881836,31.09000015258789,31.12980079650879,1626,0.0,0.0,0.0
2021-04-09 00:00:00-04:00,31.05900001525879,31.13479995727539,31.058799743652344,31.13479995727539,641,0.0,0.0,0.0
2021-04-12 00:00:00-04:00,30.899999618530273,30.928699493408203,30.899999618530273,30.928699493408203,645,0.0,0.0,0.0
2021-04-13 00:00:00-04:00,30.880300521850586,31.037900924682617,30.850000381469727,31.037900924682617,805,0.0,0.0,0.0
2021-04-14 00:00:00-04:00,31.239999771118164,31.239999771118164,30.9950008392334,30.99850082397461,264,0.0,0.0,0.0
2021-04-15 00:00:00-04:00,31.09119987487793,31.09119987487793,31.09119987487793,31.09119987487793,301,0.0,0.0,0.0
2021-04-16 00:00:00-04:00,31.350000381469727,31.424999237060547,31.350000381469727,31.365100860595703,353,0.0,0.0,0.0
2021-04-19 00:00:00-04:00,31.052000045776367,31.087499618530273,31.052000045776367,31.087499618530273,1199,0.0,0.0,0.0
2021-04-20 00:00:00-04:00,30.81999969482422,30.81999969482422,30.81999969482422,30.81999969482422,597,0.0,0.0,0.0
2021-04-21 00:00:00-04:00,31.040000915527344,31.184900283813477,31.040000915527344,31.184900283813477,1030,0.0,0.0,0.0
2021-04-22 00:00:00-04:00,31.3799991607666,31.424999237060547,31.3799991607666,31.39620018005371,1010,0.0,0.0,0.0
2021-04-23 00:00:00-04:00,31.420000076293945,32.002498626708984,31.420000076293945,32.002498626708984,2123,0.0,0.0,0.0
2021-04-26 00:00:00-04:00,32.02000045776367,32.089698791503906,32.02000045776367,32.089698791503906,1040,0.0,0.0,0.0
2021-04-27 00:00:00-04:00,32.400001525878906,32.400001525878906,32.185001373291016,32.26110076904297,1223,0.0,0.0,0.0
2021-04-28 00:00:00-04:00,32.08000183105469,32.08000183105469,31.8700008392334,31.94809913635254,3535,0.0,0.0,0.0
2021-04-29 00:00:00-04:00,31.56999969482422,31.685199737548828,31.56999969482422,31.685199737548828,626,0.0,0.0,0.0
2021-04-30 00:00:00-04:00,30.940200805664062,30.940200805664062,30.940200805664062,30.940200805664062,404,0.0,0.0,0.0
2021-05-03 00:00:00-04:00,31.200000762939453,31.200000762939453,30.80739974975586,30.80739974975586,2474,0.0,0.0,0.0
2021-05-04 00:00:00-04:00,30.010000228881836,30.3700008392334,29.739999771118164,29.852500915527344,3654,0.0,0.0,0.0
2021-05-05 00:00:00-04:00,30.110000610351562,30.239999771118164,30.165700912475586,30.165700912475586,613,0.0,0.0,0.0
2021-05-06 00:00:00-04:00,30.18000030517578,30.18000030517578,29.770000457763672,30.068899154663086,4893,0.0,0.0,0.0
2021-05-07 00:00:00-04:00,30.540000915527344,30.563499450683594,30.5,30.563499450683594,4269,0.0,0.0,0.0
2021-05-10 00:00:00-04:00,30.709999084472656,30.709999084472656,29.935699462890625,29.935699462890625,5696,0.0,0.0,0.0
2021-05-11 00:00:00-04:00,29.40999984741211,29.682899475097656,29.280000686645508,29.682899475097656,3483,0.0,0.0,0.0
2021-05-12 00:00:00-04:00,29.31999969482422,29.31999969482422,28.858299255371094,28.858299255371094,6003,0.0,0.0,0.0
2021-05-13 00:00:00-04:00,29.0,29.1481990814209,29.0,29.1481990814209,262,0.0,0.0,0.0
2021-05-14 00:00:00-04:00,29.559999465942383,29.846599578857422,29.559999465942383,29.846599578857422,2159,0.0,0.0,0.0
2021-05-17 00:00:00-04:00,29.68000030517578,29.68000030517578,29.649200439453125,29.649200439453125,509,0.0,0.0,0.0
2021-05-18 00:00:00-04:00,30.040000915527344,30.040000915527344,29.89389991760254,29.89389991760254,257,0.0,0.0,0.0
2021-05-19 00:00:00-04:00,29.6299991607666,29.880599975585938,29.6299991607666,29.880599975585938,542,0.0,0.0,0.0
2021-05-20 00:00:00-04:00,30.600000381469727,30.67180061340332,30.575000762939453,30.67180061340332,1283,0.0,0.0,0.0
2021-05-21 00:00:00-04:00,30.798099517822266,30.798099517822266,30.798099517822266,30.798099517822266,227,0.0,0.0,0.0
2021-05-24 00:00:00-04:00,30.979999542236328,30.979999542236328,30.920000076293945,30.970699310302734,733,0.0,0.0,0.0
2021-05-25 00:00:00-04:00,31.174999237060547,31.179899215698242,31.116600036621094,31.116600036621094,851,0.0,0.0,0.0
2021-05-26 00:00:00-04:00,30.93000030517578,31.076900482177734,30.93000030517578,31.076900482177734,467,0.0,0.0,0.0
2021-05-27 00:00:00-04:00,31.19260025024414,31.19260025024414,31.19260025024414,31.19260025024414,112,0.0,0.0,0.0
2021-05-28 00:00:00-04:00,31.350000381469727,31.350000381469727,31.24370002746582,31.24370002746582,503,0.0,0.0,0.0
2021-06-01 00:00:00-04:00,31.34000015258789,31.528200149536133,31.34000015258789,31.48069953918457,966,0.0,0.0,0.0
2021-06-02 00:00:00-04:00,31.3799991607666,31.3799991607666,31.114900588989258,31.114900588989258,738,0.0,0.0,0.0
2021-06-03 00:00:00-04:00,30.783300399780273,30.783300399780273,30.783300399780273,30.783300399780273,200,0.0,0.0,0.0
2021-06-04 00:00:00-04:00,31.0,31.010000228881836,31.0,31.010000228881836,445,0.0,0.0,0.0
2021-06-07 00:00:00-04:00,30.899999618530273,30.90180015563965,30.899999618530273,30.90180015563965,403,0.0,0.0,0.0
2021-06-08 00:00:00-04:00,30.790000915527344,30.989500045776367,30.790000915527344,30.989500045776367,732,0.0,0.0,0.0
2021-06-09 00:00:00-04:00,30.938400268554688,30.938400268554688,30.938400268554688,30.938400268554688,148,0.0,0.0,0.0
2021-06-10 00:00:00-04:00,31.174999237060547,31.260000228881836,31.174999237060547,31.230499267578125,870,0.0,0.0,0.0
2021-06-11 00:00:00-04:00,31.5049991607666,31.5049991607666,31.5049991607666,31.5049991607666,143,0.0,0.0,0.0
2021-06-14 00:00:00-04:00,31.799999237060547,31.799999237060547,31.649999618530273,31.697900772094727,4878,0.0,0.0,0.0
2021-06-15 00:00:00-04:00,31.65999984741211,31.677000045776367,31.520000457763672,31.600000381469727,594,0.0,0.0,0.0
2021-06-16 00:00:00-04:00,31.450000762939453,31.450000762939453,31.338899612426758,31.338899612426758,763,0.0,0.0,0.0
2021-06-17 00:00:00-04:00,31.229999542236328,31.314599990844727,31.183000564575195,31.314599990844727,418,0.0,0.0,0.0
2021-06-18 00:00:00-04:00,30.989999771118164,30.989999771118164,30.829999923706055,30.863000869750977,3841,0.0,0.0,0.0
2021-06-21 00:00:00-04:00,31.290000915527344,31.41080093383789,31.290000915527344,31.41080093383789,375,0.0,0.0,0.0
2021-06-22 00:00:00-04:00,31.791000366210938,31.824600219726562,31.791000366210938,31.824600219726562,212,0.0,0.0,0.0
2021-06-23 00:00:00-04:00,31.60099983215332,31.655000686645508,31.600000381469727,31.6466007232666,1152,0.0,0.0,0.0
2021-06-24 00:00:00-04:00,32.112998962402344,32.1599006652832,32.11000061035156,32.11759948730469,848,0.0,0.0,0.0
2021-06-25 00:00:00-04:00,32.32899856567383,32.32899856567383,32.261600494384766,32.261600494384766,424,0.0,0.0,0.0
2021-06-28 00:00:00-04:00,32.34000015258789,32.503700256347656,32.34000015258789,32.503700256347656,585,0.0,0.0,0.0
2021-06-29 00:00:00-04:00,32.76499938964844,32.95389938354492,32.76499938964844,32.95389938354492,2159,0.0,0.0,0.0
2021-06-30 00:00:00-04:00,32.650001525878906,32.650001525878906,32.47990036010742,32.4838981628418,717,0.0,0.0,0.0
2021-07-01 00:00:00-04:00,32.47999954223633,32.54899978637695,32.470001220703125,32.53839874267578,1620,0.0,0.0,0.0
2021-07-02 00:00:00-04:00,32.334999084472656,32.439998626708984,32.334999084472656,32.439998626708984,1149,0.0,0.0,0.0
2021-07-06 00:00:00-04:00,32.29999923706055,32.459999084472656,32.290000915527344,32.412200927734375,5986,0.0,0.0,0.0
2021-07-07 00:00:00-04:00,32.669898986816406,32.669898986816406,32.369998931884766,32.44459915161133,1768,0.0,0.0,0.0
2021-07-08 00:00:00-04:00,31.829999923706055,31.834699630737305,31.829999923706055,31.834699630737305,346,0.0,0.0,0.0
2021-07-09 00:00:00-04:00,32.16999816894531,32.251800537109375,32.06999969482422,32.251800537109375,487,0.0,0.0,0.0
2021-07-12 00:00:00-04:00,32.45000076293945,32.71699905395508,32.45000076293945,32.71699905395508,1207,0.0,0.0,0.0
2021-07-13 00:00:00-04:00,32.54100036621094,32.77000045776367,32.54100036621094,32.54389953613281,389,0.0,0.0,0.0
2021-07-14 00:00:00-04:00,32.09000015258789,32.09000015258789,32.09000015258789,32.09000015258789,306,0.0,0.0,0.0
2021-07-15 00:00:00-04:00,31.600000381469727,31.600000381469727,31.559999465942383,31.59000015258789,444,0.0,0.0,0.0
2021-07-16 00:00:00-04:00,31.229299545288086,31.229299545288086,31.229299545288086,31.229299545288086,59,0.0,0.0,0.0
2021-07-19 00:00:00-04:00,30.891000747680664,30.891000747680664,30.639999389648438,30.806400299072266,1179,0.0,0.0,0.0
2021-07-20 00:00:00-04:00,31.260700225830078,31.260700225830078,31.260700225830078,31.260700225830078,219,0.0,0.0,0.0
2021-07-21 00:00:00-04:00,31.790000915527344,31.970699310302734,31.790000915527344,31.970699310302734,463,0.0,0.0,0.0
2021-07-22 00:00:00-04:00,32.040000915527344,32.040000915527344,31.959400177001953,31.959400177001953,727,0.0,0.0,0.0
2021-07-23 00:00:00-04:00,32.04999923706055,32.04999923706055,31.739999771118164,31.825300216674805,1137,0.0,0.0,0.0
2021-07-26 00:00:00-04:00,31.420000076293945,31.690000534057617,31.420000076293945,31.65999984741211,1643,0.0,0.0,0.0
2021-07-27 00:00:00-04:00,31.28499984741211,31.520200729370117,31.28499984741211,31.520200729370117,555,0.0,0.0,0.0
2021-07-28 00:00:00-04:00,32.234798431396484,32.234798431396484,32.234798431396484,32.234798431396484,127,0.0,0.0,0.0
2021-07-29 00:00:00-04:00,32.439998626708984,32.5890998840332,32.439998626708984,32.56999969482422,4068,0.0,0.0,0.0
2021-07-30 00:00:00-04:00,32.79499816894531,32.96500015258789,32.79499816894531,32.85060119628906,4034,0.0,0.0,0.0
2021-08-02 00:00:00-04:00,33.223899841308594,33.223899841308594,33.223899841308594,33.223899841308594,335,0.0,0.0,0.0
2021-08-03 00:00:00-04:00,33.720001220703125,33.720001220703125,33.5,33.660099029541016,1050,0.0,0.0,0.0
2021-08-04 00:00:00-04:00,33.679901123046875,33.69390106201172,33.679901123046875,33.69390106201172,283,0.0,0.0,0.0
2021-08-05 00:00:00-04:00,33.43000030517578,33.47999954223633,33.43000030517578,33.43980026245117,1977,0.0,0.0,0.0
2021-08-06 00:00:00-04:00,33.33000183105469,33.33000183105469,33.32419967651367,33.32419967651367,214,0.0,0.0,0.0
2021-08-09 00:00:00-04:00,33.68000030517578,33.77000045776367,33.66999816894531,33.680301666259766,1326,0.0,0.0,0.0
2021-08-10 00:00:00-04:00,33.79999923706055,33.79999923706055,33.72999954223633,33.7307014465332,787,0.0,0.0,0.0
2021-08-11 00:00:00-04:00,33.66999816894531,33.756500244140625,33.630001068115234,33.756500244140625,867,0.0,0.0,0.0
2021-08-12 00:00:00-04:00,33.630001068115234,33.64659881591797,33.5099983215332,33.64659881591797,1600,0.0,0.0,0.0
2021-08-13 00:00:00-04:00,33.93000030517578,33.93000030517578,33.54999923706055,33.56999969482422,1271,0.0,0.0,0.0
2021-08-16 00:00:00-04:00,33.189998626708984,33.29999923706055,33.14500045776367,33.2599983215332,1572,0.0,0.0,0.0
2021-08-17 00:00:00-04:00,32.75,32.86000061035156,32.57699966430664,32.57699966430664,1637,0.0,0.0,0.0
2021-08-18 00:00:00-04:00,32.94990158081055,32.95000076293945,32.68360137939453,32.68360137939453,1428,0.0,0.0,0.0
2021-08-19 00:00:00-04:00,32.689998626708984,32.689998626708984,32.4901008605957,32.58689880371094,2519,0.0,0.0,0.0
2021-08-20 00:00:00-04:00,32.76100158691406,33.0526008605957,32.76100158691406,33.0526008605957,238,0.0,0.0,0.0
2021-08-23 00:00:00-04:00,33.150001525878906,33.54999923706055,33.150001525878906,33.534698486328125,1509,0.0,0.0,0.0
2021-08-24 00:00:00-04:00,33.540000915527344,33.689998626708984,33.540000915527344,33.665000915527344,862,0.0,0.0,0.0
2021-08-25 00:00:00-04:00,33.84400177001953,33.86000061035156,33.824100494384766,33.824100494384766,636,0.0,0.0,0.0
2021-08-26 00:00:00-04:00,33.79999923706055,33.79999923706055,33.55440139770508,33.55440139770508,459,0.0,0.0,0.0
2021-08-27 00:00:00-04:00,33.68000030517578,33.99599838256836,33.68000030517578,33.93320083618164,839,0.0,0.0,0.0
2021-08-30 00:00:00-04:00,34.38999938964844,34.38999938964844,34.358001708984375,34.358001708984375,384,0.0,0.0,0.0
2021-08-31 00:00:00-04:00,34.47999954223633,34.47999954223633,34.077999114990234,34.077999114990234,3714,0.0,0.0,0.0
2021-09-01 00:00:00-04:00,34.060001373291016,34.10110092163086,34.060001373291016,34.10110092163086,632,0.0,0.0,0.0
2021-09-02 00:00:00-04:00,34.34000015258789,34.44430160522461,34.34000015258789,34.44430160522461,1310,0.0,0.0,0.0
2021-09-03 00:00:00-04:00,34.4900016784668,34.499000549316406,34.436100006103516,34.436100006103516,1536,0.0,0.0,0.0
2021-09-07 00:00:00-04:00,34.54199981689453,34.54199981689453,34.54199981689453,34.54199981689453,240,0.0,0.0,0.0
2021-09-08 00:00:00-04:00,34.720001220703125,34.720001220703125,34.189998626708984,34.29930114746094,2887,0.0,0.0,0.0
2021-09-09 00:00:00-04:00,34.33000183105469,34.33000183105469,34.275901794433594,34.275901794433594,314,0.0,0.0,0.0
2021-09-10 00:00:00-04:00,34.17100143432617,34.17100143432617,34.0192985534668,34.0192985534668,196,0.0,0.0,0.0
2021-09-13 00:00:00-04:00,34.125,34.310001373291016,34.125,34.290000915527344,2162,0.0,0.0,0.0
2021-09-14 00:00:00-04:00,34.13999938964844,34.32899856567383,34.13999938964844,34.18920135498047,703,0.0,0.0,0.0
2021-09-15 00:00:00-04:00,34.25,34.25,33.97999954223633,34.187599182128906,862,0.0,0.0,0.0
2021-09-16 00:00:00-04:00,33.9900016784668,33.9900016784668,33.630001068115234,33.694801330566406,947,0.0,0.0,0.0
2021-09-17 00:00:00-04:00,33.529998779296875,33.58869934082031,33.529998779296875,33.58869934082031,311,0.0,0.0,0.0
2021-09-20 00:00:00-04:00,33.0099983215332,33.0099983215332,32.599998474121094,32.71289825439453,2888,0.0,0.0,0.0
2021-09-21 00:00:00-04:00,33.0890007019043,33.09000015258789,32.91569900512695,32.91569900512695,732,0.0,0.0,0.0
2021-09-22 00:00:00-04:00,33.370399475097656,33.370399475097656,33.370399475097656,33.370399475097656,109,0.0,0.0,0.0
2021-09-23 00:00:00-04:00,33.92100143432617,34.119998931884766,33.92100143432617,34.050201416015625,1291,0.0,0.0,0.0
2021-09-24 00:00:00-04:00,33.630001068115234,33.79999923706055,33.630001068115234,33.75910186767578,904,0.0,0.0,0.0
2021-09-27 00:00:00-04:00,33.630001068115234,33.77799987792969,33.630001068115234,33.77799987792969,207,0.0,0.0,0.0
2021-09-28 00:00:00-04:00,33.10499954223633,33.30500030517578,33.10499954223633,33.19070053100586,514,0.0,0.0,0.0
2021-09-29 00:00:00-04:00,32.88999938964844,32.95000076293945,32.83000183105469,32.83000183105469,1104,0.0,0.0,0.0
2021-09-30 00:00:00-04:00,32.83430099487305,32.83430099487305,32.83430099487305,32.83430099487305,9,0.0,0.0,0.0
2021-10-01 00:00:00-04:00,33.0,33.0177001953125,33.0,33.0177001953125,1146,0.0,0.0,0.0
2021-10-04 00:00:00-04:00,32.380001068115234,32.77000045776367,32.23500061035156,32.2932014465332,3285,0.0,0.0,0.0
2021-10-05 00:00:00-04:00,32.33100128173828,32.60499954223633,32.33100128173828,32.506900787353516,1202,0.0,0.0,0.0
2021-10-06 00:00:00-04:00,32.18000030517578,32.40999984741211,32.15999984741211,32.3916015625,736,0.0,0.0,0.0
2021-10-07 00:00:00-04:00,32.790000915527344,32.790000915527344,32.673500061035156,32.673500061035156,1141,0.0,0.0,0.0
2021-10-08 00:00:00-04:00,32.470001220703125,32.5,32.290000915527344,32.34859848022461,1160,0.0,0.0,0.0
2021-10-11 00:00:00-04:00,32.15999984741211,32.255001068115234,31.96109962463379,31.96109962463379,945,0.0,0.0,0.0
2021-10-12 00:00:00-04:00,32.43000030517578,32.459999084472656,32.40999984741211,32.45000076293945,1698,0.0,0.0,0.0
2021-10-13 00:00:00-04:00,33.0099983215332,33.13999938964844,33.0099983215332,33.13999938964844,4301,0.0,0.0,0.0
2021-10-14 00:00:00-04:00,33.43109893798828,33.43109893798828,33.43109893798828,33.43109893798828,30,0.0,0.0,0.0
2021-10-15 00:00:00-04:00,33.94900131225586,33.94900131225586,33.81999969482422,33.826698303222656,7622,0.0,0.0,0.0
2021-10-18 00:00:00-04:00,33.5099983215332,33.619998931884766,33.5099983215332,33.60710144042969,11790,0.0,0.0,0.0
2021-10-19 00:00:00-04:00,33.72999954223633,34.167999267578125,33.72999954223633,34.167999267578125,1122,0.0,0.0,0.0
2021-10-20 00:00:00-04:00,34.310001373291016,34.459999084472656,34.310001373291016,34.41640090942383,350,0.0,0.0,0.0
2021-10-21 00:00:00-04:00,34.45930099487305,34.45930099487305,34.45930099487305,34.45930099487305,84,0.0,0.0,0.0
2021-10-22 00:00:00-04:00,34.4900016784668,34.540000915527344,34.4900016784668,34.5,10875,0.0,0.0,0.0
2021-10-25 00:00:00-04:00,34.8047981262207,34.8047981262207,34.8047981262207,34.8047981262207,225,0.0,0.0,0.0
2021-10-26 00:00:00-04:00,34.849998474121094,34.87990188598633,34.69889831542969,34.69889831542969,2855,0.0,0.0,0.0
2021-10-27 00:00:00-04:00,35.209999084472656,35.209999084472656,34.92940139770508,34.92940139770508,1431,0.0,0.0,0.0
2021-10-28 00:00:00-04:00,35.08000183105469,35.652801513671875,35.073001861572266,35.652801513671875,11137,0.0,0.0,0.0
2021-10-29 00:00:00-04:00,35.560001373291016,35.65250015258789,35.560001373291016,35.65250015258789,804,0.0,0.0,0.0
2021-11-01 00:00:00-04:00,35.880001068115234,36.18159866333008,35.880001068115234,36.18159866333008,1573,0.0,0.0,0.0
2021-11-02 00:00:00-04:00,35.849998474121094,36.0099983215332,35.79999923706055,35.98249816894531,4480,0.0,0.0,0.0
2021-11-03 00:00:00-04:00,35.5,35.80550003051758,35.31999969482422,35.80550003051758,1322,0.0,0.0,0.0
2021-11-04 00:00:00-04:00,35.86000061035156,35.8838005065918,35.630001068115234,35.8838005065918,1090,0.0,0.0,0.0
2021-11-05 00:00:00-04:00,35.810001373291016,35.810001373291016,35.599998474121094,35.63999938964844,1338,0.0,0.0,0.0
2021-11-08 00:00:00-05:00,35.70000076293945,35.70000076293945,35.64950180053711,35.64950180053711,409,0.0,0.0,0.0
2021-11-09 00:00:00-05:00,35.4900016784668,35.4900016784668,35.459999084472656,35.459999084472656,524,0.0,0.0,0.0
2021-11-10 00:00:00-05:00,35.08000183105469,35.08000183105469,34.890499114990234,34.890499114990234,880,0.0,0.0,0.0
2021-11-11 00:00:00-05:00,35.310001373291016,35.380001068115234,35.25,35.313499450683594,3487,0.0,0.0,0.0
2021-11-12 00:00:00-05:00,35.44300079345703,35.63999938964844,35.44300079345703,35.58769989013672,1269,0.0,0.0,0.0
2021-11-15 00:00:00-05:00,35.290000915527344,35.290000915527344,35.290000915527344,35.290000915527344,334,0.0,0.0,0.0
2021-11-16 00:00:00-05:00,35.20000076293945,35.33869934082031,35.20000076293945,35.33869934082031,1199,0.0,0.0,0.0
2021-11-17 00:00:00-05:00,35.190101623535156,35.3129997253418,35.190101623535156,35.3129997253418,404,0.0,0.0,0.0
2021-11-18 00:00:00-05:00,35.220001220703125,35.25,35.13999938964844,35.13999938964844,491,0.0,0.0,0.0
2021-11-19 00:00:00-05:00,35.44499969482422,35.44499969482422,35.288700103759766,35.288700103759766,447,0.0,0.0,0.0
2021-11-22 00:00:00-05:00,35.40999984741211,35.459999084472656,35.005699157714844,35.005699157714844,2034,0.0,0.0,0.0
2021-11-23 00:00:00-05:00,34.790000915527344,34.790000915527344,34.54999923706055,34.560001373291016,858,0.0,0.0,0.0
2021-11-24 00:00:00-05:00,34.58000183105469,34.60900115966797,34.58000183105469,34.60900115966797,218,0.0,0.0,0.0
2021-11-26 00:00:00-05:00,35.41999816894531,35.41999816894531,33.86159896850586,33.86159896850586,1163,0.0,0.0,0.0
2021-11-29 00:00:00-05:00,34.56999969482422,34.56999969482422,34.36000061035156,34.38100051879883,1767,0.0,0.0,0.0
2021-11-30 00:00:00-05:00,34.349998474121094,34.349998474121094,33.7599983215332,33.88130187988281,5236,0.0,0.0,0.0
2021-12-01 00:00:00-05:00,34.58000183105469,34.58000183105469,33.69160079956055,33.69160079956055,744,0.0,0.0,0.0
2021-12-02 00:00:00-05:00,33.9900016784668,33.9900016784668,33.79130172729492,33.79130172729492,195,0.0,0.0,0.0
2021-12-03 00:00:00-05:00,32.540000915527344,32.540000915527344,32.43000030517578,32.47800064086914,1462,0.0,0.0,0.0
2021-12-06 00:00:00-05:00,32.25,32.58150100708008,32.25,32.58150100708008,1413,0.0,0.0,0.0
2021-12-07 00:00:00-05:00,33.130001068115234,33.36000061035156,33.130001068115234,33.21500015258789,3460,0.0,0.0,0.0
2021-12-08 00:00:00-05:00,33.349998474121094,33.482601165771484,33.290000915527344,33.482601165771484,3328,0.0,0.0,0.0
2021-12-09 00:00:00-05:00,33.40999984741211,33.56999969482422,33.11669921875,33.11669921875,2059,0.0,0.0,0.0
2021-12-10 00:00:00-05:00,32.9900016784668,32.9900016784668,32.942501068115234,32.942501068115234,762,0.0,0.0,0.0
2021-12-13 00:00:00-05:00,33.279998779296875,33.279998779296875,32.81019973754883,32.81019973754883,1778,0.0,0.0,0.0
2021-12-14 00:00:00-05:00,32.05500030517578,32.138999938964844,32.04999923706055,32.138999938964844,1208,0.0,0.0,0.0
2021-12-15 00:00:00-05:00,32.0,32.54819869995117,31.895000457763672,32.54819869995117,911,0.0,0.0,0.0
2021-12-16 00:00:00-05:00,32.369998931884766,32.369998931884766,32.35169982910156,32.35969924926758,1036,0.0,0.0,0.0
2021-12-17 00:00:00-05:00,32.179901123046875,32.179901123046875,32.02000045776367,32.02000045776367,685,0.0,0.0,0.0
2021-12-20 00:00:00-05:00,31.309999465942383,31.309999465942383,31.020000457763672,31.28070068359375,1791,0.0,0.0,0.0
2021-12-21 00:00:00-05:00,31.559999465942383,31.989999771118164,31.559999465942383,31.989999771118164,1422,0.0,0.0,0.0
2021-12-22 00:00:00-05:00,31.889999389648438,32.070499420166016,31.889999389648438,32.070499420166016,492,0.0,0.0,0.0
2021-12-23 00:00:00-05:00,32.458900451660156,32.458900451660156,32.458900451660156,32.458900451660156,80,0.0,0.0,0.0
2021-12-27 00:00:00-05:00,32.72999954223633,32.8306999206543,32.61000061035156,32.8306999206543,819,0.0,0.0,0.0
2021-12-28 00:00:00-05:00,32.9900016784668,32.9900016784668,32.641300201416016,32.641300201416016,2140,0.0,0.0,0.0
2021-12-29 00:00:00-05:00,32.754798889160156,32.754798889160156,32.754798889160156,32.754798889160156,70,0.0,0.0,0.0
2021-12-30 00:00:00-05:00,32.989898681640625,32.9900016784668,32.78369903564453,32.78369903564453,799,0.0,0.0,0.0
2021-12-31 00:00:00-05:00,32.529998779296875,32.91999816894531,32.529998779296875,32.86399841308594,500,0.0,0.0,0.0
2022-01-03 00:00:00-05:00,32.86399841308594,32.86399841308594,32.86399841308594,32.86399841308594,0,0.0,0.0,0.0
2022-01-04 00:00:00-05:00,32.86399841308594,32.86399841308594,32.86399841308594,32.86399841308594,0,0.0,0.0,0.0
2022-01-05 00:00:00-05:00,32.86399841308594,32.86399841308594,32.86399841308594,32.86399841308594,0,0.0,0.0,0.0
2022-01-06 00:00:00-05:00,32.86399841308594,32.86399841308594,32.86399841308594,32.86399841308594,0,0.0,0.0,0.0
2022-01-07 00:00:00-05:00,31.53730010986328,31.594999313354492,31.53730010986328,31.594999313354492,258,0.0,0.0,0.0
2022-01-10 00:00:00-05:00,31.00189971923828,31.2362003326416,31.0,31.2362003326416,1503,0.0,0.0,0.0
2022-01-11 00:00:00-05:00,31.469200134277344,31.469200134277344,31.469200134277344,31.469200134277344,30,0.0,0.0,0.0
2022-01-12 00:00:00-05:00,31.59000015258789,31.899999618530273,31.59000015258789,31.79990005493164,1599,0.0,0.0,0.0
2022-01-13 00:00:00-05:00,31.950000762939453,31.950000762939453,31.401399612426758,31.401399612426758,528,0.0,0.0,0.0
2022-01-14 00:00:00-05:00,30.83300018310547,31.141199111938477,30.83300018310547,31.141199111938477,1184,0.0,0.0,0.0
2022-01-18 00:00:00-05:00,30.59000015258789,30.59000015258789,30.451000213623047,30.451000213623047,917,0.0,0.0,0.0
2022-01-19 00:00:00-05:00,30.65999984741211,30.65999984741211,30.25469970703125,30.25469970703125,527,0.0,0.0,0.0
2022-01-20 00:00:00-05:00,30.65999984741211,30.65999984741211,30.052799224853516,30.052799224853516,596,0.0,0.0,0.0
2022-01-21 00:00:00-05:00,29.600000381469727,29.645000457763672,29.299999237060547,29.364099502563477,1171,0.0,0.0,0.0
2022-01-24 00:00:00-05:00,28.301000595092773,29.309200286865234,28.100000381469727,29.309200286865234,4945,0.0,0.0,0.0
2022-01-25 00:00:00-05:00,28.6200008392334,28.80900001525879,28.53019905090332,28.53019905090332,1043,0.0,0.0,0.0
2022-01-26 00:00:00-05:00,28.540000915527344,28.556699752807617,28.5,28.556699752807617,1083,0.0,0.0,0.0
2022-01-27 00:00:00-05:00,28.040000915527344,28.053300857543945,28.040000915527344,28.053300857543945,369,0.0,0.0,0.0
2022-01-28 00:00:00-05:00,27.600000381469727,27.966299057006836,27.600000381469727,27.966299057006836,1001,0.0,0.0,0.0
2022-01-31 00:00:00-05:00,29.165000915527344,29.165000915527344,29.165000915527344,29.165000915527344,45,0.0,0.0,0.0
2022-02-01 00:00:00-05:00,29.420000076293945,29.420000076293945,29.214599609375,29.214599609375,160,0.0,0.0,0.0
2022-02-02 00:00:00-05:00,29.34000015258789,29.34000015258789,29.252599716186523,29.252599716186523,331,0.0,0.0,0.0
2022-02-03 00:00:00-05:00,28.5093994140625,28.5093994140625,28.5093994140625,28.5093994140625,112,0.0,0.0,0.0
2022-02-04 00:00:00-05:00,28.469999313354492,28.530000686645508,28.15999984741211,28.526599884033203,704,0.0,0.0,0.0
2022-02-07 00:00:00-05:00,28.47330093383789,28.47330093383789,28.47330093383789,28.47330093383789,182,0.0,0.0,0.0
2022-02-08 00:00:00-05:00,28.604000091552734,28.652299880981445,28.549999237060547,28.652299880981445,381,0.0,0.0,0.0
2022-02-09 00:00:00-05:00,29.399099349975586,29.399099349975586,29.399099349975586,29.399099349975586,25,0.0,0.0,0.0
2022-02-10 00:00:00-05:00,29.100000381469727,29.5,28.93000030517578,28.97089958190918,1704,0.0,0.0,0.0
2022-02-11 00:00:00-05:00,28.899999618530273,28.899999618530273,28.090999603271484,28.209400177001953,2581,0.0,0.0,0.0
2022-02-14 00:00:00-05:00,28.1200008392334,28.219999313354492,27.954999923706055,28.196500778198242,8019,0.0,0.0,0.0
2022-02-15 00:00:00-05:00,28.829999923706055,29.128400802612305,28.81999969482422,29.128400802612305,1075,0.0,0.0,0.0
2022-02-16 00:00:00-05:00,29.049999237060547,29.236499786376953,29.049999237060547,29.236499786376953,345,0.0,0.0,0.0
2022-02-17 00:00:00-05:00,28.825300216674805,28.829999923706055,28.715299606323242,28.715299606323242,5386,0.0,0.0,0.0
2022-02-18 00:00:00-05:00,28.32740020751953,28.32740020751953,28.32740020751953,28.32740020751953,134,0.0,0.0,0.0
2022-02-22 00:00:00-05:00,28.020000457763672,28.020000457763672,27.790000915527344,27.81999969482422,4373,0.0,0.0,0.0
2022-02-23 00:00:00-05:00,28.139999389648438,28.139999389648438,27.469499588012695,27.469499588012695,2040,0.0,0.0,0.0
2022-02-24 00:00:00-05:00,27.190000534057617,28.277099609375,27.190000534057617,28.277099609375,643,0.0,0.0,0.0
2022-02-25 00:00:00-05:00,28.649999618530273,29.09000015258789,28.649999618530273,29.09000015258789,854,0.0,0.0,0.0
2022-02-28 00:00:00-05:00,29.0,29.492900848388672,29.0,29.492900848388672,583,0.0,0.0,0.0
2022-03-01 00:00:00-05:00,29.249000549316406,29.25,28.863300323486328,28.863300323486328,6075,0.0,0.0,0.0
2022-03-02 00:00:00-05:00,28.780000686645508,28.81999969482422,28.760000228881836,28.760000228881836,5808,0.0,0.0,0.0
2022-03-03 00:00:00-05:00,28.329999923706055,28.329999923706055,28.329999923706055,28.329999923706055,41,0.0,0.0,0.0
2022-03-04 00:00:00-05:00,27.685699462890625,27.685699462890625,27.685699462890625,27.685699462890625,69,0.0,0.0,0.0
2022-03-07 00:00:00-05:00,27.43000030517578,27.43000030517578,27.43000030517578,27.43000030517578,654,0.0,0.0,0.0
2022-03-08 00:00:00-05:00,28.770999908447266,28.770999908447266,28.770999908447266,28.770999908447266,103,0.0,0.0,0.0
2022-03-09 00:00:00-05:00,29.3700008392334,29.399999618530273,29.360000610351562,29.360000610351562,2371,0.0,0.0,0.0
2022-03-10 00:00:00-05:00,28.899999618530273,28.899999618530273,28.8794002532959,28.8794002532959,541,0.0,0.0,0.0
2022-03-11 00:00:00-05:00,28.667600631713867,28.690000534057617,28.429500579833984,28.429500579833984,230,0.0,0.0,0.0
2022-03-14 00:00:00-04:00,28.0049991607666,28.0049991607666,27.750099182128906,27.750099182128906,181,0.0,0.0,0.0
2022-03-15 00:00:00-04:00,28.26259994506836,28.26259994506836,28.26259994506836,28.26259994506836,14,0.0,0.0,0.0
2022-03-16 00:00:00-04:00,28.65999984741211,29.688899993896484,28.649999618530273,29.688899993896484,1349,0.0,0.0,0.0
2022-03-17 00:00:00-04:00,29.530000686645508,29.536100387573242,29.487499237060547,29.536100387573242,407,0.0,0.0,0.0
2022-03-18 00:00:00-04:00,29.959999084472656,29.959999084472656,29.920000076293945,29.920000076293945,209,0.0,0.0,0.0
2022-03-21 00:00:00-04:00,29.579999923706055,29.790000915527344,29.520000457763672,29.590099334716797,923,0.0,0.0,0.0
2022-03-22 00:00:00-04:00,29.816999435424805,29.866500854492188,29.816999435424805,29.866500854492188,403,0.0,0.0,0.0
2022-03-23 00:00:00-04:00,29.520000457763672,29.679000854492188,29.219999313354492,29.360000610351562,1951,0.0,0.0,0.0
2022-03-24 00:00:00-04:00,29.625,29.737499237060547,29.575000762939453,29.737499237060547,1226,0.0,0.0,0.0
2022-03-25 00:00:00-04:00,29.600000381469727,29.600000381469727,29.459999084472656,29.51219940185547,2387,0.0,0.0,0.0
2022-03-28 00:00:00-04:00,29.5,29.712200164794922,29.5,29.712200164794922,315,0.0,0.0,0.0
2022-03-29 00:00:00-04:00,30.440000534057617,30.440000534057617,30.428199768066406,30.428199768066406,513,0.0,0.0,0.0
2022-03-30 00:00:00-04:00,30.219999313354492,30.219999313354492,30.219999313354492,30.219999313354492,336,0.0,0.0,0.0
2022-03-31 00:00:00-04:00,30.34000015258789,30.34000015258789,30.014299392700195,30.014299392700195,213,0.0,0.0,0.0
2022-04-01 00:00:00-04:00,30.049999237060547,30.1875,30.049999237060547,30.1875,449,0.0,0.0,0.0
2022-04-04 00:00:00-04:00,30.11590003967285,30.356300354003906,30.11590003967285,30.356300354003906,559,0.0,0.0,0.0
2022-04-05 00:00:00-04:00,30.099899291992188,30.100000381469727,29.932199478149414,29.932199478149414,217,0.0,0.0,0.0
2022-04-06 00:00:00-04:00,29.54199981689453,29.54199981689453,29.54199981689453,29.54199981689453,110,0.0,0.0,0.0
2022-04-07 00:00:00-04:00,29.239999771118164,29.392099380493164,29.110000610351562,29.392099380493164,692,0.0,0.0,0.0
2022-04-08 00:00:00-04:00,29.270999908447266,29.270999908447266,29.1299991607666,29.1299991607666,487,0.0,0.0,0.0
2022-04-11 00:00:00-04:00,28.809999465942383,28.84000015258789,28.627700805664062,28.627700805664062,2193,0.0,0.0,0.0
2022-04-12 00:00:00-04:00,28.639999389648438,28.639999389648438,28.53380012512207,28.53380012512207,450,0.0,0.0,0.0
2022-04-13 00:00:00-04:00,28.600000381469727,28.7721004486084,28.600000381469727,28.7721004486084,180,0.0,0.0,0.0
2022-04-14 00:00:00-04:00,28.577800750732422,28.577800750732422,28.501399993896484,28.501399993896484,175,0.0,0.0,0.0
2022-04-18 00:00:00-04:00,28.31410026550293,28.31410026550293,28.31410026550293,28.31410026550293,63,0.0,0.0,0.0
2022-04-19 00:00:00-04:00,28.750600814819336,28.750600814819336,28.750600814819336,28.750600814819336,54,0.0,0.0,0.0
2022-04-20 00:00:00-04:00,28.583200454711914,28.583200454711914,28.583200454711914,28.583200454711914,29,0.0,0.0,0.0
2022-04-21 00:00:00-04:00,28.15999984741211,28.15999984741211,27.8125,27.8125,258,0.0,0.0,0.0
2022-04-22 00:00:00-04:00,27.393400192260742,27.393400192260742,27.36680030822754,27.36680030822754,202,0.0,0.0,0.0
2022-04-25 00:00:00-04:00,26.963899612426758,26.963899612426758,26.963899612426758,26.963899612426758,395,0.0,0.0,0.0
2022-04-26 00:00:00-04:00,26.491500854492188,26.491500854492188,26.491500854492188,26.491500854492188,78,0.0,0.0,0.0
2022-04-27 00:00:00-04:00,26.70400047302246,26.70400047302246,26.70400047302246,26.70400047302246,83,0.0,0.0,0.0
2022-04-28 00:00:00-04:00,27.190000534057617,27.266799926757812,27.180999755859375,27.266799926757812,458,0.0,0.0,0.0
2022-04-29 00:00:00-04:00,27.075000762939453,27.075000762939453,27.075000762939453,27.075000762939453,42,0.0,0.0,0.0
2022-05-02 00:00:00-04:00,27.079999923706055,27.165800094604492,26.729999542236328,27.165800094604492,984,0.0,0.0,0.0
2022-05-03 00:00:00-04:00,27.560699462890625,27.560699462890625,27.560699462890625,27.560699462890625,10,0.0,0.0,0.0
2022-05-04 00:00:00-04:00,28.441200256347656,28.441200256347656,28.441200256347656,28.441200256347656,20,0.0,0.0,0.0
2022-05-05 00:00:00-04:00,27.40999984741211,27.40999984741211,27.40999984741211,27.40999984741211,7,0.0,0.0,0.0
2022-05-06 00:00:00-04:00,26.90999984741211,26.97450065612793,26.90999984741211,26.97450065612793,128,0.0,0.0,0.0
2022-05-09 00:00:00-04:00,26.209999084472656,26.209999084472656,25.951200485229492,25.951200485229492,1027,0.0,0.0,0.0
2022-05-10 00:00:00-04:00,26.200000762939453,26.200000762939453,25.95240020751953,25.95240020751953,311,0.0,0.0,0.0
2022-05-11 00:00:00-04:00,25.55120086669922,25.55120086669922,25.55120086669922,25.55120086669922,97,0.0,0.0,0.0
2022-05-12 00:00:00-04:00,25.059999465942383,25.43899917602539,25.059999465942383,25.43899917602539,1426,0.0,0.0,0.0
2022-05-13 00:00:00-04:00,26.36319923400879,26.36319923400879,26.36319923400879,26.36319923400879,197,0.0,0.0,0.0
2022-05-16 00:00:00-04:00,26.059999465942383,26.270999908447266,26.059999465942383,26.13800048828125,2448,0.0,0.0,0.0
2022-05-17 00:00:00-04:00,26.97920036315918,26.97920036315918,26.97920036315918,26.97920036315918,94,0.0,0.0,0.0
2022-05-18 00:00:00-04:00,27.049999237060547,27.079999923706055,26.568199157714844,26.568199157714844,2010,0.0,0.0,0.0
2022-05-19 00:00:00-04:00,26.790000915527344,27.1825008392334,26.790000915527344,27.1825008392334,541,0.0,0.0,0.0
2022-05-20 00:00:00-04:00,26.954999923706055,27.17300033569336,26.950000762939453,27.17300033569336,1256,0.0,0.0,0.0
2022-05-23 00:00:00-04:00,27.31999969482422,27.489999771118164,27.31999969482422,27.459999084472656,1059,0.0,0.0,0.0
2022-05-24 00:00:00-04:00,27.28179931640625,27.28179931640625,27.28179931640625,27.28179931640625,45,0.0,0.0,0.0
2022-05-25 00:00:00-04:00,27.329999923706055,27.329999923706055,27.329999923706055,27.329999923706055,141,0.0,0.0,0.0
2022-05-26 00:00:00-04:00,27.939199447631836,27.939199447631836,27.939199447631836,27.939199447631836,52,0.0,0.0,0.0
2022-05-27 00:00:00-04:00,28.339000701904297,28.339000701904297,28.339000701904297,28.339000701904297,200,0.0,0.0,0.0
2022-05-31 00:00:00-04:00,28.388200759887695,28.388200759887695,28.388200759887695,28.388200759887695,114,0.0,0.0,0.0
2022-06-01 00:00:00-04:00,28.040000915527344,28.160499572753906,28.0310001373291,28.160499572753906,504,0.0,0.0,0.0
2022-06-02 00:00:00-04:00,28.530000686645508,29.129899978637695,28.530000686645508,29.123199462890625,976,0.0,0.0,0.0
2022-06-03 00:00:00-04:00,28.74250030517578,28.74250030517578,28.74250030517578,28.74250030517578,85,0.0,0.0,0.0
2022-06-06 00:00:00-04:00,29.020000457763672,29.020000457763672,29.020000457763672,29.020000457763672,25,0.0,0.0,0.0
2022-06-07 00:00:00-04:00,28.799999237060547,29.110000610351562,28.799999237060547,29.110000610351562,1947,0.0,0.0,0.0
2022-06-08 00:00:00-04:00,28.68470001220703,28.68470001220703,28.68470001220703,28.68470001220703,32,0.0,0.0,0.0
2022-06-09 00:00:00-04:00,28.22559928894043,28.22559928894043,28.22559928894043,28.22559928894043,16,0.0,0.0,0.0
2022-06-10 00:00:00-04:00,27.59000015258789,27.59000015258789,27.280000686645508,27.500200271606445,14007,0.0,0.0,0.0
2022-06-13 00:00:00-04:00,26.168899536132812,26.168899536132812,26.168899536132812,26.168899536132812,27,0.0,0.0,0.0
2022-06-14 00:00:00-04:00,25.790000915527344,25.84589958190918,25.790000915527344,25.84589958190918,253,0.0,0.0,0.0
2022-06-15 00:00:00-04:00,26.050399780273438,26.329200744628906,26.050399780273438,26.329200744628906,258,0.0,0.0,0.0
2022-06-16 00:00:00-04:00,25.649999618530273,25.649999618530273,25.25659942626953,25.25659942626953,815,0.0,0.0,0.0
2022-06-17 00:00:00-04:00,25.709999084472656,25.709999084472656,25.587099075317383,25.587099075317383,1831,0.0,0.0,0.0
2022-06-21 00:00:00-04:00,26.00979995727539,26.00979995727539,26.00979995727539,26.00979995727539,63,0.0,0.0,0.0
2022-06-22 00:00:00-04:00,25.7460994720459,25.7460994720459,25.7460994720459,25.7460994720459,1,0.0,0.0,0.0
2022-06-23 00:00:00-04:00,25.949199676513672,25.949199676513672,25.949199676513672,25.949199676513672,41,0.0,0.0,0.0
2022-06-24 00:00:00-04:00,26.257099151611328,26.551700592041016,26.257099151611328,26.551700592041016,4626,0.0,0.0,0.0
2022-06-27 00:00:00-04:00,26.662500381469727,26.662500381469727,26.662500381469727,26.662500381469727,77,0.0,0.0,0.0
2022-06-28 00:00:00-04:00,26.223400115966797,26.223400115966797,26.223400115966797,26.223400115966797,74,0.0,0.0,0.0
2022-06-29 00:00:00-04:00,25.686899185180664,25.686899185180664,25.686899185180664,25.686899185180664,135,0.0,0.0,0.0
2022-06-30 00:00:00-04:00,25.739999771118164,25.739999771118164,25.739999771118164,25.739999771118164,2,0.0,0.0,0.0
2022-07-01 00:00:00-04:00,25.79170036315918,25.79170036315918,25.79170036315918,25.79170036315918,71,0.0,0.0,0.0
2022-07-05 00:00:00-04:00,25.40690040588379,25.40690040588379,25.40690040588379,25.40690040588379,46,0.0,0.0,0.0
2022-07-06 00:00:00-04:00,25.423799514770508,25.423799514770508,25.423799514770508,25.423799514770508,66,0.0,0.0,0.0
2022-07-07 00:00:00-04:00,25.75,26.225400924682617,25.75,26.225400924682617,238,0.0,0.0,0.0
2022-07-08 00:00:00-04:00,26.304899215698242,26.439800262451172,26.304899215698242,26.439800262451172,3227,0.0,0.0,0.0
2022-07-11 00:00:00-04:00,25.781999588012695,25.781999588012695,25.781999588012695,25.781999588012695,150,0.0,0.0,0.0
2022-07-12 00:00:00-04:00,25.63789939880371,25.63789939880371,25.63789939880371,25.63789939880371,51,0.0,0.0,0.0
2022-07-13 00:00:00-04:00,25.75,25.795000076293945,25.75,25.751399993896484,1367,0.0,0.0,0.0
2022-07-14 00:00:00-04:00,25.63479995727539,25.63479995727539,25.63479995727539,25.63479995727539,46,0.0,0.0,0.0
2022-07-15 00:00:00-04:00,25.56999969482422,25.664199829101562,25.56999969482422,25.664199829101562,159,0.0,0.0,0.0
2022-07-18 00:00:00-04:00,25.804100036621094,25.804100036621094,25.804100036621094,25.804100036621094,84,0.0,0.0,0.0
2022-07-19 00:00:00-04:00,26.541900634765625,26.541900634765625,26.541900634765625,26.541900634765625,48,0.0,0.0,0.0
2022-07-20 00:00:00-04:00,26.792200088500977,26.792200088500977,26.792200088500977,26.792200088500977,118,0.0,0.0,0.0
2022-07-21 00:00:00-04:00,26.92009925842285,27.13330078125,26.920000076293945,27.13330078125,1004,0.0,0.0,0.0
2022-07-22 00:00:00-04:00,26.8656005859375,26.8656005859375,26.8656005859375,26.8656005859375,60,0.0,0.0,0.0
2022-07-25 00:00:00-04:00,27.105100631713867,27.105100631713867,27.105100631713867,27.105100631713867,3,0.0,0.0,0.0
2022-07-26 00:00:00-04:00,26.899999618530273,26.899999618530273,26.855600357055664,26.855600357055664,389,0.0,0.0,0.0
2022-07-27 00:00:00-04:00,27.783700942993164,27.783700942993164,27.783700942993164,27.783700942993164,4,0.0,0.0,0.0
2022-07-28 00:00:00-04:00,28.850000381469727,28.894399642944336,28.600000381469727,28.894399642944336,848,0.0,0.0,0.0
2022-07-29 00:00:00-04:00,29.149900436401367,29.507999420166016,29.100000381469727,29.507999420166016,1527,0.0,0.0,0.0
2022-08-01 00:00:00-04:00,29.179899215698242,29.234500885009766,29.179899215698242,29.234500885009766,172,0.0,0.0,0.0
2022-08-02 00:00:00-04:00,29.319799423217773,29.319799423217773,29.319799423217773,29.319799423217773,15,0.0,0.0,0.0
2022-08-03 00:00:00-04:00,29.33209991455078,29.33209991455078,29.33209991455078,29.33209991455078,98,0.0,0.0,0.0
2022-08-04 00:00:00-04:00,29.501800537109375,29.501800537109375,29.469200134277344,29.469200134277344,214,0.0,0.0,0.0
2022-08-05 00:00:00-04:00,29.549999237060547,29.549999237060547,29.50149917602539,29.50149917602539,407,0.0,0.0,0.0
2022-08-08 00:00:00-04:00,29.700000762939453,30.110000610351562,29.607500076293945,29.663299560546875,5320,0.0,0.0,0.0
2022-08-09 00:00:00-04:00,29.520000457763672,29.6299991607666,29.435400009155273,29.435400009155273,3262,0.0,0.0,0.0
2022-08-10 00:00:00-04:00,30.280000686645508,30.37649917602539,30.280000686645508,30.37649917602539,428,0.0,0.0,0.0
2022-08-11 00:00:00-04:00,30.514999389648438,30.514999389648438,30.298200607299805,30.298200607299805,5314,0.0,0.0,0.0
2022-08-12 00:00:00-04:00,30.584999084472656,30.81100082397461,30.584999084472656,30.81100082397461,500,0.0,0.0,0.0
2022-08-15 00:00:00-04:00,30.82990074157715,30.82990074157715,30.72570037841797,30.72570037841797,438,0.0,0.0,0.0
2022-08-16 00:00:00-04:00,30.6299991607666,30.670000076293945,30.53619956970215,30.53619956970215,556,0.0,0.0,0.0
2022-08-17 00:00:00-04:00,30.001300811767578,30.34000015258789,30.001300811767578,30.22439956665039,572,0.0,0.0,0.0
2022-08-18 00:00:00-04:00,30.649999618530273,30.649999618530273,30.645999908447266,30.645999908447266,175,0.0,0.0,0.0
2022-08-19 00:00:00-04:00,29.913999557495117,29.93239974975586,29.809999465942383,29.93239974975586,1658,0.0,0.0,0.0
2022-08-22 00:00:00-04:00,29.350000381469727,29.350000381469727,29.210100173950195,29.249300003051758,707,0.0,0.0,0.0
2022-08-23 00:00:00-04:00,29.26449966430664,29.26449966430664,29.26449966430664,29.26449966430664,64,0.0,0.0,0.0
2022-08-24 00:00:00-04:00,29.52120018005371,29.52120018005371,29.52120018005371,29.52120018005371,138,0.0,0.0,0.0
2022-08-25 00:00:00-04:00,29.639999389648438,30.02560043334961,29.639999389648438,30.02560043334961,174,0.0,0.0,0.0
2022-08-26 00:00:00-04:00,29.1924991607666,29.1924991607666,29.1924991607666,29.1924991607666,25,0.0,0.0,0.0
2022-08-29 00:00:00-04:00,29.190000534057617,29.190000534057617,28.968799591064453,28.968799591064453,423,0.0,0.0,0.0
2022-08-30 00:00:00-04:00,28.717500686645508,28.717500686645508,28.717500686645508,28.717500686645508,15,0.0,0.0,0.0
2022-08-31 00:00:00-04:00,28.80430030822754,28.80430030822754,28.80430030822754,28.80430030822754,13,0.0,0.0,0.0
2022-09-01 00:00:00-04:00,28.10099983215332,28.538700103759766,28.10099983215332,28.538700103759766,363,0.0,0.0,0.0
2022-09-02 00:00:00-04:00,28.780000686645508,28.780000686645508,28.166099548339844,28.166099548339844,141,0.0,0.0,0.0
2022-09-06 00:00:00-04:00,28.3302001953125,28.3302001953125,28.3302001953125,28.3302001953125,121,0.0,0.0,0.0
2022-09-07 00:00:00-04:00,29.239999771118164,29.462400436401367,29.239999771118164,29.462400436401367,483,0.0,0.0,0.0
2022-09-08 00:00:00-04:00,29.174999237060547,29.589599609375,29.174999237060547,29.589599609375,353,0.0,0.0,0.0
2022-09-09 00:00:00-04:00,29.649999618530273,29.953699111938477,29.649999618530273,29.953699111938477,2077,0.0,0.0,0.0
2022-09-12 00:00:00-04:00,30.139999389648438,30.186399459838867,30.139999389648438,30.186399459838867,286,0.0,0.0,0.0
2022-09-13 00:00:00-04:00,29.339500427246094,29.339500427246094,29.339500427246094,29.339500427246094,140,0.0,0.0,0.0
2022-09-14 00:00:00-04:00,29.3799991607666,29.698999404907227,29.3799991607666,29.636899948120117,1139,0.0,0.0,0.0
2022-09-15 00:00:00-04:00,29.5625,29.5625,29.08139991760254,29.08139991760254,1230,0.0,0.0,0.0
2022-09-16 00:00:00-04:00,28.739999771118164,28.941499710083008,28.739999771118164,28.941499710083008,235,0.0,0.0,0.0
2022-09-19 00:00:00-04:00,28.850000381469727,29.061199188232422,28.850000381469727,29.061199188232422,271,0.0,0.0,0.0
2022-09-20 00:00:00-04:00,28.435400009155273,28.435400009155273,28.435400009155273,28.435400009155273,49,0.0,0.0,0.0
2022-09-21 00:00:00-04:00,28.24920082092285,28.24920082092285,28.24920082092285,28.24920082092285,71,0.0,0.0,0.0
2022-09-22 00:00:00-04:00,27.693199157714844,27.693199157714844,27.58609962463379,27.58609962463379,405,0.0,0.0,0.0
2022-09-23 00:00:00-04:00,26.594999313354492,26.80769920349121,26.594999313354492,26.80769920349121,364,0.0,0.0,0.0
2022-09-26 00:00:00-04:00,26.57539939880371,26.57539939880371,26.57539939880371,26.57539939880371,55,0.0,0.0,0.0
2022-09-27 00:00:00-04:00,26.649999618530273,26.649999618530273,26.350000381469727,26.52389907836914,1842,0.0,0.0,0.0
2022-09-28 00:00:00-04:00,26.65999984741211,27.1200008392334,26.63990020751953,27.11639976501465,555,0.0,0.0,0.0
2022-09-29 00:00:00-04:00,26.629899978637695,26.629899978637695,26.115800857543945,26.115800857543945,570,0.0,0.0,0.0
2022-09-30 00:00:00-04:00,26.44099998474121,26.44099998474121,25.985000610351562,25.985000610351562,421,0.0,0.0,0.0
2022-10-03 00:00:00-04:00,26.18000030517578,26.70680046081543,26.18000030517578,26.70680046081543,604,0.0,0.0,0.0
2022-10-04 00:00:00-04:00,27.229999542236328,27.770000457763672,27.229999542236328,27.7268009185791,1248,0.0,0.0,0.0
2022-10-05 00:00:00-04:00,27.334299087524414,27.334299087524414,27.334299087524414,27.334299087524414,114,0.0,0.0,0.0
2022-10-06 00:00:00-04:00,26.919700622558594,26.919700622558594,26.919700622558594,26.919700622558594,115,0.0,0.0,0.0
2022-10-07 00:00:00-04:00,26.024999618530273,26.059999465942383,26.022300720214844,26.022300720214844,360,0.0,0.0,0.0
2022-10-10 00:00:00-04:00,25.860000610351562,25.924800872802734,25.806100845336914,25.924800872802734,213,0.0,0.0,0.0
2022-10-11 00:00:00-04:00,25.545000076293945,25.68239974975586,25.545000076293945,25.68239974975586,129,0.0,0.0,0.0
2022-10-12 00:00:00-04:00,25.610000610351562,25.610000610351562,25.364299774169922,25.364299774169922,2213,0.0,0.0,0.0
2022-10-13 00:00:00-04:00,25.59000015258789,25.78260040283203,25.59000015258789,25.78260040283203,302,0.0,0.0,0.0
2022-10-14 00:00:00-04:00,25.16189956665039,25.16189956665039,25.16189956665039,25.16189956665039,3,0.0,0.0,0.0
2022-10-17 00:00:00-04:00,25.837400436401367,25.837400436401367,25.837400436401367,25.837400436401367,117,0.0,0.0,0.0
2022-10-18 00:00:00-04:00,26.145000457763672,26.29759979248047,26.145000457763672,26.29759979248047,312,0.0,0.0,0.0
2022-10-19 00:00:00-04:00,25.578899383544922,25.664400100708008,25.578899383544922,25.664400100708008,585,0.0,0.0,0.0
2022-10-20 00:00:00-04:00,25.239200592041016,25.239200592041016,25.239200592041016,25.239200592041016,65,0.0,0.0,0.0
2022-10-21 00:00:00-04:00,25.945199966430664,25.945199966430664,25.945199966430664,25.945199966430664,73,0.0,0.0,0.0
2022-10-24 00:00:00-04:00,26.004499435424805,26.004499435424805,26.004499435424805,26.004499435424805,37,0.0,0.0,0.0
2022-10-25 00:00:00-04:00,25.93000030517578,26.773000717163086,25.93000030517578,26.773000717163086,2982,0.0,0.0,0.0
2022-10-26 00:00:00-04:00,27.33060073852539,27.33060073852539,27.33060073852539,27.33060073852539,118,0.0,0.0,0.0
2022-10-27 00:00:00-04:00,27.342599868774414,27.342599868774414,27.342599868774414,27.342599868774414,40,0.0,0.0,0.0
2022-10-28 00:00:00-04:00,27.64299964904785,27.64299964904785,27.64299964904785,27.64299964904785,3,0.0,0.0,0.0
2022-10-31 00:00:00-04:00,27.413700103759766,27.413700103759766,27.413700103759766,27.413700103759766,35,0.0,0.0,0.0
2022-11-01 00:00:00-04:00,27.715900421142578,27.715900421142578,27.715900421142578,27.715900421142578,15,0.0,0.0,0.0
2022-11-02 00:00:00-04:00,27.354999542236328,27.354999542236328,27.08180046081543,27.08180046081543,283,0.0,0.0,0.0
2022-11-03 00:00:00-04:00,27.39349937438965,27.39349937438965,27.39349937438965,27.39349937438965,46,0.0,0.0,0.0
2022-11-04 00:00:00-04:00,27.1200008392334,28.15369987487793,27.1200008392334,28.15369987487793,15437,0.0,0.0,0.0
2022-11-07 00:00:00-05:00,28.18000030517578,28.204200744628906,28.18000030517578,28.204200744628906,202,0.0,0.0,0.0
2022-11-08 00:00:00-05:00,28.9950008392334,29.0,28.905899047851562,28.905899047851562,252,0.0,0.0,0.0
2022-11-09 00:00:00-05:00,28.700000762939453,28.739999771118164,28.669200897216797,28.669200897216797,544,0.0,0.0,0.0
2022-11-10 00:00:00-05:00,30.722200393676758,30.722200393676758,30.722200393676758,30.722200393676758,197,0.0,0.0,0.0
2022-11-11 00:00:00-05:00,30.809999465942383,30.83530044555664,30.809999465942383,30.83530044555664,708,0.0,0.0,0.0
2022-11-14 00:00:00-05:00,30.829999923706055,30.829999923706055,30.62380027770996,30.62380027770996,1093,0.0,0.0,0.0
2022-11-15 00:00:00-05:00,30.859600067138672,30.859600067138672,30.859600067138672,30.859600067138672,68,0.0,0.0,0.0
2022-11-16 00:00:00-05:00,30.770000457763672,30.770000457763672,30.6564998626709,30.6564998626709,1074,0.0,0.0,0.0
2022-11-17 00:00:00-05:00,30.528600692749023,30.528600692749023,30.528600692749023,30.528600692749023,122,0.0,0.0,0.0
2022-11-18 00:00:00-05:00,30.702899932861328,30.702899932861328,30.702899932861328,30.702899932861328,28,0.0,0.0,0.0
2022-11-21 00:00:00-05:00,30.386600494384766,30.386600494384766,30.386600494384766,30.386600494384766,11,0.0,0.0,0.0
2022-11-22 00:00:00-05:00,30.520000457763672,30.799999237060547,30.520000457763672,30.74209976196289,1549,0.0,0.0,0.0
2022-11-23 00:00:00-05:00,31.026599884033203,31.026599884033203,31.026599884033203,31.026599884033203,7,0.0,0.0,0.0
2022-11-25 00:00:00-05:00,31.099599838256836,31.099599838256836,31.099599838256836,31.099599838256836,5,0.0,0.0,0.0
2022-11-28 00:00:00-05:00,30.75,30.75,30.26580047607422,30.26580047607422,522,0.0,0.0,0.0
2022-11-29 00:00:00-05:00,30.290000915527344,30.290000915527344,30.149999618530273,30.181299209594727,1047,0.0,0.0,0.0
2022-11-30 00:00:00-05:00,30.899999618530273,31.167800903320312,30.899999618530273,31.167800903320312,184,0.0,0.0,0.0
2022-12-01 00:00:00-05:00,31.110000610351562,31.194000244140625,31.110000610351562,31.14109992980957,564,0.0,0.0,0.0
2022-12-02 00:00:00-05:00,30.889999389648438,30.974700927734375,30.8799991607666,30.974700927734375,2981,0.0,0.0,0.0
2022-12-05 00:00:00-05:00,30.670000076293945,30.670000076293945,30.480100631713867,30.60770034790039,923,0.0,0.0,0.0
2022-12-06 00:00:00-05:00,30.266000747680664,30.266000747680664,29.780000686645508,29.976699829101562,793,0.0,0.0,0.0
2022-12-07 00:00:00-05:00,29.953100204467773,29.953100204467773,29.953100204467773,29.953100204467773,86,0.0,0.0,0.0
2022-12-08 00:00:00-05:00,29.97089958190918,29.97089958190918,29.97089958190918,29.97089958190918,50,0.0,0.0,0.0
2022-12-09 00:00:00-05:00,29.700000762939453,29.710500717163086,29.690000534057617,29.710500717163086,2742,0.0,0.0,0.0
2022-12-12 00:00:00-05:00,29.929800033569336,29.929800033569336,29.929800033569336,29.929800033569336,38,0.0,0.0,0.0
2022-12-13 00:00:00-05:00,30.483699798583984,30.483699798583984,30.483699798583984,30.483699798583984,1,0.0,0.0,0.0
2022-12-14 00:00:00-05:00,30.61989974975586,30.61989974975586,30.452199935913086,30.452199935913086,200,0.0,0.0,0.0
2022-12-15 00:00:00-05:00,29.63610076904297,29.63610076904297,29.63610076904297,29.63610076904297,74,0.0,0.0,0.0
2022-12-16 00:00:00-05:00,29.149799346923828,29.149799346923828,29.149799346923828,29.149799346923828,91,0.0,0.0,0.0
2022-12-19 00:00:00-05:00,29.0,29.0,28.908599853515625,28.908599853515625,255,0.0,0.0,0.0
2022-12-20 00:00:00-05:00,28.888200759887695,28.888200759887695,28.888200759887695,28.888200759887695,25,0.0,0.0,0.0
2022-12-21 00:00:00-05:00,29.18000030517578,29.309499740600586,29.18000030517578,29.309499740600586,187,0.0,0.0,0.0
2022-12-22 00:00:00-05:00,28.413799285888672,28.596799850463867,28.413799285888672,28.596799850463867,393,0.0,0.0,0.0
2022-12-23 00:00:00-05:00,28.58329963684082,28.58329963684082,28.58329963684082,28.58329963684082,113,0.0,0.0,0.0
2022-12-27 00:00:00-05:00,28.18000030517578,28.6299991607666,28.170000076293945,28.534900665283203,455,0.0,0.0,0.0
2022-12-28 00:00:00-05:00,28.280000686645508,28.280000686645508,28.164600372314453,28.164600372314453,102,0.0,0.0,0.0
2022-12-29 00:00:00-05:00,28.799999237060547,28.799999237060547,28.729999542236328,28.795000076293945,704,0.0,0.0,0.0
2022-12-30 00:00:00-05:00,28.520000457763672,28.61750030517578,28.440000534057617,28.61750030517578,503,0.0,0.0,0.0
2023-01-03 00:00:00-05:00,28.513200759887695,28.513200759887695,28.513200759887695,28.513200759887695,46,0.0,0.0,0.0
2023-01-04 00:00:00-05:00,28.946500778198242,28.946500778198242,28.946500778198242,28.946500778198242,72,0.0,0.0,0.0
2023-01-05 00:00:00-05:00,28.760000228881836,28.760000228881836,28.46339988708496,28.46339988708496,977,0.0,0.0,0.0
2023-01-06 00:00:00-05:00,28.799999237060547,29.5314998626709,28.799999237060547,29.5314998626709,451,0.0,0.0,0.0
2023-01-09 00:00:00-05:00,30.190000534057617,30.190000534057617,29.845699310302734,29.845699310302734,160,0.0,0.0,0.0
2023-01-10 00:00:00-05:00,30.326900482177734,30.326900482177734,30.326900482177734,30.326900482177734,63,0.0,0.0,0.0
2023-01-11 00:00:00-05:00,30.329999923706055,30.786300659179688,30.329999923706055,30.786300659179688,412,0.0,0.0,0.0
2023-01-12 00:00:00-05:00,30.91200065612793,31.075899124145508,30.91200065612793,31.075899124145508,1722,0.0,0.0,0.0
2023-01-13 00:00:00-05:00,31.172199249267578,31.172199249267578,31.172199249267578,31.172199249267578,209,0.0,0.0,0.0
2023-01-17 00:00:00-05:00,31.136600494384766,31.136600494384766,31.009700775146484,31.009700775146484,583,0.0,0.0,0.0
2023-01-18 00:00:00-05:00,31.40999984741211,31.40999984741211,30.82740020751953,30.82740020751953,309,0.0,0.0,0.0
2023-01-19 00:00:00-05:00,30.18000030517578,30.18000030517578,30.065000534057617,30.065000534057617,513,0.0,0.0,0.0
2023-01-20 00:00:00-05:00,30.260000228881836,30.508800506591797,30.260000228881836,30.508800506591797,2258,0.0,0.0,0.0
2023-01-23 00:00:00-05:00,31.110000610351562,31.1382999420166,31.040000915527344,31.1382999420166,553,0.0,0.0,0.0
2023-01-24 00:00:00-05:00,31.040000915527344,31.1476993560791,31.040000915527344,31.1476993560791,171,0.0,0.0,0.0
2023-01-25 00:00:00-05:00,30.836700439453125,30.836700439453125,30.836700439453125,30.836700439453125,140,0.0,0.0,0.0
2023-01-26 00:00:00-05:00,31.10110092163086,31.10110092163086,31.10110092163086,31.10110092163086,72,0.0,0.0,0.0
2023-01-27 00:00:00-05:00,31.277599334716797,31.277599334716797,31.263200759887695,31.263200759887695,382,0.0,0.0,0.0
2023-01-30 00:00:00-05:00,30.811399459838867,30.811399459838867,30.811399459838867,30.811399459838867,87,0.0,0.0,0.0
2023-01-31 00:00:00-05:00,31.484399795532227,31.484399795532227,31.484399795532227,31.484399795532227,6,0.0,0.0,0.0
2023-02-01 00:00:00-05:00,31.6200008392334,32.043800354003906,31.6200008392334,32.043800354003906,535,0.0,0.0,0.0
2023-02-02 00:00:00-05:00,32.23500061035156,32.23500061035156,32.23270034790039,32.23270034790039,184,0.0,0.0,0.0
2023-02-03 00:00:00-05:00,31.850000381469727,31.850000381469727,31.81279945373535,31.81279945373535,2517,0.0,0.0,0.0
2023-02-06 00:00:00-05:00,31.469999313354492,31.469999313354492,31.44059944152832,31.44059944152832,780,0.0,0.0,0.0
2023-02-07 00:00:00-05:00,31.242700576782227,31.715599060058594,31.242700576782227,31.715599060058594,2806,0.0,0.0,0.0
2023-02-08 00:00:00-05:00,31.75,31.780000686645508,31.404699325561523,31.404699325561523,958,0.0,0.0,0.0
2023-02-09 00:00:00-05:00,31.860000610351562,31.86199951171875,31.376399993896484,31.376399993896484,942,0.0,0.0,0.0
2023-02-10 00:00:00-05:00,31.29360008239746,31.29360008239746,31.261499404907227,31.261499404907227,228,0.0,0.0,0.0
2023-02-13 00:00:00-05:00,31.170000076293945,31.631999969482422,31.170000076293945,31.631999969482422,239,0.0,0.0,0.0
2023-02-14 00:00:00-05:00,31.06999969482422,31.770000457763672,31.06999969482422,31.749099731445312,1419,0.0,0.0,0.0
2023-02-15 00:00:00-05:00,32.144500732421875,32.144500732421875,32.144500732421875,32.144500732421875,30,0.0,0.0,0.0
2023-02-16 00:00:00-05:00,32.06999969482422,32.06999969482422,31.70709991455078,31.70709991455078,795,0.0,0.0,0.0
2023-02-17 00:00:00-05:00,31.39859962463379,31.48509979248047,31.39859962463379,31.48509979248047,164,0.0,0.0,0.0
2023-02-21 00:00:00-05:00,30.940000534057617,30.940000534057617,30.69729995727539,30.69729995727539,468,0.0,0.0,0.0
2023-02-22 00:00:00-05:00,30.450000762939453,30.501699447631836,30.450000762939453,30.501699447631836,312,0.0,0.0,0.0
2023-02-23 00:00:00-05:00,30.440000534057617,30.643400192260742,30.440000534057617,30.643400192260742,101,0.0,0.0,0.0
2023-02-24 00:00:00-05:00,30.093599319458008,30.10849952697754,30.093599319458008,30.10849952697754,106,0.0,0.0,0.0
2023-02-27 00:00:00-05:00,30.501399993896484,30.501399993896484,30.489200592041016,30.489200592041016,1664,0.0,0.0,0.0
2023-02-28 00:00:00-05:00,30.3799991607666,30.420000076293945,30.260000228881836,30.305299758911133,3892,0.0,0.0,0.0
2023-03-01 00:00:00-05:00,30.65999984741211,30.91659927368164,30.65999984741211,30.910400390625,655,0.0,0.0,0.0
2023-03-02 00:00:00-05:00,30.62929916381836,30.83650016784668,30.62929916381836,30.83650016784668,1956,0.0,0.0,0.0
2023-03-03 00:00:00-05:00,31.0,31.55900001525879,31.0,31.55900001525879,622,0.0,0.0,0.0
2023-03-06 00:00:00-05:00,31.70009994506836,31.70009994506836,31.70009994506836,31.70009994506836,29,0.0,0.0,0.0
2023-03-07 00:00:00-05:00,31.313499450683594,31.351200103759766,31.313499450683594,31.351200103759766,292,0.0,0.0,0.0
2023-03-08 00:00:00-05:00,31.494699478149414,31.494699478149414,31.494699478149414,31.494699478149414,106,0.0,0.0,0.0
2023-03-09 00:00:00-05:00,31.57539939880371,31.57539939880371,31.013099670410156,31.013099670410156,487,0.0,0.0,0.0
2023-03-10 00:00:00-05:00,30.790000915527344,30.822799682617188,30.43000030517578,30.49169921875,709,0.0,0.0,0.0
2023-03-13 00:00:00-04:00,30.03660011291504,30.45009994506836,30.03660011291504,30.435800552368164,2164,0.0,0.0,0.0
2023-03-14 00:00:00-04:00,30.914100646972656,30.914100646972656,30.914100646972656,30.914100646972656,2,0.0,0.0,0.0
2023-03-15 00:00:00-04:00,30.049999237060547,30.049999237060547,29.81909942626953,29.81909942626953,1849,0.0,0.0,0.0
2023-03-16 00:00:00-04:00,29.940000534057617,30.241500854492188,29.940000534057617,30.241500854492188,317,0.0,0.0,0.0
2023-03-17 00:00:00-04:00,29.41069984436035,29.41069984436035,29.41069984436035,29.41069984436035,69,0.0,0.0,0.0
2023-03-20 00:00:00-04:00,29.739999771118164,29.878599166870117,29.739999771118164,29.878599166870117,247,0.0,0.0,0.0
2023-03-21 00:00:00-04:00,30.503799438476562,30.503799438476562,30.503799438476562,30.503799438476562,20,0.0,0.0,0.0
2023-03-22 00:00:00-04:00,30.082000732421875,30.082000732421875,30.082000732421875,30.082000732421875,24,0.0,0.0,0.0
2023-03-23 00:00:00-04:00,30.610000610351562,30.649999618530273,30.246400833129883,30.246400833129883,442,0.0,0.0,0.0
2023-03-24 00:00:00-04:00,29.584999084472656,29.7992000579834,29.584999084472656,29.7992000579834,208,0.0,0.0,0.0
2023-03-27 00:00:00-04:00,29.98240089416504,29.98240089416504,29.98240089416504,29.98240089416504,305,0.0,0.0,0.0
2023-03-28 00:00:00-04:00,29.992300033569336,29.992300033569336,29.992300033569336,29.992300033569336,30,0.0,0.0,0.0
2023-03-29 00:00:00-04:00,30.602500915527344,30.602500915527344,30.602500915527344,30.602500915527344,3,0.0,0.0,0.0
2023-03-30 00:00:00-04:00,30.955699920654297,30.965200424194336,30.90999984741211,30.965200424194336,712,0.0,0.0,0.0
2023-03-31 00:00:00-04:00,31.200000762939453,31.306400299072266,31.200000762939453,31.306400299072266,788,0.0,0.0,0.0
2023-04-03 00:00:00-04:00,31.13479995727539,31.13479995727539,31.13479995727539,31.13479995727539,79,0.0,0.0,0.0
2023-04-04 00:00:00-04:00,30.55229949951172,30.55229949951172,30.55229949951172,30.55229949951172,39,0.0,0.0,0.0
2023-04-05 00:00:00-04:00,30.0,30.08880043029785,30.0,30.08880043029785,367,0.0,0.0,0.0
2023-04-06 00:00:00-04:00,29.922800064086914,29.922800064086914,29.922800064086914,29.922800064086914,44,0.0,0.0,0.0
2023-04-10 00:00:00-04:00,30.26059913635254,30.26059913635254,30.26059913635254,30.26059913635254,88,0.0,0.0,0.0
2023-04-11 00:00:00-04:00,30.461299896240234,30.461299896240234,30.461299896240234,30.461299896240234,21,0.0,0.0,0.0
2023-04-12 00:00:00-04:00,30.435800552368164,30.435800552368164,30.435800552368164,30.435800552368164,19,0.0,0.0,0.0
2023-04-13 00:00:00-04:00,30.982900619506836,30.982900619506836,30.982900619506836,30.982900619506836,137,0.0,0.0,0.0
2023-04-14 00:00:00-04:00,30.793899536132812,30.793899536132812,30.793899536132812,30.793899536132812,90,0.0,0.0,0.0
2023-04-17 00:00:00-04:00,30.94099998474121,31.122499465942383,30.94099998474121,31.122499465942383,637,0.0,0.0,0.0
2023-04-18 00:00:00-04:00,31.285200119018555,31.285200119018555,31.285200119018555,31.285200119018555,19,0.0,0.0,0.0
2023-04-19 00:00:00-04:00,31.01919937133789,31.01919937133789,31.01919937133789,31.01919937133789,28,0.0,0.0,0.0
2023-04-20 00:00:00-04:00,30.886699676513672,30.886699676513672,30.886699676513672,30.886699676513672,16,0.0,0.0,0.0
2023-04-21 00:00:00-04:00,30.823999404907227,30.823999404907227,30.823999404907227,30.823999404907227,17,0.0,0.0,0.0
2023-04-24 00:00:00-04:00,30.89739990234375,30.89739990234375,30.89739990234375,30.89739990234375,208,0.0,0.0,0.0
2023-04-25 00:00:00-04:00,30.26740074157715,30.26740074157715,30.26740074157715,30.26740074157715,6,0.0,0.0,0.0
2023-04-26 00:00:00-04:00,29.829999923706055,29.829999923706055,29.665199279785156,29.665199279785156,2569,0.0,0.0,0.0
2023-04-27 00:00:00-04:00,30.100000381469727,30.100000381469727,30.078399658203125,30.078399658203125,428,0.0,0.0,0.0
2023-04-28 00:00:00-04:00,30.036500930786133,30.036500930786133,30.036500930786133,30.036500930786133,101,0.0,0.0,0.0
2023-05-01 00:00:00-04:00,30.044599533081055,30.044599533081055,30.044599533081055,30.044599533081055,34,0.0,0.0,0.0
2023-05-02 00:00:00-04:00,29.899599075317383,29.899599075317383,29.899599075317383,29.899599075317383,15,0.0,0.0,0.0
2023-05-03 00:00:00-04:00,29.760000228881836,29.760000228881836,29.6294002532959,29.6294002532959,1656,0.0,0.0,0.0
2023-05-04 00:00:00-04:00,29.62310028076172,29.62310028076172,29.62310028076172,29.62310028076172,3,0.0,0.0,0.0
2023-05-05 00:00:00-04:00,30.06999969482422,30.178600311279297,29.980100631713867,30.178600311279297,481,0.0,0.0,0.0
2023-05-08 00:00:00-04:00,30.089000701904297,30.089000701904297,30.089000701904297,30.089000701904297,93,0.0,0.0,0.0
2023-05-09 00:00:00-04:00,29.836700439453125,29.836700439453125,29.836700439453125,29.836700439453125,39,0.0,0.0,0.0
2023-05-10 00:00:00-04:00,30.02560043334961,30.02560043334961,30.02560043334961,30.02560043334961,1,0.0,0.0,0.0
2023-05-11 00:00:00-04:00,29.68000030517578,29.86440086364746,29.68000030517578,29.86440086364746,580,0.0,0.0,0.0
2023-05-12 00:00:00-04:00,30.283300399780273,30.315099716186523,30.283300399780273,30.315099716186523,457,0.0,0.0,0.0
2023-05-15 00:00:00-04:00,30.440799713134766,30.440799713134766,30.440799713134766,30.440799713134766,218,0.0,0.0,0.0
2023-05-16 00:00:00-04:00,30.037599563598633,30.037599563598633,30.037599563598633,30.037599563598633,5,0.0,0.0,0.0
2023-05-17 00:00:00-04:00,30.494300842285156,30.494300842285156,30.494300842285156,30.494300842285156,20,0.0,0.0,0.0
2023-05-18 00:00:00-04:00,30.25,30.60890007019043,30.25,30.60890007019043,744,0.0,0.0,0.0
2023-05-19 00:00:00-04:00,30.51569938659668,30.51569938659668,30.51569938659668,30.51569938659668,50,0.0,0.0,0.0
2023-05-22 00:00:00-04:00,30.469999313354492,30.721500396728516,30.469999313354492,30.721500396728516,252,0.0,0.0,0.0
2023-05-23 00:00:00-04:00,30.394100189208984,30.394100189208984,30.394100189208984,30.394100189208984,49,0.0,0.0,0.0
2023-05-24 00:00:00-04:00,30.25,30.25,30.028400421142578,30.028400421142578,401,0.0,0.0,0.0
2023-05-25 00:00:00-04:00,29.899999618530273,30.02239990234375,29.899999618530273,30.02239990234375,257,0.0,0.0,0.0
2023-05-26 00:00:00-04:00,30.200000762939453,30.433500289916992,30.200000762939453,30.433500289916992,434,0.0,0.0,0.0
2023-05-30 00:00:00-04:00,30.588300704956055,30.588300704956055,30.41939926147461,30.41939926147461,862,0.0,0.0,0.0
2023-05-31 00:00:00-04:00,30.044200897216797,30.044200897216797,30.044200897216797,30.044200897216797,89,0.0,0.0,0.0
2023-06-01 00:00:00-04:00,30.469100952148438,30.469100952148438,30.469100952148438,30.469100952148438,9,0.0,0.0,0.0
2023-06-02 00:00:00-04:00,30.899999618530273,30.918399810791016,30.899999618530273,30.918399810791016,223,0.0,0.0,0.0
2023-06-05 00:00:00-04:00,30.700899124145508,30.84000015258789,30.670000076293945,30.758399963378906,1950,0.0,0.0,0.0
2023-06-06 00:00:00-04:00,31.0,31.01759910583496,30.936199188232422,31.01759910583496,964,0.0,0.0,0.0
2023-06-07 00:00:00-04:00,31.139999389648438,31.184999465942383,31.139999389648438,31.1697998046875,1450,0.0,0.0,0.0
2023-06-08 00:00:00-04:00,31.178800582885742,31.193500518798828,31.178800582885742,31.193500518798828,296,0.0,0.0,0.0
2023-06-09 00:00:00-04:00,31.010000228881836,31.021799087524414,31.010000228881836,31.021799087524414,256,0.0,0.0,0.0
2023-06-12 00:00:00-04:00,30.979999542236328,31.332000732421875,30.979999542236328,31.332000732421875,479,0.0,0.0,0.0
2023-06-13 00:00:00-04:00,31.692100524902344,31.692100524902344,31.692100524902344,31.692100524902344,62,0.0,0.0,0.0
2023-06-14 00:00:00-04:00,31.66990089416504,31.66990089416504,31.483699798583984,31.483699798583984,225,0.0,0.0,0.0
2023-06-15 00:00:00-04:00,31.825300216674805,31.825300216674805,31.825300216674805,31.825300216674805,151,0.0,0.0,0.0
2023-06-16 00:00:00-04:00,31.77039909362793,31.815000534057617,31.75309944152832,31.75309944152832,717,0.0,0.0,0.0
2023-06-20 00:00:00-04:00,31.350000381469727,31.350000381469727,31.170000076293945,31.219100952148438,1034,0.0,0.0,0.0
2023-06-21 00:00:00-04:00,31.0,31.047500610351562,31.0,31.047500610351562,261,0.0,0.0,0.0
2023-06-22 00:00:00-04:00,30.98080062866211,30.98080062866211,30.888599395751953,30.888599395751953,341,0.0,0.0,0.0
2023-06-23 00:00:00-04:00,30.2992000579834,30.2992000579834,30.2992000579834,30.2992000579834,135,0.0,0.0,0.0
2023-06-26 00:00:00-04:00,30.6200008392334,30.6200008392334,30.304500579833984,30.304500579833984,421,0.0,0.0,0.0
2023-06-27 00:00:00-04:00,30.692899703979492,30.692899703979492,30.692899703979492,30.692899703979492,85,0.0,0.0,0.0
2023-06-28 00:00:00-04:00,30.60849952697754,30.60849952697754,30.60849952697754,30.60849952697754,48,0.0,0.0,0.0
2023-06-29 00:00:00-04:00,30.67530059814453,30.67530059814453,30.67530059814453,30.67530059814453,14,0.0,0.0,0.0
2023-06-30 00:00:00-04:00,31.21030044555664,31.21030044555664,31.21030044555664,31.21030044555664,214,0.0,0.0,0.0
2023-07-03 00:00:00-04:00,31.332000732421875,31.332000732421875,31.332000732421875,31.332000732421875,47,0.0,0.0,0.0
2023-07-05 00:00:00-04:00,30.87030029296875,30.979999542236328,30.86009979248047,30.86009979248047,835,0.0,0.0,0.0
2023-07-06 00:00:00-04:00,30.350400924682617,30.350400924682617,30.350400924682617,30.350400924682617,30,0.0,0.0,0.0
2023-07-07 00:00:00-04:00,30.479999542236328,30.780000686645508,30.43720054626465,30.543699264526367,1411,0.0,0.0,0.0
2023-07-10 00:00:00-04:00,30.6299991607666,30.9768009185791,30.6299991607666,30.9768009185791,303,0.0,0.0,0.0
2023-07-11 00:00:00-04:00,31.14900016784668,31.14900016784668,31.14900016784668,31.14900016784668,25,0.0,0.0,0.0
2023-07-12 00:00:00-04:00,31.774999618530273,31.774999618530273,31.774999618530273,31.774999618530273,80,0.0,0.0,0.0
2023-07-13 00:00:00-04:00,32.11320114135742,32.11320114135742,32.11320114135742,32.11320114135742,111,0.0,0.0,0.0
2023-07-14 00:00:00-04:00,31.804100036621094,31.804100036621094,31.804100036621094,31.804100036621094,54,0.0,0.0,0.0
2023-07-17 00:00:00-04:00,31.75,32.1885986328125,31.75,32.14820098876953,1092,0.0,0.0,0.0
2023-07-18 00:00:00-04:00,32.290000915527344,32.290000915527344,32.26499938964844,32.28150177001953,559,0.0,0.0,0.0
2023-07-19 00:00:00-04:00,32.16460037231445,32.16460037231445,32.16460037231445,32.16460037231445,84,0.0,0.0,0.0
2023-07-20 00:00:00-04:00,31.979999542236328,31.979999542236328,31.780000686645508,31.84589958190918,903,0.0,0.0,0.0
2023-07-21 00:00:00-04:00,31.829999923706055,31.829999923706055,31.770000457763672,31.7814998626709,3311,0.0,0.0,0.0
2023-07-24 00:00:00-04:00,31.950000762939453,31.950000762939453,31.85059928894043,31.85059928894043,210,0.0,0.0,0.0
2023-07-25 00:00:00-04:00,31.761899948120117,31.761899948120117,31.761899948120117,31.761899948120117,67,0.0,0.0,0.0
2023-07-26 00:00:00-04:00,31.5,31.62179946899414,31.5,31.62179946899414,2164,0.0,0.0,0.0
2023-07-27 00:00:00-04:00,31.053600311279297,31.053600311279297,31.053600311279297,31.053600311279297,4,0.0,0.0,0.0
2023-07-28 00:00:00-04:00,31.228200912475586,31.228200912475586,31.228200912475586,31.228200912475586,170,0.0,0.0,0.0
2023-07-31 00:00:00-04:00,31.395000457763672,31.399999618530273,31.34079933166504,31.34079933166504,1025,0.0,0.0,0.0
