Date,Open,High,Low,Close,Volume,Dividends,Stock Splits,Capital Gains
2023-02-10 00:00:00-05:00,24.68000030517578,24.68000030517578,24.572999954223633,24.572999954223633,200,0.0,0.0,0.0
2023-02-13 00:00:00-05:00,24.533000946044922,24.533000946044922,24.533000946044922,24.533000946044922,100,0.0,0.0,0.0
2023-02-14 00:00:00-05:00,24.639999389648438,24.750999450683594,24.639999389648438,24.750999450683594,200,0.0,0.0,0.0
2023-02-15 00:00:00-05:00,24.969999313354492,25.020000457763672,24.969999313354492,25.020000457763672,200,0.0,0.0,0.0
2023-02-16 00:00:00-05:00,24.670000076293945,24.670000076293945,24.670000076293945,24.670000076293945,200,0.0,0.0,0.0
2023-02-17 00:00:00-05:00,24.97599983215332,24.97599983215332,24.947999954223633,24.947999954223633,200,0.0,0.0,0.0
2023-02-21 00:00:00-05:00,24.437000274658203,24.437000274658203,24.437000274658203,24.437000274658203,100,0.0,0.0,0.0
2023-02-22 00:00:00-05:00,24.649999618530273,24.649999618530273,24.649999618530273,24.649999618530273,3000,0.0,0.0,0.0
2023-02-23 00:00:00-05:00,24.670000076293945,24.785999298095703,24.600000381469727,24.785999298095703,80000,0.0,0.0,0.0
2023-02-24 00:00:00-05:00,23.663999557495117,23.663999557495117,23.663999557495117,23.663999557495117,100,0.0,0.0,0.0
2023-02-27 00:00:00-05:00,23.875999450683594,23.875999450683594,23.875999450683594,23.875999450683594,100,0.0,0.0,0.0
2023-02-28 00:00:00-05:00,23.88800048828125,23.88800048828125,23.88800048828125,23.88800048828125,100,0.0,0.0,0.0
2023-03-01 00:00:00-05:00,23.87299919128418,23.87299919128418,23.87299919128418,23.87299919128418,0,0.0,0.0,0.0
2023-03-02 00:00:00-05:00,23.885000228881836,23.885000228881836,23.885000228881836,23.885000228881836,40000,0.0,0.0,0.0
2023-03-03 00:00:00-05:00,23.759000778198242,23.759000778198242,23.759000778198242,23.759000778198242,100,0.0,0.0,0.0
2023-03-06 00:00:00-05:00,23.496999740600586,23.496999740600586,23.496999740600586,23.496999740600586,100,0.0,0.0,0.0
2023-03-07 00:00:00-05:00,23.440000534057617,23.44300079345703,23.31999969482422,23.44300079345703,120000,0.0,0.0,0.0
2023-03-08 00:00:00-05:00,23.520000457763672,23.527999877929688,23.520000457763672,23.527999877929688,150000,0.0,0.0,0.0
2023-03-09 00:00:00-05:00,22.579999923706055,22.608999252319336,22.579999923706055,22.608999252319336,150000,0.0,0.0,0.0
2023-03-10 00:00:00-05:00,21.90999984741211,21.90999984741211,21.847000122070312,21.847000122070312,150000,0.0,0.0,0.0
2023-03-13 00:00:00-04:00,21.899999618530273,21.945999145507812,21.84000015258789,21.945999145507812,150300,0.0,0.0,0.0
2023-03-14 00:00:00-04:00,22.1299991607666,22.1299991607666,21.93000030517578,21.93000030517578,151200,0.0,0.0,0.0
2023-03-15 00:00:00-04:00,21.299999237060547,21.33799934387207,21.299999237060547,21.33799934387207,153000,0.0,0.0,0.0
2023-03-16 00:00:00-04:00,21.56800079345703,21.56800079345703,21.51099967956543,21.51099967956543,150000,0.0,0.0,0.0
2023-03-17 00:00:00-04:00,21.200000762939453,21.21299934387207,21.200000762939453,21.21299934387207,100400,0.0,0.0,0.0
2023-03-20 00:00:00-04:00,21.100000381469727,21.1200008392334,21.100000381469727,21.110000610351562,800,0.0,0.0,0.0
2023-03-21 00:00:00-04:00,21.520999908447266,21.520999908447266,21.520999908447266,21.520999908447266,100,0.0,0.0,0.0
2023-03-22 00:00:00-04:00,20.820999145507812,20.820999145507812,20.820999145507812,20.820999145507812,0,0.0,0.0,0.0
2023-03-23 00:00:00-04:00,20.459999084472656,20.459999084472656,20.459999084472656,20.459999084472656,900,0.0,0.0,0.0
2023-03-24 00:00:00-04:00,20.472000122070312,20.472000122070312,20.472000122070312,20.472000122070312,0,0.0,0.0,0.0
2023-03-27 00:00:00-04:00,19.729000091552734,19.729000091552734,19.729000091552734,19.729000091552734,0,0.0,0.0,0.0
2023-03-28 00:00:00-04:00,19.711000442504883,19.711000442504883,19.711000442504883,19.711000442504883,100,0.0,0.0,0.0
2023-03-29 00:00:00-04:00,20.0,20.030000686645508,20.0,20.030000686645508,700,0.0,0.0,0.0
2023-03-30 00:00:00-04:00,20.0,20.0,19.631999969482422,19.631999969482422,200,0.0,0.0,0.0
2023-03-31 00:00:00-04:00,19.66200065612793,19.66200065612793,19.66200065612793,19.66200065612793,100,0.0,0.0,0.0
2023-04-03 00:00:00-04:00,20.118000030517578,20.118000030517578,20.118000030517578,20.118000030517578,100,0.0,0.0,0.0
2023-04-04 00:00:00-04:00,19.56999969482422,19.753000259399414,19.56999969482422,19.753000259399414,800,0.0,0.0,0.0
2023-04-05 00:00:00-04:00,19.527999877929688,19.527999877929688,19.527999877929688,19.527999877929688,100,0.0,0.0,0.0
2023-04-06 00:00:00-04:00,19.76799964904785,19.76799964904785,19.76799964904785,19.76799964904785,100,0.0,0.0,0.0
2023-04-10 00:00:00-04:00,19.809999465942383,19.809999465942383,19.809999465942383,19.809999465942383,900,0.0,0.0,0.0
2023-04-11 00:00:00-04:00,20.104000091552734,20.104000091552734,20.104000091552734,20.104000091552734,100,0.0,0.0,0.0
2023-04-12 00:00:00-04:00,20.079999923706055,20.079999923706055,20.079999923706055,20.079999923706055,100,0.0,0.0,0.0
2023-04-13 00:00:00-04:00,20.79599952697754,20.79599952697754,20.79599952697754,20.79599952697754,200,0.0,0.0,0.0
2023-04-14 00:00:00-04:00,20.607999801635742,20.607999801635742,20.607999801635742,20.607999801635742,0,0.0,0.0,0.0
2023-04-17 00:00:00-04:00,21.202999114990234,21.202999114990234,21.202999114990234,21.202999114990234,0,0.0,0.0,0.0
2023-04-18 00:00:00-04:00,21.270999908447266,21.270999908447266,21.270999908447266,21.270999908447266,0,0.0,0.0,0.0
2023-04-19 00:00:00-04:00,21.628000259399414,21.628000259399414,21.628000259399414,21.628000259399414,100,0.0,0.0,0.0
2023-04-20 00:00:00-04:00,21.437000274658203,21.437000274658203,21.437000274658203,21.437000274658203,100,0.0,0.0,0.0
2023-04-21 00:00:00-04:00,22.111000061035156,22.111000061035156,22.111000061035156,22.111000061035156,100,0.0,0.0,0.0
2023-04-24 00:00:00-04:00,22.260000228881836,22.260000228881836,22.260000228881836,22.260000228881836,100,0.0,0.0,0.0
2023-04-25 00:00:00-04:00,22.02199935913086,22.02199935913086,22.02199935913086,22.02199935913086,100,0.0,0.0,0.0
2023-04-26 00:00:00-04:00,22.030000686645508,22.141000747680664,22.030000686645508,22.141000747680664,200,0.0,0.0,0.0
2023-04-27 00:00:00-04:00,21.93600082397461,21.93600082397461,21.93600082397461,21.93600082397461,100,0.0,0.0,0.0
2023-04-28 00:00:00-04:00,22.02400016784668,22.02400016784668,22.02400016784668,22.02400016784668,100,0.0,0.0,0.0
2023-05-01 00:00:00-04:00,22.325000762939453,22.325000762939453,22.325000762939453,22.325000762939453,100,0.0,0.0,0.0
2023-05-02 00:00:00-04:00,21.577999114990234,21.577999114990234,21.577999114990234,21.577999114990234,0,0.0,0.0,0.0
2023-05-03 00:00:00-04:00,22.107999801635742,22.107999801635742,22.107999801635742,22.107999801635742,0,0.0,0.0,0.0
2023-05-04 00:00:00-04:00,22.110000610351562,22.110000610351562,22.110000610351562,22.110000610351562,100,0.0,0.0,0.0
2023-05-05 00:00:00-04:00,22.731000900268555,22.731000900268555,22.731000900268555,22.731000900268555,0,0.0,0.0,0.0
2023-05-08 00:00:00-04:00,22.707000732421875,22.707000732421875,22.707000732421875,22.707000732421875,100,0.0,0.0,0.0
2023-05-09 00:00:00-04:00,23.118999481201172,23.118999481201172,23.118999481201172,23.118999481201172,100,0.0,0.0,0.0
2023-05-10 00:00:00-04:00,23.47800064086914,23.47800064086914,23.47800064086914,23.47800064086914,100,0.0,0.0,0.0
2023-05-11 00:00:00-04:00,23.1200008392334,23.1200008392334,23.1200008392334,23.1200008392334,100,0.0,0.0,0.0
2023-05-12 00:00:00-04:00,22.959999084472656,22.959999084472656,22.88800048828125,22.88800048828125,100,0.0,0.0,0.0
2023-05-15 00:00:00-04:00,23.399999618530273,23.399999618530273,23.28700065612793,23.28700065612793,300,0.0,0.0,0.0
2023-05-16 00:00:00-04:00,22.941999435424805,22.941999435424805,22.941999435424805,22.941999435424805,100,0.0,0.0,0.0
2023-05-17 00:00:00-04:00,23.180999755859375,23.180999755859375,23.180999755859375,23.180999755859375,100,0.0,0.0,0.0
2023-05-18 00:00:00-04:00,22.899999618530273,22.899999618530273,22.850000381469727,22.850000381469727,100,0.0,0.0,0.0
2023-05-19 00:00:00-04:00,22.992000579833984,22.992000579833984,22.992000579833984,22.992000579833984,0,0.0,0.0,0.0
2023-05-22 00:00:00-04:00,23.180999755859375,23.180999755859375,23.180999755859375,23.180999755859375,100,0.0,0.0,0.0
2023-05-23 00:00:00-04:00,22.961000442504883,22.961000442504883,22.961000442504883,22.961000442504883,100,0.0,0.0,0.0
2023-05-24 00:00:00-04:00,22.45199966430664,22.45199966430664,22.45199966430664,22.45199966430664,100,0.0,0.0,0.0
2023-05-25 00:00:00-04:00,21.3439998626709,21.3439998626709,21.3439998626709,21.3439998626709,100,0.0,0.0,0.0
2023-05-26 00:00:00-04:00,21.70599937438965,21.70599937438965,21.70599937438965,21.70599937438965,100,0.0,0.0,0.0
2023-05-30 00:00:00-04:00,21.349000930786133,21.349000930786133,21.349000930786133,21.349000930786133,100,0.0,0.0,0.0
2023-05-31 00:00:00-04:00,21.33300018310547,21.33300018310547,21.33300018310547,21.33300018310547,0,0.0,0.0,0.0
2023-06-01 00:00:00-04:00,21.38800048828125,21.38800048828125,21.38800048828125,21.38800048828125,0,0.0,0.0,0.0
2023-06-02 00:00:00-04:00,21.979000091552734,21.979000091552734,21.979000091552734,21.979000091552734,100,0.0,0.0,0.0
2023-06-05 00:00:00-04:00,22.489999771118164,22.489999771118164,22.489999771118164,22.489999771118164,100,0.0,0.0,0.0
2023-06-06 00:00:00-04:00,22.913000106811523,22.913000106811523,22.913000106811523,22.913000106811523,0,0.0,0.0,0.0
2023-06-07 00:00:00-04:00,23.420000076293945,23.420000076293945,23.420000076293945,23.420000076293945,0,0.0,0.0,0.0
2023-06-08 00:00:00-04:00,23.429000854492188,23.429000854492188,23.429000854492188,23.429000854492188,100,0.0,0.0,0.0
2023-06-09 00:00:00-04:00,23.198999404907227,23.198999404907227,23.198999404907227,23.198999404907227,0,0.0,0.0,0.0
2023-06-12 00:00:00-04:00,23.209999084472656,23.209999084472656,23.18600082397461,23.18600082397461,100,0.0,0.0,0.0
2023-06-13 00:00:00-04:00,23.360000610351562,23.577999114990234,23.360000610351562,23.577999114990234,100,0.0,0.0,0.0
2023-06-14 00:00:00-04:00,22.993999481201172,22.993999481201172,22.993999481201172,22.993999481201172,100,0.0,0.0,0.0
2023-06-15 00:00:00-04:00,22.910999298095703,22.910999298095703,22.910999298095703,22.910999298095703,100,0.0,0.0,0.0
2023-06-16 00:00:00-04:00,22.687999725341797,22.687999725341797,22.687999725341797,22.687999725341797,100,0.0,0.0,0.0
2023-06-20 00:00:00-04:00,22.729999542236328,22.86199951171875,22.729999542236328,22.86199951171875,100,0.0,0.0,0.0
2023-06-21 00:00:00-04:00,22.91200065612793,22.91200065612793,22.91200065612793,22.91200065612793,0,0.0,0.0,0.0
2023-06-22 00:00:00-04:00,22.80699920654297,22.80699920654297,22.80699920654297,22.80699920654297,0,0.0,0.0,0.0
2023-06-23 00:00:00-04:00,22.600000381469727,22.600000381469727,22.48699951171875,22.48699951171875,100,0.0,0.0,0.0
2023-06-26 00:00:00-04:00,22.39299964904785,22.39299964904785,22.39299964904785,22.39299964904785,100,0.0,0.0,0.0
2023-06-27 00:00:00-04:00,21.56999969482422,21.56999969482422,21.56999969482422,21.56999969482422,100,0.0,0.0,0.0
2023-06-28 00:00:00-04:00,21.70800018310547,21.70800018310547,21.70800018310547,21.70800018310547,100,0.0,0.0,0.0
2023-06-29 00:00:00-04:00,21.60700035095215,21.60700035095215,21.60700035095215,21.60700035095215,100,0.0,0.0,0.0
2023-06-30 00:00:00-04:00,21.94099998474121,21.94099998474121,21.94099998474121,21.94099998474121,100,0.0,0.0,0.0
2023-07-03 00:00:00-04:00,21.795000076293945,21.795000076293945,21.795000076293945,21.795000076293945,100,0.0,0.0,0.0
2023-07-05 00:00:00-04:00,21.81399917602539,21.81399917602539,21.792999267578125,21.792999267578125,45100,0.0,0.0,0.0
2023-07-06 00:00:00-04:00,21.579999923706055,21.579999923706055,21.43000030517578,21.479000091552734,95500,0.0,0.0,0.0
2023-07-07 00:00:00-04:00,21.676000595092773,21.676000595092773,21.676000595092773,21.676000595092773,100,0.0,0.0,0.0
2023-07-10 00:00:00-04:00,21.940000534057617,21.940000534057617,21.940000534057617,21.940000534057617,100,0.0,0.0,0.0
2023-07-11 00:00:00-04:00,22.040000915527344,22.040000915527344,22.011999130249023,22.011999130249023,100,0.0,0.0,0.0
2023-07-12 00:00:00-04:00,22.239999771118164,22.239999771118164,22.200000762939453,22.200000762939453,100100,0.0,0.0,0.0
2023-07-13 00:00:00-04:00,22.051000595092773,22.051000595092773,22.051000595092773,22.051000595092773,100,0.0,0.0,0.0
2023-07-14 00:00:00-04:00,21.959999084472656,21.959999084472656,21.959999084472656,21.959999084472656,200,0.0,0.0,0.0
2023-07-17 00:00:00-04:00,22.075000762939453,22.15999984741211,22.04800033569336,22.04800033569336,200,0.0,0.0,0.0
2023-07-18 00:00:00-04:00,22.114999771118164,22.114999771118164,22.114999771118164,22.114999771118164,100,0.0,0.0,0.0
2023-07-19 00:00:00-04:00,22.299999237060547,22.299999237060547,22.299999237060547,22.299999237060547,100,0.0,0.0,0.0
2023-07-20 00:00:00-04:00,22.260000228881836,22.270000457763672,22.090999603271484,22.090999603271484,200,0.0,0.0,0.0
2023-07-21 00:00:00-04:00,22.0,22.06100082397461,22.0,22.06100082397461,100100,0.0,0.0,0.0
2023-07-24 00:00:00-04:00,22.023000717163086,22.023000717163086,21.829999923706055,21.8799991607666,400,0.0,0.0,0.0
2023-07-25 00:00:00-04:00,21.695999145507812,21.695999145507812,21.659000396728516,21.659000396728516,120200,0.0,0.0,0.0
2023-07-26 00:00:00-04:00,21.625999450683594,21.625999450683594,21.625999450683594,21.625999450683594,100,0.0,0.0,0.0
2023-07-27 00:00:00-04:00,21.417999267578125,21.417999267578125,21.417999267578125,21.417999267578125,100,0.0,0.0,0.0
2023-07-28 00:00:00-04:00,21.67300033569336,21.67300033569336,21.67300033569336,21.67300033569336,100,0.0,0.0,0.0
2023-07-31 00:00:00-04:00,22.209999084472656,22.209999084472656,22.083999633789062,22.083999633789062,400,0.0,0.0,0.0
