Date,Open,High,Low,Close,Volume,Dividends,Stock Splits
2022-04-13 00:00:00-04:00,1.0,1.0,0.75,0.75,1300,0.0,0.0
2022-04-14 00:00:00-04:00,0.375,0.375,0.375,0.375,2500,0.0,0.0
2022-04-18 00:00:00-04:00,0.375,0.375,0.375,0.375,0,0.0,0.0
2022-04-19 00:00:00-04:00,0.375,0.375,0.375,0.375,0,0.0,0.0
2022-04-20 00:00:00-04:00,0.375,0.375,0.375,0.375,0,0.0,0.0
2022-04-21 00:00:00-04:00,0.375,0.375,0.375,0.375,0,0.0,0.0
2022-04-22 00:00:00-04:00,0.1875,0.1875,0.1875,0.1875,5000,0.0,0.0
2022-04-25 00:00:00-04:00,0.09380000084638596,0.09380000084638596,0.09380000084638596,0.09380000084638596,10000,0.0,0.0
2022-04-26 00:00:00-04:00,0.10000000149011612,0.10000000149011612,0.10000000149011612,0.10000000149011612,10000,0.0,0.0
2022-04-27 00:00:00-04:00,0.10000000149011612,0.10000000149011612,0.10000000149011612,0.10000000149011612,20000,0.0,0.0
2022-04-28 00:00:00-04:00,0.10000000149011612,0.10000000149011612,0.10000000149011612,0.10000000149011612,5000,0.0,0.0
2022-04-29 00:00:00-04:00,0.10000000149011612,0.10000000149011612,0.10000000149011612,0.10000000149011612,0,0.0,0.0
2022-05-02 00:00:00-04:00,0.07999999821186066,0.07999999821186066,0.07999999821186066,0.07999999821186066,10090,0.0,0.0
2022-05-03 00:00:00-04:00,0.07999999821186066,0.07999999821186066,0.07999999821186066,0.07999999821186066,0,0.0,0.0
2022-05-04 00:00:00-04:00,0.07999999821186066,0.07999999821186066,0.07999999821186066,0.07999999821186066,0,0.0,0.0
2022-05-05 00:00:00-04:00,0.07999999821186066,0.07999999821186066,0.07999999821186066,0.07999999821186066,0,0.0,0.0
2022-05-06 00:00:00-04:00,0.07999999821186066,0.07999999821186066,0.07999999821186066,0.07999999821186066,0,0.0,0.0
2022-05-09 00:00:00-04:00,0.07999999821186066,0.07999999821186066,0.07999999821186066,0.07999999821186066,0,0.0,0.0
2022-05-10 00:00:00-04:00,0.07999999821186066,0.07999999821186066,0.07999999821186066,0.07999999821186066,0,0.0,0.0
2022-05-11 00:00:00-04:00,0.07999999821186066,0.07999999821186066,0.07999999821186066,0.07999999821186066,0,0.0,0.0
2022-05-12 00:00:00-04:00,0.07999999821186066,0.07999999821186066,0.07999999821186066,0.07999999821186066,0,0.0,0.0
2022-05-13 00:00:00-04:00,0.07999999821186066,0.07999999821186066,0.07999999821186066,0.07999999821186066,0,0.0,0.0
2022-05-16 00:00:00-04:00,0.07999999821186066,0.07999999821186066,0.07999999821186066,0.07999999821186066,0,0.0,0.0
2022-05-17 00:00:00-04:00,0.07999999821186066,0.07999999821186066,0.07999999821186066,0.07999999821186066,0,0.0,0.0
2022-05-18 00:00:00-04:00,0.07999999821186066,0.07999999821186066,0.07999999821186066,0.07999999821186066,0,0.0,0.0
2022-05-19 00:00:00-04:00,0.07999999821186066,0.07999999821186066,0.07999999821186066,0.07999999821186066,0,0.0,0.0
2022-05-20 00:00:00-04:00,0.06499999761581421,0.06499999761581421,0.06499999761581421,0.06499999761581421,10000,0.0,0.0
2022-05-23 00:00:00-04:00,0.06499999761581421,0.06499999761581421,0.06499999761581421,0.06499999761581421,0,0.0,0.0
2022-05-24 00:00:00-04:00,0.06499999761581421,0.06499999761581421,0.06499999761581421,0.06499999761581421,0,0.0,0.0
2022-05-25 00:00:00-04:00,0.06499999761581421,0.06499999761581421,0.06499999761581421,0.06499999761581421,0,0.0,0.0
2022-05-26 00:00:00-04:00,0.06499999761581421,0.06499999761581421,0.06499999761581421,0.06499999761581421,0,0.0,0.0
2022-05-27 00:00:00-04:00,0.06499999761581421,0.06499999761581421,0.06499999761581421,0.06499999761581421,0,0.0,0.0
2022-05-31 00:00:00-04:00,0.06499999761581421,0.06499999761581421,0.06499999761581421,0.06499999761581421,0,0.0,0.0
2022-06-01 00:00:00-04:00,0.06499999761581421,0.06499999761581421,0.06499999761581421,0.06499999761581421,0,0.0,0.0
2022-06-02 00:00:00-04:00,0.06499999761581421,0.06499999761581421,0.06499999761581421,0.06499999761581421,0,0.0,0.0
2022-06-03 00:00:00-04:00,0.04500000178813934,0.04500000178813934,0.02800000086426735,0.04500000178813934,117500,0.0,0.0
2022-06-06 00:00:00-04:00,0.04500000178813934,0.04500000178813934,0.04455000162124634,0.04500000178813934,225000,0.0,0.0
2022-06-07 00:00:00-04:00,0.04500000178813934,0.04500000178813934,0.04500000178813934,0.04500000178813934,410000,0.0,0.0
2022-06-08 00:00:00-04:00,0.04500000178813934,0.18870000541210175,0.023800000548362732,0.18870000541210175,630008,0.0,0.0
2022-06-09 00:00:00-04:00,0.20000000298023224,0.20000000298023224,0.04500000178813934,0.07999999821186066,685300,0.0,0.0
2022-06-10 00:00:00-04:00,0.07999999821186066,0.07999999821186066,0.07999999821186066,0.07999999821186066,0,0.0,0.0
2022-06-13 00:00:00-04:00,0.07999999821186066,0.07999999821186066,0.07999999821186066,0.07999999821186066,0,0.0,0.0
2022-06-14 00:00:00-04:00,0.07999999821186066,0.07999999821186066,0.07999999821186066,0.07999999821186066,0,0.0,0.0
2022-06-15 00:00:00-04:00,0.07500000298023224,0.07500000298023224,0.07500000298023224,0.07500000298023224,3000,0.0,0.0
2022-06-16 00:00:00-04:00,0.09300000220537186,0.09300000220537186,0.09300000220537186,0.09300000220537186,20000,0.0,0.0
2022-06-17 00:00:00-04:00,0.07500000298023224,0.08749999850988388,0.07500000298023224,0.08749999850988388,20000,0.0,0.0
2022-06-21 00:00:00-04:00,0.08749999850988388,0.08749999850988388,0.08749999850988388,0.08749999850988388,10000,0.0,0.0
2022-06-22 00:00:00-04:00,0.08749999850988388,0.08749999850988388,0.08749999850988388,0.08749999850988388,0,0.0,0.0
2022-06-23 00:00:00-04:00,0.08749999850988388,0.08749999850988388,0.08749999850988388,0.08749999850988388,0,0.0,0.0
2022-06-24 00:00:00-04:00,0.08749999850988388,0.08749999850988388,0.08749999850988388,0.08749999850988388,0,0.0,0.0
2022-06-27 00:00:00-04:00,0.10000000149011612,0.10000000149011612,0.10000000149011612,0.10000000149011612,10000,0.0,0.0
2022-06-28 00:00:00-04:00,0.10000000149011612,0.10000000149011612,0.10000000149011612,0.10000000149011612,0,0.0,0.0
2022-06-29 00:00:00-04:00,0.10000000149011612,0.10000000149011612,0.10000000149011612,0.10000000149011612,0,0.0,0.0
2022-06-30 00:00:00-04:00,0.11999999731779099,0.12999999523162842,0.11999999731779099,0.125,10270,0.0,0.0
2022-07-01 00:00:00-04:00,0.125,0.125,0.125,0.125,0,0.0,0.0
2022-07-05 00:00:00-04:00,0.125,0.125,0.125,0.125,0,0.0,0.0
2022-07-06 00:00:00-04:00,0.15000000596046448,0.15000000596046448,0.15000000596046448,0.15000000596046448,1000,0.0,0.0
2022-07-07 00:00:00-04:00,0.15000000596046448,0.15000000596046448,0.15000000596046448,0.15000000596046448,0,0.0,0.0
2022-07-08 00:00:00-04:00,0.15000000596046448,0.15000000596046448,0.15000000596046448,0.15000000596046448,0,0.0,0.0
2022-07-11 00:00:00-04:00,0.15000000596046448,0.15000000596046448,0.15000000596046448,0.15000000596046448,0,0.0,0.0
2022-07-12 00:00:00-04:00,0.15000000596046448,0.15000000596046448,0.15000000596046448,0.15000000596046448,0,0.0,0.0
2022-07-13 00:00:00-04:00,0.15000000596046448,0.15000000596046448,0.15000000596046448,0.15000000596046448,0,0.0,0.0
2022-07-14 00:00:00-04:00,0.15000000596046448,0.15000000596046448,0.15000000596046448,0.15000000596046448,0,0.0,0.0
2022-07-15 00:00:00-04:00,0.15000000596046448,0.15000000596046448,0.15000000596046448,0.15000000596046448,0,0.0,0.0
2022-07-18 00:00:00-04:00,0.15000000596046448,0.15000000596046448,0.15000000596046448,0.15000000596046448,0,0.0,0.0
2022-07-19 00:00:00-04:00,0.11500000208616257,0.11500000208616257,0.10499999672174454,0.10499999672174454,6491,0.0,0.0
2022-07-20 00:00:00-04:00,0.10499999672174454,0.10499999672174454,0.10499999672174454,0.10499999672174454,0,0.0,0.0
2022-07-21 00:00:00-04:00,0.10499999672174454,0.10499999672174454,0.10499999672174454,0.10499999672174454,0,0.0,0.0
2022-07-22 00:00:00-04:00,0.10499999672174454,0.10499999672174454,0.10499999672174454,0.10499999672174454,0,0.0,0.0
2022-07-25 00:00:00-04:00,0.10499999672174454,0.10499999672174454,0.10499999672174454,0.10499999672174454,0,0.0,0.0
2022-07-26 00:00:00-04:00,0.10249999910593033,0.10499999672174454,0.10249999910593033,0.10499999672174454,11509,0.0,0.0
2022-07-27 00:00:00-04:00,0.10499999672174454,0.10499999672174454,0.10499999672174454,0.10499999672174454,0,0.0,0.0
2022-07-28 00:00:00-04:00,0.10249999910593033,0.10249999910593033,0.10249999910593033,0.10249999910593033,4750,0.0,0.0
2022-07-29 00:00:00-04:00,0.10249999910593033,0.10249999910593033,0.10249999910593033,0.10249999910593033,0,0.0,0.0
2022-08-01 00:00:00-04:00,0.10249999910593033,0.10999999940395355,0.10249999910593033,0.10999999940395355,11709,0.0,0.0
2022-08-02 00:00:00-04:00,0.10999999940395355,0.10999999940395355,0.10999999940395355,0.10999999940395355,0,0.0,0.0
2022-08-03 00:00:00-04:00,0.10999999940395355,0.10999999940395355,0.10999999940395355,0.10999999940395355,0,0.0,0.0
2022-08-04 00:00:00-04:00,0.12999999523162842,0.14000000059604645,0.12999999523162842,0.14000000059604645,8000,0.0,0.0
2022-08-05 00:00:00-04:00,0.10999999940395355,0.10999999940395355,0.10999999940395355,0.10999999940395355,100,0.0,0.0
2022-08-08 00:00:00-04:00,0.10999999940395355,0.10999999940395355,0.10999999940395355,0.10999999940395355,0,0.0,0.0
2022-08-09 00:00:00-04:00,0.10999999940395355,0.10999999940395355,0.10999999940395355,0.10999999940395355,0,0.0,0.0
2022-08-10 00:00:00-04:00,0.10999999940395355,0.10999999940395355,0.10999999940395355,0.10999999940395355,0,0.0,0.0
2022-08-11 00:00:00-04:00,0.12250000238418579,0.12250000238418579,0.12250000238418579,0.12250000238418579,2500,0.0,0.0
2022-08-12 00:00:00-04:00,0.12250000238418579,0.12250000238418579,0.12250000238418579,0.12250000238418579,0,0.0,0.0
2022-08-15 00:00:00-04:00,0.12250000238418579,0.12250000238418579,0.10000000149011612,0.10000000149011612,10500,0.0,0.0
2022-08-16 00:00:00-04:00,0.10000000149011612,0.10000000149011612,0.10000000149011612,0.10000000149011612,0,0.0,0.0
2022-08-17 00:00:00-04:00,0.10000000149011612,0.10000000149011612,0.10000000149011612,0.10000000149011612,0,0.0,0.0
2022-08-18 00:00:00-04:00,0.10000000149011612,0.10000000149011612,0.10000000149011612,0.10000000149011612,0,0.0,0.0
2022-08-19 00:00:00-04:00,0.10000000149011612,0.10000000149011612,0.10000000149011612,0.10000000149011612,0,0.0,0.0
2022-08-22 00:00:00-04:00,0.10000000149011612,0.10000000149011612,0.10000000149011612,0.10000000149011612,0,0.0,0.0
2022-08-23 00:00:00-04:00,0.10000000149011612,0.10000000149011612,0.10000000149011612,0.10000000149011612,0,0.0,0.0
2022-08-24 00:00:00-04:00,0.10000000149011612,0.10000000149011612,0.10000000149011612,0.10000000149011612,0,0.0,0.0
2022-08-25 00:00:00-04:00,0.10000000149011612,0.10000000149011612,0.10000000149011612,0.10000000149011612,0,0.0,0.0
2022-08-26 00:00:00-04:00,0.10000000149011612,0.10000000149011612,0.10000000149011612,0.10000000149011612,0,0.0,0.0
2022-08-29 00:00:00-04:00,0.10000000149011612,0.10000000149011612,0.10000000149011612,0.10000000149011612,1250,0.0,0.0
2022-08-30 00:00:00-04:00,0.10100000351667404,0.10100000351667404,0.10000000149011612,0.10000000149011612,5000,0.0,0.0
2022-08-31 00:00:00-04:00,0.10000000149011612,0.10000000149011612,0.10000000149011612,0.10000000149011612,0,0.0,0.0
2022-09-01 00:00:00-04:00,0.10000000149011612,0.10000000149011612,0.10000000149011612,0.10000000149011612,0,0.0,0.0
2022-09-02 00:00:00-04:00,0.10000000149011612,0.10000000149011612,0.10000000149011612,0.10000000149011612,0,0.0,0.0
2022-09-06 00:00:00-04:00,0.10000000149011612,0.10000000149011612,0.10000000149011612,0.10000000149011612,0,0.0,0.0
2022-09-07 00:00:00-04:00,0.10000000149011612,0.10000000149011612,0.10000000149011612,0.10000000149011612,0,0.0,0.0
2022-09-08 00:00:00-04:00,0.10000000149011612,0.10000000149011612,0.10000000149011612,0.10000000149011612,0,0.0,0.0
2022-09-09 00:00:00-04:00,0.10000000149011612,0.10000000149011612,0.10000000149011612,0.10000000149011612,0,0.0,0.0
2022-09-12 00:00:00-04:00,0.10000000149011612,0.10000000149011612,0.10000000149011612,0.10000000149011612,0,0.0,0.0
2022-09-13 00:00:00-04:00,0.10000000149011612,0.10000000149011612,0.10000000149011612,0.10000000149011612,0,0.0,0.0
2022-09-14 00:00:00-04:00,0.10000000149011612,0.10000000149011612,0.10000000149011612,0.10000000149011612,0,0.0,0.0
2022-09-15 00:00:00-04:00,0.10000000149011612,0.10000000149011612,0.10000000149011612,0.10000000149011612,0,0.0,0.0
2022-09-16 00:00:00-04:00,0.10000000149011612,0.10000000149011612,0.10000000149011612,0.10000000149011612,0,0.0,0.0
2022-09-19 00:00:00-04:00,0.10000000149011612,0.10000000149011612,0.10000000149011612,0.10000000149011612,0,0.0,0.0
2022-09-20 00:00:00-04:00,0.10000000149011612,0.10000000149011612,0.10000000149011612,0.10000000149011612,0,0.0,0.0
2022-09-21 00:00:00-04:00,0.10000000149011612,0.10000000149011612,0.10000000149011612,0.10000000149011612,0,0.0,0.0
2022-09-22 00:00:00-04:00,0.10000000149011612,0.10000000149011612,0.10000000149011612,0.10000000149011612,0,0.0,0.0
2022-09-23 00:00:00-04:00,0.15000000596046448,0.17499999701976776,0.15000000596046448,0.17499999701976776,7500,0.0,0.0
2022-09-26 00:00:00-04:00,0.17499999701976776,0.17499999701976776,0.17499999701976776,0.17499999701976776,0,0.0,0.0
2022-09-27 00:00:00-04:00,0.17499999701976776,0.17499999701976776,0.17499999701976776,0.17499999701976776,0,0.0,0.0
2022-09-28 00:00:00-04:00,0.17499999701976776,0.17499999701976776,0.17499999701976776,0.17499999701976776,0,0.0,0.0
2022-09-29 00:00:00-04:00,0.17499999701976776,0.17499999701976776,0.17499999701976776,0.17499999701976776,0,0.0,0.0
2022-09-30 00:00:00-04:00,0.17499999701976776,0.17499999701976776,0.17499999701976776,0.17499999701976776,0,0.0,0.0
2022-10-03 00:00:00-04:00,0.17499999701976776,0.17499999701976776,0.17499999701976776,0.17499999701976776,0,0.0,0.0
2022-10-04 00:00:00-04:00,0.17499999701976776,0.17499999701976776,0.17499999701976776,0.17499999701976776,0,0.0,0.0
2022-10-05 00:00:00-04:00,0.17499999701976776,0.17499999701976776,0.17499999701976776,0.17499999701976776,0,0.0,0.0
2022-10-06 00:00:00-04:00,0.17499999701976776,0.17499999701976776,0.17499999701976776,0.17499999701976776,0,0.0,0.0
2022-10-07 00:00:00-04:00,0.17499999701976776,0.17499999701976776,0.17499999701976776,0.17499999701976776,0,0.0,0.0
2022-10-10 00:00:00-04:00,0.17499999701976776,0.17499999701976776,0.17499999701976776,0.17499999701976776,0,0.0,0.0
2022-10-11 00:00:00-04:00,0.17499999701976776,0.17499999701976776,0.17499999701976776,0.17499999701976776,0,0.0,0.0
2022-10-12 00:00:00-04:00,0.17499999701976776,0.17499999701976776,0.17499999701976776,0.17499999701976776,0,0.0,0.0
2022-10-13 00:00:00-04:00,0.17499999701976776,0.17499999701976776,0.17499999701976776,0.17499999701976776,0,0.0,0.0
2022-10-14 00:00:00-04:00,0.17499999701976776,0.17499999701976776,0.17499999701976776,0.17499999701976776,0,0.0,0.0
2022-10-17 00:00:00-04:00,0.17499999701976776,0.17499999701976776,0.17499999701976776,0.17499999701976776,0,0.0,0.0
2022-10-18 00:00:00-04:00,0.17499999701976776,0.17499999701976776,0.17499999701976776,0.17499999701976776,0,0.0,0.0
2022-10-19 00:00:00-04:00,0.17499999701976776,0.17499999701976776,0.17499999701976776,0.17499999701976776,0,0.0,0.0
2022-10-20 00:00:00-04:00,0.17499999701976776,0.17499999701976776,0.17499999701976776,0.17499999701976776,0,0.0,0.0
2022-10-21 00:00:00-04:00,0.17499999701976776,0.17499999701976776,0.17499999701976776,0.17499999701976776,0,0.0,0.0
2022-10-24 00:00:00-04:00,0.17499999701976776,0.17499999701976776,0.17499999701976776,0.17499999701976776,0,0.0,0.0
2022-10-25 00:00:00-04:00,0.17499999701976776,0.17499999701976776,0.17499999701976776,0.17499999701976776,0,0.0,0.0
2022-10-26 00:00:00-04:00,0.17499999701976776,0.17499999701976776,0.17499999701976776,0.17499999701976776,0,0.0,0.0
2022-10-27 00:00:00-04:00,0.17499999701976776,0.17499999701976776,0.17499999701976776,0.17499999701976776,0,0.0,0.0
2022-10-28 00:00:00-04:00,0.17499999701976776,0.17499999701976776,0.17499999701976776,0.17499999701976776,0,0.0,0.0
2022-10-31 00:00:00-04:00,0.17499999701976776,0.17499999701976776,0.17499999701976776,0.17499999701976776,0,0.0,0.0
2022-11-01 00:00:00-04:00,0.17499999701976776,0.17499999701976776,0.17499999701976776,0.17499999701976776,0,0.0,0.0
2022-11-02 00:00:00-04:00,0.17499999701976776,0.17499999701976776,0.17499999701976776,0.17499999701976776,0,0.0,0.0
2022-11-03 00:00:00-04:00,0.17499999701976776,0.17499999701976776,0.17499999701976776,0.17499999701976776,0,0.0,0.0
2022-11-04 00:00:00-04:00,0.17499999701976776,0.17499999701976776,0.17499999701976776,0.17499999701976776,0,0.0,0.0
2022-11-07 00:00:00-05:00,0.17499999701976776,0.17499999701976776,0.17499999701976776,0.17499999701976776,0,0.0,0.0
2022-11-08 00:00:00-05:00,0.17499999701976776,0.17499999701976776,0.17499999701976776,0.17499999701976776,0,0.0,0.0
2022-11-09 00:00:00-05:00,0.17499999701976776,0.17499999701976776,0.17499999701976776,0.17499999701976776,0,0.0,0.0
2022-11-10 00:00:00-05:00,0.17499999701976776,0.17499999701976776,0.17499999701976776,0.17499999701976776,0,0.0,0.0
2022-11-11 00:00:00-05:00,0.17499999701976776,0.17499999701976776,0.17499999701976776,0.17499999701976776,0,0.0,0.0
2022-11-14 00:00:00-05:00,0.17499999701976776,0.17499999701976776,0.17499999701976776,0.17499999701976776,0,0.0,0.0
2022-11-15 00:00:00-05:00,0.17499999701976776,0.17499999701976776,0.17499999701976776,0.17499999701976776,0,0.0,0.0
2022-11-16 00:00:00-05:00,0.17499999701976776,0.17499999701976776,0.17499999701976776,0.17499999701976776,0,0.0,0.0
2022-11-17 00:00:00-05:00,0.17499999701976776,0.17499999701976776,0.17499999701976776,0.17499999701976776,0,0.0,0.0
2022-11-18 00:00:00-05:00,0.17499999701976776,0.17499999701976776,0.17499999701976776,0.17499999701976776,0,0.0,0.0
2022-11-21 00:00:00-05:00,0.17499999701976776,0.17499999701976776,0.17499999701976776,0.17499999701976776,0,0.0,0.0
2022-11-22 00:00:00-05:00,0.17499999701976776,0.17499999701976776,0.17499999701976776,0.17499999701976776,0,0.0,0.0
2022-11-23 00:00:00-05:00,0.17499999701976776,0.17499999701976776,0.17499999701976776,0.17499999701976776,0,0.0,0.0
2022-11-25 00:00:00-05:00,0.17499999701976776,0.17499999701976776,0.17499999701976776,0.17499999701976776,0,0.0,0.0
2022-11-28 00:00:00-05:00,0.17499999701976776,0.17499999701976776,0.17499999701976776,0.17499999701976776,0,0.0,0.0
2022-11-29 00:00:00-05:00,0.17499999701976776,0.17499999701976776,0.17499999701976776,0.17499999701976776,0,0.0,0.0
2022-11-30 00:00:00-05:00,0.17499999701976776,0.17499999701976776,0.17499999701976776,0.17499999701976776,0,0.0,0.0
2022-12-01 00:00:00-05:00,0.17499999701976776,0.17499999701976776,0.17499999701976776,0.17499999701976776,0,0.0,0.0
2022-12-02 00:00:00-05:00,0.17499999701976776,0.17499999701976776,0.17499999701976776,0.17499999701976776,0,0.0,0.0
2022-12-05 00:00:00-05:00,0.17499999701976776,0.17499999701976776,0.17499999701976776,0.17499999701976776,0,0.0,0.0
2022-12-06 00:00:00-05:00,1.0,1.0,0.20000000298023224,0.7900000214576721,3500,0.0,0.0
2022-12-07 00:00:00-05:00,0.4000000059604645,0.4000000059604645,0.4000000059604645,0.4000000059604645,1000,0.0,0.0
2022-12-08 00:00:00-05:00,0.22499999403953552,0.22499999403953552,0.22499999403953552,0.22499999403953552,1000,0.0,0.0
2022-12-09 00:00:00-05:00,0.22499999403953552,0.22499999403953552,0.22499999403953552,0.22499999403953552,0,0.0,0.0
2022-12-12 00:00:00-05:00,0.22499999403953552,0.22499999403953552,0.22499999403953552,0.22499999403953552,0,0.0,0.0
2022-12-13 00:00:00-05:00,0.25,0.28999999165534973,0.25,0.28999999165534973,700,0.0,0.0
2022-12-14 00:00:00-05:00,0.24500000476837158,1.9500000476837158,0.24500000476837158,1.9500000476837158,16110,0.0,0.0
2022-12-15 00:00:00-05:00,1.25,1.25,1.25,1.25,2500,0.0,0.0
2022-12-16 00:00:00-05:00,1.0099999904632568,1.9500000476837158,0.75,1.0099999904632568,16985,0.0,0.0
2022-12-19 00:00:00-05:00,1.1100000143051147,1.1100000143051147,0.625,0.6600000262260437,1790,0.0,0.0
2022-12-20 00:00:00-05:00,0.2199999988079071,0.550000011920929,0.2199999988079071,0.550000011920929,200,0.0,0.0
2022-12-21 00:00:00-05:00,0.550000011920929,0.550000011920929,0.550000011920929,0.550000011920929,0,0.0,0.0
2022-12-22 00:00:00-05:00,0.6399999856948853,0.7549999952316284,0.6399999856948853,0.7549999952316284,500,0.0,0.0
2022-12-23 00:00:00-05:00,0.7549999952316284,0.7549999952316284,0.7549999952316284,0.7549999952316284,0,0.0,0.0
2022-12-27 00:00:00-05:00,0.8700000047683716,1.3799999952316284,0.8700000047683716,1.3799999952316284,2150,0.0,0.0
2022-12-28 00:00:00-05:00,1.3799999952316284,1.3799999952316284,1.3799999952316284,1.3799999952316284,500,0.0,0.0
2022-12-29 00:00:00-05:00,1.3799999952316284,1.3799999952316284,1.3799999952316284,1.3799999952316284,0,0.0,0.0
2022-12-30 00:00:00-05:00,1.3799999952316284,1.899999976158142,0.5,1.899999976158142,1650,0.0,0.0
2023-01-03 00:00:00-05:00,1.8700000047683716,1.8700000047683716,1.8700000047683716,1.8700000047683716,105,0.0,0.0
2023-01-04 00:00:00-05:00,1.899999976158142,2.0,1.840000033378601,2.0,959,0.0,0.0
2023-01-05 00:00:00-05:00,2.0,2.0,2.0,2.0,0,0.0,0.0
2023-01-06 00:00:00-05:00,2.0,2.0,2.0,2.0,0,0.0,0.0
2023-01-09 00:00:00-05:00,2.0,2.0,1.899999976158142,1.899999976158142,1470,0.0,0.0
2023-01-10 00:00:00-05:00,2.0,2.0,1.0,1.2200000286102295,4455,0.0,0.0
2023-01-11 00:00:00-05:00,1.2200000286102295,1.2200000286102295,1.2200000286102295,1.2200000286102295,0,0.0,0.0
2023-01-12 00:00:00-05:00,1.399999976158142,1.8899999856948853,1.25,1.8899999856948853,1000,0.0,0.0
2023-01-13 00:00:00-05:00,1.7999999523162842,1.840000033378601,1.690000057220459,1.840000033378601,1000,0.0,0.0
2023-01-17 00:00:00-05:00,2.0,2.1700000762939453,1.899999976158142,2.1700000762939453,1100,0.0,0.0
2023-01-18 00:00:00-05:00,1.7899999618530273,2.180000066757202,1.7899999618530273,2.180000066757202,1801,0.0,0.0
2023-01-19 00:00:00-05:00,2.240000009536743,2.240000009536743,1.25,2.1600000858306885,2000,0.0,0.0
2023-01-20 00:00:00-05:00,2.1600000858306885,2.1600000858306885,2.1600000858306885,2.1600000858306885,0,0.0,0.0
2023-01-23 00:00:00-05:00,2.200000047683716,2.200000047683716,2.200000047683716,2.200000047683716,400,0.0,0.0
2023-01-24 00:00:00-05:00,2.200000047683716,2.200000047683716,2.200000047683716,2.200000047683716,0,0.0,0.0
2023-01-25 00:00:00-05:00,2.200000047683716,2.200000047683716,2.200000047683716,2.200000047683716,0,0.0,0.0
2023-01-26 00:00:00-05:00,2.200000047683716,2.200000047683716,2.200000047683716,2.200000047683716,0,0.0,0.0
2023-01-27 00:00:00-05:00,2.200000047683716,2.200000047683716,2.200000047683716,2.200000047683716,0,0.0,0.0
2023-01-30 00:00:00-05:00,2.200000047683716,2.200000047683716,2.200000047683716,2.200000047683716,0,0.0,0.0
2023-01-31 00:00:00-05:00,1.5,1.5,1.5,1.5,123,0.0,0.0
2023-02-01 00:00:00-05:00,1.7000000476837158,2.0,1.7000000476837158,1.7799999713897705,1547,0.0,0.0
2023-02-02 00:00:00-05:00,1.9500000476837158,2.0,1.9500000476837158,2.0,554,0.0,0.0
2023-02-03 00:00:00-05:00,1.7699999809265137,1.899999976158142,1.7599999904632568,1.7699999809265137,2006,0.0,0.0
2023-02-06 00:00:00-05:00,1.7699999809265137,1.7699999809265137,1.7699999809265137,1.7699999809265137,0,0.0,0.0
2023-02-07 00:00:00-05:00,1.7300000190734863,1.7300000190734863,1.7300000190734863,1.7300000190734863,100,0.0,0.0
2023-02-08 00:00:00-05:00,1.7300000190734863,1.7300000190734863,1.7300000190734863,1.7300000190734863,0,0.0,0.0
2023-02-09 00:00:00-05:00,1.7300000190734863,1.7300000190734863,1.7300000190734863,1.7300000190734863,0,0.0,0.0
2023-02-10 00:00:00-05:00,1.7300000190734863,1.7300000190734863,1.7300000190734863,1.7300000190734863,0,0.0,0.0
2023-02-13 00:00:00-05:00,1.7300000190734863,1.7300000190734863,1.7300000190734863,1.7300000190734863,0,0.0,0.0
2023-02-14 00:00:00-05:00,1.7300000190734863,1.7300000190734863,1.7300000190734863,1.7300000190734863,0,0.0,0.0
2023-02-15 00:00:00-05:00,1.7300000190734863,1.7300000190734863,1.7300000190734863,1.7300000190734863,0,0.0,0.0
2023-02-16 00:00:00-05:00,1.7300000190734863,1.7300000190734863,1.7300000190734863,1.7300000190734863,0,0.0,0.0
2023-02-17 00:00:00-05:00,1.7300000190734863,1.7300000190734863,1.7300000190734863,1.7300000190734863,0,0.0,0.0
2023-02-21 00:00:00-05:00,1.7300000190734863,1.7300000190734863,1.7300000190734863,1.7300000190734863,0,0.0,0.0
2023-02-22 00:00:00-05:00,1.0,1.0,1.0,1.0,100,0.0,0.0
2023-02-23 00:00:00-05:00,1.0700000524520874,1.4900000095367432,1.0099999904632568,1.25,1400,0.0,0.0
2023-02-24 00:00:00-05:00,1.2200000286102295,1.2200000286102295,1.0800000429153442,1.0800000429153442,500,0.0,0.0
2023-02-27 00:00:00-05:00,1.0800000429153442,2.0,1.0800000429153442,2.0,1549,0.0,0.0
2023-02-28 00:00:00-05:00,2.200000047683716,2.200000047683716,1.940000057220459,2.190000057220459,2720,0.0,0.0
2023-03-01 00:00:00-05:00,1.9900000095367432,2.0,1.7000000476837158,2.0,1200,0.0,0.0
2023-03-02 00:00:00-05:00,1.7000000476837158,2.299999952316284,1.7000000476837158,2.299999952316284,4296,0.0,0.0
2023-03-03 00:00:00-05:00,2.0,2.200000047683716,1.9900000095367432,2.1700000762939453,750,0.0,0.0
2023-03-06 00:00:00-05:00,2.200000047683716,2.200000047683716,2.200000047683716,2.200000047683716,152,0.0,0.0
2023-03-07 00:00:00-05:00,2.0899999141693115,2.0999999046325684,2.0899999141693115,2.0999999046325684,2200,0.0,0.0
2023-03-08 00:00:00-05:00,1.5399999618530273,2.0999999046325684,1.5399999618530273,2.0999999046325684,900,0.0,0.0
2023-03-09 00:00:00-05:00,2.299999952316284,2.299999952316284,1.899999976158142,2.25,429,0.0,0.0
2023-03-10 00:00:00-05:00,2.25,2.25,2.25,2.25,211,0.0,0.0
2023-03-13 00:00:00-04:00,2.200000047683716,2.200000047683716,2.200000047683716,2.200000047683716,555,0.0,0.0
2023-03-14 00:00:00-04:00,2.190000057220459,2.240000009536743,1.409999966621399,2.240000009536743,2225,0.0,0.0
2023-03-15 00:00:00-04:00,2.240000009536743,2.240000009536743,2.240000009536743,2.240000009536743,0,0.0,0.0
2023-03-16 00:00:00-04:00,1.559999942779541,2.1500000953674316,1.559999942779541,2.1500000953674316,1100,0.0,0.0
2023-03-17 00:00:00-04:00,2.2300000190734863,2.2300000190734863,2.2300000190734863,2.2300000190734863,102,0.0,0.0
2023-03-20 00:00:00-04:00,2.190000057220459,2.190000057220459,2.190000057220459,2.190000057220459,200,0.0,0.0
2023-03-21 00:00:00-04:00,1.399999976158142,2.180000066757202,1.2000000476837158,1.25,1459,0.0,0.0
2023-03-22 00:00:00-04:00,1.5,2.0999999046325684,1.5,2.0999999046325684,560,0.0,0.0
2023-03-23 00:00:00-04:00,2.0999999046325684,2.0999999046325684,2.0999999046325684,2.0999999046325684,0,0.0,0.0
2023-03-24 00:00:00-04:00,1.7899999618530273,2.190000057220459,1.7899999618530273,2.180000066757202,402,0.0,0.0
2023-03-27 00:00:00-04:00,2.1700000762939453,2.1700000762939453,2.1600000858306885,2.1600000858306885,600,0.0,0.0
2023-03-28 00:00:00-04:00,2.1600000858306885,2.1600000858306885,2.1600000858306885,2.1600000858306885,0,0.0,0.0
2023-03-29 00:00:00-04:00,2.200000047683716,2.200000047683716,1.350000023841858,1.350000023841858,504,0.0,0.0
2023-03-30 00:00:00-04:00,1.600000023841858,1.600000023841858,1.0,1.600000023841858,3931,0.0,0.0
2023-03-31 00:00:00-04:00,1.899999976158142,2.25,1.5,2.0,800,0.0,0.0
2023-04-03 00:00:00-04:00,2.240000009536743,2.240000009536743,1.7200000286102295,1.7200000286102295,640,0.0,0.0
2023-04-04 00:00:00-04:00,2.0,2.0,2.0,2.0,100,0.0,0.0
2023-04-05 00:00:00-04:00,1.8899999856948853,2.25,1.8899999856948853,2.25,300,0.0,0.0
2023-04-06 00:00:00-04:00,2.25,2.25,2.25,2.25,0,0.0,0.0
2023-04-10 00:00:00-04:00,1.9900000095367432,1.9900000095367432,1.9900000095367432,1.9900000095367432,450,0.0,0.0
2023-04-11 00:00:00-04:00,1.9900000095367432,1.9900000095367432,1.9800000190734863,1.9900000095367432,2920,0.0,0.0
2023-04-12 00:00:00-04:00,1.5,2.240000009536743,1.5,2.240000009536743,699,0.0,0.0
2023-04-13 00:00:00-04:00,2.25,2.25,2.240000009536743,2.240000009536743,500,0.0,0.0
2023-04-14 00:00:00-04:00,1.600000023841858,1.899999976158142,1.600000023841858,1.899999976158142,3091,0.0,0.0
2023-04-17 00:00:00-04:00,1.8899999856948853,1.8899999856948853,1.8799999952316284,1.8899999856948853,2050,0.0,0.0
2023-04-18 00:00:00-04:00,1.75,1.75,0.9700000286102295,1.5,5044,0.0,0.0
2023-04-19 00:00:00-04:00,1.5,1.600000023841858,1.5,1.5,2128,0.0,0.0
2023-04-20 00:00:00-04:00,1.600000023841858,1.600000023841858,1.3700000047683716,1.4700000286102295,5983,0.0,0.0
2023-04-21 00:00:00-04:00,1.4700000286102295,1.600000023841858,1.399999976158142,1.600000023841858,1215,0.0,0.0
2023-04-24 00:00:00-04:00,1.5700000524520874,1.600000023841858,1.0199999809265137,1.5399999618530273,6529,0.0,0.0
2023-04-25 00:00:00-04:00,1.590000033378601,2.140000104904175,1.5399999618530273,1.600000023841858,2952,0.0,0.0
2023-04-26 00:00:00-04:00,1.600000023841858,2.5899999141693115,1.600000023841858,2.5899999141693115,550,0.0,0.0
2023-04-27 00:00:00-04:00,3.0799999237060547,3.0799999237060547,3.0799999237060547,3.0799999237060547,330,0.0,0.0
2023-04-28 00:00:00-04:00,2.990000009536743,2.990000009536743,2.990000009536743,2.990000009536743,300,0.0,0.0
2023-05-01 00:00:00-04:00,2.9600000381469727,2.9600000381469727,0.031199999153614044,2.5,1543,0.0,0.0
2023-05-02 00:00:00-04:00,2.5,2.5,2.5,2.5,0,0.0,0.0
2023-05-03 00:00:00-04:00,2.700000047683716,2.700000047683716,2.700000047683716,2.700000047683716,100,0.0,0.0
2023-05-04 00:00:00-04:00,2.0,2.0,1.909999966621399,1.909999966621399,400,0.0,0.0
2023-05-05 00:00:00-04:00,1.75,1.7999999523162842,1.75,1.7999999523162842,1200,0.0,0.0
2023-05-08 00:00:00-04:00,1.7999999523162842,1.7999999523162842,1.7999999523162842,1.7999999523162842,0,0.0,0.0
2023-05-09 00:00:00-04:00,1.7999999523162842,1.7999999523162842,1.7999999523162842,1.7999999523162842,0,0.0,0.0
2023-05-10 00:00:00-04:00,1.600000023841858,1.600000023841858,1.600000023841858,1.600000023841858,100,0.0,0.0
2023-05-11 00:00:00-04:00,1.600000023841858,1.7999999523162842,1.600000023841858,1.7999999523162842,1200,0.0,0.0
2023-05-12 00:00:00-04:00,1.7999999523162842,1.899999976158142,1.7999999523162842,1.899999976158142,500,0.0,0.0
2023-05-15 00:00:00-04:00,2.2100000381469727,2.559999942779541,2.2100000381469727,2.559999942779541,300,0.0,0.0
2023-05-16 00:00:00-04:00,2.0,2.0999999046325684,2.0,2.0999999046325684,700,0.0,0.0
2023-05-17 00:00:00-04:00,2.4000000953674316,2.700000047683716,2.375,2.5,1562,0.0,0.0
2023-05-18 00:00:00-04:00,2.5,2.5999999046325684,2.5,2.5899999141693115,1500,0.0,0.0
2023-05-19 00:00:00-04:00,2.5399999618530273,2.5799999237060547,2.5399999618530273,2.569999933242798,500,0.0,0.0
2023-05-22 00:00:00-04:00,2.450000047683716,2.4800000190734863,0.6571999788284302,2.380000114440918,1750,0.0,0.0
2023-05-23 00:00:00-04:00,2.25,2.380000114440918,2.25,2.380000114440918,1701,0.0,0.0
2023-05-24 00:00:00-04:00,2.299999952316284,2.3499999046325684,2.1700000762939453,2.3499999046325684,1310,0.0,0.0
2023-05-25 00:00:00-04:00,2.3499999046325684,2.359999895095825,2.119999885559082,2.3499999046325684,1920,0.0,0.0
2023-05-26 00:00:00-04:00,2.3499999046325684,2.359999895095825,2.180000066757202,2.359999895095825,1350,0.0,0.0
2023-05-30 00:00:00-04:00,2.359999895095825,2.359999895095825,2.1500000953674316,2.2899999618530273,1449,0.0,0.0
2023-05-31 00:00:00-04:00,2.2899999618530273,2.2899999618530273,2.0999999046325684,2.2799999713897705,2400,0.0,0.0
2023-06-01 00:00:00-04:00,2.299999952316284,2.299999952316284,2.299999952316284,2.299999952316284,710,0.0,0.0
2023-06-02 00:00:00-04:00,2.299999952316284,2.299999952316284,2.2899999618530273,2.299999952316284,500,0.0,0.0
2023-06-05 00:00:00-04:00,2.299999952316284,2.299999952316284,2.2899999618530273,2.2899999618530273,400,0.0,0.0
2023-06-06 00:00:00-04:00,2.2899999618530273,2.299999952316284,1.8799999952316284,1.8799999952316284,764,0.0,0.0
2023-06-07 00:00:00-04:00,1.8799999952316284,1.899999976158142,0.025100000202655792,1.2000000476837158,4210,0.0,0.0
2023-06-08 00:00:00-04:00,1.4199999570846558,1.5,1.4199999570846558,1.5,3600,0.0,0.0
2023-06-09 00:00:00-04:00,1.5,1.5,0.5101000070571899,1.350000023841858,6931,0.0,0.0
2023-06-12 00:00:00-04:00,1.350000023841858,1.350000023841858,1.350000023841858,1.350000023841858,0,0.0,0.0
2023-06-13 00:00:00-04:00,0.5099999904632568,1.149999976158142,0.5099999904632568,1.149999976158142,17100,0.0,0.0
2023-06-14 00:00:00-04:00,0.9897000193595886,1.149999976158142,0.9897000193595886,1.0,10221,0.0,0.0
2023-06-15 00:00:00-04:00,1.0,1.0,1.0,1.0,0,0.0,0.0
2023-06-16 00:00:00-04:00,1.0,1.399999976158142,1.0,1.399999976158142,27485,0.0,0.0
2023-06-20 00:00:00-04:00,1.399999976158142,1.399999976158142,1.399999976158142,1.399999976158142,244,0.0,0.0
2023-06-21 00:00:00-04:00,1.6799999475479126,2.8299999237060547,1.6799999475479126,2.8299999237060547,902,0.0,0.0
2023-06-22 00:00:00-04:00,2.8299999237060547,2.8299999237060547,2.8299999237060547,2.8299999237060547,0,0.0,0.0
2023-06-23 00:00:00-04:00,2.869999885559082,2.9700000286102295,1.0,1.440000057220459,6522,0.0,0.0
2023-06-26 00:00:00-04:00,1.5,3.069999933242798,1.5,3.069999933242798,1727,0.0,0.0
2023-06-27 00:00:00-04:00,3.069999933242798,3.069999933242798,3.069999933242798,3.069999933242798,0,0.0,0.0
2023-06-28 00:00:00-04:00,3.0999999046325684,3.1700000762939453,3.0999999046325684,3.1700000762939453,319,0.0,0.0
2023-06-29 00:00:00-04:00,3.190000057220459,3.190000057220459,2.0999999046325684,3.1500000953674316,386,0.0,0.0
2023-06-30 00:00:00-04:00,3.1500000953674316,3.1500000953674316,3.1500000953674316,3.1500000953674316,0,0.0,0.0
2023-07-03 00:00:00-04:00,3.130000114440918,3.130000114440918,3.130000114440918,3.130000114440918,259,0.0,0.0
2023-07-05 00:00:00-04:00,3.130000114440918,3.130000114440918,3.130000114440918,3.130000114440918,0,0.0,0.0
2023-07-06 00:00:00-04:00,3.130000114440918,3.130000114440918,3.130000114440918,3.130000114440918,0,0.0,0.0
2023-07-07 00:00:00-04:00,3.130000114440918,3.130000114440918,3.130000114440918,3.130000114440918,0,0.0,0.0
2023-07-10 00:00:00-04:00,3.130000114440918,3.130000114440918,3.130000114440918,3.130000114440918,0,0.0,0.0
2023-07-11 00:00:00-04:00,3.130000114440918,3.130000114440918,1.8799999952316284,3.130000114440918,1024,0.0,0.0
2023-07-12 00:00:00-04:00,3.0,3.0,3.0,3.0,118,0.0,0.0
2023-07-13 00:00:00-04:00,3.0,3.0,3.0,3.0,0,0.0,0.0
2023-07-14 00:00:00-04:00,3.0,3.0,3.0,3.0,0,0.0,0.0
2023-07-17 00:00:00-04:00,2.8499999046325684,2.8499999046325684,2.75,2.75,287,0.0,0.0
2023-07-18 00:00:00-04:00,2.9800000190734863,2.9800000190734863,2.9800000190734863,2.9800000190734863,182,0.0,0.0
2023-07-19 00:00:00-04:00,2.700000047683716,2.700000047683716,2.700000047683716,2.700000047683716,122,0.0,0.0
2023-07-20 00:00:00-04:00,2.5999999046325684,2.5999999046325684,2.5,2.549999952316284,549,0.0,0.0
2023-07-21 00:00:00-04:00,2.549999952316284,2.549999952316284,2.549999952316284,2.549999952316284,313,0.0,0.0
2023-07-24 00:00:00-04:00,1.0199999809265137,2.5,1.0199999809265137,1.7999999523162842,3025,0.0,0.0
2023-07-25 00:00:00-04:00,1.8799999952316284,1.8799999952316284,1.25,1.6100000143051147,2570,0.0,0.0
2023-07-26 00:00:00-04:00,1.5,1.5,1.4700000286102295,1.4700000286102295,516,0.0,0.0
2023-07-27 00:00:00-04:00,1.4900000095367432,1.5,1.0499999523162842,1.5,2216,0.0,0.0
2023-07-28 00:00:00-04:00,1.25,1.5,1.25,1.5,1647,0.0,0.0
2023-08-01 00:00:00-04:00,1.5,1.5,1.5,1.5,6666,0.0,0.0
