Date,Open,High,Low,Close,Volume,Dividends,Stock Splits,Capital Gains
2021-09-13 00:00:00-04:00,25.076000213623047,25.076000213623047,25.076000213623047,25.076000213623047,800,0.0,0.0,0.0
2021-09-14 00:00:00-04:00,25.179000854492188,25.18000030517578,25.01099967956543,25.01099967956543,4800,0.0,0.0,0.0
2021-09-15 00:00:00-04:00,25.025999069213867,25.025999069213867,25.025999069213867,25.025999069213867,100,0.0,0.0,0.0
2021-09-16 00:00:00-04:00,24.940000534057617,25.010000228881836,24.940000534057617,25.010000228881836,200,0.0,0.0,0.0
2021-09-17 00:00:00-04:00,24.790000915527344,24.790000915527344,24.530000686645508,24.715999603271484,24900,0.0,0.0,0.0
2021-09-20 00:00:00-04:00,24.12299919128418,24.12299919128418,24.12299919128418,24.12299919128418,1400,0.0,0.0,0.0
2021-09-21 00:00:00-04:00,24.31800079345703,24.31800079345703,24.31800079345703,24.31800079345703,0,0.0,0.0,0.0
2021-09-22 00:00:00-04:00,24.43000030517578,24.437999725341797,24.43000030517578,24.437999725341797,7700,0.0,0.0,0.0
2021-09-23 00:00:00-04:00,24.64299964904785,24.64299964904785,24.64299964904785,24.64299964904785,0,0.0,0.0,0.0
2021-09-24 00:00:00-04:00,24.327999114990234,24.327999114990234,24.327999114990234,24.327999114990234,0,0.0,0.0,0.0
2021-09-27 00:00:00-04:00,24.208999633789062,24.208999633789062,24.135000228881836,24.135000228881836,400,0.0,0.0,0.0
2021-09-28 00:00:00-04:00,23.37700080871582,23.37700080871582,23.37700080871582,23.37700080871582,600,0.0,0.0,0.0
2021-09-29 00:00:00-04:00,23.194000244140625,23.194000244140625,23.194000244140625,23.194000244140625,0,0.0,0.0,0.0
2021-09-30 00:00:00-04:00,23.204999923706055,23.204999923706055,23.204999923706055,23.204999923706055,100,0.0,0.0,0.0
2021-10-01 00:00:00-04:00,23.000999450683594,23.000999450683594,23.000999450683594,23.000999450683594,600,0.0,0.0,0.0
2021-10-04 00:00:00-04:00,22.489999771118164,22.489999771118164,22.489999771118164,22.489999771118164,100,0.0,0.0,0.0
2021-10-05 00:00:00-04:00,22.540000915527344,22.56999969482422,22.45800018310547,22.45800018310547,4700,0.0,0.0,0.0
2021-10-06 00:00:00-04:00,22.329999923706055,22.34000015258789,22.302000045776367,22.305999755859375,1000,0.0,0.0,0.0
2021-10-07 00:00:00-04:00,22.597000122070312,22.597000122070312,22.597000122070312,22.597000122070312,100,0.0,0.0,0.0
2021-10-08 00:00:00-04:00,22.520000457763672,22.520000457763672,22.423999786376953,22.423999786376953,2100,0.0,0.0,0.0
2021-10-11 00:00:00-04:00,22.549999237060547,22.559999465942383,22.427000045776367,22.427000045776367,6900,0.0,0.0,0.0
2021-10-12 00:00:00-04:00,22.5049991607666,22.5049991607666,22.5049991607666,22.5049991607666,100,0.0,0.0,0.0
2021-10-13 00:00:00-04:00,22.719999313354492,22.82200050354004,22.719999313354492,22.82200050354004,5900,0.0,0.0,0.0
2021-10-14 00:00:00-04:00,23.15399932861328,23.15399932861328,23.15399932861328,23.15399932861328,0,0.0,0.0,0.0
2021-10-15 00:00:00-04:00,23.299999237060547,23.299999237060547,23.299999237060547,23.299999237060547,100,0.0,0.0,0.0
2021-10-18 00:00:00-04:00,23.209999084472656,23.209999084472656,23.209999084472656,23.209999084472656,100,0.0,0.0,0.0
2021-10-19 00:00:00-04:00,23.479999542236328,23.479999542236328,23.47599983215332,23.47599983215332,1200,0.0,0.0,0.0
2021-10-20 00:00:00-04:00,23.43400001525879,23.43400001525879,23.43400001525879,23.43400001525879,100,0.0,0.0,0.0
2021-10-21 00:00:00-04:00,23.399999618530273,23.399999618530273,23.364999771118164,23.364999771118164,3700,0.0,0.0,0.0
2021-10-22 00:00:00-04:00,23.5,23.5,23.44700050354004,23.44700050354004,100,0.0,0.0,0.0
2021-10-25 00:00:00-04:00,23.406999588012695,23.406999588012695,23.406999588012695,23.406999588012695,100,0.0,0.0,0.0
2021-10-26 00:00:00-04:00,23.739999771118164,23.739999771118164,23.312999725341797,23.312999725341797,500,0.0,0.0,0.0
2021-10-27 00:00:00-04:00,23.190000534057617,23.190000534057617,23.190000534057617,23.190000534057617,200,0.0,0.0,0.0
2021-10-28 00:00:00-04:00,23.5939998626709,23.5939998626709,23.5939998626709,23.5939998626709,100,0.0,0.0,0.0
2021-10-29 00:00:00-04:00,23.41699981689453,23.41699981689453,23.41699981689453,23.41699981689453,100,0.0,0.0,0.0
2021-11-01 00:00:00-04:00,23.559999465942383,23.608999252319336,23.559999465942383,23.608999252319336,800,0.0,0.0,0.0
2021-11-02 00:00:00-04:00,23.540000915527344,23.540000915527344,23.420000076293945,23.420000076293945,400,0.0,0.0,0.0
2021-11-03 00:00:00-04:00,23.290000915527344,23.40999984741211,23.290000915527344,23.40999984741211,900,0.0,0.0,0.0
2021-11-04 00:00:00-04:00,23.2450008392334,23.2450008392334,23.20599937438965,23.209999084472656,200,0.0,0.0,0.0
2021-11-05 00:00:00-04:00,23.290000915527344,23.326000213623047,23.280000686645508,23.326000213623047,1100,0.0,0.0,0.0
2021-11-08 00:00:00-05:00,23.34000015258789,23.3700008392334,23.34000015258789,23.3700008392334,200,0.0,0.0,0.0
2021-11-09 00:00:00-05:00,23.450000762939453,23.450000762939453,23.344999313354492,23.344999313354492,300,0.0,0.0,0.0
2021-11-10 00:00:00-05:00,22.954999923706055,22.954999923706055,22.954999923706055,22.954999923706055,0,0.0,0.0,0.0
2021-11-11 00:00:00-05:00,23.09000015258789,23.09000015258789,22.979999542236328,22.979999542236328,3200,0.0,0.0,0.0
2021-11-12 00:00:00-05:00,23.065000534057617,23.15999984741211,23.065000534057617,23.139999389648438,1400,0.0,0.0,0.0
2021-11-15 00:00:00-05:00,23.21500015258789,23.21500015258789,23.14699935913086,23.14699935913086,200,0.0,0.0,0.0
2021-11-16 00:00:00-05:00,23.183000564575195,23.183000564575195,23.183000564575195,23.183000564575195,100,0.0,0.0,0.0
2021-11-17 00:00:00-05:00,23.18000030517578,23.18000030517578,23.115999221801758,23.115999221801758,200,0.0,0.0,0.0
2021-11-18 00:00:00-05:00,23.163000106811523,23.163000106811523,23.163000106811523,23.163000106811523,100,0.0,0.0,0.0
2021-11-19 00:00:00-05:00,23.200000762939453,23.204999923706055,23.14299964904785,23.14299964904785,200,0.0,0.0,0.0
2021-11-22 00:00:00-05:00,22.93000030517578,22.93000030517578,22.84000015258789,22.84000015258789,1700,0.0,0.0,0.0
2021-11-23 00:00:00-05:00,22.634000778198242,22.634000778198242,22.634000778198242,22.634000778198242,100,0.0,0.0,0.0
2021-11-24 00:00:00-05:00,22.398000717163086,22.398000717163086,22.398000717163086,22.398000717163086,100,0.0,0.0,0.0
2021-11-26 00:00:00-05:00,21.985000610351562,21.985000610351562,21.899999618530273,21.902000427246094,300,0.0,0.0,0.0
2021-11-29 00:00:00-05:00,21.969999313354492,22.084999084472656,21.969999313354492,22.06599998474121,600,0.0,0.0,0.0
2021-11-30 00:00:00-05:00,22.040000915527344,22.040000915527344,21.700000762939453,21.81800079345703,1300,0.0,0.0,0.0
2021-12-01 00:00:00-05:00,22.225000381469727,22.225000381469727,21.805999755859375,21.805999755859375,600,0.0,0.0,0.0
2021-12-02 00:00:00-05:00,21.899999618530273,22.0,21.899999618530273,21.940000534057617,2400,0.0,0.0,0.0
2021-12-03 00:00:00-05:00,22.0,22.0,21.700000762939453,21.700000762939453,600,0.0,0.0,0.0
2021-12-06 00:00:00-05:00,21.899999618530273,21.899999618530273,21.899999618530273,21.899999618530273,100,0.0,0.0,0.0
2021-12-07 00:00:00-05:00,22.5,22.5,22.5,22.5,100,0.0,0.0,0.0
2021-12-08 00:00:00-05:00,22.625,22.625,22.625,22.625,100,0.0,0.0,0.0
2021-12-09 00:00:00-05:00,22.579999923706055,22.59000015258789,22.361000061035156,22.361000061035156,1600,0.0,0.0,0.0
2021-12-10 00:00:00-05:00,22.209999084472656,22.231000900268555,22.209999084472656,22.231000900268555,1400,0.0,0.0,0.0
2021-12-13 00:00:00-05:00,22.02899932861328,22.02899932861328,22.02899932861328,22.02899932861328,100,0.0,0.0,0.0
2021-12-14 00:00:00-05:00,21.73900032043457,21.73900032043457,21.73900032043457,21.73900032043457,100,0.0,0.0,0.0
2021-12-15 00:00:00-05:00,22.07900047302246,22.07900047302246,22.07900047302246,22.07900047302246,0,0.0,0.0,0.0
2021-12-16 00:00:00-05:00,21.968000411987305,22.006999969482422,21.968000411987305,22.006999969482422,400,0.0,0.0,0.0
2021-12-17 00:00:00-05:00,21.80500030517578,21.80500030517578,21.80500030517578,21.80500030517578,100,0.0,0.0,0.0
2021-12-20 00:00:00-05:00,21.65399932861328,21.65399932861328,21.600000381469727,21.600000381469727,100,0.0,0.0,0.0
2021-12-21 00:00:00-05:00,22.049999237060547,22.052000045776367,22.01099967956543,22.052000045776367,300,0.0,0.0,0.0
2021-12-22 00:00:00-05:00,22.040000915527344,22.232999801635742,22.040000915527344,22.232999801635742,700,0.0,0.0,0.0
2021-12-23 00:00:00-05:00,22.239999771118164,22.3700008392334,22.190000534057617,22.368000030517578,1500,0.0,0.0,0.0
2021-12-27 00:00:00-05:00,22.5049991607666,22.5049991607666,22.5049991607666,22.5049991607666,0,0.0,0.0,0.0
2021-12-28 00:00:00-05:00,22.579999923706055,22.579999923706055,22.472000122070312,22.472000122070312,500,0.0,0.0,0.0
2021-12-29 00:00:00-05:00,22.3700008392334,22.3700008392334,22.31100082397461,22.329999923706055,500,0.0,0.0,0.0
2021-12-30 00:00:00-05:00,22.33099937438965,22.3700008392334,22.320999145507812,22.320999145507812,300,0.0,0.0,0.0
2021-12-31 00:00:00-05:00,22.388999938964844,22.440000534057617,22.371000289916992,22.371000289916992,700,0.0,0.0,0.0
2022-01-03 00:00:00-05:00,22.489999771118164,22.53499984741211,22.489999771118164,22.53499984741211,2500,0.0,0.0,0.0
2022-01-04 00:00:00-05:00,22.6200008392334,22.6200008392334,22.440000534057617,22.481000900268555,1100,0.0,0.0,0.0
2022-01-05 00:00:00-05:00,22.399999618530273,22.399999618530273,22.023000717163086,22.023000717163086,800,0.0,0.0,0.0
2022-01-06 00:00:00-05:00,21.69099998474121,21.719999313354492,21.69099998474121,21.719999313354492,400,0.0,0.0,0.0
2022-01-07 00:00:00-05:00,21.65999984741211,21.729999542236328,21.65999984741211,21.670000076293945,1700,0.0,0.0,0.0
2022-01-10 00:00:00-05:00,21.45599937438965,21.45599937438965,21.45599937438965,21.45599937438965,100,0.0,0.0,0.0
2022-01-11 00:00:00-05:00,21.711000442504883,21.711000442504883,21.711000442504883,21.711000442504883,100,0.0,0.0,0.0
2022-01-12 00:00:00-05:00,21.981000900268555,21.981000900268555,21.981000900268555,21.981000900268555,100,0.0,0.0,0.0
2022-01-13 00:00:00-05:00,21.711999893188477,21.711999893188477,21.711999893188477,21.711999893188477,0,0.0,0.0,0.0
2022-01-14 00:00:00-05:00,21.520000457763672,21.520000457763672,21.520000457763672,21.520000457763672,100,0.0,0.0,0.0
2022-01-18 00:00:00-05:00,21.226999282836914,21.226999282836914,21.226999282836914,21.226999282836914,100,0.0,0.0,0.0
2022-01-19 00:00:00-05:00,21.18000030517578,21.18000030517578,21.16200065612793,21.16200065612793,100,0.0,0.0,0.0
2022-01-20 00:00:00-05:00,21.15999984741211,21.15999984741211,21.156999588012695,21.156999588012695,500,0.0,0.0,0.0
2022-01-21 00:00:00-05:00,21.0,21.0,20.849000930786133,20.849000930786133,300,0.0,0.0,0.0
2022-01-24 00:00:00-05:00,20.399999618530273,20.649999618530273,20.399999618530273,20.649999618530273,200,0.0,0.0,0.0
2022-01-25 00:00:00-05:00,20.399999618530273,20.399999618530273,20.399999618530273,20.399999618530273,0,0.0,0.0,0.0
2022-01-26 00:00:00-05:00,20.649999618530273,20.649999618530273,20.368999481201172,20.368999481201172,700,0.0,0.0,0.0
2022-01-27 00:00:00-05:00,20.014999389648438,20.014999389648438,20.014999389648438,20.014999389648438,100,0.0,0.0,0.0
2022-01-28 00:00:00-05:00,19.968000411987305,19.968000411987305,19.968000411987305,19.968000411987305,0,0.0,0.0,0.0
2022-01-31 00:00:00-05:00,20.670000076293945,20.670000076293945,20.670000076293945,20.670000076293945,100,0.0,0.0,0.0
2022-02-01 00:00:00-05:00,20.809999465942383,20.83300018310547,20.809999465942383,20.83300018310547,8100,0.0,0.0,0.0
2022-02-02 00:00:00-05:00,21.25,21.260000228881836,21.10099983215332,21.1299991607666,3000,0.0,0.0,0.0
2022-02-03 00:00:00-05:00,20.55500030517578,20.55500030517578,20.55500030517578,20.55500030517578,100,0.0,0.0,0.0
2022-02-04 00:00:00-05:00,20.597000122070312,20.597000122070312,20.597000122070312,20.597000122070312,100,0.0,0.0,0.0
2022-02-07 00:00:00-05:00,20.44700050354004,20.44700050354004,20.44700050354004,20.44700050354004,0,0.0,0.0,0.0
2022-02-08 00:00:00-05:00,20.350000381469727,20.451000213623047,20.350000381469727,20.451000213623047,1500,0.0,0.0,0.0
2022-02-09 00:00:00-05:00,20.924999237060547,21.027999877929688,20.889999389648438,21.027999877929688,600,0.0,0.0,0.0
2022-02-10 00:00:00-05:00,20.701000213623047,20.701000213623047,20.701000213623047,20.701000213623047,0,0.0,0.0,0.0
2022-02-11 00:00:00-05:00,20.30299949645996,20.30299949645996,20.30299949645996,20.30299949645996,100,0.0,0.0,0.0
2022-02-14 00:00:00-05:00,20.038999557495117,20.038999557495117,20.038999557495117,20.038999557495117,0,0.0,0.0,0.0
2022-02-15 00:00:00-05:00,20.444000244140625,20.444000244140625,20.444000244140625,20.444000244140625,0,0.0,0.0,0.0
2022-02-16 00:00:00-05:00,20.399999618530273,20.486000061035156,20.399999618530273,20.486000061035156,100,0.0,0.0,0.0
2022-02-17 00:00:00-05:00,20.149999618530273,20.149999618530273,20.09000015258789,20.09000015258789,100,0.0,0.0,0.0
2022-02-18 00:00:00-05:00,19.972999572753906,19.972999572753906,19.972999572753906,19.972999572753906,0,0.0,0.0,0.0
2022-02-22 00:00:00-05:00,19.825000762939453,19.825000762939453,19.618000030517578,19.618000030517578,400,0.0,0.0,0.0
2022-02-23 00:00:00-05:00,19.42799949645996,19.42799949645996,19.42799949645996,19.42799949645996,100,0.0,0.0,0.0
2022-02-24 00:00:00-05:00,18.93000030517578,19.329999923706055,18.840999603271484,19.329999923706055,900,0.0,0.0,0.0
2022-02-25 00:00:00-05:00,19.81999969482422,19.81999969482422,19.81999969482422,19.81999969482422,100,0.0,0.0,0.0
2022-02-28 00:00:00-05:00,19.71299934387207,19.71299934387207,19.71299934387207,19.71299934387207,1000,0.0,0.0,0.0
2022-03-01 00:00:00-05:00,19.68000030517578,19.68000030517578,19.389999389648438,19.389999389648438,300,0.0,0.0,0.0
2022-03-02 00:00:00-05:00,19.65999984741211,19.65999984741211,19.65999984741211,19.65999984741211,0,0.0,0.0,0.0
2022-03-03 00:00:00-05:00,19.34000015258789,19.360000610351562,19.34000015258789,19.360000610351562,400,0.0,0.0,0.0
2022-03-04 00:00:00-05:00,18.790000915527344,18.790000915527344,18.790000915527344,18.790000915527344,100,0.0,0.0,0.0
2022-03-07 00:00:00-05:00,18.469999313354492,18.469999313354492,18.226999282836914,18.226999282836914,300,0.0,0.0,0.0
2022-03-08 00:00:00-05:00,18.309999465942383,18.38599967956543,18.309999465942383,18.38599967956543,200,0.0,0.0,0.0
2022-03-09 00:00:00-05:00,18.809999465942383,18.989999771118164,18.809999465942383,18.983999252319336,300,0.0,0.0,0.0
2022-03-10 00:00:00-05:00,18.70400047302246,18.70400047302246,18.70400047302246,18.70400047302246,100,0.0,0.0,0.0
2022-03-11 00:00:00-05:00,18.415000915527344,18.415000915527344,18.415000915527344,18.415000915527344,0,0.0,0.0,0.0
2022-03-14 00:00:00-04:00,18.232999801635742,18.232999801635742,18.232999801635742,18.232999801635742,100,0.0,0.0,0.0
2022-03-15 00:00:00-04:00,18.274999618530273,18.427000045776367,18.274999618530273,18.427000045776367,400,0.0,0.0,0.0
2022-03-16 00:00:00-04:00,19.18000030517578,19.27400016784668,19.18000030517578,19.27400016784668,200,0.0,0.0,0.0
2022-03-17 00:00:00-04:00,19.5049991607666,19.624000549316406,19.5049991607666,19.624000549316406,200,0.0,0.0,0.0
2022-03-18 00:00:00-04:00,19.68000030517578,19.836000442504883,19.68000030517578,19.836000442504883,200,0.0,0.0,0.0
2022-03-21 00:00:00-04:00,19.649999618530273,19.649999618530273,19.610000610351562,19.635000228881836,400,0.0,0.0,0.0
2022-03-22 00:00:00-04:00,19.77899932861328,19.77899932861328,19.77899932861328,19.77899932861328,100,0.0,0.0,0.0
2022-03-23 00:00:00-04:00,19.55299949645996,19.55299949645996,19.55299949645996,19.55299949645996,100,0.0,0.0,0.0
2022-03-24 00:00:00-04:00,19.621000289916992,19.660999298095703,19.621000289916992,19.660999298095703,100,0.0,0.0,0.0
2022-03-25 00:00:00-04:00,19.459999084472656,19.594999313354492,19.459999084472656,19.594999313354492,100,0.0,0.0,0.0
2022-03-28 00:00:00-04:00,19.49799919128418,19.49799919128418,19.49799919128418,19.49799919128418,100,0.0,0.0,0.0
2022-03-29 00:00:00-04:00,19.940000534057617,20.011999130249023,19.905000686645508,20.011999130249023,4800,0.0,0.0,0.0
2022-03-30 00:00:00-04:00,19.878999710083008,19.878999710083008,19.878999710083008,19.878999710083008,100,0.0,0.0,0.0
2022-03-31 00:00:00-04:00,19.61400032043457,19.61400032043457,19.61400032043457,19.61400032043457,100,0.0,0.0,0.0
2022-04-01 00:00:00-04:00,19.698999404907227,19.698999404907227,19.698999404907227,19.698999404907227,0,0.0,0.0,0.0
2022-04-04 00:00:00-04:00,19.908000946044922,19.908000946044922,19.908000946044922,19.908000946044922,100,0.0,0.0,0.0
2022-04-05 00:00:00-04:00,19.610000610351562,19.610000610351562,19.610000610351562,19.610000610351562,100,0.0,0.0,0.0
2022-04-06 00:00:00-04:00,19.365999221801758,19.365999221801758,19.365999221801758,19.365999221801758,100,0.0,0.0,0.0
2022-04-07 00:00:00-04:00,19.211999893188477,19.211999893188477,19.211999893188477,19.211999893188477,100,0.0,0.0,0.0
2022-04-08 00:00:00-04:00,19.139999389648438,19.200000762939453,19.139999389648438,19.18899917602539,200,0.0,0.0,0.0
2022-04-11 00:00:00-04:00,19.06999969482422,19.06999969482422,18.740999221801758,18.740999221801758,300,0.0,0.0,0.0
2022-04-12 00:00:00-04:00,18.5,18.511999130249023,18.5,18.511999130249023,4000,0.0,0.0,0.0
2022-04-13 00:00:00-04:00,18.849000930786133,18.849000930786133,18.849000930786133,18.849000930786133,0,0.0,0.0,0.0
2022-04-14 00:00:00-04:00,18.64699935913086,18.64699935913086,18.64699935913086,18.64699935913086,100,0.0,0.0,0.0
2022-04-18 00:00:00-04:00,18.389999389648438,18.40999984741211,18.389999389648438,18.40999984741211,300,0.0,0.0,0.0
2022-04-19 00:00:00-04:00,18.538999557495117,18.538999557495117,18.538999557495117,18.538999557495117,0,0.0,0.0,0.0
2022-04-20 00:00:00-04:00,18.739999771118164,18.739999771118164,18.739999771118164,18.739999771118164,0,0.0,0.0,0.0
2022-04-21 00:00:00-04:00,18.503000259399414,18.503000259399414,18.503000259399414,18.503000259399414,100,0.0,0.0,0.0
2022-04-22 00:00:00-04:00,18.18000030517578,18.187999725341797,18.18000030517578,18.187999725341797,100,0.0,0.0,0.0
2022-04-25 00:00:00-04:00,18.049999237060547,18.049999237060547,18.049999237060547,18.049999237060547,200,0.0,0.0,0.0
2022-04-26 00:00:00-04:00,17.81999969482422,17.81999969482422,17.704999923706055,17.704999923706055,100,0.0,0.0,0.0
2022-04-27 00:00:00-04:00,17.719999313354492,17.719999313354492,17.6200008392334,17.64900016784668,1100,0.0,0.0,0.0
2022-04-28 00:00:00-04:00,17.709999084472656,17.8799991607666,17.709999084472656,17.8799991607666,300,0.0,0.0,0.0
2022-04-29 00:00:00-04:00,17.66900062561035,17.66900062561035,17.66900062561035,17.66900062561035,100,0.0,0.0,0.0
2022-05-02 00:00:00-04:00,17.540000915527344,17.638999938964844,17.540000915527344,17.638999938964844,100,0.0,0.0,0.0
2022-05-03 00:00:00-04:00,17.709999084472656,17.709999084472656,17.69499969482422,17.69499969482422,400,0.0,0.0,0.0
2022-05-04 00:00:00-04:00,17.610000610351562,18.04800033569336,17.610000610351562,18.04800033569336,400,0.0,0.0,0.0
2022-05-05 00:00:00-04:00,17.42300033569336,17.42300033569336,17.42300033569336,17.42300033569336,0,0.0,0.0,0.0
2022-05-06 00:00:00-04:00,17.219999313354492,17.219999313354492,17.170000076293945,17.211000442504883,300,0.0,0.0,0.0
2022-05-09 00:00:00-04:00,16.61400032043457,16.61400032043457,16.61400032043457,16.61400032043457,0,0.0,0.0,0.0
2022-05-10 00:00:00-04:00,16.683000564575195,16.683000564575195,16.683000564575195,16.683000564575195,100,0.0,0.0,0.0
2022-05-11 00:00:00-04:00,16.809999465942383,16.809999465942383,16.739999771118164,16.739999771118164,900,0.0,0.0,0.0
2022-05-12 00:00:00-04:00,16.759000778198242,16.759000778198242,16.759000778198242,16.759000778198242,0,0.0,0.0,0.0
2022-05-13 00:00:00-04:00,17.312000274658203,17.312000274658203,17.312000274658203,17.312000274658203,0,0.0,0.0,0.0
2022-05-16 00:00:00-04:00,17.308000564575195,17.308000564575195,17.308000564575195,17.308000564575195,0,0.0,0.0,0.0
2022-05-17 00:00:00-04:00,17.649999618530273,17.649999618530273,17.649999618530273,17.649999618530273,100,0.0,0.0,0.0
2022-05-18 00:00:00-04:00,17.336000442504883,17.336000442504883,17.336000442504883,17.336000442504883,0,0.0,0.0,0.0
2022-05-19 00:00:00-04:00,17.540000915527344,17.540000915527344,17.540000915527344,17.540000915527344,0,0.0,0.0,0.0
2022-05-20 00:00:00-04:00,17.660999298095703,17.660999298095703,17.660999298095703,17.660999298095703,0,0.0,0.0,0.0
2022-05-23 00:00:00-04:00,18.02199935913086,18.02199935913086,18.02199935913086,18.02199935913086,0,0.0,0.0,0.0
2022-05-24 00:00:00-04:00,17.618999481201172,17.618999481201172,17.618999481201172,17.618999481201172,0,0.0,0.0,0.0
2022-05-25 00:00:00-04:00,17.599000930786133,17.599000930786133,17.599000930786133,17.599000930786133,0,0.0,0.0,0.0
2022-05-26 00:00:00-04:00,17.808000564575195,17.808000564575195,17.808000564575195,17.808000564575195,0,0.0,0.0,0.0
2022-05-27 00:00:00-04:00,18.024999618530273,18.024999618530273,18.024999618530273,18.024999618530273,0,0.0,0.0,0.0
2022-05-31 00:00:00-04:00,18.072999954223633,18.072999954223633,18.072999954223633,18.072999954223633,100,0.0,0.0,0.0
2022-06-01 00:00:00-04:00,18.190000534057617,18.200000762939453,17.9060001373291,17.9060001373291,300,0.0,0.0,0.0
2022-06-02 00:00:00-04:00,18.200000762939453,18.266000747680664,18.200000762939453,18.266000747680664,100,0.0,0.0,0.0
2022-06-03 00:00:00-04:00,18.038999557495117,18.038999557495117,18.038999557495117,18.038999557495117,100,0.0,0.0,0.0
2022-06-06 00:00:00-04:00,18.174999237060547,18.174999237060547,18.174999237060547,18.174999237060547,100,0.0,0.0,0.0
2022-06-07 00:00:00-04:00,18.190000534057617,18.190000534057617,18.190000534057617,18.190000534057617,0,0.0,0.0,0.0
2022-06-08 00:00:00-04:00,18.038000106811523,18.038000106811523,18.038000106811523,18.038000106811523,100,0.0,0.0,0.0
2022-06-09 00:00:00-04:00,17.93000030517578,17.93000030517578,17.74799919128418,17.74799919128418,200,0.0,0.0,0.0
2022-06-10 00:00:00-04:00,17.489999771118164,17.489999771118164,17.395000457763672,17.395000457763672,200,0.0,0.0,0.0
2022-06-13 00:00:00-04:00,16.72599983215332,16.72599983215332,16.72599983215332,16.72599983215332,100,0.0,0.0,0.0
2022-06-14 00:00:00-04:00,16.524999618530273,16.524999618530273,16.514999389648438,16.514999389648438,1100,0.0,0.0,0.0
2022-06-15 00:00:00-04:00,16.78499984741211,16.78499984741211,16.78499984741211,16.78499984741211,0,0.0,0.0,0.0
2022-06-16 00:00:00-04:00,16.277999877929688,16.277999877929688,16.277999877929688,16.277999877929688,100,0.0,0.0,0.0
2022-06-17 00:00:00-04:00,16.333999633789062,16.333999633789062,16.333999633789062,16.333999633789062,0,0.0,0.0,0.0
2022-06-21 00:00:00-04:00,16.579999923706055,16.579999923706055,16.579999923706055,16.579999923706055,100,0.0,0.0,0.0
2022-06-22 00:00:00-04:00,16.43000030517578,16.475000381469727,16.43000030517578,16.475000381469727,1500,0.0,0.0,0.0
2022-06-23 00:00:00-04:00,16.534000396728516,16.534000396728516,16.534000396728516,16.534000396728516,0,0.0,0.0,0.0
2022-06-24 00:00:00-04:00,16.959999084472656,17.093000411987305,16.959999084472656,17.093000411987305,300,0.0,0.0,0.0
2022-06-27 00:00:00-04:00,17.072999954223633,17.072999954223633,17.072999954223633,17.072999954223633,100,0.0,0.0,0.0
2022-06-28 00:00:00-04:00,16.959999084472656,16.959999084472656,16.959999084472656,16.959999084472656,100,0.0,0.0,0.0
2022-06-29 00:00:00-04:00,16.850000381469727,16.850000381469727,16.850000381469727,16.850000381469727,0,0.0,0.0,0.0
2022-06-30 00:00:00-04:00,16.549999237060547,16.5939998626709,16.549999237060547,16.5939998626709,100,0.0,0.0,0.0
2022-07-01 00:00:00-04:00,16.58799934387207,16.58799934387207,16.58799934387207,16.58799934387207,0,0.0,0.0,0.0
2022-07-05 00:00:00-04:00,16.402999877929688,16.402999877929688,16.402999877929688,16.402999877929688,100,0.0,0.0,0.0
2022-07-06 00:00:00-04:00,16.56100082397461,16.56100082397461,16.56100082397461,16.56100082397461,0,0.0,0.0,0.0
2022-07-07 00:00:00-04:00,16.878000259399414,16.878000259399414,16.878000259399414,16.878000259399414,0,0.0,0.0,0.0
2022-07-08 00:00:00-04:00,16.910999298095703,16.910999298095703,16.910999298095703,16.910999298095703,100,0.0,0.0,0.0
2022-07-11 00:00:00-04:00,16.490999221801758,16.490999221801758,16.490999221801758,16.490999221801758,0,0.0,0.0,0.0
2022-07-12 00:00:00-04:00,16.451000213623047,16.451000213623047,16.451000213623047,16.451000213623047,100,0.0,0.0,0.0
2022-07-13 00:00:00-04:00,16.482999801635742,16.482999801635742,16.482999801635742,16.482999801635742,0,0.0,0.0,0.0
2022-07-14 00:00:00-04:00,16.31999969482422,16.31999969482422,16.31999969482422,16.31999969482422,400000,0.0,0.0,0.0
2022-07-15 00:00:00-04:00,16.469999313354492,16.600000381469727,16.3799991607666,16.600000381469727,1100,0.0,0.0,0.0
2022-07-18 00:00:00-04:00,16.718000411987305,16.718000411987305,16.718000411987305,16.718000411987305,0,0.0,0.0,0.0
2022-07-19 00:00:00-04:00,16.996000289916992,16.996000289916992,16.996000289916992,16.996000289916992,100,0.0,0.0,0.0
2022-07-20 00:00:00-04:00,17.07200050354004,17.07200050354004,17.07200050354004,17.07200050354004,100,0.0,0.0,0.0
2022-07-21 00:00:00-04:00,17.2549991607666,17.2549991607666,17.2549991607666,17.2549991607666,0,0.0,0.0,0.0
2022-07-22 00:00:00-04:00,17.111000061035156,17.111000061035156,17.111000061035156,17.111000061035156,100,0.0,0.0,0.0
2022-07-25 00:00:00-04:00,17.159000396728516,17.159000396728516,17.159000396728516,17.159000396728516,100,0.0,0.0,0.0
2022-07-26 00:00:00-04:00,16.878000259399414,16.878000259399414,16.878000259399414,16.878000259399414,0,0.0,0.0,0.0
2022-07-27 00:00:00-04:00,17.229000091552734,17.229000091552734,17.229000091552734,17.229000091552734,0,0.0,0.0,0.0
2022-07-28 00:00:00-04:00,17.523000717163086,17.523000717163086,17.523000717163086,17.523000717163086,0,0.0,0.0,0.0
2022-07-29 00:00:00-04:00,17.716999053955078,17.716999053955078,17.716999053955078,17.716999053955078,0,0.0,0.0,0.0
2022-08-01 00:00:00-04:00,17.70800018310547,17.70800018310547,17.70800018310547,17.70800018310547,0,0.0,0.0,0.0
2022-08-02 00:00:00-04:00,17.445999145507812,17.445999145507812,17.445999145507812,17.445999145507812,0,0.0,0.0,0.0
2022-08-03 00:00:00-04:00,17.655000686645508,17.655000686645508,17.655000686645508,17.655000686645508,0,0.0,0.0,0.0
2022-08-04 00:00:00-04:00,17.82900047302246,17.82900047302246,17.82900047302246,17.82900047302246,100,0.0,0.0,0.0
2022-08-05 00:00:00-04:00,17.683000564575195,17.683000564575195,17.683000564575195,17.683000564575195,0,0.0,0.0,0.0
2022-08-08 00:00:00-04:00,17.645000457763672,17.645000457763672,17.645000457763672,17.645000457763672,0,0.0,0.0,0.0
2022-08-09 00:00:00-04:00,17.459999084472656,17.459999084472656,17.43000030517578,17.43000030517578,500,0.0,0.0,0.0
2022-08-10 00:00:00-04:00,17.81999969482422,17.913000106811523,17.81999969482422,17.913000106811523,400,0.0,0.0,0.0
2022-08-11 00:00:00-04:00,17.89900016784668,17.89900016784668,17.89900016784668,17.89900016784668,0,0.0,0.0,0.0
2022-08-12 00:00:00-04:00,18.01799964904785,18.01799964904785,18.01799964904785,18.01799964904785,0,0.0,0.0,0.0
2022-08-15 00:00:00-04:00,17.930999755859375,17.930999755859375,17.930999755859375,17.930999755859375,100,0.0,0.0,0.0
2022-08-16 00:00:00-04:00,17.93000030517578,17.972999572753906,17.93000030517578,17.972999572753906,4200,0.0,0.0,0.0
2022-08-17 00:00:00-04:00,17.77199935913086,17.77199935913086,17.77199935913086,17.77199935913086,100,0.0,0.0,0.0
2022-08-18 00:00:00-04:00,17.68000030517578,17.68000030517578,17.68000030517578,17.68000030517578,0,0.0,0.0,0.0
2022-08-19 00:00:00-04:00,17.378999710083008,17.378999710083008,17.378999710083008,17.378999710083008,100,0.0,0.0,0.0
2022-08-22 00:00:00-04:00,17.03700065612793,17.03700065612793,17.03700065612793,17.03700065612793,0,0.0,0.0,0.0
2022-08-23 00:00:00-04:00,17.05699920654297,17.05699920654297,17.05699920654297,17.05699920654297,100,0.0,0.0,0.0
2022-08-24 00:00:00-04:00,17.115999221801758,17.115999221801758,17.115999221801758,17.115999221801758,100,0.0,0.0,0.0
2022-08-25 00:00:00-04:00,17.238000869750977,17.238000869750977,17.238000869750977,17.238000869750977,100,0.0,0.0,0.0
2022-08-26 00:00:00-04:00,16.7549991607666,16.7549991607666,16.7549991607666,16.7549991607666,0,0.0,0.0,0.0
2022-08-29 00:00:00-04:00,16.57699966430664,16.57699966430664,16.57699966430664,16.57699966430664,100,0.0,0.0,0.0
2022-08-30 00:00:00-04:00,16.420000076293945,16.445999145507812,16.420000076293945,16.445999145507812,1400,0.0,0.0,0.0
2022-08-31 00:00:00-04:00,16.375,16.375,16.375,16.375,100,0.0,0.0,0.0
2022-09-01 00:00:00-04:00,16.030000686645508,16.152999877929688,16.030000686645508,16.152999877929688,600,0.0,0.0,0.0
2022-09-02 00:00:00-04:00,15.96500015258789,15.96500015258789,15.96500015258789,15.96500015258789,100,0.0,0.0,0.0
2022-09-06 00:00:00-04:00,15.890000343322754,15.890000343322754,15.869999885559082,15.869999885559082,500,0.0,0.0,0.0
2022-09-07 00:00:00-04:00,16.051000595092773,16.051000595092773,16.051000595092773,16.051000595092773,0,0.0,0.0,0.0
2022-09-08 00:00:00-04:00,16.118000030517578,16.118000030517578,16.118000030517578,16.118000030517578,0,0.0,0.0,0.0
2022-09-09 00:00:00-04:00,16.5,16.5,16.499000549316406,16.499000549316406,1200,0.0,0.0,0.0
2022-09-12 00:00:00-04:00,16.715999603271484,16.715999603271484,16.715999603271484,16.715999603271484,100,0.0,0.0,0.0
2022-09-13 00:00:00-04:00,16.106000900268555,16.106000900268555,16.106000900268555,16.106000900268555,100,0.0,0.0,0.0
2022-09-14 00:00:00-04:00,16.139999389648438,16.155000686645508,16.139999389648438,16.155000686645508,700,0.0,0.0,0.0
2022-09-15 00:00:00-04:00,15.984999656677246,15.984999656677246,15.984999656677246,15.984999656677246,100,0.0,0.0,0.0
2022-09-16 00:00:00-04:00,15.789999961853027,15.838000297546387,15.789999961853027,15.838000297546387,500,0.0,0.0,0.0
2022-09-19 00:00:00-04:00,15.835000038146973,15.949999809265137,15.835000038146973,15.892999649047852,1700,0.0,0.0,0.0
2022-09-20 00:00:00-04:00,15.586999893188477,15.586999893188477,15.586999893188477,15.586999893188477,0,0.0,0.0,0.0
2022-09-21 00:00:00-04:00,15.430999755859375,15.430999755859375,15.430999755859375,15.430999755859375,100,0.0,0.0,0.0
2022-09-22 00:00:00-04:00,15.270000457763672,15.279999732971191,15.218000411987305,15.218000411987305,1100,0.0,0.0,0.0
2022-09-23 00:00:00-04:00,14.84000015258789,14.855999946594238,14.795000076293945,14.855999946594238,3100,0.0,0.0,0.0
2022-09-26 00:00:00-04:00,14.66100025177002,14.66100025177002,14.66100025177002,14.66100025177002,100,0.0,0.0,0.0
2022-09-27 00:00:00-04:00,14.600000381469727,14.600000381469727,14.600000381469727,14.600000381469727,300,0.0,0.0,0.0
2022-09-28 00:00:00-04:00,14.880000114440918,14.887999534606934,14.859999656677246,14.887999534606934,1200,0.0,0.0,0.0
2022-09-29 00:00:00-04:00,14.579999923706055,14.585000038146973,14.5600004196167,14.585000038146973,300,0.0,0.0,0.0
2022-09-30 00:00:00-04:00,14.45300006866455,14.45300006866455,14.420000076293945,14.420000076293945,500,0.0,0.0,0.0
2022-10-03 00:00:00-04:00,14.826000213623047,14.826000213623047,14.826000213623047,14.826000213623047,100,0.0,0.0,0.0
2022-10-04 00:00:00-04:00,15.199999809265137,15.42300033569336,15.199999809265137,15.42300033569336,500,0.0,0.0,0.0
2022-10-05 00:00:00-04:00,15.281999588012695,15.281999588012695,15.281999588012695,15.281999588012695,100,0.0,0.0,0.0
2022-10-06 00:00:00-04:00,15.170000076293945,15.170000076293945,15.052000045776367,15.052000045776367,500,0.0,0.0,0.0
2022-10-07 00:00:00-04:00,14.640000343322754,14.640000343322754,14.640000343322754,14.640000343322754,100,0.0,0.0,0.0
2022-10-10 00:00:00-04:00,14.536999702453613,14.536999702453613,14.536999702453613,14.536999702453613,100,0.0,0.0,0.0
2022-10-11 00:00:00-04:00,14.359999656677246,14.359999656677246,14.270000457763672,14.270000457763672,300,0.0,0.0,0.0
2022-10-12 00:00:00-04:00,14.3100004196167,14.319999694824219,14.175999641418457,14.175999641418457,1100,0.0,0.0,0.0
2022-10-13 00:00:00-04:00,13.8100004196167,14.439000129699707,13.8100004196167,14.439000129699707,200,0.0,0.0,0.0
2022-10-14 00:00:00-04:00,14.145999908447266,14.145999908447266,14.145999908447266,14.145999908447266,100,0.0,0.0,0.0
2022-10-17 00:00:00-04:00,14.543999671936035,14.543999671936035,14.543999671936035,14.543999671936035,0,0.0,0.0,0.0
2022-10-18 00:00:00-04:00,14.689000129699707,14.689000129699707,14.689000129699707,14.689000129699707,100,0.0,0.0,0.0
2022-10-19 00:00:00-04:00,14.470000267028809,14.517999649047852,14.470000267028809,14.517999649047852,2200,0.0,0.0,0.0
2022-10-20 00:00:00-04:00,14.47599983215332,14.47599983215332,14.47599983215332,14.47599983215332,100,0.0,0.0,0.0
2022-10-21 00:00:00-04:00,14.67300033569336,14.67300033569336,14.67300033569336,14.67300033569336,0,0.0,0.0,0.0
2022-10-24 00:00:00-04:00,14.621000289916992,14.621000289916992,14.621000289916992,14.621000289916992,100,0.0,0.0,0.0
2022-10-25 00:00:00-04:00,14.9399995803833,14.9399995803833,14.9399995803833,14.9399995803833,100,0.0,0.0,0.0
2022-10-26 00:00:00-04:00,15.09000015258789,15.140999794006348,15.09000015258789,15.140999794006348,1200,0.0,0.0,0.0
2022-10-27 00:00:00-04:00,15.017999649047852,15.017999649047852,15.017999649047852,15.017999649047852,0,0.0,0.0,0.0
2022-10-28 00:00:00-04:00,15.029999732971191,15.170000076293945,15.029999732971191,15.170000076293945,1000,0.0,0.0,0.0
2022-10-31 00:00:00-04:00,15.020000457763672,15.029999732971191,14.98799991607666,14.98799991607666,400,0.0,0.0,0.0
2022-11-01 00:00:00-04:00,15.16100025177002,15.16100025177002,15.16100025177002,15.16100025177002,100,0.0,0.0,0.0
2022-11-02 00:00:00-04:00,14.873000144958496,14.873000144958496,14.873000144958496,14.873000144958496,0,0.0,0.0,0.0
2022-11-03 00:00:00-04:00,14.736000061035156,14.736000061035156,14.736000061035156,14.736000061035156,0,0.0,0.0,0.0
2022-11-04 00:00:00-04:00,15.180000305175781,15.208000183105469,15.180000305175781,15.208000183105469,1400,0.0,0.0,0.0
2022-11-07 00:00:00-05:00,15.345999717712402,15.345999717712402,15.345999717712402,15.345999717712402,0,0.0,0.0,0.0
2022-11-08 00:00:00-05:00,15.6899995803833,15.6899995803833,15.668999671936035,15.668999671936035,100,0.0,0.0,0.0
2022-11-09 00:00:00-05:00,15.303999900817871,15.303999900817871,15.303999900817871,15.303999900817871,0,0.0,0.0,0.0
2022-11-10 00:00:00-05:00,16.36199951171875,16.36199951171875,16.36199951171875,16.36199951171875,0,0.0,0.0,0.0
2022-11-11 00:00:00-05:00,16.750999450683594,16.750999450683594,16.750999450683594,16.750999450683594,0,0.0,0.0,0.0
2022-11-14 00:00:00-05:00,16.670000076293945,16.670000076293945,16.670000076293945,16.670000076293945,100,0.0,0.0,0.0
2022-11-15 00:00:00-05:00,16.804000854492188,16.804000854492188,16.804000854492188,16.804000854492188,0,0.0,0.0,0.0
2022-11-16 00:00:00-05:00,16.73200035095215,16.73200035095215,16.73200035095215,16.73200035095215,0,0.0,0.0,0.0
2022-11-17 00:00:00-05:00,16.719999313354492,16.729999542236328,16.711000442504883,16.711000442504883,600,0.0,0.0,0.0
2022-11-18 00:00:00-05:00,16.632999420166016,16.632999420166016,16.632999420166016,16.632999420166016,100,0.0,0.0,0.0
2022-11-21 00:00:00-05:00,16.426000595092773,16.426000595092773,16.426000595092773,16.426000595092773,0,0.0,0.0,0.0
2022-11-22 00:00:00-05:00,16.670000076293945,16.68000030517578,16.615999221801758,16.615999221801758,800,0.0,0.0,0.0
2022-11-23 00:00:00-05:00,16.839000701904297,16.839000701904297,16.839000701904297,16.839000701904297,0,0.0,0.0,0.0
2022-11-25 00:00:00-05:00,16.865999221801758,16.865999221801758,16.865999221801758,16.865999221801758,0,0.0,0.0,0.0
2022-11-28 00:00:00-05:00,16.58300018310547,16.58300018310547,16.58300018310547,16.58300018310547,0,0.0,0.0,0.0
2022-11-29 00:00:00-05:00,16.65999984741211,16.65999984741211,16.64699935913086,16.64699935913086,600,0.0,0.0,0.0
2022-11-30 00:00:00-05:00,17.090999603271484,17.090999603271484,17.090999603271484,17.090999603271484,0,0.0,0.0,0.0
2022-12-01 00:00:00-05:00,17.268999099731445,17.268999099731445,17.268999099731445,17.268999099731445,100,0.0,0.0,0.0
2022-12-02 00:00:00-05:00,17.209999084472656,17.268999099731445,17.209999084472656,17.268999099731445,300,0.0,0.0,0.0
2022-12-05 00:00:00-05:00,17.024999618530273,17.024999618530273,17.024999618530273,17.024999618530273,100,0.0,0.0,0.0
2022-12-06 00:00:00-05:00,16.836000442504883,16.836000442504883,16.836000442504883,16.836000442504883,100,0.0,0.0,0.0
2022-12-07 00:00:00-05:00,16.77400016784668,16.77400016784668,16.77400016784668,16.77400016784668,0,0.0,0.0,0.0
2022-12-08 00:00:00-05:00,16.90999984741211,16.920000076293945,16.886999130249023,16.886999130249023,1100,0.0,0.0,0.0
2022-12-09 00:00:00-05:00,16.900999069213867,16.900999069213867,16.900999069213867,16.900999069213867,0,0.0,0.0,0.0
2022-12-12 00:00:00-05:00,17.003000259399414,17.003000259399414,17.003000259399414,17.003000259399414,100,0.0,0.0,0.0
2022-12-13 00:00:00-05:00,17.202999114990234,17.202999114990234,17.202999114990234,17.202999114990234,100,0.0,0.0,0.0
2022-12-14 00:00:00-05:00,17.121999740600586,17.121999740600586,17.121999740600586,17.121999740600586,100,0.0,0.0,0.0
2022-12-15 00:00:00-05:00,16.66200065612793,16.66200065612793,16.66200065612793,16.66200065612793,100,0.0,0.0,0.0
2022-12-16 00:00:00-05:00,16.533000946044922,16.533000946044922,16.533000946044922,16.533000946044922,0,0.0,0.0,0.0
2022-12-19 00:00:00-05:00,16.422000885009766,16.422000885009766,16.422000885009766,16.422000885009766,0,0.0,0.0,0.0
2022-12-20 00:00:00-05:00,16.40999984741211,16.440000534057617,16.35700035095215,16.35700035095215,800,0.0,0.0,0.0
2022-12-21 00:00:00-05:00,16.48900032043457,16.48900032043457,16.48900032043457,16.48900032043457,0,0.0,0.0,0.0
2022-12-22 00:00:00-05:00,16.270000457763672,16.270000457763672,16.270000457763672,16.270000457763672,100,0.0,0.0,0.0
2022-12-23 00:00:00-05:00,16.336000442504883,16.336000442504883,16.336000442504883,16.336000442504883,100,0.0,0.0,0.0
2022-12-27 00:00:00-05:00,16.36400032043457,16.36400032043457,16.36400032043457,16.36400032043457,100,0.0,0.0,0.0
2022-12-28 00:00:00-05:00,16.118999481201172,16.118999481201172,16.118999481201172,16.118999481201172,100,0.0,0.0,0.0
2022-12-29 00:00:00-05:00,16.510000228881836,16.51799964904785,16.5,16.51799964904785,500,0.0,0.0,0.0
2022-12-30 00:00:00-05:00,16.378999710083008,16.378999710083008,16.33099937438965,16.33099937438965,1800,0.0,0.0,0.0
2023-01-03 00:00:00-05:00,16.43000030517578,16.43000030517578,16.40999984741211,16.41699981689453,3600,0.0,0.0,0.0
2023-01-04 00:00:00-05:00,16.701000213623047,16.701000213623047,16.701000213623047,16.701000213623047,0,0.0,0.0,0.0
2023-01-05 00:00:00-05:00,16.54599952697754,16.54599952697754,16.54599952697754,16.54599952697754,0,0.0,0.0,0.0
2023-01-06 00:00:00-05:00,16.6200008392334,16.989999771118164,16.6200008392334,16.989999771118164,200,0.0,0.0,0.0
2023-01-09 00:00:00-05:00,17.143999099731445,17.143999099731445,17.143999099731445,17.143999099731445,0,0.0,0.0,0.0
2023-01-10 00:00:00-05:00,17.104999542236328,17.104999542236328,17.104999542236328,17.104999542236328,0,0.0,0.0,0.0
2023-01-11 00:00:00-05:00,17.200000762939453,17.270999908447266,17.200000762939453,17.270999908447266,1400,0.0,0.0,0.0
2023-01-12 00:00:00-05:00,17.350000381469727,17.507999420166016,17.34000015258789,17.507999420166016,300,0.0,0.0,0.0
2023-01-13 00:00:00-05:00,17.582000732421875,17.582000732421875,17.582000732421875,17.582000732421875,100,0.0,0.0,0.0
2023-01-17 00:00:00-05:00,17.733999252319336,17.733999252319336,17.715999603271484,17.715999603271484,200,0.0,0.0,0.0
2023-01-18 00:00:00-05:00,17.90999984741211,17.90999984741211,17.68600082397461,17.68600082397461,200,0.0,0.0,0.0
2023-01-19 00:00:00-05:00,17.639999389648438,17.649999618530273,17.639999389648438,17.639999389648438,1300,0.0,0.0,0.0
2023-01-20 00:00:00-05:00,17.729999542236328,17.829999923706055,17.709999084472656,17.809999465942383,1500,0.0,0.0,0.0
2023-01-23 00:00:00-05:00,17.93000030517578,17.93000030517578,17.93000030517578,17.93000030517578,0,0.0,0.0,0.0
2023-01-24 00:00:00-05:00,17.94099998474121,17.94099998474121,17.94099998474121,17.94099998474121,0,0.0,0.0,0.0
2023-01-25 00:00:00-05:00,18.059999465942383,18.06999969482422,18.010000228881836,18.010000228881836,1100,0.0,0.0,0.0
2023-01-26 00:00:00-05:00,18.077999114990234,18.077999114990234,18.077999114990234,18.077999114990234,0,0.0,0.0,0.0
2023-01-27 00:00:00-05:00,18.054000854492188,18.054000854492188,18.054000854492188,18.054000854492188,0,0.0,0.0,0.0
2023-01-30 00:00:00-05:00,17.885000228881836,17.885000228881836,17.885000228881836,17.885000228881836,0,0.0,0.0,0.0
2023-01-31 00:00:00-05:00,17.979999542236328,18.0,17.979999542236328,17.990999221801758,3300,0.0,0.0,0.0
2023-02-01 00:00:00-05:00,18.222999572753906,18.222999572753906,18.222999572753906,18.222999572753906,0,0.0,0.0,0.0
2023-02-02 00:00:00-05:00,18.410999298095703,18.410999298095703,18.410999298095703,18.410999298095703,100,0.0,0.0,0.0
2023-02-03 00:00:00-05:00,18.270000457763672,18.34000015258789,18.270000457763672,18.288000106811523,7000,0.0,0.0,0.0
2023-02-06 00:00:00-05:00,17.97599983215332,17.97599983215332,17.97599983215332,17.97599983215332,100,0.0,0.0,0.0
2023-02-07 00:00:00-05:00,17.959999084472656,18.108999252319336,17.959999084472656,18.108999252319336,1700,0.0,0.0,0.0
2023-02-08 00:00:00-05:00,17.959999084472656,17.969999313354492,17.850000381469727,17.899999618530273,12800,0.0,0.0,0.0
2023-02-09 00:00:00-05:00,18.200000762939453,18.200000762939453,17.950000762939453,17.950000762939453,300,0.0,0.0,0.0
2023-02-10 00:00:00-05:00,17.799999237060547,17.799999237060547,17.715999603271484,17.753999710083008,2900,0.0,0.0,0.0
2023-02-13 00:00:00-05:00,17.790000915527344,17.950000762939453,17.790000915527344,17.94499969482422,2900,0.0,0.0,0.0
2023-02-14 00:00:00-05:00,17.799999237060547,17.895999908447266,17.799999237060547,17.895999908447266,100,0.0,0.0,0.0
2023-02-15 00:00:00-05:00,17.707000732421875,17.707000732421875,17.707000732421875,17.707000732421875,0,0.0,0.0,0.0
2023-02-16 00:00:00-05:00,17.579999923706055,17.652000427246094,17.579999923706055,17.652000427246094,300,0.0,0.0,0.0
2023-02-17 00:00:00-05:00,17.670000076293945,17.670000076293945,17.649999618530273,17.649999618530273,300,0.0,0.0,0.0
2023-02-21 00:00:00-05:00,17.261999130249023,17.261999130249023,17.261999130249023,17.261999130249023,100,0.0,0.0,0.0
2023-02-22 00:00:00-05:00,17.176000595092773,17.176000595092773,17.176000595092773,17.176000595092773,0,0.0,0.0,0.0
2023-02-23 00:00:00-05:00,17.26799964904785,17.26799964904785,17.26799964904785,17.26799964904785,0,0.0,0.0,0.0
2023-02-24 00:00:00-05:00,16.969999313354492,16.979999542236328,16.969999313354492,16.979999542236328,300,0.0,0.0,0.0
2023-02-27 00:00:00-05:00,17.135000228881836,17.135000228881836,17.135000228881836,17.135000228881836,0,0.0,0.0,0.0
2023-02-28 00:00:00-05:00,17.170000076293945,17.170000076293945,17.170000076293945,17.170000076293945,100,0.0,0.0,0.0
2023-03-01 00:00:00-05:00,17.290000915527344,17.299999237060547,17.290000915527344,17.299999237060547,200,0.0,0.0,0.0
2023-03-02 00:00:00-05:00,17.274999618530273,17.274999618530273,17.274999618530273,17.274999618530273,100,0.0,0.0,0.0
2023-03-03 00:00:00-05:00,17.309999465942383,17.4950008392334,17.309999465942383,17.4950008392334,800,0.0,0.0,0.0
2023-03-06 00:00:00-05:00,17.3700008392334,17.600000381469727,17.3700008392334,17.479999542236328,8500,0.0,0.0,0.0
2023-03-07 00:00:00-05:00,17.469999313354492,17.469999313354492,17.191999435424805,17.229999542236328,800,0.0,0.0,0.0
2023-03-08 00:00:00-05:00,17.40399932861328,17.40399932861328,17.40399932861328,17.40399932861328,0,0.0,0.0,0.0
2023-03-09 00:00:00-05:00,17.479999542236328,17.479999542236328,17.260000228881836,17.309999465942383,3300,0.0,0.0,0.0
2023-03-10 00:00:00-05:00,17.100000381469727,17.100000381469727,17.049999237060547,17.079999923706055,1200,0.0,0.0,0.0
2023-03-13 00:00:00-04:00,17.08099937438965,17.08099937438965,17.08099937438965,17.08099937438965,0,0.0,0.0,0.0
2023-03-14 00:00:00-04:00,17.239999771118164,17.2810001373291,17.239999771118164,17.2810001373291,400,0.0,0.0,0.0
2023-03-15 00:00:00-04:00,16.559999465942383,16.7549991607666,16.510000228881836,16.704999923706055,2100,0.0,0.0,0.0
2023-03-16 00:00:00-04:00,16.790000915527344,17.131999969482422,16.788000106811523,17.131999969482422,2000,0.0,0.0,0.0
2023-03-17 00:00:00-04:00,17.1200008392334,17.190000534057617,17.079999923706055,17.190000534057617,3000,0.0,0.0,0.0
2023-03-20 00:00:00-04:00,17.26300048828125,17.26300048828125,17.26300048828125,17.26300048828125,100,0.0,0.0,0.0
2023-03-21 00:00:00-04:00,17.450000762939453,17.450000762939453,17.420000076293945,17.420000076293945,200,0.0,0.0,0.0
2023-03-22 00:00:00-04:00,17.503999710083008,17.540000915527344,17.39299964904785,17.39299964904785,700,0.0,0.0,0.0
2023-03-23 00:00:00-04:00,17.47599983215332,17.47599983215332,17.47599983215332,17.47599983215332,0,0.0,0.0,0.0
2023-03-24 00:00:00-04:00,17.309999465942383,17.343000411987305,17.309999465942383,17.343000411987305,500,0.0,0.0,0.0
2023-03-27 00:00:00-04:00,17.447999954223633,17.447999954223633,17.447999954223633,17.447999954223633,0,0.0,0.0,0.0
2023-03-28 00:00:00-04:00,17.393999099731445,17.393999099731445,17.393999099731445,17.393999099731445,0,0.0,0.0,0.0
2023-03-29 00:00:00-04:00,17.690000534057617,17.690000534057617,17.690000534057617,17.690000534057617,200,0.0,0.0,0.0
2023-03-30 00:00:00-04:00,18.059999465942383,18.059999465942383,18.0,18.0,300,0.0,0.0,0.0
2023-03-31 00:00:00-04:00,18.170000076293945,18.170000076293945,18.100000381469727,18.100000381469727,600,0.0,0.0,0.0
2023-04-03 00:00:00-04:00,18.125,18.209999084472656,18.125,18.200000762939453,1700,0.0,0.0,0.0
2023-04-04 00:00:00-04:00,18.170000076293945,18.170000076293945,18.152999877929688,18.152999877929688,100,0.0,0.0,0.0
2023-04-05 00:00:00-04:00,17.975000381469727,17.975000381469727,17.975000381469727,17.975000381469727,100,0.0,0.0,0.0
2023-04-06 00:00:00-04:00,18.045000076293945,18.045000076293945,17.969999313354492,17.969999313354492,200,0.0,0.0,0.0
2023-04-10 00:00:00-04:00,17.959999084472656,17.989999771118164,17.920000076293945,17.989999771118164,400,0.0,0.0,0.0
2023-04-11 00:00:00-04:00,18.15999984741211,18.15999984741211,18.136999130249023,18.136999130249023,1300,0.0,0.0,0.0
2023-04-12 00:00:00-04:00,18.174999237060547,18.209999084472656,18.149999618530273,18.18000030517578,1600,0.0,0.0,0.0
2023-04-13 00:00:00-04:00,18.350000381469727,18.350000381469727,18.350000381469727,18.350000381469727,100,0.0,0.0,0.0
2023-04-14 00:00:00-04:00,18.225000381469727,18.225000381469727,18.225000381469727,18.225000381469727,0,0.0,0.0,0.0
2023-04-17 00:00:00-04:00,18.198999404907227,18.198999404907227,18.198999404907227,18.198999404907227,100,0.0,0.0,0.0
2023-04-18 00:00:00-04:00,18.31999969482422,18.31999969482422,18.253999710083008,18.253999710083008,551500,0.0,0.0,0.0
2023-04-19 00:00:00-04:00,18.093000411987305,18.093000411987305,18.093000411987305,18.093000411987305,0,0.0,0.0,0.0
2023-04-20 00:00:00-04:00,18.040000915527344,18.040000915527344,18.03499984741211,18.03499984741211,100,0.0,0.0,0.0
2023-04-21 00:00:00-04:00,18.06800079345703,18.06800079345703,18.06800079345703,18.06800079345703,0,0.0,0.0,0.0
2023-04-24 00:00:00-04:00,18.135000228881836,18.135000228881836,18.135000228881836,18.135000228881836,0,0.0,0.0,0.0
2023-04-25 00:00:00-04:00,17.989999771118164,17.989999771118164,17.926000595092773,17.926000595092773,200,0.0,0.0,0.0
2023-04-26 00:00:00-04:00,17.809999465942383,17.809999465942383,17.729999542236328,17.795000076293945,600,0.0,0.0,0.0
2023-04-27 00:00:00-04:00,18.003000259399414,18.003000259399414,18.003000259399414,18.003000259399414,100,0.0,0.0,0.0
2023-04-28 00:00:00-04:00,18.040000915527344,18.040000915527344,18.030000686645508,18.030000686645508,300,0.0,0.0,0.0
2023-05-01 00:00:00-04:00,18.02899932861328,18.02899932861328,18.0,18.0,400,0.0,0.0,0.0
2023-05-02 00:00:00-04:00,17.704999923706055,17.83099937438965,17.704999923706055,17.83099937438965,500,0.0,0.0,0.0
2023-05-03 00:00:00-04:00,17.83300018310547,17.83300018310547,17.83300018310547,17.83300018310547,0,0.0,0.0,0.0
2023-05-04 00:00:00-04:00,17.808000564575195,17.808000564575195,17.808000564575195,17.808000564575195,0,0.0,0.0,0.0
2023-05-05 00:00:00-04:00,18.06100082397461,18.06100082397461,18.06100082397461,18.06100082397461,100,0.0,0.0,0.0
2023-05-08 00:00:00-04:00,18.07900047302246,18.07900047302246,18.07900047302246,18.07900047302246,100,0.0,0.0,0.0
2023-05-09 00:00:00-04:00,18.020000457763672,18.020000457763672,18.020000457763672,18.020000457763672,0,0.0,0.0,0.0
2023-05-10 00:00:00-04:00,18.000999450683594,18.000999450683594,18.000999450683594,18.000999450683594,0,0.0,0.0,0.0
2023-05-11 00:00:00-04:00,17.924999237060547,17.924999237060547,17.924999237060547,17.924999237060547,0,0.0,0.0,0.0
2023-05-12 00:00:00-04:00,17.829999923706055,17.868999481201172,17.81999969482422,17.868999481201172,1300,0.0,0.0,0.0
2023-05-15 00:00:00-04:00,18.016000747680664,18.016000747680664,18.016000747680664,18.016000747680664,0,0.0,0.0,0.0
2023-05-16 00:00:00-04:00,17.954999923706055,17.954999923706055,17.895000457763672,17.895000457763672,1000,0.0,0.0,0.0
2023-05-17 00:00:00-04:00,17.96500015258789,17.96500015258789,17.96500015258789,17.96500015258789,100,0.0,0.0,0.0
2023-05-18 00:00:00-04:00,17.9950008392334,17.9950008392334,17.9950008392334,17.9950008392334,100,0.0,0.0,0.0
2023-05-19 00:00:00-04:00,18.14299964904785,18.14299964904785,18.14299964904785,18.14299964904785,0,0.0,0.0,0.0
2023-05-22 00:00:00-04:00,18.25,18.260000228881836,18.174999237060547,18.174999237060547,1000,0.0,0.0,0.0
2023-05-23 00:00:00-04:00,17.857999801635742,17.857999801635742,17.857999801635742,17.857999801635742,0,0.0,0.0,0.0
2023-05-24 00:00:00-04:00,17.56800079345703,17.56800079345703,17.56800079345703,17.56800079345703,100,0.0,0.0,0.0
2023-05-25 00:00:00-04:00,17.68000030517578,17.68000030517578,17.639999389648438,17.66699981689453,1000,0.0,0.0,0.0
2023-05-26 00:00:00-04:00,17.81800079345703,17.81800079345703,17.81800079345703,17.81800079345703,0,0.0,0.0,0.0
2023-05-30 00:00:00-04:00,17.70400047302246,17.70400047302246,17.70400047302246,17.70400047302246,0,0.0,0.0,0.0
2023-05-31 00:00:00-04:00,17.61199951171875,17.61199951171875,17.61199951171875,17.61199951171875,0,0.0,0.0,0.0
2023-06-01 00:00:00-04:00,17.75,17.95800018310547,17.75,17.95800018310547,300,0.0,0.0,0.0
2023-06-02 00:00:00-04:00,18.139999389648438,18.229999542236328,18.139999389648438,18.229999542236328,400,0.0,0.0,0.0
2023-06-05 00:00:00-04:00,18.139999389648438,18.139999389648438,18.08099937438965,18.08099937438965,100,0.0,0.0,0.0
2023-06-06 00:00:00-04:00,18.062999725341797,18.208999633789062,18.062999725341797,18.208999633789062,600,0.0,0.0,0.0
2023-06-07 00:00:00-04:00,18.195999145507812,18.195999145507812,18.023000717163086,18.023000717163086,500,0.0,0.0,0.0
2023-06-08 00:00:00-04:00,18.101999282836914,18.101999282836914,18.101999282836914,18.101999282836914,0,0.0,0.0,0.0
2023-06-09 00:00:00-04:00,18.076000213623047,18.076000213623047,18.076000213623047,18.076000213623047,0,0.0,0.0,0.0
2023-06-12 00:00:00-04:00,18.284000396728516,18.284000396728516,18.284000396728516,18.284000396728516,0,0.0,0.0,0.0
2023-06-13 00:00:00-04:00,18.469999313354492,18.489999771118164,18.466999053955078,18.466999053955078,700,0.0,0.0,0.0
2023-06-14 00:00:00-04:00,18.469999313354492,18.469999313354492,18.469999313354492,18.469999313354492,0,0.0,0.0,0.0
2023-06-15 00:00:00-04:00,18.545000076293945,18.545000076293945,18.545000076293945,18.545000076293945,100,0.0,0.0,0.0
2023-06-16 00:00:00-04:00,18.6200008392334,18.6299991607666,18.48699951171875,18.48699951171875,600,0.0,0.0,0.0
2023-06-20 00:00:00-04:00,18.283000946044922,18.283000946044922,18.283000946044922,18.283000946044922,100,0.0,0.0,0.0
2023-06-21 00:00:00-04:00,18.24799919128418,18.24799919128418,18.24799919128418,18.24799919128418,0,0.0,0.0,0.0
2023-06-22 00:00:00-04:00,18.19700050354004,18.19700050354004,18.19700050354004,18.19700050354004,0,0.0,0.0,0.0
2023-06-23 00:00:00-04:00,17.78499984741211,17.78499984741211,17.78499984741211,17.78499984741211,100,0.0,0.0,0.0
2023-06-26 00:00:00-04:00,17.79400062561035,17.79400062561035,17.79400062561035,17.79400062561035,0,0.0,0.0,0.0
2023-06-27 00:00:00-04:00,17.947999954223633,17.947999954223633,17.947999954223633,17.947999954223633,100,0.0,0.0,0.0
2023-06-28 00:00:00-04:00,17.957000732421875,17.957000732421875,17.957000732421875,17.957000732421875,0,0.0,0.0,0.0
2023-06-29 00:00:00-04:00,17.950000762939453,17.950000762939453,17.950000762939453,17.950000762939453,0,0.0,0.0,0.0
2023-06-30 00:00:00-04:00,18.04599952697754,18.04599952697754,18.04599952697754,18.04599952697754,0,0.0,0.0,0.0
2023-07-03 00:00:00-04:00,18.003999710083008,18.003999710083008,18.003999710083008,18.003999710083008,100,0.0,0.0,0.0
2023-07-05 00:00:00-04:00,17.780000686645508,17.780000686645508,17.73200035095215,17.73200035095215,100,0.0,0.0,0.0
2023-07-06 00:00:00-04:00,17.388999938964844,17.388999938964844,17.388999938964844,17.388999938964844,0,0.0,0.0,0.0
2023-07-07 00:00:00-04:00,17.533000946044922,17.533000946044922,17.533000946044922,17.533000946044922,100,0.0,0.0,0.0
2023-07-10 00:00:00-04:00,17.577999114990234,17.577999114990234,17.577999114990234,17.577999114990234,100,0.0,0.0,0.0
2023-07-11 00:00:00-04:00,17.72599983215332,17.72599983215332,17.72599983215332,17.72599983215332,0,0.0,0.0,0.0
2023-07-12 00:00:00-04:00,18.023000717163086,18.023000717163086,18.023000717163086,18.023000717163086,0,0.0,0.0,0.0
2023-07-13 00:00:00-04:00,18.351999282836914,18.351999282836914,18.351999282836914,18.351999282836914,0,0.0,0.0,0.0
2023-07-14 00:00:00-04:00,18.2450008392334,18.2450008392334,18.2450008392334,18.2450008392334,100,0.0,0.0,0.0
2023-07-17 00:00:00-04:00,18.242000579833984,18.242000579833984,18.242000579833984,18.242000579833984,0,0.0,0.0,0.0
2023-07-18 00:00:00-04:00,18.30699920654297,18.30699920654297,18.30699920654297,18.30699920654297,300,0.0,0.0,0.0
2023-07-19 00:00:00-04:00,18.215999603271484,18.215999603271484,18.215999603271484,18.215999603271484,100,0.0,0.0,0.0
2023-07-20 00:00:00-04:00,17.934999465942383,17.934999465942383,17.934999465942383,17.934999465942383,0,0.0,0.0,0.0
2023-07-21 00:00:00-04:00,18.03499984741211,18.03499984741211,18.03499984741211,18.03499984741211,0,0.0,0.0,0.0
2023-07-24 00:00:00-04:00,17.996000289916992,17.996000289916992,17.996000289916992,17.996000289916992,100,0.0,0.0,0.0
2023-07-25 00:00:00-04:00,18.062999725341797,18.062999725341797,18.062999725341797,18.062999725341797,100,0.0,0.0,0.0
2023-07-26 00:00:00-04:00,18.010000228881836,18.010000228881836,18.010000228881836,18.010000228881836,100,0.0,0.0,0.0
2023-07-27 00:00:00-04:00,18.280000686645508,18.280000686645508,18.030000686645508,18.030000686645508,900,0.0,0.0,0.0
2023-07-28 00:00:00-04:00,18.190000534057617,18.190000534057617,18.138999938964844,18.138999938964844,300,0.0,0.0,0.0
2023-07-31 00:00:00-04:00,18.170000076293945,18.170000076293945,18.149999618530273,18.149999618530273,1900,0.0,0.0,0.0
