Date,Open,High,Low,Close,Volume,Dividends,Stock Splits,Capital Gains
2022-11-10 00:00:00-05:00,30.3700008392334,31.0,30.34000015258789,30.72800064086914,59500,0.0,0.0,0.0
2022-11-11 00:00:00-05:00,30.73699951171875,30.73699951171875,30.73699951171875,30.73699951171875,5100,0.0,0.0,0.0
2022-11-14 00:00:00-05:00,30.694000244140625,30.75,30.479000091552734,30.479000091552734,600,0.0,0.0,0.0
2022-11-15 00:00:00-05:00,30.770000457763672,30.770000457763672,30.691999435424805,30.691999435424805,200,0.0,0.0,0.0
2022-11-16 00:00:00-05:00,30.600000381469727,30.68000030517578,30.600000381469727,30.635000228881836,3000,0.0,0.0,0.0
2022-11-17 00:00:00-05:00,30.280000686645508,30.427000045776367,30.280000686645508,30.427000045776367,800,0.0,0.0,0.0
2022-11-18 00:00:00-05:00,30.591999053955078,30.591999053955078,30.591999053955078,30.591999053955078,0,0.0,0.0,0.0
2022-11-21 00:00:00-05:00,30.361000061035156,30.361000061035156,30.361000061035156,30.361000061035156,400,0.0,0.0,0.0
2022-11-22 00:00:00-05:00,30.930999755859375,30.930999755859375,30.930999755859375,30.930999755859375,0,0.0,0.0,0.0
2022-11-23 00:00:00-05:00,31.007999420166016,31.007999420166016,31.007999420166016,31.007999420166016,100,0.0,0.0,0.0
2022-11-25 00:00:00-05:00,31.139999389648438,31.209999084472656,31.1200008392334,31.124000549316406,1600,0.0,0.0,0.0
2022-11-28 00:00:00-05:00,30.510000228881836,30.511999130249023,30.510000228881836,30.511999130249023,100,0.0,0.0,0.0
2022-11-29 00:00:00-05:00,30.80500030517578,30.80500030517578,30.736000061035156,30.76799964904785,600,0.0,0.0,0.0
2022-11-30 00:00:00-05:00,31.357999801635742,31.357999801635742,31.357999801635742,31.357999801635742,0,0.0,0.0,0.0
2022-12-01 00:00:00-05:00,31.34000015258789,31.34000015258789,31.34000015258789,31.34000015258789,0,0.0,0.0,0.0
2022-12-02 00:00:00-05:00,31.288000106811523,31.288000106811523,31.288000106811523,31.288000106811523,100,0.0,0.0,0.0
2022-12-05 00:00:00-05:00,30.670000076293945,30.709999084472656,30.670000076293945,30.690000534057617,400,0.0,0.0,0.0
2022-12-06 00:00:00-05:00,30.13800048828125,30.13800048828125,30.13800048828125,30.13800048828125,200,0.0,0.0,0.0
2022-12-07 00:00:00-05:00,30.257999420166016,30.257999420166016,30.257999420166016,30.257999420166016,0,0.0,0.0,0.0
2022-12-08 00:00:00-05:00,30.329999923706055,30.329999923706055,30.329999923706055,30.329999923706055,100,0.0,0.0,0.0
2022-12-09 00:00:00-05:00,30.246999740600586,30.246999740600586,30.01099967956543,30.01099967956543,700,0.0,0.0,0.0
2022-12-12 00:00:00-05:00,30.219999313354492,30.319000244140625,30.209999084472656,30.319000244140625,300,0.0,0.0,0.0
2022-12-13 00:00:00-05:00,30.54199981689453,30.54199981689453,30.54199981689453,30.54199981689453,0,0.0,0.0,0.0
2022-12-14 00:00:00-05:00,30.719999313354492,30.719999313354492,30.488000869750977,30.488000869750977,200,0.0,0.0,0.0
2022-12-15 00:00:00-05:00,29.934999465942383,29.950000762939453,29.850000381469727,29.875,700,0.0,0.0,0.0
2022-12-16 00:00:00-05:00,29.3799991607666,29.450000762939453,29.34000015258789,29.44700050354004,300,0.0,0.0,0.0
2022-12-19 00:00:00-05:00,29.3700008392334,29.3700008392334,29.12700080871582,29.12700080871582,300,0.0,0.0,0.0
2022-12-20 00:00:00-05:00,29.360000610351562,29.360000610351562,29.309999465942383,29.309999465942383,200,0.0,0.0,0.0
2022-12-21 00:00:00-05:00,29.739999771118164,29.739999771118164,29.73900032043457,29.73900032043457,100,0.0,0.0,0.0
2022-12-22 00:00:00-05:00,29.239999771118164,29.270000457763672,29.239999771118164,29.270000457763672,100,0.0,0.0,0.0
2022-12-23 00:00:00-05:00,29.70400047302246,29.70400047302246,29.70400047302246,29.70400047302246,100,0.0,0.0,0.0
2022-12-27 00:00:00-05:00,29.868000030517578,29.868000030517578,29.868000030517578,29.868000030517578,100,0.0,0.0,0.0
2022-12-28 00:00:00-05:00,29.384000778198242,29.384000778198242,29.384000778198242,29.384000778198242,100,0.0,0.0,0.0
2022-12-29 00:00:00-05:00,29.718000411987305,29.718000411987305,29.718000411987305,29.718000411987305,0,0.0,0.0,0.0
2022-12-30 00:00:00-05:00,29.64699935913086,29.64699935913086,29.64699935913086,29.64699935913086,0,0.0,0.0,0.0
2023-01-03 00:00:00-05:00,29.5,29.520000457763672,29.149999618530273,29.149999618530273,6200,0.0,0.0,0.0
2023-01-04 00:00:00-05:00,29.393999099731445,29.393999099731445,29.393999099731445,29.393999099731445,0,0.0,0.0,0.0
2023-01-05 00:00:00-05:00,29.239999771118164,29.239999771118164,29.125,29.125,300,0.0,0.0,0.0
2023-01-06 00:00:00-05:00,29.746999740600586,29.746999740600586,29.746999740600586,29.746999740600586,0,0.0,0.0,0.0
2023-01-09 00:00:00-05:00,30.06999969482422,30.06999969482422,29.79599952697754,29.79599952697754,4100,0.0,0.0,0.0
2023-01-10 00:00:00-05:00,29.864999771118164,29.864999771118164,29.864999771118164,29.864999771118164,0,0.0,0.0,0.0
2023-01-11 00:00:00-05:00,30.009000778198242,30.009000778198242,30.009000778198242,30.009000778198242,0,0.0,0.0,0.0
2023-01-12 00:00:00-05:00,30.149999618530273,30.43000030517578,30.149999618530273,30.391000747680664,200,0.0,0.0,0.0
2023-01-13 00:00:00-05:00,30.40999984741211,30.40999984741211,30.40999984741211,30.40999984741211,0,0.0,0.0,0.0
2023-01-17 00:00:00-05:00,30.44499969482422,30.44499969482422,30.44499969482422,30.44499969482422,0,0.0,0.0,0.0
2023-01-18 00:00:00-05:00,30.15999984741211,30.15999984741211,30.0049991607666,30.0049991607666,500,0.0,0.0,0.0
2023-01-19 00:00:00-05:00,30.006999969482422,30.006999969482422,30.006999969482422,30.006999969482422,0,0.0,0.0,0.0
2023-01-20 00:00:00-05:00,30.16200065612793,30.40999984741211,30.16200065612793,30.360000610351562,900,0.0,0.0,0.0
2023-01-23 00:00:00-05:00,30.559999465942383,30.559999465942383,30.54400062561035,30.54400062561035,200,0.0,0.0,0.0
2023-01-24 00:00:00-05:00,30.569000244140625,30.569000244140625,30.569000244140625,30.569000244140625,0,0.0,0.0,0.0
2023-01-25 00:00:00-05:00,30.43000030517578,30.43000030517578,30.429000854492188,30.429000854492188,200,0.0,0.0,0.0
2023-01-26 00:00:00-05:00,30.559999465942383,30.56999969482422,30.530000686645508,30.56100082397461,700,0.0,0.0,0.0
2023-01-27 00:00:00-05:00,30.56999969482422,30.56999969482422,30.56999969482422,30.56999969482422,100,0.0,0.0,0.0
2023-01-30 00:00:00-05:00,30.141000747680664,30.141000747680664,30.141000747680664,30.141000747680664,0,0.0,0.0,0.0
2023-01-31 00:00:00-05:00,30.44700050354004,30.44700050354004,30.44700050354004,30.44700050354004,0,0.0,0.0,0.0
2023-02-01 00:00:00-05:00,30.302000045776367,30.302000045776367,30.302000045776367,30.302000045776367,0,0.0,0.0,0.0
2023-02-02 00:00:00-05:00,30.079999923706055,30.079999923706055,29.98699951171875,29.98699951171875,700,0.0,0.0,0.0
2023-02-03 00:00:00-05:00,29.875,29.875,29.875,29.875,0,0.0,0.0,0.0
2023-02-06 00:00:00-05:00,29.573999404907227,29.573999404907227,29.573999404907227,29.573999404907227,0,0.0,0.0,0.0
2023-02-07 00:00:00-05:00,30.025999069213867,30.025999069213867,30.025999069213867,30.025999069213867,100,0.0,0.0,0.0
2023-02-08 00:00:00-05:00,29.753000259399414,29.753000259399414,29.753000259399414,29.753000259399414,0,0.0,0.0,0.0
2023-02-09 00:00:00-05:00,29.485000610351562,29.485000610351562,29.485000610351562,29.485000610351562,0,0.0,0.0,0.0
2023-02-10 00:00:00-05:00,29.665000915527344,29.665000915527344,29.665000915527344,29.665000915527344,0,0.0,0.0,0.0
2023-02-13 00:00:00-05:00,29.85700035095215,29.85700035095215,29.85700035095215,29.85700035095215,0,0.0,0.0,0.0
2023-02-14 00:00:00-05:00,30.003999710083008,30.003999710083008,30.003999710083008,30.003999710083008,200,0.0,0.0,0.0
2023-02-15 00:00:00-05:00,29.89900016784668,29.89900016784668,29.89900016784668,29.89900016784668,0,0.0,0.0,0.0
2023-02-16 00:00:00-05:00,29.509000778198242,29.509000778198242,29.509000778198242,29.509000778198242,0,0.0,0.0,0.0
2023-02-17 00:00:00-05:00,29.136999130249023,29.136999130249023,29.136999130249023,29.136999130249023,0,0.0,0.0,0.0
2023-02-21 00:00:00-05:00,28.8700008392334,28.8700008392334,28.62700080871582,28.62700080871582,2200,0.0,0.0,0.0
2023-02-22 00:00:00-05:00,28.576000213623047,28.576000213623047,28.576000213623047,28.576000213623047,0,0.0,0.0,0.0
2023-02-23 00:00:00-05:00,28.805999755859375,28.805999755859375,28.805999755859375,28.805999755859375,200,0.0,0.0,0.0
2023-02-24 00:00:00-05:00,28.61199951171875,28.61199951171875,28.61199951171875,28.61199951171875,0,0.0,0.0,0.0
2023-02-27 00:00:00-05:00,28.808000564575195,28.808000564575195,28.808000564575195,28.808000564575195,0,0.0,0.0,0.0
2023-02-28 00:00:00-05:00,28.652999877929688,28.652999877929688,28.652999877929688,28.652999877929688,0,0.0,0.0,0.0
2023-03-01 00:00:00-05:00,28.670000076293945,28.670000076293945,28.670000076293945,28.670000076293945,100,0.0,0.0,0.0
2023-03-02 00:00:00-05:00,28.530000686645508,28.933000564575195,28.229999542236328,28.933000564575195,6500,0.0,0.0,0.0
2023-03-03 00:00:00-05:00,29.341999053955078,29.341999053955078,29.341999053955078,29.341999053955078,0,0.0,0.0,0.0
2023-03-06 00:00:00-05:00,29.2549991607666,29.2549991607666,29.2549991607666,29.2549991607666,0,0.0,0.0,0.0
2023-03-07 00:00:00-05:00,28.708999633789062,28.708999633789062,28.708999633789062,28.708999633789062,0,0.0,0.0,0.0
2023-03-08 00:00:00-05:00,28.795000076293945,28.795000076293945,28.795000076293945,28.795000076293945,0,0.0,0.0,0.0
2023-03-09 00:00:00-05:00,28.281999588012695,28.281999588012695,28.281999588012695,28.281999588012695,0,0.0,0.0,0.0
2023-03-10 00:00:00-05:00,27.8700008392334,27.8700008392334,27.8700008392334,27.8700008392334,100,0.0,0.0,0.0
2023-03-13 00:00:00-04:00,27.860000610351562,27.860000610351562,27.860000610351562,27.860000610351562,100,0.0,0.0,0.0
2023-03-14 00:00:00-04:00,28.34000015258789,28.34000015258789,28.34000015258789,28.34000015258789,100,0.0,0.0,0.0
2023-03-15 00:00:00-04:00,28.06999969482422,28.06999969482422,28.06999969482422,28.06999969482422,100,0.0,0.0,0.0
2023-03-16 00:00:00-04:00,28.610000610351562,28.610000610351562,28.610000610351562,28.610000610351562,100,0.0,0.0,0.0
2023-03-17 00:00:00-04:00,28.5049991607666,28.5049991607666,28.5049991607666,28.5049991607666,0,0.0,0.0,0.0
2023-03-20 00:00:00-04:00,28.726999282836914,28.726999282836914,28.726999282836914,28.726999282836914,0,0.0,0.0,0.0
2023-03-21 00:00:00-04:00,28.944000244140625,28.944000244140625,28.944000244140625,28.944000244140625,100,0.0,0.0,0.0
2023-03-22 00:00:00-04:00,29.0,29.0,28.68400001525879,28.68400001525879,100,0.0,0.0,0.0
2023-03-23 00:00:00-04:00,28.763999938964844,28.763999938964844,28.763999938964844,28.763999938964844,0,0.0,0.0,0.0
2023-03-24 00:00:00-04:00,28.753000259399414,28.753000259399414,28.753000259399414,28.753000259399414,0,0.0,0.0,0.0
2023-03-27 00:00:00-04:00,28.86400032043457,28.86400032043457,28.86400032043457,28.86400032043457,100,0.0,0.0,0.0
2023-03-28 00:00:00-04:00,28.860000610351562,28.860000610351562,28.860000610351562,28.860000610351562,0,0.0,0.0,0.0
2023-03-29 00:00:00-04:00,29.142000198364258,29.142000198364258,29.142000198364258,29.142000198364258,0,0.0,0.0,0.0
2023-03-30 00:00:00-04:00,29.365999221801758,29.365999221801758,29.365999221801758,29.365999221801758,0,0.0,0.0,0.0
2023-03-31 00:00:00-04:00,29.708999633789062,29.708999633789062,29.708999633789062,29.708999633789062,0,0.0,0.0,0.0
2023-04-03 00:00:00-04:00,30.049999237060547,30.049999237060547,30.049999237060547,30.049999237060547,0,0.0,0.0,0.0
2023-04-04 00:00:00-04:00,29.989999771118164,29.989999771118164,29.989999771118164,29.989999771118164,0,0.0,0.0,0.0
2023-04-05 00:00:00-04:00,29.88599967956543,29.88599967956543,29.88599967956543,29.88599967956543,0,0.0,0.0,0.0
2023-04-06 00:00:00-04:00,29.882999420166016,29.882999420166016,29.882999420166016,29.882999420166016,0,0.0,0.0,0.0
2023-04-10 00:00:00-04:00,29.937999725341797,29.937999725341797,29.937999725341797,29.937999725341797,100,0.0,0.0,0.0
2023-04-11 00:00:00-04:00,30.094999313354492,30.094999313354492,30.094999313354492,30.094999313354492,0,0.0,0.0,0.0
2023-04-12 00:00:00-04:00,30.239999771118164,30.260000228881836,30.172000885009766,30.172000885009766,2300,0.0,0.0,0.0
2023-04-13 00:00:00-04:00,30.577999114990234,30.577999114990234,30.577999114990234,30.577999114990234,0,0.0,0.0,0.0
2023-04-14 00:00:00-04:00,30.510000228881836,30.58099937438965,30.461000442504883,30.58099937438965,500,0.0,0.0,0.0
2023-04-17 00:00:00-04:00,30.506999969482422,30.506999969482422,30.506999969482422,30.506999969482422,0,0.0,0.0,0.0
2023-04-18 00:00:00-04:00,30.520000457763672,30.520000457763672,30.520000457763672,30.520000457763672,0,0.0,0.0,0.0
2023-04-19 00:00:00-04:00,30.339000701904297,30.339000701904297,30.339000701904297,30.339000701904297,0,0.0,0.0,0.0
2023-04-20 00:00:00-04:00,30.239999771118164,30.239999771118164,30.239999771118164,30.239999771118164,100,0.0,0.0,0.0
2023-04-21 00:00:00-04:00,30.260000228881836,30.30900001525879,30.260000228881836,30.30900001525879,100,0.0,0.0,0.0
2023-04-24 00:00:00-04:00,30.29199981689453,30.29199981689453,30.29199981689453,30.29199981689453,100,0.0,0.0,0.0
2023-04-25 00:00:00-04:00,29.655000686645508,29.655000686645508,29.655000686645508,29.655000686645508,0,0.0,0.0,0.0
2023-04-26 00:00:00-04:00,29.506000518798828,29.506000518798828,29.506000518798828,29.506000518798828,0,0.0,0.0,0.0
2023-04-27 00:00:00-04:00,29.878999710083008,29.878999710083008,29.878999710083008,29.878999710083008,0,0.0,0.0,0.0
2023-04-28 00:00:00-04:00,30.1299991607666,30.1299991607666,30.1299991607666,30.1299991607666,100,0.0,0.0,0.0
2023-05-01 00:00:00-04:00,30.128000259399414,30.128000259399414,30.128000259399414,30.128000259399414,0,0.0,0.0,0.0
2023-05-02 00:00:00-04:00,29.809999465942383,29.850000381469727,29.73699951171875,29.73699951171875,7300,0.0,0.0,0.0
2023-05-03 00:00:00-04:00,29.41699981689453,29.41699981689453,29.41699981689453,29.41699981689453,0,0.0,0.0,0.0
2023-05-04 00:00:00-04:00,29.47100067138672,29.47100067138672,29.47100067138672,29.47100067138672,0,0.0,0.0,0.0
2023-05-05 00:00:00-04:00,30.082000732421875,30.082000732421875,30.082000732421875,30.082000732421875,0,0.0,0.0,0.0
2023-05-08 00:00:00-04:00,30.350000381469727,30.360000610351562,30.312999725341797,30.312999725341797,300,0.0,0.0,0.0
2023-05-09 00:00:00-04:00,30.264999389648438,30.264999389648438,30.264999389648438,30.264999389648438,0,0.0,0.0,0.0
2023-05-10 00:00:00-04:00,30.319000244140625,30.319000244140625,30.319000244140625,30.319000244140625,100,0.0,0.0,0.0
2023-05-11 00:00:00-04:00,30.090999603271484,30.090999603271484,30.090999603271484,30.090999603271484,0,0.0,0.0,0.0
2023-05-12 00:00:00-04:00,30.018999099731445,30.018999099731445,30.018999099731445,30.018999099731445,0,0.0,0.0,0.0
2023-05-15 00:00:00-04:00,30.253999710083008,30.253999710083008,30.253999710083008,30.253999710083008,0,0.0,0.0,0.0
2023-05-16 00:00:00-04:00,29.965999603271484,29.965999603271484,29.965999603271484,29.965999603271484,0,0.0,0.0,0.0
2023-05-17 00:00:00-04:00,30.209999084472656,30.209999084472656,30.209999084472656,30.209999084472656,100,0.0,0.0,0.0
2023-05-18 00:00:00-04:00,30.357999801635742,30.357999801635742,30.357999801635742,30.357999801635742,0,0.0,0.0,0.0
2023-05-19 00:00:00-04:00,30.420000076293945,30.420000076293945,30.420000076293945,30.420000076293945,0,0.0,0.0,0.0
2023-05-22 00:00:00-04:00,30.534000396728516,30.534000396728516,30.534000396728516,30.534000396728516,0,0.0,0.0,0.0
2023-05-23 00:00:00-04:00,30.256000518798828,30.256000518798828,30.256000518798828,30.256000518798828,100,0.0,0.0,0.0
2023-05-24 00:00:00-04:00,29.948999404907227,29.948999404907227,29.948999404907227,29.948999404907227,0,0.0,0.0,0.0
2023-05-25 00:00:00-04:00,30.097999572753906,30.097999572753906,30.097999572753906,30.097999572753906,0,0.0,0.0,0.0
2023-05-26 00:00:00-04:00,30.51099967956543,30.51099967956543,30.5049991607666,30.5049991607666,700,0.0,0.0,0.0
2023-05-30 00:00:00-04:00,30.222999572753906,30.222999572753906,30.222999572753906,30.222999572753906,0,0.0,0.0,0.0
2023-05-31 00:00:00-04:00,30.173999786376953,30.173999786376953,30.173999786376953,30.173999786376953,0,0.0,0.0,0.0
2023-06-01 00:00:00-04:00,30.40399932861328,30.40399932861328,30.40399932861328,30.40399932861328,0,0.0,0.0,0.0
2023-06-02 00:00:00-04:00,30.69099998474121,30.69099998474121,30.69099998474121,30.69099998474121,0,0.0,0.0,0.0
2023-06-05 00:00:00-04:00,30.719999313354492,30.719999313354492,30.66900062561035,30.66900062561035,100,0.0,0.0,0.0
2023-06-06 00:00:00-04:00,30.825000762939453,30.825000762939453,30.825000762939453,30.825000762939453,0,0.0,0.0,0.0
2023-06-07 00:00:00-04:00,30.386999130249023,30.386999130249023,30.386999130249023,30.386999130249023,0,0.0,0.0,0.0
2023-06-08 00:00:00-04:00,30.499000549316406,30.499000549316406,30.499000549316406,30.499000549316406,0,0.0,0.0,0.0
2023-06-09 00:00:00-04:00,30.458999633789062,30.458999633789062,30.458999633789062,30.458999633789062,0,0.0,0.0,0.0
2023-06-12 00:00:00-04:00,30.66699981689453,30.66699981689453,30.66699981689453,30.66699981689453,0,0.0,0.0,0.0
2023-06-13 00:00:00-04:00,30.690000534057617,30.729999542236328,30.690000534057617,30.72599983215332,2000,0.0,0.0,0.0
2023-06-14 00:00:00-04:00,30.799999237060547,30.799999237060547,30.799999237060547,30.799999237060547,0,0.0,0.0,0.0
2023-06-15 00:00:00-04:00,31.240999221801758,31.240999221801758,31.240999221801758,31.240999221801758,100,0.0,0.0,0.0
2023-06-16 00:00:00-04:00,31.010000228881836,31.010000228881836,31.010000228881836,31.010000228881836,0,0.0,0.0,0.0
2023-06-20 00:00:00-04:00,30.760000228881836,30.760000228881836,30.608999252319336,30.608999252319336,500,0.0,0.0,0.0
2023-06-21 00:00:00-04:00,30.381000518798828,30.381000518798828,30.381000518798828,30.381000518798828,0,0.0,0.0,0.0
2023-06-22 00:00:00-04:00,30.44300079345703,30.44300079345703,30.44300079345703,30.44300079345703,0,0.0,0.0,0.0
2023-06-23 00:00:00-04:00,30.319000244140625,30.319000244140625,30.319000244140625,30.319000244140625,0,0.0,0.0,0.0
2023-06-26 00:00:00-04:00,30.183000564575195,30.183000564575195,30.183000564575195,30.183000564575195,0,0.0,0.0,0.0
2023-06-27 00:00:00-04:00,30.481000900268555,30.481000900268555,30.481000900268555,30.481000900268555,0,0.0,0.0,0.0
2023-06-28 00:00:00-04:00,30.457000732421875,30.457000732421875,30.457000732421875,30.457000732421875,0,0.0,0.0,0.0
2023-06-29 00:00:00-04:00,30.5,30.635000228881836,30.5,30.635000228881836,300,0.0,0.0,0.0
2023-06-30 00:00:00-04:00,31.10700035095215,31.10700035095215,31.10700035095215,31.10700035095215,0,0.0,0.0,0.0
2023-07-03 00:00:00-04:00,31.1299991607666,31.1299991607666,31.1299991607666,31.1299991607666,0,0.0,0.0,0.0
2023-07-05 00:00:00-04:00,30.913999557495117,30.913999557495117,30.913999557495117,30.913999557495117,0,0.0,0.0,0.0
2023-07-06 00:00:00-04:00,30.56100082397461,30.56100082397461,30.56100082397461,30.56100082397461,0,0.0,0.0,0.0
2023-07-07 00:00:00-04:00,30.527999877929688,30.527999877929688,30.527999877929688,30.527999877929688,0,0.0,0.0,0.0
2023-07-10 00:00:00-04:00,30.399999618530273,30.593000411987305,30.399999618530273,30.593000411987305,500,0.0,0.0,0.0
2023-07-11 00:00:00-04:00,30.750999450683594,30.750999450683594,30.750999450683594,30.750999450683594,0,0.0,0.0,0.0
2023-07-12 00:00:00-04:00,30.850000381469727,31.01099967956543,30.850000381469727,31.01099967956543,1000,0.0,0.0,0.0
2023-07-13 00:00:00-04:00,31.382999420166016,31.382999420166016,31.382999420166016,31.382999420166016,0,0.0,0.0,0.0
2023-07-14 00:00:00-04:00,31.44099998474121,31.44099998474121,31.44099998474121,31.44099998474121,100,0.0,0.0,0.0
2023-07-17 00:00:00-04:00,31.707000732421875,31.707000732421875,31.707000732421875,31.707000732421875,100,0.0,0.0,0.0
2023-07-18 00:00:00-04:00,31.908000946044922,31.908000946044922,31.908000946044922,31.908000946044922,0,0.0,0.0,0.0
2023-07-19 00:00:00-04:00,32.029998779296875,32.029998779296875,31.900999069213867,31.900999069213867,800,0.0,0.0,0.0
2023-07-20 00:00:00-04:00,31.81999969482422,31.81999969482422,31.503000259399414,31.503000259399414,800,0.0,0.0,0.0
2023-07-21 00:00:00-04:00,31.805999755859375,31.805999755859375,31.68600082397461,31.68600082397461,200,0.0,0.0,0.0
2023-07-24 00:00:00-04:00,31.784000396728516,31.784000396728516,31.784000396728516,31.784000396728516,0,0.0,0.0,0.0
2023-07-25 00:00:00-04:00,31.884000778198242,31.884000778198242,31.884000778198242,31.884000778198242,0,0.0,0.0,0.0
2023-07-26 00:00:00-04:00,31.843000411987305,31.843000411987305,31.843000411987305,31.843000411987305,100,0.0,0.0,0.0
2023-07-27 00:00:00-04:00,31.459999084472656,31.459999084472656,31.459999084472656,31.459999084472656,0,0.0,0.0,0.0
