Date,Open,High,Low,Close,Volume,Dividends,Stock Splits,Capital Gains
2022-01-04 00:00:00-05:00,25.0,25.0,25.0,25.0,0,0.0,0.0,0.0
2022-01-05 00:00:00-05:00,25.0,25.0,25.0,25.0,0,0.0,0.0,0.0
2022-01-06 00:00:00-05:00,24.47640037536621,24.47640037536621,24.47640037536621,24.47640037536621,0,0.0,0.0,0.0
2022-01-07 00:00:00-05:00,24.34000015258789,24.520000457763672,24.34000015258789,24.41010093688965,41360,0.0,0.0,0.0
2022-01-10 00:00:00-05:00,24.316999435424805,24.316999435424805,24.316999435424805,24.316999435424805,1,0.0,0.0,0.0
2022-01-11 00:00:00-05:00,24.24920082092285,24.24920082092285,24.24920082092285,24.24920082092285,12,0.0,0.0,0.0
2022-01-12 00:00:00-05:00,23.631200790405273,23.631200790405273,23.631200790405273,23.631200790405273,1,0.0,0.0,0.0
2022-01-13 00:00:00-05:00,23.809999465942383,23.81999969482422,23.799999237060547,23.80430030822754,13432,0.0,0.0,0.0
2022-01-14 00:00:00-05:00,23.899999618530273,23.899999618530273,23.78700065612793,23.78700065612793,13473,0.0,0.0,0.0
2022-01-18 00:00:00-05:00,24.0,24.008899688720703,23.979999542236328,24.008899688720703,1392,0.0,0.0,0.0
2022-01-19 00:00:00-05:00,23.94860076904297,24.111600875854492,23.94860076904297,24.111600875854492,250,0.0,0.0,0.0
2022-01-20 00:00:00-05:00,24.260000228881836,24.260000228881836,24.260000228881836,24.260000228881836,1436,0.0,0.0,0.0
2022-01-21 00:00:00-05:00,24.329999923706055,24.489999771118164,24.329999923706055,24.4689998626709,1633,0.0,0.0,0.0
2022-01-24 00:00:00-05:00,24.809999465942383,24.809999465942383,24.457700729370117,24.457700729370117,10484,0.0,0.0,0.0
2022-01-25 00:00:00-05:00,24.597999572753906,24.597999572753906,24.597999572753906,24.597999572753906,66,0.0,0.0,0.0
2022-01-26 00:00:00-05:00,24.31999969482422,24.643999099731445,24.31999969482422,24.643999099731445,1207,0.0,0.0,0.0
2022-01-27 00:00:00-05:00,24.670000076293945,24.673900604248047,24.610000610351562,24.673900604248047,404,0.0,0.0,0.0
2022-01-28 00:00:00-05:00,24.549999237060547,24.549999237060547,24.391300201416016,24.391300201416016,100,0.0,0.0,0.0
2022-01-31 00:00:00-05:00,24.143299102783203,24.143299102783203,24.143299102783203,24.143299102783203,5,0.0,0.0,0.0
2022-02-01 00:00:00-05:00,24.050199508666992,24.050199508666992,24.050199508666992,24.050199508666992,25,0.0,0.0,0.0
2022-02-02 00:00:00-05:00,24.06999969482422,24.06999969482422,23.931299209594727,23.931299209594727,401,0.0,0.0,0.0
2022-02-03 00:00:00-05:00,24.1200008392334,24.221599578857422,24.1200008392334,24.221599578857422,872,0.0,0.0,0.0
2022-02-04 00:00:00-05:00,24.170000076293945,24.170000076293945,24.139999389648438,24.139999389648438,101,0.0,0.0,0.0
2022-02-07 00:00:00-05:00,24.217199325561523,24.217199325561523,24.217199325561523,24.217199325561523,1,0.0,0.0,0.0
2022-02-08 00:00:00-05:00,24.110000610351562,24.110000610351562,24.0856990814209,24.0856990814209,100,0.0,0.0,0.0
2022-02-09 00:00:00-05:00,24.09000015258789,24.09000015258789,23.931800842285156,23.931800842285156,270,0.0,0.0,0.0
2022-02-10 00:00:00-05:00,23.93000030517578,23.93000030517578,23.512500762939453,23.512500762939453,255,0.0,0.0,0.0
2022-02-11 00:00:00-05:00,23.520000457763672,23.520000457763672,23.189199447631836,23.189199447631836,1190,0.0,0.0,0.0
2022-02-14 00:00:00-05:00,23.135000228881836,23.135000228881836,23.135000228881836,23.135000228881836,2,0.0,0.0,0.0
2022-02-15 00:00:00-05:00,23.135000228881836,23.135000228881836,23.135000228881836,23.135000228881836,1,0.0,0.0,0.0
2022-02-16 00:00:00-05:00,23.1299991607666,23.1299991607666,23.1299991607666,23.1299991607666,1,0.0,0.0,0.0
2022-02-17 00:00:00-05:00,23.18000030517578,23.18000030517578,23.1299991607666,23.1299991607666,135,0.0,0.0,0.0
2022-02-18 00:00:00-05:00,23.165000915527344,23.165000915527344,23.165000915527344,23.165000915527344,6,0.0,0.0,0.0
2022-02-22 00:00:00-05:00,23.16990089416504,23.16990089416504,23.125,23.125,200,0.0,0.0,0.0
2022-02-23 00:00:00-05:00,23.357999801635742,23.357999801635742,23.357999801635742,23.357999801635742,2,0.0,0.0,0.0
2022-02-24 00:00:00-05:00,23.520000457763672,23.520000457763672,23.180999755859375,23.180999755859375,1100,0.0,0.0,0.0
2022-02-25 00:00:00-05:00,22.923599243164062,22.923599243164062,22.923599243164062,22.923599243164062,70,0.0,0.0,0.0
2022-02-28 00:00:00-05:00,23.020000457763672,23.020000457763672,22.945100784301758,22.945100784301758,160,0.0,0.0,0.0
2022-03-01 00:00:00-05:00,23.1200008392334,23.1200008392334,23.06999969482422,23.116600036621094,460,0.0,0.0,0.0
2022-03-02 00:00:00-05:00,22.9064998626709,22.9064998626709,22.9064998626709,22.9064998626709,85,0.0,0.0,0.0
2022-03-03 00:00:00-05:00,22.989999771118164,22.989999771118164,22.93000030517578,22.961000442504883,581,0.0,0.0,0.0
2022-03-04 00:00:00-05:00,23.170000076293945,23.170000076293945,23.0393009185791,23.0393009185791,231,0.0,0.0,0.0
2022-03-07 00:00:00-05:00,23.25,23.36479949951172,23.23539924621582,23.36479949951172,356,0.0,0.0,0.0
2022-03-08 00:00:00-05:00,23.209999084472656,23.41629981994629,23.209999084472656,23.41629981994629,133,0.0,0.0,0.0
2022-03-09 00:00:00-05:00,23.350000381469727,23.350000381469727,23.1476993560791,23.161100387573242,1186,0.0,0.0,0.0
2022-03-10 00:00:00-05:00,23.309999465942383,23.309999465942383,23.193899154663086,23.193899154663086,200,0.0,0.0,0.0
2022-03-11 00:00:00-05:00,23.343000411987305,23.343000411987305,23.343000411987305,23.343000411987305,1,0.0,0.0,0.0
2022-03-14 00:00:00-04:00,23.435300827026367,23.435300827026367,23.435300827026367,23.435300827026367,89,0.0,0.0,0.0
2022-03-15 00:00:00-04:00,23.180200576782227,23.180200576782227,23.180200576782227,23.180200576782227,1,0.0,0.0,0.0
2022-03-16 00:00:00-04:00,22.966299057006836,22.966299057006836,22.966299057006836,22.966299057006836,8,0.0,0.0,0.0
2022-03-17 00:00:00-04:00,22.93000030517578,22.93000030517578,22.79509925842285,22.79509925842285,249,0.0,0.0,0.0
2022-03-18 00:00:00-04:00,22.774999618530273,22.774999618530273,22.774999618530273,22.774999618530273,1,0.0,0.0,0.0
2022-03-21 00:00:00-04:00,22.822399139404297,22.822399139404297,22.822399139404297,22.822399139404297,1,0.0,0.0,0.0
2022-03-22 00:00:00-04:00,22.941099166870117,22.941099166870117,22.941099166870117,22.941099166870117,3,0.0,0.0,0.0
2022-03-23 00:00:00-04:00,22.80660057067871,22.80660057067871,22.80660057067871,22.80660057067871,1,0.0,0.0,0.0
2022-03-24 00:00:00-04:00,22.947799682617188,22.947799682617188,22.947799682617188,22.947799682617188,3,0.0,0.0,0.0
2022-03-25 00:00:00-04:00,23.023399353027344,23.023399353027344,23.023399353027344,23.023399353027344,1,0.0,0.0,0.0
2022-03-28 00:00:00-04:00,23.08049964904785,23.08049964904785,23.08049964904785,23.08049964904785,1,0.0,0.0,0.0
2022-03-29 00:00:00-04:00,23.200000762939453,23.2283992767334,23.200000762939453,23.2283992767334,116,0.0,0.0,0.0
2022-03-30 00:00:00-04:00,23.152099609375,23.152099609375,23.152099609375,23.152099609375,1,0.0,0.0,0.0
2022-03-31 00:00:00-04:00,23.022499084472656,23.022499084472656,23.022499084472656,23.022499084472656,1,0.0,0.0,0.0
2022-04-01 00:00:00-04:00,23.019100189208984,23.019100189208984,23.019100189208984,23.019100189208984,1,0.0,0.0,0.0
2022-04-04 00:00:00-04:00,23.113000869750977,23.113000869750977,23.113000869750977,23.113000869750977,1,0.0,0.0,0.0
2022-04-05 00:00:00-04:00,22.972200393676758,22.972200393676758,22.972200393676758,22.972200393676758,5,0.0,0.0,0.0
2022-04-06 00:00:00-04:00,22.862199783325195,22.862199783325195,22.862199783325195,22.862199783325195,1,0.0,0.0,0.0
2022-04-07 00:00:00-04:00,22.80069923400879,22.90019989013672,22.80069923400879,22.90019989013672,935,0.0,0.0,0.0
2022-04-08 00:00:00-04:00,22.869800567626953,22.869800567626953,22.869800567626953,22.869800567626953,57,0.0,0.0,0.0
2022-04-11 00:00:00-04:00,22.676700592041016,22.676700592041016,22.676700592041016,22.676700592041016,10,0.0,0.0,0.0
2022-04-12 00:00:00-04:00,22.770000457763672,22.790000915527344,22.64150047302246,22.64150047302246,77995,0.0,0.0,0.0
2022-04-13 00:00:00-04:00,22.670000076293945,22.693899154663086,22.65999984741211,22.693899154663086,1649,0.0,0.0,0.0
2022-04-14 00:00:00-04:00,22.665000915527344,22.665000915527344,22.665000915527344,22.665000915527344,1,0.0,0.0,0.0
2022-04-18 00:00:00-04:00,22.604999542236328,22.604999542236328,22.604999542236328,22.604999542236328,1,0.0,0.0,0.0
2022-04-19 00:00:00-04:00,22.594999313354492,22.594999313354492,22.594999313354492,22.594999313354492,1,0.0,0.0,0.0
2022-04-20 00:00:00-04:00,22.59000015258789,22.6200008392334,22.59000015258789,22.6200008392334,700,0.0,0.0,0.0
2022-04-21 00:00:00-04:00,22.6200008392334,22.6200008392334,22.6200008392334,22.6200008392334,45,0.0,0.0,0.0
2022-04-22 00:00:00-04:00,22.6200008392334,22.6200008392334,22.6200008392334,22.6200008392334,1,0.0,0.0,0.0
2022-04-25 00:00:00-04:00,22.6200008392334,22.6200008392334,22.6200008392334,22.6200008392334,27,0.0,0.0,0.0
2022-04-26 00:00:00-04:00,22.6117000579834,22.6200008392334,22.6117000579834,22.6200008392334,1360,0.0,0.0,0.0
2022-04-27 00:00:00-04:00,22.621299743652344,22.649900436401367,22.6200008392334,22.6200008392334,488,0.0,0.0,0.0
2022-04-28 00:00:00-04:00,22.649999618530273,22.649999618530273,22.6200008392334,22.6200008392334,200,0.0,0.0,0.0
2022-04-29 00:00:00-04:00,22.614999771118164,22.614999771118164,22.614999771118164,22.614999771118164,1,0.0,0.0,0.0
2022-05-02 00:00:00-04:00,22.59000015258789,22.6200008392334,22.59000015258789,22.6200008392334,201,0.0,0.0,0.0
2022-05-03 00:00:00-04:00,22.579999923706055,22.610000610351562,22.579999923706055,22.610000610351562,700,0.0,0.0,0.0
2022-05-04 00:00:00-04:00,22.610000610351562,22.610000610351562,22.610000610351562,22.610000610351562,284,0.0,0.0,0.0
2022-05-05 00:00:00-04:00,22.610000610351562,22.6299991607666,22.610000610351562,22.614999771118164,1908,0.0,0.0,0.0
2022-05-06 00:00:00-04:00,22.610000610351562,22.610000610351562,22.610000610351562,22.610000610351562,100,0.0,0.0,0.0
2022-05-09 00:00:00-04:00,22.614999771118164,22.614999771118164,22.614999771118164,22.614999771118164,1,0.0,0.0,0.0
2022-05-10 00:00:00-04:00,22.579999923706055,22.6299991607666,22.579999923706055,22.579999923706055,20201,0.0,0.0,0.0
2022-05-11 00:00:00-04:00,22.639999389648438,22.639999389648438,22.579999923706055,22.610000610351562,405,0.0,0.0,0.0
2022-05-12 00:00:00-04:00,22.579999923706055,22.610000610351562,22.579999923706055,22.610000610351562,6499,0.0,0.0,0.0
2022-05-13 00:00:00-04:00,22.610000610351562,22.610000610351562,22.610000610351562,22.610000610351562,62,0.0,0.0,0.0
2022-05-16 00:00:00-04:00,22.610000610351562,22.610000610351562,22.610000610351562,22.610000610351562,1,0.0,0.0,0.0
2022-05-17 00:00:00-04:00,22.60759925842285,22.610000610351562,22.60759925842285,22.610000610351562,227,0.0,0.0,0.0
2022-05-18 00:00:00-04:00,22.639999389648438,22.639999389648438,22.608299255371094,22.610000610351562,300,0.0,0.0,0.0
2022-05-19 00:00:00-04:00,22.59760093688965,22.610000610351562,22.59760093688965,22.610000610351562,500,0.0,0.0,0.0
2022-05-20 00:00:00-04:00,22.610000610351562,22.610000610351562,22.610000610351562,22.610000610351562,1572,0.0,0.0,0.0
2022-05-23 00:00:00-04:00,22.610000610351562,22.610000610351562,22.610000610351562,22.610000610351562,1,0.0,0.0,0.0
2022-05-24 00:00:00-04:00,22.610000610351562,22.610000610351562,22.610000610351562,22.610000610351562,2,0.0,0.0,0.0
2022-05-25 00:00:00-04:00,22.610000610351562,22.610000610351562,22.610000610351562,22.610000610351562,1,0.0,0.0,0.0
2022-05-26 00:00:00-04:00,22.610000610351562,22.610000610351562,22.610000610351562,22.610000610351562,67,0.0,0.0,0.0
2022-05-27 00:00:00-04:00,22.610000610351562,22.610000610351562,22.610000610351562,22.610000610351562,1,0.0,0.0,0.0
2022-05-31 00:00:00-04:00,22.604999542236328,22.604999542236328,22.604999542236328,22.604999542236328,8,0.0,0.0,0.0
2022-06-01 00:00:00-04:00,22.604999542236328,22.604999542236328,22.604999542236328,22.604999542236328,8,0.0,0.0,0.0
2022-06-02 00:00:00-04:00,22.610000610351562,22.610000610351562,22.610000610351562,22.610000610351562,8,0.0,0.0,0.0
2022-06-03 00:00:00-04:00,22.604700088500977,22.604700088500977,22.604700088500977,22.604700088500977,8,0.0,0.0,0.0
2022-06-06 00:00:00-04:00,22.600000381469727,22.600000381469727,22.600000381469727,22.600000381469727,8,0.0,0.0,0.0
2022-06-07 00:00:00-04:00,22.600000381469727,22.600000381469727,22.600000381469727,22.600000381469727,1,0.0,0.0,0.0
2022-06-08 00:00:00-04:00,22.600000381469727,22.600000381469727,22.600000381469727,22.600000381469727,2,0.0,0.0,0.0
2022-06-09 00:00:00-04:00,22.600000381469727,22.600000381469727,22.600000381469727,22.600000381469727,10,0.0,0.0,0.0
2022-06-10 00:00:00-04:00,22.600000381469727,22.600000381469727,22.600000381469727,22.600000381469727,1,0.0,0.0,0.0
2022-06-13 00:00:00-04:00,22.629899978637695,22.629899978637695,22.600000381469727,22.600000381469727,200,0.0,0.0,0.0
2022-06-14 00:00:00-04:00,22.56999969482422,22.56999969482422,22.56999969482422,22.56999969482422,5,0.0,0.0,0.0
2022-06-15 00:00:00-04:00,22.59000015258789,22.59000015258789,22.59000015258789,22.59000015258789,1,0.0,0.0,0.0
2022-06-16 00:00:00-04:00,22.594999313354492,22.594999313354492,22.594999313354492,22.594999313354492,1,0.0,0.0,0.0
2022-06-17 00:00:00-04:00,22.549999237060547,22.594999313354492,22.549999237060547,22.594999313354492,1360,0.0,0.0,0.0
2022-06-21 00:00:00-04:00,22.594999313354492,22.594999313354492,22.594999313354492,22.594999313354492,5,0.0,0.0,0.0
2022-06-22 00:00:00-04:00,22.649999618530273,22.649999618530273,22.600000381469727,22.600000381469727,531,0.0,0.0,0.0
2022-06-23 00:00:00-04:00,22.584999084472656,22.584999084472656,22.584999084472656,22.584999084472656,5,0.0,0.0,0.0
2022-06-24 00:00:00-04:00,22.584999084472656,22.584999084472656,22.584999084472656,22.584999084472656,0,0.0,0.0,0.0
2022-06-27 00:00:00-04:00,22.584999084472656,22.584999084472656,22.584999084472656,22.584999084472656,0,0.0,0.0,0.0
2022-06-28 00:00:00-04:00,22.584999084472656,22.584999084472656,22.584999084472656,22.584999084472656,0,0.0,0.0,0.0
2022-06-29 00:00:00-04:00,22.584999084472656,22.584999084472656,22.584999084472656,22.584999084472656,0,0.0,0.0,0.0
2022-06-30 00:00:00-04:00,22.584999084472656,22.584999084472656,22.584999084472656,22.584999084472656,0,0.0,0.0,0.0
2022-07-01 00:00:00-04:00,22.584999084472656,22.584999084472656,22.584999084472656,22.584999084472656,0,0.0,0.0,0.0
2022-07-05 00:00:00-04:00,22.584999084472656,22.584999084472656,22.584999084472656,22.584999084472656,0,0.0,0.0,0.0
2022-07-06 00:00:00-04:00,22.584999084472656,22.584999084472656,22.584999084472656,22.584999084472656,0,0.0,0.0,0.0
2022-07-07 00:00:00-04:00,22.584999084472656,22.584999084472656,22.584999084472656,22.584999084472656,0,0.0,0.0,0.0
2022-07-08 00:00:00-04:00,22.584999084472656,22.584999084472656,22.584999084472656,22.584999084472656,0,0.0,0.0,0.0
2022-07-11 00:00:00-04:00,22.584999084472656,22.584999084472656,22.584999084472656,22.584999084472656,0,0.0,0.0,0.0
2022-07-12 00:00:00-04:00,22.584999084472656,22.584999084472656,22.584999084472656,22.584999084472656,0,0.0,0.0,0.0
2022-07-13 00:00:00-04:00,22.584999084472656,22.584999084472656,22.584999084472656,22.584999084472656,0,0.0,0.0,0.0
2022-07-14 00:00:00-04:00,22.584999084472656,22.584999084472656,22.584999084472656,22.584999084472656,0,0.0,0.0,0.0
2022-07-15 00:00:00-04:00,22.584999084472656,22.584999084472656,22.584999084472656,22.584999084472656,0,0.0,0.0,0.0
2022-07-18 00:00:00-04:00,22.584999084472656,22.584999084472656,22.584999084472656,22.584999084472656,0,0.0,0.0,0.0
2022-07-19 00:00:00-04:00,22.584999084472656,22.584999084472656,22.584999084472656,22.584999084472656,0,0.0,0.0,0.0
2022-07-20 00:00:00-04:00,22.584999084472656,22.584999084472656,22.584999084472656,22.584999084472656,0,0.0,0.0,0.0
2022-07-21 00:00:00-04:00,22.584999084472656,22.584999084472656,22.584999084472656,22.584999084472656,0,0.0,0.0,0.0
2022-07-22 00:00:00-04:00,22.584999084472656,22.584999084472656,22.584999084472656,22.584999084472656,0,0.0,0.0,0.0
2022-07-25 00:00:00-04:00,22.584999084472656,22.584999084472656,22.584999084472656,22.584999084472656,0,0.0,0.0,0.0
2022-07-26 00:00:00-04:00,22.584999084472656,22.584999084472656,22.584999084472656,22.584999084472656,0,0.0,0.0,0.0
2022-07-27 00:00:00-04:00,22.584999084472656,22.584999084472656,22.584999084472656,22.584999084472656,0,0.0,0.0,0.0
2022-07-28 00:00:00-04:00,22.584999084472656,22.584999084472656,22.584999084472656,22.584999084472656,0,0.0,0.0,0.0
2022-07-29 00:00:00-04:00,22.584999084472656,22.584999084472656,22.584999084472656,22.584999084472656,0,0.0,0.0,0.0
2022-08-01 00:00:00-04:00,22.584999084472656,22.584999084472656,22.584999084472656,22.584999084472656,0,0.0,0.0,0.0
2022-08-02 00:00:00-04:00,22.584999084472656,22.584999084472656,22.584999084472656,22.584999084472656,0,0.0,0.0,0.0
2022-08-03 00:00:00-04:00,22.584999084472656,22.584999084472656,22.584999084472656,22.584999084472656,0,0.0,0.0,0.0
2022-08-04 00:00:00-04:00,22.584999084472656,22.584999084472656,22.584999084472656,22.584999084472656,0,0.0,0.0,0.0
