Date,Open,High,Low,Close,Volume,Dividends,Stock Splits,Capital Gains
2022-07-14 00:00:00-04:00,50.47999954223633,51.630001068115234,49.7140007019043,49.7140007019043,123200,0.0,0.0,0.0
2022-07-15 00:00:00-04:00,49.20000076293945,50.150001525878906,48.53499984741211,49.40999984741211,289000,0.0,0.0,0.0
2022-07-18 00:00:00-04:00,48.70000076293945,49.448001861572266,47.25,49.290000915527344,789500,0.0,0.0,0.0
2022-07-19 00:00:00-04:00,48.380001068115234,49.97999954223633,47.939998626708984,48.31999969482422,513100,0.0,0.0,0.0
2022-07-20 00:00:00-04:00,47.97999954223633,48.599998474121094,47.25,47.900001525878906,979400,0.0,0.0,0.0
2022-07-21 00:00:00-04:00,46.356998443603516,46.45000076293945,42.88999938964844,43.130001068115234,2189400,0.0,0.0,0.0
2022-07-22 00:00:00-04:00,42.4900016784668,43.32899856567383,41.70000076293945,43.0880012512207,1251100,0.0,0.0,0.0
2022-07-25 00:00:00-04:00,43.04999923706055,43.83000183105469,42.78099822998047,43.74399948120117,813800,0.0,0.0,0.0
2022-07-26 00:00:00-04:00,44.040000915527344,45.630001068115234,43.900001525878906,45.220001220703125,973800,0.0,0.0,0.0
2022-07-27 00:00:00-04:00,44.36000061035156,44.720001220703125,42.2599983215332,42.470001220703125,1075900,0.0,0.0,0.0
2022-07-28 00:00:00-04:00,41.650001525878906,42.7400016784668,41.15999984741211,41.5099983215332,1052000,0.0,0.0,0.0
2022-07-29 00:00:00-04:00,41.54999923706055,41.77000045776367,38.93000030517578,39.099998474121094,1463400,0.0,0.0,0.0
2022-08-01 00:00:00-04:00,38.56999969482422,39.38999938964844,37.18899917602539,39.04999923706055,2930800,0.0,0.0,0.0
2022-08-02 00:00:00-04:00,39.5099983215332,39.66999816894531,37.689998626708984,38.63999938964844,1566500,0.0,0.0,0.0
2022-08-03 00:00:00-04:00,38.06999969482422,38.599998474121094,37.540000915527344,37.77000045776367,1191300,0.0,0.0,0.0
2022-08-04 00:00:00-04:00,37.310001373291016,38.060001373291016,37.03099822998047,37.619998931884766,763700,0.0,0.0,0.0
2022-08-05 00:00:00-04:00,38.349998474121094,40.435001373291016,38.16999816894531,40.11000061035156,2520100,0.0,0.0,0.0
2022-08-08 00:00:00-04:00,39.209999084472656,40.0,37.77000045776367,39.5099983215332,1255600,0.0,0.0,0.0
2022-08-09 00:00:00-04:00,39.810001373291016,41.33000183105469,39.58100128173828,40.779998779296875,1712200,0.0,0.0,0.0
2022-08-10 00:00:00-04:00,38.779998779296875,40.779998779296875,38.7400016784668,39.209999084472656,2005600,0.0,0.0,0.0
2022-08-11 00:00:00-04:00,38.86000061035156,40.33000183105469,38.68000030517578,40.20000076293945,1012200,0.0,0.0,0.0
2022-08-12 00:00:00-04:00,39.84000015258789,40.40999984741211,38.34000015258789,38.349998474121094,1325100,0.0,0.0,0.0
2022-08-15 00:00:00-04:00,38.08000183105469,38.18000030517578,36.66999816894531,37.119998931884766,1483100,0.0,0.0,0.0
2022-08-16 00:00:00-04:00,36.869998931884766,37.90999984741211,36.5099983215332,37.45000076293945,2289400,0.0,0.0,0.0
2022-08-17 00:00:00-04:00,37.880001068115234,38.290000915527344,37.11899948120117,37.7599983215332,955500,0.0,0.0,0.0
2022-08-18 00:00:00-04:00,37.54999923706055,38.04999923706055,37.47999954223633,37.970001220703125,614000,0.0,0.0,0.0
2022-08-19 00:00:00-04:00,38.439998626708984,39.189998626708984,38.29999923706055,38.63999938964844,1044100,0.0,0.0,0.0
2022-08-22 00:00:00-04:00,39.27000045776367,40.060001373291016,39.27000045776367,39.56999969482422,638300,0.0,0.0,0.0
2022-08-23 00:00:00-04:00,39.349998474121094,39.810001373291016,38.369998931884766,38.709999084472656,1018200,0.0,0.0,0.0
2022-08-24 00:00:00-04:00,38.529998779296875,38.68000030517578,37.7599983215332,38.619998931884766,760900,0.0,0.0,0.0
2022-08-25 00:00:00-04:00,37.880001068115234,39.31999969482422,37.849998474121094,38.72999954223633,1016800,0.0,0.0,0.0
2022-08-26 00:00:00-04:00,38.56999969482422,39.869998931884766,37.970001220703125,39.790000915527344,1196900,0.0,0.0,0.0
2022-08-29 00:00:00-04:00,40.5,40.79899978637695,39.840999603271484,40.209999084472656,1085000,0.0,0.0,0.0
2022-08-30 00:00:00-04:00,39.779998779296875,41.95000076293945,39.720001220703125,41.2599983215332,1610100,0.0,0.0,0.0
2022-08-31 00:00:00-04:00,40.779998779296875,42.11000061035156,40.72999954223633,41.560001373291016,1000200,0.0,0.0,0.0
2022-09-01 00:00:00-04:00,42.040000915527344,42.970001220703125,41.279998779296875,41.33700180053711,1576900,0.0,0.0,0.0
2022-09-02 00:00:00-04:00,40.650001525878906,42.560001373291016,40.599998474121094,42.34000015258789,1030500,0.0,0.0,0.0
2022-09-06 00:00:00-04:00,42.040000915527344,43.077999114990234,41.47999954223633,41.68000030517578,1326700,0.0,0.0,0.0
2022-09-07 00:00:00-04:00,41.93000030517578,42.02000045776367,40.310001373291016,40.380001068115234,820900,0.0,0.0,0.0
2022-09-08 00:00:00-04:00,40.66999816894531,40.86000061035156,39.5099983215332,39.5099983215332,714800,0.0,0.0,0.0
2022-09-09 00:00:00-04:00,39.20000076293945,39.220001220703125,38.06999969482422,38.11000061035156,914400,0.0,0.0,0.0
2022-09-12 00:00:00-04:00,37.95000076293945,37.97999954223633,37.380001068115234,37.4900016784668,614400,0.0,0.0,0.0
2022-09-13 00:00:00-04:00,38.93000030517578,39.189998626708984,38.349998474121094,39.029998779296875,1283300,0.0,0.0,0.0
2022-09-14 00:00:00-04:00,38.9900016784668,39.04999923706055,37.17100143432617,37.59000015258789,1558900,0.0,0.0,0.0
2022-09-15 00:00:00-04:00,37.70000076293945,37.81999969482422,36.810001373291016,37.4900016784668,1466100,0.0,0.0,0.0
2022-09-16 00:00:00-04:00,37.9900016784668,38.470001220703125,37.4900016784668,37.52000045776367,1479600,0.0,0.0,0.0
2022-09-19 00:00:00-04:00,37.939998626708984,38.185001373291016,36.720001220703125,36.810001373291016,1890400,0.0,0.0,0.0
2022-09-20 00:00:00-04:00,37.06999969482422,37.220001220703125,36.310001373291016,36.869998931884766,1732800,0.0,0.0,0.0
2022-09-21 00:00:00-04:00,36.88999938964844,37.83000183105469,36.25,37.83000183105469,1691600,0.0,0.0,0.0
2022-09-22 00:00:00-04:00,37.91999816894531,39.65999984741211,37.75,39.33000183105469,2138600,0.0,0.0,0.0
2022-09-23 00:00:00-04:00,40.119998931884766,41.46500015258789,39.88999938964844,41.099998474121094,1891200,0.0,0.0,0.0
2022-09-26 00:00:00-04:00,41.63999938964844,41.880001068115234,39.84000015258789,41.040000915527344,1487800,0.0,0.0,0.0
2022-09-27 00:00:00-04:00,39.83000183105469,40.810001373291016,39.18000030517578,40.0,1722200,0.0,0.0,0.0
2022-09-28 00:00:00-04:00,40.0,40.7400016784668,39.150001525878906,39.349998474121094,1499000,0.0,0.0,0.0
2022-09-29 00:00:00-04:00,40.02000045776367,42.29999923706055,39.900001525878906,41.95000076293945,2114900,0.0,0.0,0.0
2022-09-30 00:00:00-04:00,42.31999969482422,42.869998931884766,40.86899948120117,42.43000030517578,1409500,0.0,0.0,0.0
2022-10-03 00:00:00-04:00,44.209999084472656,46.34000015258789,44.09000015258789,46.09000015258789,2863400,0.0,0.0,0.0
2022-10-04 00:00:00-04:00,44.59000015258789,46.220001220703125,43.41999816894531,44.810001373291016,3506500,0.0,0.0,0.0
2022-10-05 00:00:00-04:00,45.630001068115234,47.72999954223633,45.34000015258789,46.45899963378906,1571000,0.0,0.0,0.0
2022-10-06 00:00:00-04:00,46.58000183105469,47.409000396728516,45.65999984741211,46.93000030517578,1032100,0.0,0.0,0.0
2022-10-07 00:00:00-04:00,47.70000076293945,50.06999969482422,47.630001068115234,49.81999969482422,1085800,0.0,0.0,0.0
2022-10-10 00:00:00-04:00,49.63999938964844,50.88999938964844,48.9900016784668,49.900001525878906,1513900,0.0,0.0,0.0
2022-10-11 00:00:00-04:00,50.33000183105469,51.65999984741211,49.290000915527344,51.36000061035156,948300,0.0,0.0,0.0
2022-10-12 00:00:00-04:00,51.540000915527344,52.5099983215332,50.70399856567383,51.13999938964844,1118800,0.0,0.0,0.0
2022-10-13 00:00:00-04:00,53.150001525878906,53.689998626708984,49.82899856567383,50.13999938964844,1413600,0.0,0.0,0.0
2022-10-14 00:00:00-04:00,49.61000061035156,54.08000183105469,49.099998474121094,53.869998931884766,1158500,0.0,0.0,0.0
2022-10-17 00:00:00-04:00,52.54999923706055,52.70000076293945,49.470001220703125,50.09000015258789,1372200,0.0,0.0,0.0
2022-10-18 00:00:00-04:00,47.849998474121094,50.58000183105469,47.75,49.900001525878906,777500,0.0,0.0,0.0
2022-10-19 00:00:00-04:00,50.040000915527344,50.4900016784668,49.349998474121094,49.54999923706055,1032700,0.0,0.0,0.0
2022-10-20 00:00:00-04:00,52.619998931884766,54.0,50.970001220703125,52.86000061035156,2066500,0.0,0.0,0.0
2022-10-21 00:00:00-04:00,53.09000015258789,53.66699981689453,50.939998626708984,51.0099983215332,1261000,0.0,0.0,0.0
2022-10-24 00:00:00-04:00,53.040000915527344,54.790000915527344,51.2400016784668,51.7400016784668,1270700,0.0,0.0,0.0
2022-10-25 00:00:00-04:00,52.040000915527344,52.040000915527344,48.560001373291016,49.09000015258789,1298600,0.0,0.0,0.0
2022-10-26 00:00:00-04:00,49.7400016784668,49.95000076293945,47.27899932861328,48.560001373291016,1190900,0.0,0.0,0.0
2022-10-27 00:00:00-04:00,47.43000030517578,48.939998626708984,46.58000183105469,48.43000030517578,1076500,0.0,0.0,0.0
2022-10-28 00:00:00-04:00,48.459999084472656,50.29999923706055,47.654998779296875,47.709999084472656,1044300,0.0,0.0,0.0
2022-10-31 00:00:00-04:00,48.20000076293945,49.08000183105469,47.459999084472656,47.90999984741211,734000,0.0,0.0,0.0
2022-11-01 00:00:00-04:00,46.52000045776367,47.933998107910156,45.880001068115234,47.880001068115234,717600,0.0,0.0,0.0
2022-11-02 00:00:00-04:00,48.279998779296875,50.63999938964844,47.93000030517578,50.63999938964844,858300,0.0,0.0,0.0
2022-11-03 00:00:00-04:00,51.47999954223633,51.72999954223633,49.189998626708984,50.470001220703125,1059200,0.0,0.0,0.0
2022-11-04 00:00:00-04:00,48.810001373291016,53.38999938964844,48.560001373291016,52.380001068115234,1403700,0.0,0.0,0.0
2022-11-07 00:00:00-05:00,52.060001373291016,55.11000061035156,52.040000915527344,54.9900016784668,1610500,0.0,0.0,0.0
2022-11-08 00:00:00-05:00,55.91999816894531,57.88999938964844,55.57500076293945,56.63999938964844,1428500,0.0,0.0,0.0
2022-11-09 00:00:00-05:00,56.869998931884766,60.79999923706055,55.308998107910156,60.70000076293945,1444500,0.0,0.0,0.0
2022-11-10 00:00:00-05:00,56.540000915527344,59.849998474121094,56.130001068115234,56.27000045776367,1717200,0.0,0.0,0.0
2022-11-11 00:00:00-05:00,57.65999984741211,58.61899948120117,54.525001525878906,54.65999984741211,1852300,0.0,0.0,0.0
2022-11-14 00:00:00-05:00,55.52000045776367,57.34000015258789,54.7599983215332,56.029998779296875,1102500,0.0,0.0,0.0
2022-11-15 00:00:00-05:00,54.619998931884766,55.75,53.18000030517578,55.0099983215332,815400,0.0,0.0,0.0
2022-11-16 00:00:00-05:00,55.880001068115234,57.56800079345703,55.63999938964844,57.220001220703125,808400,0.0,0.0,0.0
2022-11-17 00:00:00-05:00,58.18000030517578,59.040000915527344,57.470001220703125,58.45000076293945,1057400,0.0,0.0,0.0
2022-11-18 00:00:00-05:00,57.720001220703125,60.46799850463867,57.720001220703125,59.310001373291016,870800,0.0,0.0,0.0
2022-11-21 00:00:00-05:00,60.77000045776367,63.47999954223633,60.45000076293945,63.400001525878906,893400,0.0,0.0,0.0
2022-11-22 00:00:00-05:00,63.060001373291016,64.0,62.27000045776367,62.63999938964844,930000,0.0,0.0,0.0
2022-11-23 00:00:00-05:00,61.20000076293945,61.65999984741211,57.59000015258789,57.7400016784668,1164900,0.0,0.0,0.0
2022-11-25 00:00:00-05:00,57.13999938964844,58.54999923706055,57.13999938964844,58.18000030517578,601900,0.0,0.0,0.0
2022-11-28 00:00:00-05:00,58.84000015258789,59.11000061035156,56.06999969482422,57.81999969482422,1092800,0.0,0.0,0.0
2022-11-29 00:00:00-05:00,57.22999954223633,59.16999816894531,56.81999969482422,58.54999923706055,544400,0.0,0.0,0.0
2022-11-30 00:00:00-05:00,57.97999954223633,58.58000183105469,54.060001373291016,54.31999969482422,959100,0.0,0.0,0.0
2022-12-01 00:00:00-05:00,53.43000030517578,54.869998931884766,52.880001068115234,54.06999969482422,705600,0.0,0.0,0.0
2022-12-02 00:00:00-05:00,54.91999816894531,55.05799865722656,53.66999816894531,54.06999969482422,628100,0.0,0.0,0.0
2022-12-05 00:00:00-05:00,55.599998474121094,58.0,55.06999969482422,57.45000076293945,665200,0.0,0.0,0.0
2022-12-06 00:00:00-05:00,57.81999969482422,59.70500183105469,57.13999938964844,58.36000061035156,912500,0.0,0.0,0.0
2022-12-07 00:00:00-05:00,59.84000015258789,60.79999923706055,58.51499938964844,60.22999954223633,1301300,0.0,0.0,0.0
2022-12-08 00:00:00-05:00,60.88999938964844,61.93000030517578,59.814998626708984,60.459999084472656,1271000,0.0,0.0,0.0
2022-12-09 00:00:00-05:00,60.33000183105469,60.38999938964844,57.25,58.5,1329500,0.0,0.0,0.0
2022-12-12 00:00:00-05:00,59.5,62.224998474121094,59.060001373291016,62.0099983215332,1245800,0.0,0.0,0.0
2022-12-13 00:00:00-05:00,59.540000915527344,66.18000030517578,59.459999084472656,64.88999938964844,1845600,0.0,0.0,0.0
2022-12-14 00:00:00-05:00,65.30000305175781,66.94999694824219,64.4800033569336,66.41000366210938,1355000,0.0,0.0,0.0
2022-12-15 00:00:00-05:00,67.86000061035156,67.95999908447266,64.66500091552734,65.80999755859375,1463000,0.0,0.0,0.0
2022-12-16 00:00:00-05:00,65.18000030517578,69.22000122070312,64.7030029296875,69.1500015258789,1045000,0.0,0.0,0.0
2022-12-19 00:00:00-05:00,67.4000015258789,71.1500015258789,66.87000274658203,69.30999755859375,1462500,0.0,0.0,0.0
2022-12-20 00:00:00-05:00,71.13999938964844,74.97000122070312,69.95999908447266,74.95999908447266,1776300,0.0,0.0,0.0
2022-12-21 00:00:00-05:00,74.12999725341797,75.91999816894531,73.05999755859375,75.13999938964844,1693500,0.0,0.0,0.0
2022-12-22 00:00:00-05:00,76.01000213623047,83.38999938964844,75.5999984741211,81.80999755859375,2305000,0.0,0.0,0.0
2022-12-23 00:00:00-05:00,81.0,84.58000183105469,79.70999908447266,83.58999633789062,2350100,0.0,0.0,0.0
2022-12-27 00:00:00-05:00,84.80999755859375,91.0,83.51000213623047,90.61000061035156,2841200,0.0,0.0,0.0
2022-12-28 00:00:00-05:00,89.4000015258789,91.1500015258789,84.5,87.47000122070312,3143800,0.0,0.0,0.0
2022-12-29 00:00:00-05:00,81.62000274658203,83.75599670410156,79.18099975585938,80.47000122070312,2469700,0.0,0.0,0.0
2022-12-30 00:00:00-05:00,81.68000030517578,81.68000030517578,78.61000061035156,79.31999969482422,1407400,0.0,0.0,0.0
2023-01-03 00:00:00-05:00,82.72000122070312,91.5,82.33699798583984,89.16000366210938,3048500,0.0,0.0,0.0
2023-01-04 00:00:00-05:00,88.55999755859375,89.63999938964844,84.0,84.72000122070312,1973900,0.0,0.0,0.0
2023-01-05 00:00:00-05:00,87.08000183105469,89.5199966430664,86.12999725341797,87.20999908447266,2139300,0.0,0.0,0.0
2023-01-06 00:00:00-05:00,93.08999633789062,93.88999938964844,83.98999786376953,85.08000183105469,2408800,0.0,0.0,0.0
2023-01-09 00:00:00-05:00,80.5999984741211,81.98999786376953,77.20999908447266,79.9800033569336,2382700,0.0,0.0,0.0
2023-01-10 00:00:00-05:00,79.08999633789062,83.30000305175781,78.03299713134766,80.63999938964844,1292800,0.0,0.0,0.0
2023-01-11 00:00:00-05:00,78.37999725341797,79.5199966430664,75.86000061035156,77.5999984741211,1207200,0.0,0.0,0.0
2023-01-12 00:00:00-05:00,78.0,81.6520004272461,77.18000030517578,77.48999786376953,1339200,0.0,0.0,0.0
2023-01-13 00:00:00-05:00,81.87999725341797,82.52999877929688,78.08999633789062,78.29000091552734,1832000,0.0,0.0,0.0
2023-01-17 00:00:00-05:00,76.13999938964844,76.5999984741211,72.3499984741211,72.44999694824219,1764600,0.0,0.0,0.0
2023-01-18 00:00:00-05:00,69.66000366210938,74.95700073242188,69.62000274658203,73.94000244140625,1925100,0.0,0.0,0.0
2023-01-19 00:00:00-05:00,74.88999938964844,76.54000091552734,73.26100158691406,74.93000030517578,1375600,0.0,0.0,0.0
2023-01-20 00:00:00-05:00,74.13999938964844,74.80000305175781,71.19999694824219,71.19999694824219,1528500,0.0,0.0,0.0
2023-01-23 00:00:00-05:00,69.9000015258789,70.75900268554688,64.87999725341797,65.7699966430664,1580700,0.0,0.0,0.0
2023-01-24 00:00:00-05:00,66.0,66.94999694824219,64.52999877929688,65.6500015258789,1623000,0.0,0.0,0.0
2023-01-25 00:00:00-05:00,66.63999938964844,68.3499984741211,64.58000183105469,65.58000183105469,2141100,0.0,0.0,0.0
2023-01-26 00:00:00-05:00,58.43000030517578,60.790000915527344,57.83000183105469,58.31999969482422,3811900,0.0,0.0,0.0
2023-01-27 00:00:00-05:00,57.4900016784668,57.939998626708984,50.849998474121094,51.900001525878906,6475900,0.0,0.0,0.0
2023-01-30 00:00:00-05:00,51.779998779296875,55.20000076293945,51.349998474121094,55.08000183105469,4347000,0.0,0.0,0.0
2023-01-31 00:00:00-05:00,55.880001068115234,56.400001525878906,52.65999984741211,53.0,3078900,0.0,0.0,0.0
2023-02-01 00:00:00-05:00,52.7400016784668,54.0099983215332,49.7599983215332,50.560001373291016,3827600,0.0,0.0,0.0
2023-02-02 00:00:00-05:00,48.880001068115234,50.15999984741211,46.25,48.619998931884766,4337800,0.0,0.0,0.0
2023-02-03 00:00:00-05:00,49.70000076293945,49.790000915527344,45.84000015258789,48.15999984741211,6371800,0.0,0.0,0.0
2023-02-06 00:00:00-05:00,47.40999984741211,48.20000076293945,46.29999923706055,46.91999816894531,3621100,0.0,0.0,0.0
2023-02-07 00:00:00-05:00,46.56999969482422,48.22999954223633,46.33000183105469,46.59000015258789,3839700,0.0,0.0,0.0
2023-02-08 00:00:00-05:00,46.70000076293945,47.05799865722656,45.06999969482422,45.41999816894531,3517200,0.0,0.0,0.0
2023-02-09 00:00:00-05:00,44.02000045776367,44.66999816894531,42.59000015258789,44.06999969482422,5487000,0.0,0.0,0.0
2023-02-10 00:00:00-05:00,45.20000076293945,47.15999984741211,44.36000061035156,46.29999923706055,6625500,0.0,0.0,0.0
2023-02-13 00:00:00-05:00,46.900001525878906,48.4900016784668,46.47999954223633,46.81999969482422,2968700,0.0,0.0,0.0
2023-02-14 00:00:00-05:00,47.56999969482422,48.08000183105469,43.220001220703125,43.34000015258789,4733100,0.0,0.0,0.0
2023-02-15 00:00:00-05:00,42.790000915527344,44.016998291015625,42.263999938964844,42.38999938964844,3180600,0.0,0.0,0.0
2023-02-16 00:00:00-05:00,43.040000915527344,44.810001373291016,41.68000030517578,44.75,6061500,0.0,0.0,0.0
2023-02-17 00:00:00-05:00,45.220001220703125,45.78900146484375,43.380001068115234,43.43000030517578,4991700,0.0,0.0,0.0
2023-02-21 00:00:00-05:00,44.130001068115234,45.720001220703125,43.13999938964844,45.70000076293945,4289700,0.0,0.0,0.0
2023-02-22 00:00:00-05:00,45.7400016784668,46.9900016784668,44.650001525878906,44.900001525878906,4362500,0.0,0.0,0.0
2023-02-23 00:00:00-05:00,44.189998626708984,45.939998626708984,43.97200012207031,44.66999816894531,2917900,0.0,0.0,0.0
2023-02-24 00:00:00-05:00,46.040000915527344,46.720001220703125,45.65999984741211,45.81999969482422,2243600,0.0,0.0,0.0
2023-02-27 00:00:00-05:00,44.630001068115234,44.81700134277344,42.933998107910156,43.36000061035156,3003700,0.0,0.0,0.0
2023-02-28 00:00:00-05:00,42.709999084472656,44.165000915527344,42.63999938964844,43.7400016784668,1769500,0.0,0.0,0.0
2023-03-01 00:00:00-05:00,43.720001220703125,45.290000915527344,43.47999954223633,44.38999938964844,2322600,0.0,0.0,0.0
2023-03-02 00:00:00-05:00,47.939998626708984,48.08000183105469,46.380001068115234,46.959999084472656,3709400,0.0,0.0,0.0
2023-03-03 00:00:00-05:00,46.099998474121094,46.5099983215332,44.650001525878906,45.29999923706055,2798100,0.0,0.0,0.0
2023-03-06 00:00:00-05:00,45.13999938964844,46.59000015258789,45.13999938964844,46.290000915527344,2789900,0.0,0.0,0.0
2023-03-07 00:00:00-05:00,46.83000183105469,48.099998474121094,46.150001525878906,47.68000030517578,3138100,0.0,0.0,0.0
2023-03-08 00:00:00-05:00,48.40999984741211,49.678001403808594,48.08000183105469,49.11000061035156,2643400,0.0,0.0,0.0
2023-03-09 00:00:00-05:00,49.619998931884766,51.72100067138672,48.33000183105469,51.61000061035156,3130900,0.0,0.0,0.0
2023-03-10 00:00:00-05:00,51.060001373291016,52.959999084472656,50.04999923706055,51.45000076293945,3593900,0.0,0.0,0.0
2023-03-13 00:00:00-04:00,53.2599983215332,54.31999969482422,50.349998474121094,51.209999084472656,3165300,0.0,0.0,0.0
2023-03-14 00:00:00-04:00,50.36000061035156,50.40999984741211,48.470001220703125,48.650001525878906,2154100,0.0,0.0,0.0
2023-03-15 00:00:00-04:00,49.349998474121094,50.54999923706055,48.93000030517578,49.369998931884766,2267100,0.0,0.0,0.0
2023-03-16 00:00:00-04:00,49.40999984741211,49.86000061035156,47.959999084472656,48.41999816894531,1184700,0.0,0.0,0.0
2023-03-17 00:00:00-04:00,48.25,50.18000030517578,47.880001068115234,49.470001220703125,1182200,0.0,0.0,0.0
2023-03-20 00:00:00-04:00,50.02000045776367,50.52000045776367,47.7599983215332,48.61000061035156,1889300,0.0,0.0,0.0
2023-03-21 00:00:00-04:00,47.25,47.34000015258789,44.72100067138672,44.810001373291016,2559400,0.0,0.0,0.0
2023-03-22 00:00:00-04:00,44.45000076293945,46.36000061035156,44.16999816894531,46.33000183105469,1817900,0.0,0.0,0.0
2023-03-23 00:00:00-04:00,45.31999969482422,46.928001403808594,44.38999938964844,46.040000915527344,1404200,0.0,0.0,0.0
2023-03-24 00:00:00-04:00,46.220001220703125,47.27000045776367,46.04999923706055,46.5099983215332,1115800,0.0,0.0,0.0
2023-03-27 00:00:00-04:00,45.5,46.62200164794922,44.83000183105469,46.18000030517578,771000,0.0,0.0,0.0
2023-03-28 00:00:00-04:00,46.15999984741211,47.7400016784668,46.08000183105469,46.790000915527344,1015200,0.0,0.0,0.0
2023-03-29 00:00:00-04:00,45.81999969482422,46.75899887084961,45.33000183105469,45.68000030517578,958600,0.0,0.0,0.0
2023-03-30 00:00:00-04:00,45.2400016784668,45.54899978637695,44.880001068115234,45.34000015258789,792700,0.0,0.0,0.0
2023-03-31 00:00:00-04:00,44.869998931884766,44.9010009765625,42.470001220703125,42.540000915527344,1663400,0.0,0.0,0.0
2023-04-03 00:00:00-04:00,44.13999938964844,45.709999084472656,43.54999923706055,45.220001220703125,2518100,0.0,0.0,0.0
2023-04-04 00:00:00-04:00,44.650001525878906,46.19300079345703,44.290000915527344,45.65999984741211,1515500,0.0,0.0,0.0
2023-04-05 00:00:00-04:00,46.25,47.810001373291016,46.16999816894531,47.349998474121094,1425900,0.0,0.0,0.0
2023-04-06 00:00:00-04:00,48.0,48.84000015258789,47.150001525878906,47.470001220703125,1936100,0.0,0.0,0.0
2023-04-10 00:00:00-04:00,48.849998474121094,49.79999923706055,47.52000045776367,47.68000030517578,1324300,0.0,0.0,0.0
2023-04-11 00:00:00-04:00,47.08000183105469,47.362998962402344,46.46099853515625,47.09000015258789,813300,0.0,0.0,0.0
2023-04-12 00:00:00-04:00,46.099998474121094,48.75,45.900001525878906,48.720001220703125,1369200,0.0,0.0,0.0
2023-04-13 00:00:00-04:00,48.13999938964844,48.58000183105469,47.10100173950195,47.279998779296875,941800,0.0,0.0,0.0
2023-04-14 00:00:00-04:00,47.790000915527344,48.2400016784668,47.16999816894531,47.470001220703125,1448000,0.0,0.0,0.0
2023-04-17 00:00:00-04:00,47.130001068115234,48.11000061035156,46.29999923706055,46.97999954223633,778000,0.0,0.0,0.0
2023-04-18 00:00:00-04:00,46.970001220703125,47.86899948120117,46.849998474121094,47.66999816894531,565100,0.0,0.0,0.0
2023-04-19 00:00:00-04:00,49.099998474121094,49.400001525878906,47.91999816894531,48.66999816894531,1503200,0.0,0.0,0.0
2023-04-20 00:00:00-04:00,52.54999923706055,54.06999969482422,51.6510009765625,53.380001068115234,2461000,0.0,0.0,0.0
2023-04-21 00:00:00-04:00,52.849998474121094,53.95000076293945,52.43000030517578,52.7599983215332,1036000,0.0,0.0,0.0
2023-04-24 00:00:00-04:00,52.93000030517578,54.720001220703125,52.5,53.47999954223633,1492000,0.0,0.0,0.0
2023-04-25 00:00:00-04:00,54.36000061035156,54.7400016784668,53.209999084472656,54.11000061035156,1169500,0.0,0.0,0.0
2023-04-26 00:00:00-04:00,54.29999923706055,56.67900085449219,54.18000030517578,56.47999954223633,1818500,0.0,0.0,0.0
2023-04-27 00:00:00-04:00,56.97999954223633,56.97999954223633,54.0099983215332,54.099998474121094,1531000,0.0,0.0,0.0
2023-04-28 00:00:00-04:00,53.880001068115234,55.06999969482422,52.5,52.68000030517578,1153400,0.0,0.0,0.0
2023-05-01 00:00:00-04:00,53.150001525878906,54.5,53.099998474121094,53.54999923706055,1006300,0.0,0.0,0.0
2023-05-02 00:00:00-04:00,53.5,54.50899887084961,52.369998931884766,54.04999923706055,1357800,0.0,0.0,0.0
2023-05-03 00:00:00-04:00,54.13999938964844,54.18000030517578,52.4900016784668,53.9900016784668,1149900,0.0,0.0,0.0
2023-05-04 00:00:00-04:00,53.29999923706055,54.290000915527344,53.21099853515625,53.7599983215332,675400,0.0,0.0,0.0
2023-05-05 00:00:00-04:00,52.849998474121094,52.880001068115234,50.599998474121094,50.810001373291016,1096600,0.0,0.0,0.0
2023-05-08 00:00:00-04:00,49.779998779296875,51.11399841308594,49.7400016784668,50.349998474121094,651400,0.0,0.0,0.0
2023-05-09 00:00:00-04:00,51.279998779296875,51.900001525878906,50.97999954223633,51.130001068115234,541600,0.0,0.0,0.0
2023-05-10 00:00:00-04:00,50.09000015258789,51.88999938964844,49.59000015258789,51.31999969482422,786000,0.0,0.0,0.0
2023-05-11 00:00:00-04:00,51.279998779296875,51.86000061035156,49.834999084472656,50.279998779296875,445100,0.0,0.0,0.0
2023-05-12 00:00:00-04:00,49.11000061035156,51.698001861572266,48.72999954223633,51.47999954223633,1390600,0.0,0.0,0.0
2023-05-15 00:00:00-04:00,51.650001525878906,52.54999923706055,50.970001220703125,51.9900016784668,921800,0.0,0.0,0.0
2023-05-16 00:00:00-04:00,52.2599983215332,52.599998474121094,51.03499984741211,51.97999954223633,884000,0.0,0.0,0.0
2023-05-17 00:00:00-04:00,51.380001068115234,51.7599983215332,49.513999938964844,49.689998626708984,1063200,0.0,0.0,0.0
2023-05-18 00:00:00-04:00,49.619998931884766,50.099998474121094,48.79499816894531,48.81999969482422,766800,0.0,0.0,0.0
2023-05-19 00:00:00-04:00,48.7400016784668,49.0,47.4900016784668,47.97999954223633,1086900,0.0,0.0,0.0
2023-05-22 00:00:00-04:00,47.790000915527344,47.95600128173828,45.52000045776367,45.61000061035156,1495500,0.0,0.0,0.0
2023-05-23 00:00:00-04:00,46.290000915527344,46.529998779296875,44.68000030517578,46.41999816894531,1874100,0.0,0.0,0.0
2023-05-24 00:00:00-04:00,47.34000015258789,48.29999923706055,46.810001373291016,47.15999984741211,1520000,0.0,0.0,0.0
2023-05-25 00:00:00-04:00,46.16999816894531,47.74700164794922,46.16899871826172,46.779998779296875,892600,0.0,0.0,0.0
2023-05-26 00:00:00-04:00,46.70000076293945,46.70000076293945,43.20000076293945,44.59000015258789,1111800,0.0,0.0,0.0
2023-05-30 00:00:00-04:00,42.93000030517578,43.560001373291016,41.970001220703125,42.720001220703125,1395600,0.0,0.0,0.0
2023-05-31 00:00:00-04:00,43.06999969482422,44.04999923706055,42.18000030517578,42.189998626708984,1232200,0.0,0.0,0.0
2023-06-01 00:00:00-04:00,42.5,43.130001068115234,40.96500015258789,41.459999084472656,1354000,0.0,0.0,0.0
2023-06-02 00:00:00-04:00,40.90999984741211,40.992000579833984,39.512001037597656,40.150001525878906,1572800,0.0,0.0,0.0
2023-06-05 00:00:00-04:00,39.4900016784668,40.08000183105469,38.81999969482422,39.529998779296875,1387800,0.0,0.0,0.0
2023-06-06 00:00:00-04:00,39.79999923706055,40.400001525878906,38.720001220703125,38.86000061035156,1673500,0.0,0.0,0.0
2023-06-07 00:00:00-04:00,37.650001525878906,38.51300048828125,37.18000030517578,38.290000915527344,2031700,0.0,0.0,0.0
2023-06-08 00:00:00-04:00,38.38999938964844,38.529998779296875,36.46099853515625,36.52000045776367,2686500,0.0,0.0,0.0
2023-06-09 00:00:00-04:00,34.349998474121094,35.40999984741211,33.81999969482422,35.029998779296875,3266000,0.0,0.0,0.0
2023-06-12 00:00:00-04:00,34.61000061035156,35.040000915527344,34.130001068115234,34.279998779296875,1829600,0.0,0.0,0.0
2023-06-13 00:00:00-04:00,33.810001373291016,34.08000183105469,32.95000076293945,33.09000015258789,3119000,0.0,0.0,0.0
2023-06-14 00:00:00-04:00,32.91999816894531,34.15800094604492,32.7400016784668,33.31999969482422,2956900,0.0,0.0,0.0
2023-06-15 00:00:00-04:00,34.47999954223633,34.56999969482422,33.06999969482422,33.470001220703125,2191200,0.0,0.0,0.0
2023-06-16 00:00:00-04:00,33.04999923706055,33.290000915527344,32.45000076293945,32.869998931884766,1646500,0.0,0.0,0.0
2023-06-20 00:00:00-04:00,32.7599983215332,32.79999923706055,31.083999633789062,31.1299991607666,2694800,0.0,0.0,0.0
2023-06-21 00:00:00-04:00,31.059999465942383,33.029998779296875,30.860000610351562,32.849998474121094,3939900,0.0,0.0,0.0
2023-06-22 00:00:00-04:00,33.939998626708984,34.25,32.165000915527344,32.209999084472656,4067000,0.0,0.0,0.0
2023-06-23 00:00:00-04:00,32.86000061035156,33.63999938964844,32.459999084472656,33.16999816894531,2772900,0.0,0.0,0.0
2023-06-26 00:00:00-04:00,34.0099983215332,35.2400016784668,32.959999084472656,35.220001220703125,3378600,0.0,0.0,0.0
2023-06-27 00:00:00-04:00,34.900001525878906,35.22999954223633,33.84000015258789,33.869998931884766,2880000,0.0,0.0,0.0
2023-06-28 00:00:00-04:00,33.95000076293945,34.029998779296875,32.56999969482422,33.040000915527344,2524700,0.0,0.0,0.0
2023-06-29 00:00:00-04:00,32.869998931884766,33.41999816894531,32.4900016784668,32.90999984741211,1419600,0.0,0.0,0.0
2023-06-30 00:00:00-04:00,32.540000915527344,32.58000183105469,32.029998779296875,32.36000061035156,1791500,0.0,0.0,0.0
2023-07-03 00:00:00-04:00,30.56999969482422,30.729999542236328,29.610000610351562,30.15999984741211,2760500,0.0,0.0,0.0
2023-07-05 00:00:00-04:00,30.280000686645508,30.393999099731445,29.73900032043457,29.8799991607666,1778200,0.0,0.0,0.0
2023-07-06 00:00:00-04:00,30.350000381469727,30.90999984741211,30.170000076293945,30.510000228881836,1909900,0.0,0.0,0.0
2023-07-07 00:00:00-04:00,30.34000015258789,30.84000015258789,30.06999969482422,30.760000228881836,1214300,0.0,0.0,0.0
2023-07-10 00:00:00-04:00,30.56999969482422,31.829999923706055,30.440000534057617,31.309999465942383,2015900,0.0,0.0,0.0
2023-07-11 00:00:00-04:00,31.450000762939453,31.700000762939453,31.18000030517578,31.280000686645508,1139000,0.0,0.0,0.0
2023-07-12 00:00:00-04:00,30.530000686645508,31.1200008392334,30.530000686645508,31.049999237060547,1370100,0.0,0.0,0.0
2023-07-13 00:00:00-04:00,30.790000915527344,31.225000381469727,30.219999313354492,30.389999389648438,1431000,0.0,0.0,0.0
2023-07-14 00:00:00-04:00,30.479999542236328,30.559999465942383,29.59000015258789,30.020000457763672,1791900,0.0,0.0,0.0
2023-07-17 00:00:00-04:00,29.469999313354492,29.799999237060547,28.889999389648438,29.06999969482422,2336800,0.0,0.0,0.0
2023-07-18 00:00:00-04:00,29.1200008392334,29.520000457763672,28.610000610351562,28.799999237060547,2128100,0.0,0.0,0.0
2023-07-19 00:00:00-04:00,28.530000686645508,29.170000076293945,28.219999313354492,29.030000686645508,2783600,0.0,0.0,0.0
2023-07-20 00:00:00-04:00,30.18000030517578,32.005001068115234,30.049999237060547,31.84000015258789,3951600,0.0,0.0,0.0
2023-07-21 00:00:00-04:00,31.239999771118164,32.70000076293945,31.219999313354492,32.20000076293945,4163100,0.0,0.0,0.0
2023-07-24 00:00:00-04:00,32.72999954223633,32.93000030517578,31.010000228881836,31.09000015258789,2785900,0.0,0.0,0.0
2023-07-25 00:00:00-04:00,30.700000762939453,31.56999969482422,30.65999984741211,31.530000686645508,1334000,0.0,0.0,0.0
2023-07-26 00:00:00-04:00,31.799999237060547,31.959999084472656,31.219999313354492,31.649999618530273,1610600,0.0,0.0,0.0
2023-07-27 00:00:00-04:00,31.139999389648438,32.72999954223633,31.110000610351562,32.689998626708984,1379200,0.0,0.0,0.0
2023-07-28 00:00:00-04:00,32.189998626708984,32.36000061035156,31.209999084472656,31.31999969482422,1575100,0.0,0.0,0.0
2023-07-31 00:00:00-04:00,31.209999084472656,31.645000457763672,31.030000686645508,31.229999542236328,820400,0.0,0.0,0.0
2023-08-01 00:00:00-04:00,31.3700008392334,32.06010055541992,31.360000610351562,31.979999542236328,934685,0.0,0.0,0.0
