Date,Open,High,Low,Close,Volume,Dividends,Stock Splits,Capital Gains
2022-08-10 00:00:00-04:00,19.829999923706055,20.329999923706055,19.732999801635742,20.28499984741211,19900,0.0,0.0,0.0
2022-08-11 00:00:00-04:00,20.889999389648438,21.139999389648438,20.16200065612793,20.16200065612793,7900,0.0,0.0,0.0
2022-08-12 00:00:00-04:00,20.520000457763672,21.020000457763672,20.295000076293945,21.003000259399414,5300,0.0,0.0,0.0
2022-08-15 00:00:00-04:00,20.969999313354492,20.969999313354492,20.780000686645508,20.798999786376953,7400,0.0,0.0,0.0
2022-08-16 00:00:00-04:00,20.850000381469727,21.010000228881836,20.260000228881836,20.729999542236328,8100,0.0,0.0,0.0
2022-08-17 00:00:00-04:00,20.68000030517578,20.940000534057617,20.040000915527344,20.040000915527344,6200,0.0,0.0,0.0
2022-08-18 00:00:00-04:00,20.270000457763672,20.270000457763672,19.6299991607666,19.690000534057617,8400,0.0,0.0,0.0
2022-08-19 00:00:00-04:00,19.209999084472656,19.209999084472656,18.44300079345703,18.469999313354492,1900,0.0,0.0,0.0
2022-08-22 00:00:00-04:00,18.329999923706055,18.329999923706055,17.90999984741211,17.90999984741211,900,0.0,0.0,0.0
2022-08-23 00:00:00-04:00,17.802000045776367,17.802000045776367,17.790000915527344,17.799999237060547,700,0.0,0.0,0.0
2022-08-24 00:00:00-04:00,17.969999313354492,18.15999984741211,17.910999298095703,17.979999542236328,4800,0.0,0.0,0.0
2022-08-25 00:00:00-04:00,17.989999771118164,18.290000915527344,17.989999771118164,18.270000457763672,1200,0.0,0.0,0.0
2022-08-26 00:00:00-04:00,17.44499969482422,17.44499969482422,17.33099937438965,17.33099937438965,1400,0.0,0.0,0.0
2022-08-29 00:00:00-04:00,17.389999389648438,17.389999389648438,17.219999313354492,17.277000427246094,600,0.0,0.0,0.0
2022-08-30 00:00:00-04:00,17.0,17.041000366210938,16.820999145507812,17.041000366210938,4100,0.0,0.0,0.0
2022-08-31 00:00:00-04:00,16.760000228881836,17.08300018310547,16.760000228881836,17.08300018310547,700,0.0,0.0,0.0
2022-09-01 00:00:00-04:00,17.030000686645508,17.030000686645508,16.476999282836914,16.60700035095215,500,0.0,0.0,0.0
2022-09-02 00:00:00-04:00,17.399999618530273,17.399999618530273,16.395999908447266,16.395999908447266,800,0.0,0.0,0.0
2022-09-06 00:00:00-04:00,16.520000457763672,16.520000457763672,16.15999984741211,16.15999984741211,500,0.0,0.0,0.0
2022-09-07 00:00:00-04:00,16.260000228881836,16.520000457763672,16.260000228881836,16.520000457763672,300,0.0,0.0,0.0
2022-09-08 00:00:00-04:00,16.700000762939453,16.860000610351562,16.700000762939453,16.860000610351562,400,0.0,0.0,0.0
2022-09-09 00:00:00-04:00,17.454999923706055,17.610000610351562,17.360000610351562,17.610000610351562,1100,0.0,0.0,0.0
2022-09-12 00:00:00-04:00,17.809999465942383,17.996000289916992,17.809999465942383,17.996000289916992,400,0.0,0.0,0.0
2022-09-13 00:00:00-04:00,18.200000762939453,18.200000762939453,16.93000030517578,16.93000030517578,900,0.0,0.0,0.0
2022-09-14 00:00:00-04:00,16.924999237060547,17.25,16.924999237060547,17.25,500,0.0,0.0,0.0
2022-09-15 00:00:00-04:00,17.131000518798828,17.131000518798828,17.086000442504883,17.086000442504883,500,0.0,0.0,0.0
2022-09-16 00:00:00-04:00,16.652000427246094,16.652000427246094,16.652000427246094,16.652000427246094,200,0.0,0.0,0.0
2022-09-19 00:00:00-04:00,16.520000457763672,16.520999908447266,16.520000457763672,16.520999908447266,500,0.0,0.0,0.0
2022-09-20 00:00:00-04:00,16.020000457763672,16.020000457763672,16.020000457763672,16.020000457763672,100,0.0,0.0,0.0
2022-09-21 00:00:00-04:00,16.0,16.18000030517578,15.767000198364258,15.767000198364258,700,0.0,0.0,0.0
2022-09-22 00:00:00-04:00,15.239999771118164,15.239999771118164,15.149999618530273,15.220999717712402,1100,0.0,0.0,0.0
2022-09-23 00:00:00-04:00,14.6850004196167,14.753000259399414,14.6850004196167,14.753000259399414,600,0.0,0.0,0.0
2022-09-26 00:00:00-04:00,14.545000076293945,14.545000076293945,14.545000076293945,14.545000076293945,300,0.0,0.0,0.0
2022-09-27 00:00:00-04:00,14.850000381469727,15.03499984741211,14.793000221252441,14.793000221252441,2200,0.0,0.0,0.0
2022-09-28 00:00:00-04:00,15.350000381469727,15.350000381469727,15.350000381469727,15.350000381469727,200,0.0,0.0,0.0
2022-09-29 00:00:00-04:00,15.930000305175781,15.930000305175781,14.920000076293945,15.583999633789062,464900,0.0,0.0,0.0
2022-09-30 00:00:00-04:00,15.739999771118164,15.739999771118164,15.739999771118164,15.739999771118164,400,0.0,0.0,0.0
2022-10-03 00:00:00-04:00,15.619999885559082,15.619999885559082,15.619999885559082,15.619999885559082,200,0.0,0.0,0.0
2022-10-04 00:00:00-04:00,16.139999389648438,16.790000915527344,16.062000274658203,16.062000274658203,1200,0.0,0.0,0.0
2022-10-05 00:00:00-04:00,16.3700008392334,16.3700008392334,16.3700008392334,16.3700008392334,100,0.0,0.0,0.0
2022-10-06 00:00:00-04:00,16.229999542236328,16.229999542236328,16.229999542236328,16.229999542236328,200,0.0,0.0,0.0
2022-10-07 00:00:00-04:00,15.482999801635742,15.482999801635742,15.482999801635742,15.482999801635742,300,0.0,0.0,0.0
2022-10-10 00:00:00-04:00,15.0600004196167,15.07800006866455,15.0,15.07800006866455,1100,0.0,0.0,0.0
2022-10-11 00:00:00-04:00,14.89900016784668,14.89900016784668,14.89900016784668,14.89900016784668,200,0.0,0.0,0.0
2022-10-12 00:00:00-04:00,14.880999565124512,14.880999565124512,14.880999565124512,14.880999565124512,100,0.0,0.0,0.0
2022-10-13 00:00:00-04:00,14.5,15.489999771118164,14.5,15.09000015258789,500,0.0,0.0,0.0
2022-10-14 00:00:00-04:00,14.420000076293945,14.420000076293945,14.420000076293945,14.420000076293945,100,0.0,0.0,0.0
2022-10-17 00:00:00-04:00,15.118000030517578,15.118000030517578,15.118000030517578,15.118000030517578,200,0.0,0.0,0.0
2022-10-18 00:00:00-04:00,15.222000122070312,15.222000122070312,15.222000122070312,15.222000122070312,100,0.0,0.0,0.0
2022-10-19 00:00:00-04:00,14.739999771118164,14.871000289916992,14.739999771118164,14.871000289916992,10000,0.0,0.0,0.0
2022-10-20 00:00:00-04:00,14.887999534606934,14.887999534606934,14.887999534606934,14.887999534606934,100,0.0,0.0,0.0
2022-10-21 00:00:00-04:00,15.190999984741211,15.190999984741211,15.190999984741211,15.190999984741211,100,0.0,0.0,0.0
2022-10-24 00:00:00-04:00,15.161999702453613,15.161999702453613,15.161999702453613,15.161999702453613,200,0.0,0.0,0.0
2022-10-25 00:00:00-04:00,15.911999702453613,15.911999702453613,15.87399959564209,15.87399959564209,200,0.0,0.0,0.0
2022-10-26 00:00:00-04:00,15.739999771118164,15.739999771118164,15.739999771118164,15.739999771118164,100,0.0,0.0,0.0
2022-10-27 00:00:00-04:00,15.380000114440918,15.380000114440918,15.380000114440918,15.380000114440918,200,0.0,0.0,0.0
2022-10-28 00:00:00-04:00,15.663999557495117,15.663999557495117,15.663999557495117,15.663999557495117,100,0.0,0.0,0.0
2022-10-31 00:00:00-04:00,15.529999732971191,15.529999732971191,15.33899974822998,15.33899974822998,200,0.0,0.0,0.0
2022-11-01 00:00:00-04:00,15.329999923706055,15.329999923706055,15.291999816894531,15.291999816894531,300,0.0,0.0,0.0
2022-11-02 00:00:00-04:00,14.949999809265137,14.949999809265137,14.567000389099121,14.567000389099121,300,0.0,0.0,0.0
2022-11-03 00:00:00-04:00,14.401000022888184,14.401000022888184,14.401000022888184,14.401000022888184,200,0.0,0.0,0.0
2022-11-04 00:00:00-04:00,13.925000190734863,14.038000106811523,13.760000228881836,14.038000106811523,3500,0.0,0.0,0.0
2022-11-07 00:00:00-05:00,13.819999694824219,13.932999610900879,13.800000190734863,13.932999610900879,1000,0.0,0.0,0.0
2022-11-08 00:00:00-05:00,14.012999534606934,14.012999534606934,13.758000373840332,13.758000373840332,300,0.0,0.0,0.0
2022-11-09 00:00:00-05:00,13.25,13.25,12.916999816894531,12.916999816894531,200,0.0,0.0,0.0
2022-11-10 00:00:00-05:00,13.729999542236328,14.135000228881836,13.729999542236328,14.135000228881836,500,0.0,0.0,0.0
2022-11-11 00:00:00-05:00,14.210000038146973,14.904000282287598,14.210000038146973,14.904000282287598,400,0.0,0.0,0.0
2022-11-14 00:00:00-05:00,14.899999618530273,14.899999618530273,14.5600004196167,14.5600004196167,300,0.0,0.0,0.0
2022-11-15 00:00:00-05:00,15.079999923706055,15.079999923706055,14.369999885559082,14.369999885559082,700,0.0,0.0,0.0
2022-11-16 00:00:00-05:00,14.385000228881836,14.385000228881836,14.385000228881836,14.385000228881836,200,0.0,0.0,0.0
2022-11-17 00:00:00-05:00,14.269000053405762,14.269000053405762,14.269000053405762,14.269000053405762,100,0.0,0.0,0.0
2022-11-18 00:00:00-05:00,14.37399959564209,14.404000282287598,14.149999618530273,14.149999618530273,300,0.0,0.0,0.0
2022-11-21 00:00:00-05:00,13.819999694824219,13.819999694824219,13.795000076293945,13.795000076293945,300,0.0,0.0,0.0
2022-11-22 00:00:00-05:00,13.819999694824219,13.968000411987305,13.819999694824219,13.968000411987305,600,0.0,0.0,0.0
2022-11-23 00:00:00-05:00,14.1899995803833,14.1899995803833,14.1899995803833,14.1899995803833,100,0.0,0.0,0.0
2022-11-25 00:00:00-05:00,14.125,14.125,14.125,14.125,100,0.0,0.0,0.0
2022-11-28 00:00:00-05:00,13.949999809265137,13.949999809265137,13.743000030517578,13.743000030517578,400,0.0,0.0,0.0
2022-11-29 00:00:00-05:00,13.880000114440918,13.880000114440918,13.720999717712402,13.720999717712402,200,0.0,0.0,0.0
2022-11-30 00:00:00-05:00,13.949999809265137,14.236000061035156,13.949999809265137,14.236000061035156,200,0.0,0.0,0.0
2022-12-01 00:00:00-05:00,14.62399959564209,14.62399959564209,14.62399959564209,14.62399959564209,200,0.0,0.0,0.0
2022-12-02 00:00:00-05:00,14.550000190734863,14.85200023651123,14.550000190734863,14.85200023651123,200,0.0,0.0,0.0
2022-12-05 00:00:00-05:00,14.189000129699707,14.189000129699707,14.189000129699707,14.189000129699707,100,0.0,0.0,0.0
2022-12-06 00:00:00-05:00,13.619999885559082,13.619999885559082,13.619999885559082,13.619999885559082,300,0.0,0.0,0.0
2022-12-07 00:00:00-05:00,13.520000457763672,13.520000457763672,13.470000267028809,13.470000267028809,300,0.0,0.0,0.0
2022-12-08 00:00:00-05:00,13.758000373840332,13.758000373840332,13.758000373840332,13.758000373840332,100,0.0,0.0,0.0
2022-12-09 00:00:00-05:00,13.770000457763672,13.770000457763672,13.536999702453613,13.536999702453613,100,0.0,0.0,0.0
2022-12-12 00:00:00-05:00,13.6850004196167,13.6850004196167,13.6850004196167,13.6850004196167,100,0.0,0.0,0.0
2022-12-13 00:00:00-05:00,13.489999771118164,13.489999771118164,13.489999771118164,13.489999771118164,100,0.0,0.0,0.0
2022-12-14 00:00:00-05:00,13.522000312805176,13.522000312805176,13.522000312805176,13.522000312805176,100,0.0,0.0,0.0
2022-12-15 00:00:00-05:00,12.979999542236328,12.987000465393066,12.949999809265137,12.987000465393066,1000,0.0,0.0,0.0
2022-12-16 00:00:00-05:00,12.847999572753906,12.847999572753906,12.847999572753906,12.847999572753906,100,0.0,0.0,0.0
2022-12-19 00:00:00-05:00,12.25,12.25,12.25,12.25,100,0.0,0.0,0.0
2022-12-20 00:00:00-05:00,12.309000015258789,12.309000015258789,12.309000015258789,12.309000015258789,100,0.0,0.0,0.0
2022-12-21 00:00:00-05:00,12.0,12.0,12.0,12.0,100,0.0,0.0,0.0
2022-12-22 00:00:00-05:00,12.0,12.178000450134277,12.0,12.178000450134277,400,0.0,0.0,0.0
2022-12-23 00:00:00-05:00,12.020999908447266,12.020999908447266,12.020999908447266,12.020999908447266,200,0.0,0.0,0.0
2022-12-27 00:00:00-05:00,11.36299991607666,11.36299991607666,11.36299991607666,11.36299991607666,100,0.0,0.0,0.0
2022-12-28 00:00:00-05:00,11.210000038146973,11.210000038146973,11.210000038146973,11.210000038146973,100,0.0,0.0,0.0
2022-12-29 00:00:00-05:00,11.718000411987305,11.718000411987305,11.718000411987305,11.718000411987305,300,0.0,0.0,0.0
2022-12-30 00:00:00-05:00,11.743000030517578,11.743000030517578,11.699999809265137,11.699999809265137,200,0.0,0.0,0.0
2023-01-03 00:00:00-05:00,11.960000038146973,11.960000038146973,11.743000030517578,11.743000030517578,400,0.0,0.0,0.0
2023-01-04 00:00:00-05:00,11.970000267028809,12.272000312805176,11.970000267028809,12.272000312805176,400,0.0,0.0,0.0
2023-01-05 00:00:00-05:00,11.970000267028809,11.970000267028809,11.970000267028809,11.970000267028809,100,0.0,0.0,0.0
2023-01-06 00:00:00-05:00,12.25,12.25,12.25,12.25,300,0.0,0.0,0.0
2023-01-09 00:00:00-05:00,12.720000267028809,13.0,12.619999885559082,12.619999885559082,41700,0.0,0.0,0.0
2023-01-10 00:00:00-05:00,13.192000389099121,13.192000389099121,13.192000389099121,13.192000389099121,200,0.0,0.0,0.0
2023-01-11 00:00:00-05:00,13.289999961853027,13.5,13.289999961853027,13.5,600,0.0,0.0,0.0
2023-01-12 00:00:00-05:00,13.529999732971191,14.335000038146973,13.529999732971191,14.335000038146973,1800,0.0,0.0,0.0
2023-01-13 00:00:00-05:00,14.630000114440918,14.630000114440918,14.470000267028809,14.470000267028809,300,0.0,0.0,0.0
2023-01-17 00:00:00-05:00,14.640000343322754,14.932999610900879,14.640000343322754,14.932999610900879,200,0.0,0.0,0.0
2023-01-18 00:00:00-05:00,14.75,14.75,14.458999633789062,14.458999633789062,200,0.0,0.0,0.0
2023-01-19 00:00:00-05:00,13.864999771118164,14.059000015258789,13.864999771118164,14.059000015258789,200,0.0,0.0,0.0
2023-01-20 00:00:00-05:00,14.543999671936035,14.543999671936035,14.543999671936035,14.543999671936035,200,0.0,0.0,0.0
2023-01-23 00:00:00-05:00,14.619999885559082,15.163999557495117,14.619999885559082,15.163999557495117,200,0.0,0.0,0.0
2023-01-24 00:00:00-05:00,15.079999923706055,15.079999923706055,14.973999977111816,14.973999977111816,300,0.0,0.0,0.0
2023-01-25 00:00:00-05:00,14.90999984741211,14.961000442504883,14.779999732971191,14.961000442504883,600,0.0,0.0,0.0
2023-01-26 00:00:00-05:00,15.15999984741211,15.15999984741211,14.979999542236328,15.109999656677246,400,0.0,0.0,0.0
2023-01-27 00:00:00-05:00,15.652999877929688,15.652999877929688,15.652999877929688,15.652999877929688,200,0.0,0.0,0.0
2023-01-30 00:00:00-05:00,15.460000038146973,15.460000038146973,14.90999984741211,14.90999984741211,700,0.0,0.0,0.0
2023-01-31 00:00:00-05:00,15.1899995803833,15.366000175476074,15.149999618530273,15.366000175476074,600,0.0,0.0,0.0
2023-02-01 00:00:00-05:00,15.987000465393066,15.987000465393066,15.987000465393066,15.987000465393066,200,0.0,0.0,0.0
2023-02-02 00:00:00-05:00,17.065000534057617,17.065000534057617,17.065000534057617,17.065000534057617,700,0.0,0.0,0.0
2023-02-03 00:00:00-05:00,16.639999389648438,17.100000381469727,16.360000610351562,16.360000610351562,700,0.0,0.0,0.0
2023-02-06 00:00:00-05:00,16.475000381469727,16.475000381469727,16.475000381469727,16.475000381469727,200,0.0,0.0,0.0
2023-02-07 00:00:00-05:00,16.469999313354492,16.469999313354492,16.358999252319336,16.409000396728516,600,0.0,0.0,0.0
2023-02-08 00:00:00-05:00,15.994000434875488,15.994000434875488,15.994000434875488,15.994000434875488,300,0.0,0.0,0.0
2023-02-09 00:00:00-05:00,15.470000267028809,15.470000267028809,15.128000259399414,15.128000259399414,200,0.0,0.0,0.0
2023-02-10 00:00:00-05:00,14.805000305175781,14.836000442504883,14.760000228881836,14.836000442504883,400,0.0,0.0,0.0
2023-02-13 00:00:00-05:00,14.800000190734863,15.09000015258789,14.800000190734863,15.020000457763672,2000,0.0,0.0,0.0
2023-02-14 00:00:00-05:00,15.34000015258789,15.354000091552734,15.34000015258789,15.354000091552734,700,0.0,0.0,0.0
2023-02-15 00:00:00-05:00,16.174999237060547,16.174999237060547,16.174999237060547,16.174999237060547,100,0.0,0.0,0.0
2023-02-16 00:00:00-05:00,15.77299976348877,16.190000534057617,15.715999603271484,15.715999603271484,400,0.0,0.0,0.0
2023-02-17 00:00:00-05:00,15.652000427246094,15.789999961853027,15.470000267028809,15.789999961853027,300,0.0,0.0,0.0
2023-02-21 00:00:00-05:00,15.520000457763672,15.520000457763672,15.114999771118164,15.114999771118164,1300,0.0,0.0,0.0
2023-02-22 00:00:00-05:00,15.220000267028809,15.220000267028809,15.220000267028809,15.220000267028809,300,0.0,0.0,0.0
2023-02-23 00:00:00-05:00,15.104999542236328,15.104999542236328,15.104999542236328,15.104999542236328,100,0.0,0.0,0.0
2023-02-24 00:00:00-05:00,14.739999771118164,14.739999771118164,14.699999809265137,14.699999809265137,200,0.0,0.0,0.0
2023-02-27 00:00:00-05:00,14.869000434875488,14.869000434875488,14.869000434875488,14.869000434875488,200,0.0,0.0,0.0
2023-02-28 00:00:00-05:00,15.100000381469727,15.170000076293945,14.760000228881836,15.0600004196167,4000,0.0,0.0,0.0
2023-03-01 00:00:00-05:00,14.635000228881836,14.635000228881836,14.635000228881836,14.635000228881836,200,0.0,0.0,0.0
2023-03-02 00:00:00-05:00,14.21500015258789,14.588000297546387,14.21500015258789,14.588000297546387,2700,0.0,0.0,0.0
2023-03-03 00:00:00-05:00,14.86400032043457,15.07699966430664,14.86400032043457,15.07699966430664,1200,0.0,0.0,0.0
2023-03-06 00:00:00-05:00,15.15999984741211,15.369999885559082,15.050000190734863,15.050000190734863,11400,0.0,0.0,0.0
2023-03-07 00:00:00-05:00,14.800000190734863,14.800000190734863,14.720000267028809,14.720000267028809,3200,0.0,0.0,0.0
2023-03-08 00:00:00-05:00,14.760000228881836,14.760000228881836,14.760000228881836,14.760000228881836,0,0.0,0.0,0.0
2023-03-09 00:00:00-05:00,14.027000427246094,14.081000328063965,14.027000427246094,14.081000328063965,300,0.0,0.0,0.0
2023-03-10 00:00:00-05:00,13.843999862670898,13.843999862670898,13.470000267028809,13.645000457763672,1000,0.0,0.0,0.0
2023-03-13 00:00:00-04:00,13.369999885559082,13.954999923706055,13.369999885559082,13.864999771118164,700,0.0,0.0,0.0
2023-03-14 00:00:00-04:00,13.805999755859375,14.09000015258789,13.805999755859375,14.09000015258789,300,0.0,0.0,0.0
2023-03-15 00:00:00-04:00,14.005000114440918,14.005000114440918,14.005000114440918,14.005000114440918,0,0.0,0.0,0.0
2023-03-16 00:00:00-04:00,14.319999694824219,14.515999794006348,14.319999694824219,14.515999794006348,1400,0.0,0.0,0.0
2023-03-17 00:00:00-04:00,14.633000373840332,14.633000373840332,14.633000373840332,14.633000373840332,200,0.0,0.0,0.0
2023-03-20 00:00:00-04:00,14.529999732971191,14.565999984741211,14.529999732971191,14.565999984741211,400,0.0,0.0,0.0
2023-03-21 00:00:00-04:00,14.789999961853027,15.145999908447266,14.767000198364258,15.145999908447266,7100,0.0,0.0,0.0
2023-03-22 00:00:00-04:00,15.369999885559082,15.369999885559082,14.770000457763672,14.770000457763672,400,0.0,0.0,0.0
2023-03-23 00:00:00-04:00,14.979999542236328,14.979999542236328,14.9399995803833,14.9399995803833,500,0.0,0.0,0.0
2023-03-24 00:00:00-04:00,14.920999526977539,14.920999526977539,14.920999526977539,14.920999526977539,200,0.0,0.0,0.0
2023-03-27 00:00:00-04:00,14.666000366210938,14.666000366210938,14.666000366210938,14.666000366210938,200,0.0,0.0,0.0
2023-03-28 00:00:00-04:00,14.649999618530273,14.649999618530273,14.569999694824219,14.600000381469727,800,0.0,0.0,0.0
2023-03-29 00:00:00-04:00,15.161999702453613,15.161999702453613,15.161999702453613,15.161999702453613,100,0.0,0.0,0.0
2023-03-30 00:00:00-04:00,15.272000312805176,15.272000312805176,15.272000312805176,15.272000312805176,200,0.0,0.0,0.0
2023-03-31 00:00:00-04:00,15.180000305175781,15.831999778747559,15.180000305175781,15.831999778747559,16000,0.0,0.0,0.0
2023-04-03 00:00:00-04:00,15.829999923706055,15.829999923706055,15.770000457763672,15.770999908447266,700,0.0,0.0,0.0
2023-04-04 00:00:00-04:00,15.380000114440918,15.430000305175781,15.380000114440918,15.399999618530273,700,0.0,0.0,0.0
2023-04-05 00:00:00-04:00,14.800000190734863,14.956999778747559,14.800000190734863,14.956999778747559,300,0.0,0.0,0.0
2023-04-06 00:00:00-04:00,14.930000305175781,15.227999687194824,14.930000305175781,15.21399974822998,200,0.0,0.0,0.0
2023-04-10 00:00:00-04:00,14.979999542236328,15.628000259399414,14.979999542236328,15.628000259399414,900,0.0,0.0,0.0
2023-04-11 00:00:00-04:00,15.630000114440918,16.048999786376953,15.630000114440918,16.048999786376953,400,0.0,0.0,0.0
2023-04-12 00:00:00-04:00,16.0310001373291,16.0310001373291,15.781999588012695,15.781999588012695,400,0.0,0.0,0.0
2023-04-13 00:00:00-04:00,16.360000610351562,16.360000610351562,16.360000610351562,16.360000610351562,100,0.0,0.0,0.0
2023-04-14 00:00:00-04:00,16.350000381469727,16.350000381469727,16.139999389648438,16.325000762939453,600,0.0,0.0,0.0
2023-04-17 00:00:00-04:00,16.239999771118164,16.239999771118164,16.1200008392334,16.194000244140625,1000,0.0,0.0,0.0
2023-04-18 00:00:00-04:00,16.350000381469727,16.350000381469727,16.267000198364258,16.267000198364258,400,0.0,0.0,0.0
2023-04-19 00:00:00-04:00,16.030000686645508,16.030000686645508,15.899999618530273,15.899999618530273,600,0.0,0.0,0.0
2023-04-20 00:00:00-04:00,15.390000343322754,15.390000343322754,15.390000343322754,15.390000343322754,100,0.0,0.0,0.0
2023-04-21 00:00:00-04:00,15.25,15.25,15.25,15.25,200,0.0,0.0,0.0
2023-04-24 00:00:00-04:00,15.347999572753906,15.347999572753906,14.970000267028809,15.020000457763672,1700,0.0,0.0,0.0
2023-04-25 00:00:00-04:00,14.824999809265137,14.824999809265137,14.824999809265137,14.824999809265137,100,0.0,0.0,0.0
2023-04-26 00:00:00-04:00,15.210000038146973,15.210000038146973,14.84000015258789,14.859999656677246,1000,0.0,0.0,0.0
2023-04-27 00:00:00-04:00,15.170000076293945,15.4399995803833,15.144000053405762,15.4399995803833,800,0.0,0.0,0.0
2023-04-28 00:00:00-04:00,15.489999771118164,15.496000289916992,15.460000038146973,15.496000289916992,600,0.0,0.0,0.0
2023-05-01 00:00:00-04:00,15.388999938964844,15.388999938964844,15.149999618530273,15.149999618530273,500,0.0,0.0,0.0
2023-05-02 00:00:00-04:00,15.043000221252441,15.168999671936035,15.043000221252441,15.151000022888184,700,0.0,0.0,0.0
2023-05-03 00:00:00-04:00,15.050999641418457,15.0600004196167,15.019000053405762,15.020000457763672,1100,0.0,0.0,0.0
2023-05-04 00:00:00-04:00,14.979999542236328,14.979999542236328,14.979999542236328,14.979999542236328,200,0.0,0.0,0.0
2023-05-05 00:00:00-04:00,15.305000305175781,15.720999717712402,15.305000305175781,15.720999717712402,1000,0.0,0.0,0.0
2023-05-08 00:00:00-04:00,15.619999885559082,15.619999885559082,15.550000190734863,15.550000190734863,500,0.0,0.0,0.0
2023-05-09 00:00:00-04:00,15.710000038146973,15.710000038146973,15.710000038146973,15.710000038146973,100,0.0,0.0,0.0
2023-05-10 00:00:00-04:00,16.208999633789062,16.208999633789062,16.100000381469727,16.100000381469727,400,0.0,0.0,0.0
2023-05-11 00:00:00-04:00,15.59000015258789,15.649999618530273,15.59000015258789,15.649999618530273,800,0.0,0.0,0.0
2023-05-12 00:00:00-04:00,15.65999984741211,15.65999984741211,15.28499984741211,15.28499984741211,500,0.0,0.0,0.0
2023-05-15 00:00:00-04:00,15.734999656677246,15.779999732971191,15.734999656677246,15.779999732971191,1000,0.0,0.0,0.0
2023-05-16 00:00:00-04:00,15.635000228881836,15.635000228881836,15.635000228881836,15.635000228881836,200,0.0,0.0,0.0
2023-05-17 00:00:00-04:00,15.680000305175781,16.170000076293945,15.680000305175781,16.170000076293945,500,0.0,0.0,0.0
2023-05-18 00:00:00-04:00,16.343000411987305,16.343000411987305,16.26799964904785,16.26799964904785,400,0.0,0.0,0.0
2023-05-19 00:00:00-04:00,16.110000610351562,16.110000610351562,16.110000610351562,16.110000610351562,0,0.0,0.0,0.0
2023-05-22 00:00:00-04:00,16.690000534057617,16.690000534057617,16.690000534057617,16.690000534057617,200,0.0,0.0,0.0
2023-05-23 00:00:00-04:00,16.299999237060547,16.299999237060547,16.299999237060547,16.299999237060547,100,0.0,0.0,0.0
2023-05-24 00:00:00-04:00,16.329999923706055,16.360000610351562,16.291000366210938,16.291000366210938,6400,0.0,0.0,0.0
2023-05-25 00:00:00-04:00,16.729999542236328,16.729999542236328,16.399999618530273,16.399999618530273,600,0.0,0.0,0.0
2023-05-26 00:00:00-04:00,16.540000915527344,16.6200008392334,16.540000915527344,16.6200008392334,700,0.0,0.0,0.0
2023-05-30 00:00:00-04:00,17.139999389648438,17.239999771118164,17.110000610351562,17.239999771118164,3100,0.0,0.0,0.0
2023-05-31 00:00:00-04:00,17.15999984741211,17.15999984741211,17.02899932861328,17.02899932861328,700,0.0,0.0,0.0
2023-06-01 00:00:00-04:00,17.200000762939453,17.290000915527344,17.200000762939453,17.290000915527344,700,0.0,0.0,0.0
2023-06-02 00:00:00-04:00,17.534000396728516,17.534000396728516,17.229999542236328,17.399999618530273,600,0.0,0.0,0.0
2023-06-05 00:00:00-04:00,17.496000289916992,17.496000289916992,17.100000381469727,17.100000381469727,1800,0.0,0.0,0.0
2023-06-06 00:00:00-04:00,16.969999313354492,17.34000015258789,16.780000686645508,17.34000015258789,600,0.0,0.0,0.0
2023-06-07 00:00:00-04:00,17.049999237060547,17.049999237060547,17.049999237060547,17.049999237060547,200,0.0,0.0,0.0
2023-06-08 00:00:00-04:00,17.18000030517578,17.292999267578125,17.128999710083008,17.292999267578125,800,0.0,0.0,0.0
2023-06-09 00:00:00-04:00,17.229999542236328,17.229999542236328,17.110000610351562,17.110000610351562,600,0.0,0.0,0.0
2023-06-12 00:00:00-04:00,17.229999542236328,17.304000854492188,17.229999542236328,17.304000854492188,1400,0.0,0.0,0.0
2023-06-13 00:00:00-04:00,17.795000076293945,17.795000076293945,17.795000076293945,17.795000076293945,200,0.0,0.0,0.0
2023-06-14 00:00:00-04:00,18.06999969482422,18.06999969482422,17.892000198364258,17.892000198364258,6000,0.0,0.0,0.0
2023-06-15 00:00:00-04:00,17.937000274658203,17.937000274658203,17.937000274658203,17.937000274658203,200,0.0,0.0,0.0
2023-06-16 00:00:00-04:00,18.06999969482422,18.06999969482422,17.959999084472656,17.972999572753906,1100,0.0,0.0,0.0
2023-06-20 00:00:00-04:00,17.98900032043457,18.350000381469727,17.950000762939453,18.11400032043457,5000,0.0,0.0,0.0
2023-06-21 00:00:00-04:00,18.009000778198242,18.009000778198242,18.009000778198242,18.009000778198242,300,0.0,0.0,0.0
2023-06-22 00:00:00-04:00,17.895999908447266,17.895999908447266,17.895999908447266,17.895999908447266,100,0.0,0.0,0.0
2023-06-23 00:00:00-04:00,18.010000228881836,18.040000915527344,17.80699920654297,17.80699920654297,2700,0.0,0.0,0.0
2023-06-26 00:00:00-04:00,17.989999771118164,18.09000015258789,17.475000381469727,17.475000381469727,2400,0.0,0.0,0.0
2023-06-27 00:00:00-04:00,17.709999084472656,18.059999465942383,17.709999084472656,18.054000854492188,1300,0.0,0.0,0.0
2023-06-28 00:00:00-04:00,18.010000228881836,18.280000686645508,17.93000030517578,18.18400001525879,5100,0.0,0.0,0.0
2023-06-29 00:00:00-04:00,18.46500015258789,18.46500015258789,18.32900047302246,18.420000076293945,3500,0.0,0.0,0.0
2023-06-30 00:00:00-04:00,18.50200080871582,18.670000076293945,18.50200080871582,18.670000076293945,600,0.0,0.0,0.0
2023-07-03 00:00:00-04:00,18.59000015258789,19.150999069213867,18.59000015258789,19.139999389648438,900,0.0,0.0,0.0
2023-07-05 00:00:00-04:00,19.20199966430664,19.34000015258789,19.100000381469727,19.100000381469727,1100,0.0,0.0,0.0
2023-07-06 00:00:00-04:00,19.100000381469727,19.100000381469727,18.767000198364258,18.780000686645508,5700,0.0,0.0,0.0
2023-07-07 00:00:00-04:00,19.450000762939453,19.450000762939453,19.20800018310547,19.20800018310547,800,0.0,0.0,0.0
2023-07-10 00:00:00-04:00,19.399999618530273,19.889999389648438,19.32900047302246,19.889999389648438,4200,0.0,0.0,0.0
2023-07-11 00:00:00-04:00,20.1299991607666,20.43000030517578,19.93000030517578,20.420000076293945,2700,0.0,0.0,0.0
2023-07-12 00:00:00-04:00,20.84000015258789,20.920000076293945,20.55900001525879,20.65999984741211,5000,0.0,0.0,0.0
2023-07-13 00:00:00-04:00,21.049999237060547,21.920000076293945,20.95400047302246,21.920000076293945,4600,0.0,0.0,0.0
2023-07-14 00:00:00-04:00,21.719999313354492,21.719999313354492,21.0,21.110000610351562,4200,0.0,0.0,0.0
2023-07-17 00:00:00-04:00,21.270000457763672,21.389999389648438,21.229999542236328,21.302000045776367,2800,0.0,0.0,0.0
2023-07-18 00:00:00-04:00,21.239999771118164,21.43000030517578,21.239999771118164,21.270000457763672,1900,0.0,0.0,0.0
2023-07-19 00:00:00-04:00,21.540000915527344,21.65999984741211,21.3700008392334,21.52199935913086,2300,0.0,0.0,0.0
2023-07-20 00:00:00-04:00,21.420000076293945,21.420000076293945,20.78700065612793,20.78700065612793,1700,0.0,0.0,0.0
2023-07-21 00:00:00-04:00,21.049999237060547,21.049999237060547,20.584999084472656,20.760000228881836,2300,0.0,0.0,0.0
2023-07-24 00:00:00-04:00,20.760000228881836,20.760000228881836,20.466999053955078,20.64299964904785,1400,0.0,0.0,0.0
2023-07-25 00:00:00-04:00,20.920000076293945,21.209999084472656,20.89900016784668,20.89900016784668,3700,0.0,0.0,0.0
2023-07-26 00:00:00-04:00,21.010000228881836,21.149999618530273,21.010000228881836,21.076000213623047,1100,0.0,0.0,0.0
2023-07-27 00:00:00-04:00,21.889999389648438,21.889999389648438,20.520000457763672,20.67799949645996,8600,0.0,0.0,0.0
2023-07-28 00:00:00-04:00,21.360000610351562,21.420000076293945,21.139999389648438,21.349000930786133,2300,0.0,0.0,0.0
2023-07-31 00:00:00-04:00,21.559999465942383,21.739999771118164,21.360000610351562,21.638999938964844,4500,0.0,0.0,0.0
2023-08-01 00:00:00-04:00,21.225000381469727,21.559999465942383,21.204999923706055,21.46660041809082,2061,0.0,0.0,0.0
