Date,Open,High,Low,Close,Volume,Dividends,Stock Splits,Capital Gains
2019-02-11 00:00:00-05:00,23.573081970214844,23.573081970214844,23.573081970214844,23.573081970214844,0,0.0,0.0,0.0
2019-02-12 00:00:00-05:00,23.563779041496105,23.573081970214844,23.573081970214844,23.573081970214844,100001,0.0,0.0,0.0
2019-02-13 00:00:00-05:00,23.656805022584752,23.6940149606982,23.656805022584752,23.662479400634766,50533,0.0,0.0,0.0
2019-02-14 00:00:00-05:00,23.47075120135288,23.61959451007262,23.47075120135288,23.554475784301758,51368,0.0,0.0,0.0
2019-02-15 00:00:00-05:00,23.63819946558683,23.85755729675293,23.63819946558683,23.85755729675293,50100,0.0,0.0,0.0
2019-02-19 00:00:00-05:00,23.937185808998713,23.940628051757812,23.937185808998713,23.940628051757812,510,0.0,0.0,0.0
2019-02-20 00:00:00-05:00,23.926585320725472,24.0475216244224,23.926585320725472,24.02454376220703,30219,0.0,0.0,0.0
2019-02-21 00:00:00-05:00,23.954492109251564,23.98240089416504,23.852161672254308,23.98240089416504,75734,0.0,0.0,0.0
2019-02-22 00:00:00-05:00,23.945189232650307,23.9917038742732,23.91728044767657,23.987516403198242,51005,0.0,0.0,0.0
2019-02-25 00:00:00-05:00,24.140545877168712,24.14984703063965,24.028912517644894,24.14984703063965,53340,0.0,0.0,0.0
2019-02-26 00:00:00-05:00,23.991703561404563,24.06612521267853,23.974864959716797,23.974864959716797,51100,0.0,0.0,0.0
2019-02-27 00:00:00-05:00,23.96379250845975,23.973095435782426,23.95448958113707,23.967605590820312,50000,0.0,0.0,0.0
2019-02-28 00:00:00-05:00,23.898677204753245,23.954493002308936,23.898677204753245,23.907142639160156,51012,0.0,0.0,0.0
2019-03-01 00:00:00-05:00,24.001003495463586,24.019887924194336,23.93588477570238,24.019887924194336,50590,0.0,0.0,0.0
2019-03-04 00:00:00-05:00,24.066125197833365,24.066125197833365,23.731226880131036,23.91486167907715,60000,0.0,0.0,0.0
2019-03-05 00:00:00-05:00,23.889372169575193,23.94518796220914,23.889372169575193,23.907697677612305,50000,0.0,0.0,0.0
2019-03-06 00:00:00-05:00,23.842857298746257,23.842857298746257,23.726667404174805,23.726667404174805,50001,0.0,0.0,0.0
2019-03-07 00:00:00-05:00,23.498657999406678,23.573079647471342,23.49502944946289,23.49502944946289,50150,0.0,0.0,0.0
2019-03-08 00:00:00-05:00,23.396329471588494,23.452611923217773,23.303301960350424,23.452611923217773,50550,0.0,0.0,0.0
2019-03-11 00:00:00-04:00,23.59168744298677,23.7144832611084,23.59168744298677,23.7144832611084,40215,0.0,0.0,0.0
2019-03-12 00:00:00-04:00,23.768435373687403,23.796344156583398,23.72480583190918,23.72480583190918,50000,0.0,0.0,0.0
2019-03-13 00:00:00-04:00,23.945187018235103,23.96379287316362,23.90053367614746,23.90053367614746,40001,0.0,0.0,0.0
2019-03-14 00:00:00-04:00,23.889374131835375,23.917281143268585,23.88202476501465,23.88202476501465,6850,0.0,0.0,0.0
2019-03-15 00:00:00-04:00,23.983705520629883,23.983705520629883,23.983705520629883,23.983705520629883,1,0.0,0.0,0.0
2019-03-18 00:00:00-04:00,24.112546920776367,24.112546920776367,24.112546920776367,24.112546920776367,9,0.0,0.0,0.0
2019-03-19 00:00:00-04:00,24.16845545229873,24.19636423873083,24.01896095275879,24.01896095275879,23128,0.0,0.0,0.0
2019-03-20 00:00:00-04:00,23.857370376586914,23.857370376586914,23.857370376586914,23.857370376586914,5,0.06,0.0,0.0
2019-03-21 00:00:00-04:00,24.094111596622493,24.4671808212771,24.047584652635855,24.094205856323242,122210,0.0,0.0,0.0
2019-03-22 00:00:00-04:00,23.665567900207563,23.693260693090828,23.607662200927734,23.607662200927734,1372,0.0,0.0,0.0
2019-03-25 00:00:00-04:00,23.54705238342285,23.54705238342285,23.54705238342285,23.54705238342285,2,0.0,0.0,0.0
2019-03-26 00:00:00-04:00,23.627990372583724,23.770187377929688,23.627990372583724,23.770187377929688,201,0.0,0.0,0.0
2019-03-27 00:00:00-04:00,23.683935634185147,23.703237533569336,23.683935634185147,23.703237533569336,500,0.0,0.0,0.0
2019-03-28 00:00:00-04:00,23.767855260596395,23.767855260596395,23.76738929748535,23.76738929748535,102,0.0,0.0,0.0
2019-03-29 00:00:00-04:00,23.95433974721053,23.95433974721053,23.946413040161133,23.946413040161133,15692,0.0,0.0,0.0
2019-04-01 00:00:00-04:00,24.038261351274816,24.30792236328125,24.038261351274816,24.30792236328125,1463,0.0,0.0,0.0
2019-04-02 00:00:00-04:00,24.66299419736233,24.66299419736233,24.251602172851562,24.251602172851562,1063,0.0,0.0,0.0
2019-04-03 00:00:00-04:00,24.28899574279785,24.28899574279785,24.28899574279785,24.28899574279785,7,0.0,0.0,0.0
2019-04-04 00:00:00-04:00,24.414875030517578,24.414875030517578,24.414875030517578,24.414875030517578,7,0.0,0.0,0.0
2019-04-05 00:00:00-04:00,24.51259422302246,24.51259422302246,24.51259422302246,24.51259422302246,7,0.0,0.0,0.0
2019-04-08 00:00:00-04:00,24.53916760832068,24.55156898498535,24.53916760832068,24.55156898498535,440,0.0,0.0,0.0
2019-04-09 00:00:00-04:00,24.300090789794922,24.300090789794922,24.300090789794922,24.300090789794922,7,0.0,0.0,0.0
2019-04-10 00:00:00-04:00,24.405641555786133,24.405641555786133,24.405641555786133,24.405641555786133,7,0.0,0.0,0.0
2019-04-11 00:00:00-04:00,24.490867614746094,24.490867614746094,24.490867614746094,24.490867614746094,7,0.0,0.0,0.0
2019-04-12 00:00:00-04:00,24.569751183460795,24.701784133911133,24.569751183460795,24.701784133911133,200,0.0,0.0,0.0
2019-04-15 00:00:00-04:00,24.645185470581055,24.645185470581055,24.645185470581055,24.645185470581055,7,0.0,0.0,0.0
2019-04-16 00:00:00-04:00,24.821323968545734,24.82430648803711,24.821323968545734,24.82430648803711,1163,0.0,0.0,0.0
2019-04-17 00:00:00-04:00,24.924077909872512,24.924077909872512,24.830833714531988,24.83549690246582,387,0.0,0.0,0.0
2019-04-18 00:00:00-04:00,24.80640411376953,24.80640411376953,24.80640411376953,24.80640411376953,50,0.0,0.0,0.0
2019-04-22 00:00:00-04:00,24.784212585930575,24.784212585930575,24.7375913773527,24.76258087158203,1675,0.0,0.0,0.0
2019-04-23 00:00:00-04:00,24.929485321044922,24.929485321044922,24.929485321044922,24.929485321044922,50,0.0,0.0,0.0
2019-04-24 00:00:00-04:00,24.886783929181412,24.891632080078125,24.886783929181412,24.891632080078125,100,0.0,0.0,0.0
2019-04-25 00:00:00-04:00,24.78421289956837,24.78421289956837,24.717729568481445,24.717729568481445,245,0.0,0.0,0.0
2019-04-26 00:00:00-04:00,24.817874908447266,24.817874908447266,24.817874908447266,24.817874908447266,45,0.0,0.0,0.0
2019-04-29 00:00:00-04:00,24.925941348513675,24.925941348513675,24.92025375366211,24.92025375366211,100,0.0,0.0,0.0
2019-04-30 00:00:00-04:00,25.009023666381836,25.009023666381836,25.009023666381836,25.009023666381836,45,0.0,0.0,0.0
2019-05-01 00:00:00-04:00,24.95205059883056,24.96137519580086,24.802860604275804,24.805471420288086,9926,0.0,0.0,0.0
2019-05-02 00:00:00-04:00,24.758102145027284,24.764442443847656,24.758102145027284,24.764442443847656,311,0.0,0.0,0.0
2019-05-03 00:00:00-04:00,25.007251739501953,25.007251739501953,25.007251739501953,25.007251739501953,1,0.0,0.0,0.0
2019-05-06 00:00:00-04:00,24.90542976671477,24.90542976671477,24.70961854886832,24.868785858154297,397,0.0,0.0,0.0
2019-05-07 00:00:00-04:00,24.765564947723792,24.765564947723792,24.4858341217041,24.4858341217041,399,0.0,0.0,0.0
2019-05-08 00:00:00-04:00,24.45207817028658,24.53245324591121,24.420467376708984,24.420467376708984,6205,0.0,0.0,0.0
2019-05-09 00:00:00-04:00,24.317994109325788,24.34335708618164,24.29002031625618,24.34335708618164,556,0.0,0.0,0.0
2019-05-10 00:00:00-04:00,24.000964560522934,24.409372329711914,24.000964560522934,24.409372329711914,105,0.0,0.0,0.0
2019-05-13 00:00:00-04:00,24.34596699231147,24.34596699231147,23.85261344909668,23.85261344909668,200,0.0,0.0,0.0
2019-05-14 00:00:00-04:00,24.074811935424805,24.074811935424805,24.074811935424805,24.074811935424805,45,0.0,0.0,0.0
2019-05-15 00:00:00-04:00,23.954342039224414,24.17812703288677,23.954342039224414,24.11705207824707,7915,0.0,0.0,0.0
2019-05-16 00:00:00-04:00,24.2559871673584,24.2559871673584,24.2559871673584,24.2559871673584,2,0.0,0.0,0.0
2019-05-17 00:00:00-04:00,24.13169288635254,24.13169288635254,24.13169288635254,24.13169288635254,2,0.0,0.0,0.0
2019-05-20 00:00:00-04:00,24.018585205078125,24.018585205078125,24.018585205078125,24.018585205078125,25,0.0,0.0,0.0
2019-05-21 00:00:00-04:00,24.21160125732422,24.21160125732422,24.21160125732422,24.21160125732422,2,0.0,0.0,0.0
2019-05-22 00:00:00-04:00,24.087121963500977,24.087121963500977,24.087121963500977,24.087121963500977,2,0.0,0.0,0.0
2019-05-23 00:00:00-04:00,23.784358978271484,23.784358978271484,23.784358978271484,23.784358978271484,2,0.0,0.0,0.0
2019-05-24 00:00:00-04:00,23.8741512298584,23.8741512298584,23.8741512298584,23.8741512298584,2,0.0,0.0,0.0
2019-05-28 00:00:00-04:00,23.568872451782227,23.568872451782227,23.568872451782227,23.568872451782227,2,0.0,0.0,0.0
2019-05-29 00:00:00-04:00,23.310961148129415,23.44411277770996,23.264339937227234,23.44411277770996,697,0.0,0.0,0.0
2019-05-30 00:00:00-04:00,23.389190673828125,23.389190673828125,23.389190673828125,23.389190673828125,2,0.0,0.0,0.0
2019-05-31 00:00:00-04:00,23.095287322998047,23.095287322998047,23.095287322998047,23.095287322998047,2,0.0,0.0,0.0
2019-06-03 00:00:00-04:00,23.328584671020508,23.328584671020508,23.328584671020508,23.328584671020508,2,0.0,0.0,0.0
2019-06-04 00:00:00-04:00,23.843477249145508,23.843477249145508,23.843477249145508,23.843477249145508,2,0.0,0.0,0.0
2019-06-05 00:00:00-04:00,23.93103151768645,23.938024520874023,23.861190410062825,23.938024520874023,688,0.0,0.0,0.0
2019-06-06 00:00:00-04:00,23.94501932094868,24.067354202270508,23.94501932094868,24.067354202270508,376,0.0,0.0,0.0
2019-06-07 00:00:00-04:00,24.17579460144043,24.17579460144043,24.17579460144043,24.17579460144043,2,0.0,0.0,0.0
2019-06-10 00:00:00-04:00,24.263168334960938,24.263168334960938,24.263168334960938,24.263168334960938,2,0.0,0.0,0.0
2019-06-11 00:00:00-04:00,24.280696585522247,24.316967010498047,24.280696585522247,24.316967010498047,1994,0.0,0.0,0.0
2019-06-12 00:00:00-04:00,24.21933937072754,24.21933937072754,24.21933937072754,24.21933937072754,2,0.0,0.0,0.0
2019-06-13 00:00:00-04:00,24.252721786499023,24.252721786499023,24.252721786499023,24.252721786499023,103769,0.0,0.0,0.0
2019-06-14 00:00:00-04:00,24.32209587097168,24.32209587097168,24.32209587097168,24.32209587097168,2,0.0,0.0,0.0
2019-06-17 00:00:00-04:00,24.231462478637695,24.231462478637695,24.231462478637695,24.231462478637695,2,0.0,0.0,0.0
2019-06-18 00:00:00-04:00,24.48163414001465,24.48163414001465,24.48163414001465,24.48163414001465,2,0.0,0.0,0.0
2019-06-19 00:00:00-04:00,24.50774383544922,24.50774383544922,24.50774383544922,24.50774383544922,2,0.0,0.0,0.0
2019-06-20 00:00:00-04:00,25.054619718619065,27.600176035195897,24.681642948810776,24.717449188232422,4172,0.0,0.0,0.0
2019-06-21 00:00:00-04:00,24.695817947387695,24.695817947387695,24.695817947387695,24.695817947387695,6,0.0,0.0,0.0
2019-06-24 00:00:00-04:00,24.602293014526367,24.602293014526367,24.602293014526367,24.602293014526367,2,0.0,0.0,0.0
2019-06-25 00:00:00-04:00,24.436784744262695,24.436784744262695,24.436784744262695,24.436784744262695,2,0.0,0.0,0.0
2019-06-26 00:00:00-04:00,24.461034774780273,24.461034774780273,24.461034774780273,24.461034774780273,96,0.209,0.0,0.0
2019-06-27 00:00:00-04:00,24.568471908569336,24.568471908569336,24.568471908569336,24.568471908569336,2,0.0,0.0,0.0
2019-06-28 00:00:00-04:00,24.769147872924805,24.769147872924805,24.769147872924805,24.769147872924805,8,0.0,0.0,0.0
2019-07-01 00:00:00-04:00,24.937206268310547,24.937206268310547,24.937206268310547,24.937206268310547,1,0.0,0.0,0.0
2019-07-02 00:00:00-04:00,24.902334213256836,24.902334213256836,24.902334213256836,24.902334213256836,1,0.0,0.0,0.0
2019-07-03 00:00:00-04:00,25.09473991394043,25.09473991394043,25.09473991394043,25.09473991394043,1,0.0,0.0,0.0
2019-07-05 00:00:00-04:00,25.05789566040039,25.05789566040039,25.05789566040039,25.05789566040039,20,0.0,0.0,0.0
2019-07-08 00:00:00-04:00,24.948955535888672,24.948955535888672,24.948955535888672,24.948955535888672,1,0.0,0.0,0.0
2019-07-09 00:00:00-04:00,24.89885688101763,24.9390869140625,24.880057766645592,24.9390869140625,10000,0.0,0.0,0.0
2019-07-10 00:00:00-04:00,24.927055741495224,24.927055741495224,24.92216682434082,24.92216682434082,2200,0.0,0.0,0.0
2019-07-11 00:00:00-04:00,24.981666564941406,24.981666564941406,24.981666564941406,24.981666564941406,1,0.0,0.0,0.0
2019-07-12 00:00:00-04:00,25.167678833007812,25.167678833007812,25.167678833007812,25.167678833007812,1,0.0,0.0,0.0
2019-07-15 00:00:00-04:00,25.128202438354492,25.128202438354492,25.128202438354492,25.128202438354492,1,0.0,0.0,0.0
2019-07-16 00:00:00-04:00,25.118898391723633,25.118898391723633,25.118898391723633,25.118898391723633,1,0.0,0.0,0.0
2019-07-17 00:00:00-04:00,24.897449493408203,24.897449493408203,24.897449493408203,24.897449493408203,4,0.0,0.0,0.0
2019-07-18 00:00:00-04:00,25.024715423583984,25.024715423583984,25.024715423583984,25.024715423583984,1,0.0,0.0,0.0
2019-07-19 00:00:00-04:00,25.0163516998291,25.0163516998291,25.0163516998291,25.0163516998291,1,0.0,0.0,0.0
2019-07-22 00:00:00-04:00,24.97085952758789,24.97085952758789,24.97085952758789,24.97085952758789,1,0.0,0.0,0.0
2019-07-23 00:00:00-04:00,25.22285270690918,25.22285270690918,25.22285270690918,25.22285270690918,1,0.0,0.0,0.0
2019-07-24 00:00:00-04:00,25.42888641357422,25.42888641357422,25.42888641357422,25.42888641357422,1,0.0,0.0,0.0
2019-07-25 00:00:00-04:00,25.299928665161133,25.299928665161133,25.299928665161133,25.299928665161133,1,0.0,0.0,0.0
2019-07-26 00:00:00-04:00,25.455673217773438,25.455673217773438,25.455673217773438,25.455673217773438,4,0.0,0.0,0.0
2019-07-29 00:00:00-04:00,25.421367645263672,25.421367645263672,25.421367645263672,25.421367645263672,1,0.0,0.0,0.0
2019-07-30 00:00:00-04:00,25.391572952270508,25.391572952270508,25.391572952270508,25.391572952270508,1,0.0,0.0,0.0
2019-07-31 00:00:00-04:00,25.197757720947266,25.197757720947266,25.197757720947266,25.197757720947266,1,0.0,0.0,0.0
2019-08-01 00:00:00-04:00,24.764636993408203,24.764636993408203,24.764636993408203,24.764636993408203,1,0.0,0.0,0.0
2019-08-02 00:00:00-04:00,24.604188919067383,24.604188919067383,24.604188919067383,24.604188919067383,1,0.0,0.0,0.0
2019-08-05 00:00:00-04:00,23.918319702148438,23.918319702148438,23.918319702148438,23.918319702148438,1,0.0,0.0,0.0
2019-08-06 00:00:00-04:00,24.08224105834961,24.08224105834961,24.08224105834961,24.08224105834961,1,0.0,0.0,0.0
2019-08-07 00:00:00-04:00,24.03900718688965,24.03900718688965,24.03900718688965,24.03900718688965,1,0.0,0.0,0.0
2019-08-08 00:00:00-04:00,24.40962028503418,24.40962028503418,24.40962028503418,24.40962028503418,1,0.0,0.0,0.0
2019-08-09 00:00:00-04:00,24.299087524414062,24.299087524414062,24.299087524414062,24.299087524414062,1,0.0,0.0,0.0
2019-08-12 00:00:00-04:00,24.299087524414062,24.299087524414062,24.299087524414062,24.299087524414062,0,0.0,0.0,0.0
2019-08-13 00:00:00-04:00,24.236299514770508,24.236299514770508,24.236299514770508,24.236299514770508,1,0.0,0.0,0.0
2019-08-14 00:00:00-04:00,23.52749252319336,23.52749252319336,23.52749252319336,23.52749252319336,1,0.0,0.0,0.0
2019-08-15 00:00:00-04:00,23.48200035095215,23.48200035095215,23.48200035095215,23.48200035095215,1,0.0,0.0,0.0
2019-08-16 00:00:00-04:00,23.887489318847656,23.887489318847656,23.887489318847656,23.887489318847656,1,0.0,0.0,0.0
2019-08-19 00:00:00-04:00,24.189958572387695,24.189958572387695,24.189958572387695,24.189958572387695,1,0.0,0.0,0.0
2019-08-20 00:00:00-04:00,23.9730224609375,23.9730224609375,23.9730224609375,23.9730224609375,1,0.0,0.0,0.0
2019-08-21 00:00:00-04:00,24.18234634399414,24.18234634399414,24.18234634399414,24.18234634399414,1,0.0,0.0,0.0
2019-08-22 00:00:00-04:00,24.252748489379883,24.252748489379883,24.252748489379883,24.252748489379883,1,0.0,0.0,0.0
2019-08-23 00:00:00-04:00,23.46931266784668,23.46931266784668,23.46931266784668,23.46931266784668,1,0.0,0.0,0.0
2019-08-26 00:00:00-04:00,23.749412536621094,23.749412536621094,23.749412536621094,23.749412536621094,1,0.0,0.0,0.0
2019-08-27 00:00:00-04:00,23.630041122436523,23.630041122436523,23.630041122436523,23.630041122436523,1,0.0,0.0,0.0
2019-08-28 00:00:00-04:00,23.858070373535156,23.858070373535156,23.858070373535156,23.858070373535156,1,0.0,0.0,0.0
2019-08-29 00:00:00-04:00,24.14954376220703,24.14954376220703,24.14954376220703,24.14954376220703,1,0.0,0.0,0.0
2019-08-30 00:00:00-04:00,24.25885581970215,24.25885581970215,24.25885581970215,24.25885581970215,1,0.0,0.0,0.0
2019-09-03 00:00:00-04:00,24.04765510559082,24.04765510559082,24.04765510559082,24.04765510559082,77,0.0,0.0,0.0
2019-09-04 00:00:00-04:00,24.335084915161133,24.335084915161133,24.335084915161133,24.335084915161133,12,0.0,0.0,0.0
2019-09-05 00:00:00-04:00,24.717451095581055,24.717451095581055,24.717451095581055,24.717451095581055,39,0.0,0.0,0.0
2019-09-06 00:00:00-04:00,24.76830291748047,24.76830291748047,24.76830291748047,24.76830291748047,118,0.0,0.0,0.0
2019-09-09 00:00:00-04:00,25.06043243408203,25.06043243408203,25.06043243408203,25.06043243408203,39,0.0,0.0,0.0
2019-09-10 00:00:00-04:00,25.25377655029297,25.25377655029297,25.25377655029297,25.25377655029297,39,0.0,0.0,0.0
2019-09-11 00:00:00-04:00,25.4703369140625,25.4703369140625,25.4703369140625,25.4703369140625,39,0.0,0.0,0.0
2019-09-12 00:00:00-04:00,25.539329528808594,25.539329528808594,25.539329528808594,25.539329528808594,39,0.0,0.0,0.0
2019-09-13 00:00:00-04:00,25.558223724365234,25.558223724365234,25.558223724365234,25.558223724365234,39,0.0,0.0,0.0
2019-09-16 00:00:00-04:00,25.49129867553711,25.49129867553711,25.49129867553711,25.49129867553711,39,0.0,0.0,0.0
2019-09-17 00:00:00-04:00,25.425973892211914,25.425973892211914,25.425973892211914,25.425973892211914,39,0.0,0.0,0.0
2019-09-18 00:00:00-04:00,25.418453216552734,25.418453216552734,25.418453216552734,25.418453216552734,39,0.0,0.0,0.0
2019-09-19 00:00:00-04:00,25.368824944344702,25.373525619506836,25.368824944344702,25.373525619506836,200,0.0,0.0,0.0
2019-09-20 00:00:00-04:00,25.44402250568769,25.44402250568769,25.332921981811523,25.332921981811523,200,0.0,0.0,0.0
2019-09-23 00:00:00-04:00,25.331886291503906,25.331886291503906,25.331886291503906,25.331886291503906,39,0.0,0.0,0.0
2019-09-24 00:00:00-04:00,25.152641320302347,25.152641320302347,25.118616104125977,25.118616104125977,400,0.0,0.0,0.0
2019-09-25 00:00:00-04:00,25.249503414305256,25.29449091731043,25.249503414305256,25.27895736694336,600,0.202,0.0,0.0
2019-09-26 00:00:00-04:00,25.211621615336693,25.240222930908203,25.211621615336693,25.240222930908203,200,0.0,0.0,0.0
2019-09-27 00:00:00-04:00,25.391566213622077,25.391566213622077,25.173735228089413,25.246471405029297,3608,0.0,0.0,0.0
2019-09-30 00:00:00-04:00,25.346580505371094,25.346580505371094,25.346580505371094,25.346580505371094,1,0.0,0.0,0.0
2019-10-01 00:00:00-04:00,25.202148743505372,25.202148743505372,24.92483901977539,24.92483901977539,401,0.0,0.0,0.0
2019-10-02 00:00:00-04:00,24.539183877871903,24.539183877871903,24.340295179361394,24.398635864257812,801,0.0,0.0,0.0
2019-10-03 00:00:00-04:00,24.453944962893118,24.491260528564453,24.453944962893118,24.491260528564453,200,0.0,0.0,0.0
2019-10-04 00:00:00-04:00,24.72358024823758,24.817626953125,24.72358024823758,24.817626953125,150,0.0,0.0,0.0
2019-10-07 00:00:00-04:00,24.83278067943739,24.83278067943739,24.723108291625977,24.723108291625977,600,0.0,0.0,0.0
2019-10-08 00:00:00-04:00,24.31188025685741,24.463415010259727,24.27750015258789,24.27750015258789,2700,0.0,0.0,0.0
2019-10-09 00:00:00-04:00,24.45877456665039,24.45877456665039,24.45877456665039,24.45877456665039,1,0.0,0.0,0.0
2019-10-10 00:00:00-04:00,24.614950511165542,24.64544677734375,24.614950511165542,24.64544677734375,400,0.0,0.0,0.0
2019-10-11 00:00:00-04:00,25.12638173372802,25.17373566830258,25.03167205814209,25.03489112854004,1800,0.0,0.0,0.0
2019-10-14 00:00:00-04:00,24.994922637939453,24.994922637939453,24.994922637939453,24.994922637939453,1,0.0,0.0,0.0
2019-10-15 00:00:00-04:00,25.249126434326172,25.249126434326172,25.249126434326172,25.249126434326172,1,0.0,0.0,0.0
2019-10-16 00:00:00-04:00,25.18320883630229,25.18690299987793,25.173737687340388,25.18690299987793,800,0.0,0.0,0.0
2019-10-17 00:00:00-04:00,25.263046264648438,25.263046264648438,25.263046264648438,25.263046264648438,1,0.0,0.0,0.0
2019-10-18 00:00:00-04:00,25.31579880478634,25.31579880478634,25.306327656761276,25.30680274963379,401,0.0,0.0,0.0
2019-10-21 00:00:00-04:00,25.50900650024414,25.50900650024414,25.50900650024414,25.50900650024414,1,0.0,0.0,0.0
2019-10-22 00:00:00-04:00,26.082946332004727,26.082946332004727,25.630329132080078,25.630329132080078,276,0.0,0.0,0.0
2019-10-23 00:00:00-04:00,25.630613327026367,25.630613327026367,25.630613327026367,25.630613327026367,12,0.0,0.0,0.0
2019-10-24 00:00:00-04:00,25.5693359375,25.5693359375,25.5693359375,25.5693359375,1,0.0,0.0,0.0
2019-10-25 00:00:00-04:00,25.76150131225586,25.76150131225586,25.76150131225586,25.76150131225586,1,0.0,0.0,0.0
2019-10-28 00:00:00-04:00,25.89419174194336,25.89419174194336,25.89419174194336,25.89419174194336,1,0.0,0.0,0.0
2019-10-29 00:00:00-04:00,25.93898582458496,25.93898582458496,25.93898582458496,25.93898582458496,1,0.0,0.0,0.0
2019-10-30 00:00:00-04:00,25.78934486821118,25.855926513671875,25.78934486821118,25.855926513671875,200,0.0,0.0,0.0
2019-10-31 00:00:00-04:00,25.691511154174805,25.691511154174805,25.691511154174805,25.691511154174805,1,0.0,0.0,0.0
2019-11-01 00:00:00-04:00,26.060876846313477,26.060876846313477,26.060876846313477,26.060876846313477,1,0.0,0.0,0.0
2019-11-04 00:00:00-05:00,26.3721866607666,26.3721866607666,26.3721866607666,26.3721866607666,1,0.0,0.0,0.0
2019-11-05 00:00:00-05:00,26.46055030822754,26.46055030822754,26.46055030822754,26.46055030822754,1,0.0,0.0,0.0
2019-11-06 00:00:00-05:00,26.43081283569336,26.43081283569336,26.43081283569336,26.43081283569336,80,0.0,0.0,0.0
2019-11-07 00:00:00-05:00,26.59437628264192,26.59437628264192,26.55109405517578,26.55109405517578,400,0.0,0.0,0.0
2019-11-08 00:00:00-05:00,26.654895782470703,26.654895782470703,26.654895782470703,26.654895782470703,1,0.0,0.0,0.0
2019-11-11 00:00:00-05:00,26.566814422607422,26.566814422607422,26.566814422607422,26.566814422607422,1,0.0,0.0,0.0
2019-11-12 00:00:00-05:00,26.574392318725586,26.574392318725586,26.574392318725586,26.574392318725586,1,0.0,0.0,0.0
2019-11-13 00:00:00-05:00,26.480722474399904,26.480722474399904,26.475704193115234,26.475704193115234,200,0.0,0.0,0.0
2019-11-14 00:00:00-05:00,26.40495471623511,26.448143005371094,26.376543079480438,26.448143005371094,400,0.0,0.0,0.0
2019-11-15 00:00:00-05:00,26.648550033569336,26.648550033569336,26.648550033569336,26.648550033569336,1,0.0,0.0,0.0
2019-11-18 00:00:00-05:00,26.61199188232422,26.61199188232422,26.61199188232422,26.61199188232422,1,0.0,0.0,0.0
2019-11-19 00:00:00-05:00,26.53139305114746,26.53139305114746,26.53139305114746,26.53139305114746,1,0.0,0.0,0.0
2019-11-20 00:00:00-05:00,26.401073455810547,26.401073455810547,26.401073455810547,26.401073455810547,1,0.0,0.0,0.0
2019-11-21 00:00:00-05:00,26.411588668823242,26.411588668823242,26.411588668823242,26.411588668823242,1,0.0,0.0,0.0
2019-11-22 00:00:00-05:00,26.525331497192383,26.525331497192383,26.525331497192383,26.525331497192383,1,0.0,0.0,0.0
2019-11-25 00:00:00-05:00,26.71910858154297,26.71910858154297,26.71910858154297,26.71910858154297,1,0.0,0.0,0.0
2019-11-26 00:00:00-05:00,26.72355842590332,26.72355842590332,26.72355842590332,26.72355842590332,1,0.0,0.0,0.0
2019-11-27 00:00:00-05:00,26.808513641357422,26.808513641357422,26.808513641357422,26.808513641357422,1,0.0,0.0,0.0
2019-11-29 00:00:00-05:00,26.695337295532227,26.695337295532227,26.695337295532227,26.695337295532227,1,0.0,0.0,0.0
2019-12-02 00:00:00-05:00,26.54474639892578,26.54474639892578,26.54474639892578,26.54474639892578,1,0.0,0.0,0.0
2019-12-03 00:00:00-05:00,26.278236389160156,26.278236389160156,26.278236389160156,26.278236389160156,1,0.0,0.0,0.0
2019-12-04 00:00:00-05:00,26.483755111694336,26.483755111694336,26.483755111694336,26.483755111694336,1,0.0,0.0,0.0
2019-12-05 00:00:00-05:00,26.471255422726568,26.49947738647461,26.471255422726568,26.49947738647461,200,0.0,0.0,0.0
2019-12-06 00:00:00-05:00,26.782562255859375,26.782562255859375,26.782562255859375,26.782562255859375,1,0.0,0.0,0.0
2019-12-09 00:00:00-05:00,26.78512191772461,26.78512191772461,26.78512191772461,26.78512191772461,1,0.0,0.0,0.0
2019-12-10 00:00:00-05:00,26.733976364135742,26.733976364135742,26.733976364135742,26.733976364135742,10,0.0,0.0,0.0
2019-12-11 00:00:00-05:00,26.78085708618164,26.78085708618164,26.78085708618164,26.78085708618164,7,0.0,0.0,0.0
2019-12-12 00:00:00-05:00,27.145395278930664,27.145395278930664,27.145395278930664,27.145395278930664,1,0.0,0.0,0.0
2019-12-13 00:00:00-05:00,27.02179718017578,27.02179718017578,27.02179718017578,27.02179718017578,7,0.0,0.0,0.0
2019-12-16 00:00:00-05:00,27.176837921142578,27.176837921142578,27.176837921142578,27.176837921142578,1,0.0,0.0,0.0
2019-12-17 00:00:00-05:00,27.248910903930664,27.248910903930664,27.248910903930664,27.248910903930664,1,0.0,0.0,0.0
2019-12-18 00:00:00-05:00,27.26093864440918,27.26093864440918,27.26093864440918,27.26093864440918,1,0.0,0.0,0.0
2019-12-19 00:00:00-05:00,27.2806396484375,27.2806396484375,27.2806396484375,27.2806396484375,1,0.0,0.0,0.0
2019-12-20 00:00:00-05:00,27.4648494720459,27.4648494720459,27.4648494720459,27.4648494720459,4,0.0,0.0,0.0
2019-12-23 00:00:00-05:00,27.472047805786133,27.472047805786133,27.472047805786133,27.472047805786133,1,0.0,0.0,0.0
2019-12-24 00:00:00-05:00,27.438613891601562,27.438613891601562,27.438613891601562,27.438613891601562,5,0.0,0.0,0.0
2019-12-26 00:00:00-05:00,27.482276916503906,27.482276916503906,27.482276916503906,27.482276916503906,1,0.0,0.0,0.0
2019-12-27 00:00:00-05:00,28.31013995305477,28.31013995305477,27.641807556152344,27.641807556152344,2551,0.817,0.0,0.0
2019-12-30 00:00:00-05:00,27.376150131225586,27.376150131225586,27.376150131225586,27.376150131225586,551,0.0,0.0,0.0
2019-12-31 00:00:00-05:00,27.461030960083008,27.461030960083008,27.461030960083008,27.461030960083008,85,0.0,0.0,0.0
2020-01-02 00:00:00-05:00,27.550395965576172,27.550395965576172,27.550395965576172,27.550395965576172,551,0.0,0.0,0.0
2020-01-03 00:00:00-05:00,27.36601448059082,27.36601448059082,27.36601448059082,27.36601448059082,1,0.0,0.0,0.0
2020-01-06 00:00:00-05:00,27.347400665283203,27.347400665283203,27.347400665283203,27.347400665283203,551,0.0,0.0,0.0
2020-01-07 00:00:00-05:00,27.280258178710938,27.280258178710938,27.280258178710938,27.280258178710938,0,0.0,0.0,0.0
2020-01-08 00:00:00-05:00,27.348081588745117,27.348081588745117,27.348081588745117,27.348081588745117,551,0.0,0.0,0.0
2020-01-09 00:00:00-05:00,27.464927673339844,27.464927673339844,27.464927673339844,27.464927673339844,551,0.0,0.0,0.0
2020-01-10 00:00:00-05:00,27.35042381286621,27.35042381286621,27.35042381286621,27.35042381286621,551,0.0,0.0,0.0
2020-01-13 00:00:00-05:00,27.489194869995117,27.489194869995117,27.489194869995117,27.489194869995117,10,0.0,0.0,0.0
2020-01-14 00:00:00-05:00,27.549129486083984,27.549129486083984,27.549129486083984,27.549129486083984,17,0.0,0.0,0.0
2020-01-15 00:00:00-05:00,27.509658813476562,27.509658813476562,27.509658813476562,27.509658813476562,551,0.0,0.0,0.0
2020-01-16 00:00:00-05:00,27.696575164794922,27.696575164794922,27.696575164794922,27.696575164794922,551,0.0,0.0,0.0
2020-01-17 00:00:00-05:00,27.762941360473633,27.762941360473633,27.762941360473633,27.762941360473633,551,0.0,0.0,0.0
2020-01-21 00:00:00-05:00,28.358867405637884,28.358867405637884,27.568815231323242,27.568815231323242,699,0.0,0.0,0.0
2020-01-22 00:00:00-05:00,27.57378387451172,27.57378387451172,27.57378387451172,27.57378387451172,1,0.0,0.0,0.0
2020-01-23 00:00:00-05:00,27.442807026146898,27.57982635498047,27.442320028057576,27.57982635498047,700,0.0,0.0,0.0
2020-01-24 00:00:00-05:00,27.260374069213867,27.260374069213867,27.260374069213867,27.260374069213867,1,0.0,0.0,0.0
2020-01-27 00:00:00-05:00,26.830997467041016,26.830997467041016,26.830997467041016,26.830997467041016,53,0.0,0.0,0.0
2020-01-28 00:00:00-05:00,26.99091911315918,26.99091911315918,26.99091911315918,26.99091911315918,1,0.0,0.0,0.0
2020-01-29 00:00:00-05:00,26.845420837402344,26.845420837402344,26.845420837402344,26.845420837402344,1,0.0,0.0,0.0
2020-01-30 00:00:00-05:00,26.923965454101562,26.923965454101562,26.923965454101562,26.923965454101562,1,0.0,0.0,0.0
2020-01-31 00:00:00-05:00,26.448101043701172,26.448101043701172,26.448101043701172,26.448101043701172,6,0.0,0.0,0.0
2020-02-03 00:00:00-05:00,26.5548152923584,26.5548152923584,26.5548152923584,26.5548152923584,4,0.0,0.0,0.0
2020-02-04 00:00:00-05:00,26.86013412475586,26.86013412475586,26.86013412475586,26.86013412475586,1,0.0,0.0,0.0
2020-02-05 00:00:00-05:00,27.351593017578125,27.351593017578125,27.351593017578125,27.351593017578125,1,0.0,0.0,0.0
2020-02-06 00:00:00-05:00,27.386186599731445,27.386186599731445,27.386186599731445,27.386186599731445,1,0.0,0.0,0.0
2020-02-07 00:00:00-05:00,27.189233779907227,27.189233779907227,27.189233779907227,27.189233779907227,2,0.0,0.0,0.0
2020-02-10 00:00:00-05:00,27.272361755371094,27.272361755371094,27.272361755371094,27.272361755371094,2,0.0,0.0,0.0
2020-02-11 00:00:00-05:00,27.433841705322266,27.433841705322266,27.433841705322266,27.433841705322266,2,0.0,0.0,0.0
2020-02-12 00:00:00-05:00,27.581287384033203,27.581287384033203,27.581287384033203,27.581287384033203,1,0.0,0.0,0.0
2020-02-13 00:00:00-05:00,27.461517333984375,27.461517333984375,27.461517333984375,27.461517333984375,10,0.0,0.0,0.0
2020-02-14 00:00:00-05:00,27.391550064086914,27.391550064086914,27.391550064086914,27.391550064086914,10,0.0,0.0,0.0
2020-02-18 00:00:00-05:00,27.209697723388672,27.209697723388672,27.209697723388672,27.209697723388672,1,0.0,0.0,0.0
2020-02-19 00:00:00-05:00,27.31251335144043,27.31251335144043,27.31251335144043,27.31251335144043,1,0.0,0.0,0.0
2020-02-20 00:00:00-05:00,27.337947845458984,27.337947845458984,27.337947845458984,27.337947845458984,10,0.0,0.0,0.0
2020-02-21 00:00:00-05:00,27.148107528686523,27.148107528686523,27.148107528686523,27.148107528686523,10,0.0,0.0,0.0
2020-02-24 00:00:00-05:00,26.333694458007812,26.333694458007812,26.333694458007812,26.333694458007812,10,0.0,0.0,0.0
2020-02-25 00:00:00-05:00,27.033502802080406,27.033502802080406,25.441312789916992,25.441312789916992,744,0.0,0.0,0.0
2020-02-26 00:00:00-05:00,25.21765899658203,25.21765899658203,25.21765899658203,25.21765899658203,10,0.0,0.0,0.0
2020-02-27 00:00:00-05:00,24.224613189697266,24.224613189697266,24.224613189697266,24.224613189697266,1,0.0,0.0,0.0
2020-02-28 00:00:00-05:00,23.496930291274815,23.593603134155273,23.421014348862467,23.593603134155273,550,0.0,0.0,0.0
2020-03-02 00:00:00-05:00,24.119653999047273,24.660615921020508,24.119653999047273,24.660615921020508,261,0.0,0.0,0.0
2020-03-03 00:00:00-05:00,24.055627822875977,24.055627822875977,24.055627822875977,24.055627822875977,10,0.0,0.0,0.0
2020-03-04 00:00:00-05:00,24.929977416992188,24.929977416992188,24.929977416992188,24.929977416992188,3,0.0,0.0,0.0
2020-03-05 00:00:00-05:00,24.047149658203125,24.047149658203125,24.047149658203125,24.047149658203125,10,0.0,0.0,0.0
2020-03-06 00:00:00-05:00,21.644343616427793,23.9588559175541,21.644343616427793,23.674196243286133,7400,0.0,0.0,0.0
2020-03-09 00:00:00-04:00,22.112121717947012,22.112121717947012,21.598543167114258,21.598543167114258,145,0.0,0.0,0.0
2020-03-10 00:00:00-04:00,21.878232626082625,22.402530670166016,21.878232626082625,22.402530670166016,100,0.0,0.0,0.0
2020-03-11 00:00:00-04:00,21.566381370378483,21.566381370378483,21.280941009521484,21.280941009521484,9100,0.0,0.0,0.0
2020-03-12 00:00:00-04:00,19.60757512150747,19.60757512150747,19.175174713134766,19.175174713134766,129,0.0,0.0,0.0
2020-03-13 00:00:00-04:00,20.545852661132812,20.545852661132812,20.545852661132812,20.545852661132812,10,0.0,0.0,0.0
2020-03-16 00:00:00-04:00,18.3420467376709,18.3420467376709,18.3420467376709,18.3420467376709,1,0.0,0.0,0.0
2020-03-17 00:00:00-04:00,19.10130500793457,19.10130500793457,19.10130500793457,19.10130500793457,10,0.0,0.0,0.0
2020-03-18 00:00:00-04:00,17.83090591430664,17.83090591430664,17.83090591430664,17.83090591430664,1,0.0,0.0,0.0
2020-03-19 00:00:00-04:00,18.02971076965332,18.02971076965332,18.02971076965332,18.02971076965332,10,0.0,0.0,0.0
2020-03-20 00:00:00-04:00,17.37580108642578,17.37580108642578,17.37580108642578,17.37580108642578,10,0.0,0.0,0.0
2020-03-23 00:00:00-04:00,16.531368255615234,16.531368255615234,16.531368255615234,16.531368255615234,10,0.0,0.0,0.0
2020-03-24 00:00:00-04:00,18.220134735107422,18.220134735107422,18.220134735107422,18.220134735107422,10,0.0,0.0,0.0
2020-03-25 00:00:00-04:00,18.788286209106445,18.788286209106445,18.788286209106445,18.788286209106445,10,0.0,0.0,0.0
2020-03-26 00:00:00-04:00,20.001672744750977,20.001672744750977,20.001672744750977,20.001672744750977,2,0.0,0.0,0.0
2020-03-27 00:00:00-04:00,19.30376625061035,19.30376625061035,19.30376625061035,19.30376625061035,74,0.202,0.0,0.0
2020-03-30 00:00:00-04:00,19.756996154785156,19.756996154785156,19.756996154785156,19.756996154785156,20,0.0,0.0,0.0
2020-03-31 00:00:00-04:00,19.42757797241211,19.42757797241211,19.42757797241211,19.42757797241211,11,0.0,0.0,0.0
2020-04-01 00:00:00-04:00,18.429779052734375,18.429779052734375,18.429779052734375,18.429779052734375,2,0.0,0.0,0.0
2020-04-02 00:00:00-04:00,18.815000534057617,18.815000534057617,18.815000534057617,18.815000534057617,1,0.0,0.0,0.0
2020-04-03 00:00:00-04:00,18.511863708496094,18.511863708496094,18.511863708496094,18.511863708496094,1,0.0,0.0,0.0
2020-04-06 00:00:00-04:00,19.79498863220215,19.79498863220215,19.79498863220215,19.79498863220215,1,0.0,0.0,0.0
2020-04-07 00:00:00-04:00,19.972442626953125,19.972442626953125,19.972442626953125,19.972442626953125,1,0.0,0.0,0.0
2020-04-08 00:00:00-04:00,20.746334075927734,20.746334075927734,20.746334075927734,20.746334075927734,1,0.0,0.0,0.0
2020-04-09 00:00:00-04:00,21.42652576540393,21.42652576540393,21.21875769722318,21.30143165588379,8300,0.0,0.0,0.0
2020-04-13 00:00:00-04:00,20.830976486206055,20.830976486206055,20.830976486206055,20.830976486206055,1,0.0,0.0,0.0
2020-04-14 00:00:00-04:00,21.170236587524414,21.170236587524414,21.170236587524414,21.170236587524414,1,0.0,0.0,0.0
2020-04-15 00:00:00-04:00,20.369674682617188,20.369674682617188,20.369674682617188,20.369674682617188,1,0.0,0.0,0.0
2020-04-16 00:00:00-04:00,20.23424530029297,20.23424530029297,20.23424530029297,20.23424530029297,1,0.0,0.0,0.0
2020-04-17 00:00:00-04:00,21.118072509765625,21.118072509765625,21.118072509765625,21.118072509765625,1,0.0,0.0,0.0
2020-04-20 00:00:00-04:00,20.70844268798828,20.70844268798828,20.70844268798828,20.70844268798828,1,0.0,0.0,0.0
2020-04-21 00:00:00-04:00,20.122241973876953,20.122241973876953,20.122241973876953,20.122241973876953,1,0.0,0.0,0.0
2020-04-22 00:00:00-04:00,20.285818099975586,20.285818099975586,20.285818099975586,20.285818099975586,1,0.0,0.0,0.0
2020-04-23 00:00:00-04:00,20.361209869384766,20.361209869384766,20.361209869384766,20.361209869384766,1,0.0,0.0,0.0
2020-04-24 00:00:00-04:00,20.621139526367188,20.621139526367188,20.621139526367188,20.621139526367188,1,0.0,0.0,0.0
2020-04-27 00:00:00-04:00,21.227319717407227,21.227319717407227,21.227319717407227,21.227319717407227,1,0.0,0.0,0.0
2020-04-28 00:00:00-04:00,21.490894317626953,21.490894317626953,21.490894317626953,21.490894317626953,1,0.0,0.0,0.0
2020-04-29 00:00:00-04:00,22.146678924560547,22.146678924560547,22.146678924560547,22.146678924560547,1,0.0,0.0,0.0
2020-04-30 00:00:00-04:00,21.626224517822266,21.626224517822266,21.626224517822266,21.626224517822266,1,0.0,0.0,0.0
2020-05-01 00:00:00-04:00,20.757553100585938,20.757553100585938,20.757553100585938,20.757553100585938,1,0.0,0.0,0.0
2020-05-04 00:00:00-04:00,20.744464874267578,20.744464874267578,20.744464874267578,20.744464874267578,1,0.0,0.0,0.0
2020-05-05 00:00:00-04:00,20.796232223510742,20.796232223510742,20.796232223510742,20.796232223510742,1,0.0,0.0,0.0
2020-05-06 00:00:00-04:00,20.460908889770508,20.460908889770508,20.460908889770508,20.460908889770508,1,0.0,0.0,0.0
2020-05-07 00:00:00-04:00,20.701454162597656,20.701454162597656,20.701454162597656,20.701454162597656,1,0.0,0.0,0.0
2020-05-08 00:00:00-04:00,21.30448341369629,21.30448341369629,21.30448341369629,21.30448341369629,1,0.0,0.0,0.0
2020-05-11 00:00:00-04:00,21.091400146484375,21.091400146484375,21.091400146484375,21.091400146484375,1,0.0,0.0,0.0
2020-05-12 00:00:00-04:00,20.581478118896484,20.581478118896484,20.581478118896484,20.581478118896484,1,0.0,0.0,0.0
2020-05-13 00:00:00-04:00,19.957975387573242,19.957975387573242,19.957975387573242,19.957975387573242,1,0.0,0.0,0.0
2020-05-14 00:00:00-04:00,20.23581886291504,20.23581886291504,20.23581886291504,20.23581886291504,4,0.0,0.0,0.0
2020-05-15 00:00:00-04:00,20.225584030151367,20.225584030151367,20.225584030151367,20.225584030151367,1,0.0,0.0,0.0
2020-05-18 00:00:00-04:00,21.307435989379883,21.307435989379883,21.307435989379883,21.307435989379883,1,0.0,0.0,0.0
2020-05-19 00:00:00-04:00,20.956462860107422,20.956462860107422,20.956462860107422,20.956462860107422,1,0.0,0.0,0.0
2020-05-20 00:00:00-04:00,21.31599998474121,21.31599998474121,21.31599998474121,21.31599998474121,1,0.0,0.0,0.0
2020-05-21 00:00:00-04:00,21.22869873046875,21.22869873046875,21.22869873046875,21.22869873046875,15,0.0,0.0,0.0
2020-05-22 00:00:00-04:00,21.188642501831055,21.188642501831055,21.188642501831055,21.188642501831055,1,0.0,0.0,0.0
2020-05-26 00:00:00-04:00,21.919322967529297,21.919322967529297,21.919322967529297,21.919322967529297,1,0.0,0.0,0.0
2020-05-27 00:00:00-04:00,22.54489517211914,22.54489517211914,22.54489517211914,22.54489517211914,1,0.0,0.0,0.0
2020-05-28 00:00:00-04:00,22.291950225830078,22.291950225830078,22.291950225830078,22.291950225830078,1,0.0,0.0,0.0
2020-05-29 00:00:00-04:00,22.191951751708984,22.191951751708984,22.191951751708984,22.191951751708984,1,0.0,0.0,0.0
2020-06-01 00:00:00-04:00,22.353660583496094,22.353660583496094,22.353660583496094,22.353660583496094,3,0.0,0.0,0.0
2020-06-02 00:00:00-04:00,23.129126635342715,25.825786537086657,22.66644528434579,23.089462280273438,30702,0.0,0.0,0.0
2020-06-03 00:00:00-04:00,25.097561678377506,26.33767671599051,23.227547654261535,23.552339553833008,100504,0.0,0.0,0.0
2020-06-04 00:00:00-04:00,23.621233522733814,24.605451586181058,23.375179006872003,23.808135986328125,52379,0.0,0.0,0.0
2020-06-05 00:00:00-04:00,24.9400872410154,25.719490192804773,24.605452930974383,24.6546630859375,38311,0.0,0.0,0.0
2020-06-08 00:00:00-04:00,25.855411049009753,26.613259469127375,24.950027899845796,25.215669631958008,38531,0.0,0.0,0.0
2020-06-09 00:00:00-04:00,25.19598520260405,25.33377514390846,24.21176704529332,24.795801162719727,47960,0.0,0.0,0.0
2020-06-10 00:00:00-04:00,24.492955862094416,24.563228725969402,24.302312043885724,24.331642150878906,14095,0.0,0.0,0.0
2020-06-11 00:00:00-04:00,23.473602056702592,23.576944506646807,22.63701629638672,22.63701629638672,11132,0.0,0.0,0.0
2020-06-12 00:00:00-04:00,23.621233348610293,23.621233348610293,22.676384915744425,23.031982421875,9224,0.0,0.0,0.0
2020-06-15 00:00:00-04:00,22.63868805048959,23.32793617248535,22.617430105747722,23.32793617248535,5688,0.0,0.0,0.0
2020-06-16 00:00:00-04:00,24.408607387575444,24.408607387575444,23.698495536778076,23.73737144470215,4440,0.0,0.0,0.0
2020-06-17 00:00:00-04:00,23.926340394220755,24.00507776354009,23.6212333227642,23.7294979095459,2833,0.0,0.0,0.0
2020-06-18 00:00:00-04:00,23.030703682052025,23.788552086620218,23.030703682052025,23.590429306030273,1904,0.0,0.0,0.0
2020-06-19 00:00:00-04:00,23.73934069126407,23.840124450498788,22.764963149294072,23.453916549682617,14261,0.0,0.0,0.0
2020-06-22 00:00:00-04:00,23.385022029477515,23.601549333337175,23.37527724015926,23.483444213867188,2749,0.0,0.0,0.0
2020-06-23 00:00:00-04:00,23.995237649470422,23.995237649470422,23.346147537231445,23.346147537231445,6273,0.0,0.0,0.0
2020-06-24 00:00:00-04:00,22.99133506967266,23.05038762915211,22.50916605006695,22.8287410736084,3692,0.0,0.0,0.0
2020-06-25 00:00:00-04:00,22.390962423206382,22.911712646484375,22.390962423206382,22.911712646484375,1096,0.0,0.0,0.0
2020-06-26 00:00:00-04:00,22.67062601842244,22.693137330705397,22.30369030412659,22.415159225463867,4877,0.176,0.0,0.0
2020-06-29 00:00:00-04:00,22.541702761327272,22.74500445245533,22.541702761327272,22.730823516845703,2661,0.0,0.0,0.0
2020-06-30 00:00:00-04:00,22.839217678314817,23.04192352294922,22.839217678314817,23.04192352294922,1929,0.0,0.0,0.0
2020-07-01 00:00:00-04:00,23.047477370068407,23.196234377281968,22.955644607543945,22.955644607543945,4855,0.0,0.0,0.0
2020-07-02 00:00:00-04:00,23.335076295235627,23.372364381068095,23.060270309448242,23.060270309448242,3748,0.0,0.0,0.0
2020-07-06 00:00:00-04:00,22.80946678144211,23.444066021740138,22.80946678144211,23.292333602905273,5796,0.0,0.0,0.0
2020-07-07 00:00:00-04:00,23.10698060966422,23.12681538240509,22.93838882446289,22.93838882446289,2457,0.0,0.0,0.0
2020-07-08 00:00:00-04:00,22.987974279334757,22.987974279334757,22.839315636923686,22.984106063842773,646,0.0,0.0,0.0
2020-07-09 00:00:00-04:00,22.799548389303535,22.799548389303535,22.551719665527344,22.551719665527344,1167,0.0,0.0,0.0
2020-07-10 00:00:00-04:00,21.63924001205655,22.98341178894043,21.63924001205655,22.98341178894043,439,0.0,0.0,0.0
2020-07-13 00:00:00-04:00,23.02605628967285,23.02605628967285,23.02605628967285,23.02605628967285,442,0.0,0.0,0.0
2020-07-14 00:00:00-04:00,23.156666083288314,23.351242065429688,23.156666083288314,23.351242065429688,5729,0.0,0.0,0.0
2020-07-15 00:00:00-04:00,23.485814783153714,23.621185302734375,23.485814783153714,23.621185302734375,1705,0.0,0.0,0.0
2020-07-16 00:00:00-04:00,23.639235292771914,23.77142990806357,23.639235292771914,23.64845848083496,5673,0.0,0.0,0.0
2020-07-17 00:00:00-04:00,23.711928051818752,23.7521915435791,23.711928051818752,23.7521915435791,242,0.0,0.0,0.0
2020-07-20 00:00:00-04:00,21.817749271534836,23.582209761607974,21.817749271534836,23.511104583740234,4060,0.0,0.0,0.0
2020-07-21 00:00:00-04:00,24.802815824933194,24.802815824933194,23.75159746077119,23.834604263305664,2422,0.0,0.0,0.0
2020-07-22 00:00:00-04:00,23.850766709165388,23.974929809570312,23.801181670637416,23.974929809570312,2072,0.0,0.0,0.0
2020-07-23 00:00:00-04:00,23.801181938711537,23.96977371977266,23.801181938711537,23.925642013549805,1038,0.0,0.0,0.0
2020-07-24 00:00:00-04:00,23.801180898559636,23.911460033275585,23.751296997070312,23.751296997070312,1228,0.0,0.0,0.0
2020-07-27 00:00:00-04:00,21.85741965224265,23.841842651367188,21.817750107740085,23.841842651367188,2480,0.0,0.0,0.0
2020-07-28 00:00:00-04:00,23.850766855128164,23.850766855128164,23.808719635009766,23.808719635009766,1085,0.0,0.0,0.0
2020-07-29 00:00:00-04:00,23.81109991199195,24.066368103027344,23.81109991199195,24.066368103027344,1909,0.0,0.0,0.0
2020-07-30 00:00:00-04:00,23.849876403808594,23.849876403808594,23.849876403808594,23.849876403808594,170,0.0,0.0,0.0
2020-07-31 00:00:00-04:00,23.692192338652422,23.711431272885452,23.446345959613865,23.709348678588867,3604,0.0,0.0,0.0
2020-08-03 00:00:00-04:00,23.841644287109375,23.841644287109375,23.841644287109375,23.841644287109375,318,0.0,0.0,0.0
2020-08-04 00:00:00-04:00,23.948551177978516,23.948551177978516,23.948551177978516,23.948551177978516,194,0.0,0.0,0.0
2020-08-05 00:00:00-04:00,24.049110149053472,24.07886230648378,23.98692929386836,24.07876205444336,3812,0.0,0.0,0.0
2020-08-06 00:00:00-04:00,24.06011962890625,24.06011962890625,24.06011962890625,24.06011962890625,50,0.0,0.0,0.0
2020-08-07 00:00:00-04:00,24.18795033954078,24.34484100341797,24.18795033954078,24.34484100341797,482,0.0,0.0,0.0
2020-08-10 00:00:00-04:00,24.621826171875,24.621826171875,24.621826171875,24.621826171875,44,0.0,0.0,0.0
2020-08-11 00:00:00-04:00,24.792896926496827,25.011073738492748,24.624008178710938,24.624008178710938,1175,0.0,0.0,0.0
2020-08-12 00:00:00-04:00,24.842583193621426,24.878681495590516,24.842583193621426,24.8618221282959,289,0.0,0.0,0.0
2020-08-13 00:00:00-04:00,24.604470953123116,24.723477693422392,24.604470953123116,24.624305725097656,1126,0.0,0.0,0.0
2020-08-14 00:00:00-04:00,24.654057167359753,24.72347697570744,24.654057167359753,24.716238021850586,405,0.0,0.0,0.0
2020-08-17 00:00:00-04:00,24.40612997932537,24.768106071783773,24.40612997932537,24.614389419555664,985,0.0,0.0,0.0
2020-08-18 00:00:00-04:00,24.50539963675676,24.62549591064453,24.50539963675676,24.62549591064453,249,0.0,0.0,0.0
2020-08-19 00:00:00-04:00,24.59455393409603,24.61934834520813,23.65361473351259,24.469995498657227,1969,0.0,0.0,0.0
2020-08-20 00:00:00-04:00,24.331254959106445,24.331254959106445,24.331254959106445,24.331254959106445,288,0.0,0.0,0.0
2020-08-21 00:00:00-04:00,24.227619903288765,24.25737016989901,24.217702517236024,24.239124298095703,1238,0.0,0.0,0.0
2020-08-24 00:00:00-04:00,23.424330568868236,24.64076805114746,23.424330568868236,24.64076805114746,3372,0.0,0.0,0.0
2020-08-25 00:00:00-04:00,24.54496828896314,24.7047341032793,24.525133517182372,24.661495208740234,1550,0.0,0.0,0.0
2020-08-26 00:00:00-04:00,24.59634017944336,24.59634017944336,24.59634017944336,24.59634017944336,150,0.0,0.0,0.0
2020-08-27 00:00:00-04:00,24.70364249120207,24.768104553222656,24.68787454762968,24.768104553222656,1544,0.0,0.0,0.0
2020-08-28 00:00:00-04:00,24.705725345466007,24.888696670532227,24.705725345466007,24.888696670532227,1029,0.0,0.0,0.0
2020-08-31 00:00:00-04:00,24.74846839904785,24.74846839904785,24.74846839904785,24.74846839904785,139,0.0,0.0,0.0
2020-09-01 00:00:00-04:00,24.609429975730357,24.665559768676758,24.609429975730357,24.665559768676758,350,0.0,0.0,0.0
2020-09-02 00:00:00-04:00,23.077228953501937,25.01583480834961,23.077228953501937,25.01583480834961,1475,0.0,0.0,0.0
2020-09-03 00:00:00-04:00,25.04082713345194,25.204856502733033,24.45571458574249,24.588306427001953,1023,0.0,0.0,0.0
2020-09-04 00:00:00-04:00,24.480506660905586,24.658123016357422,24.366459558464083,24.658123016357422,604,0.0,0.0,0.0
2020-09-08 00:00:00-04:00,24.40335269714028,24.40335269714028,24.154233932495117,24.154233932495117,4531,0.0,0.0,0.0
2020-09-09 00:00:00-04:00,24.49538274358259,24.50728247147575,24.406128163966176,24.4648380279541,5767,0.0,0.0,0.0
2020-09-10 00:00:00-04:00,24.48050716679609,24.48050716679609,22.73012915818835,23.99030303955078,14335,0.0,0.0,0.0
2020-09-11 00:00:00-04:00,23.959855496205535,24.238130569458008,23.959855496205535,24.238130569458008,1300,0.0,0.0,0.0
2020-09-14 00:00:00-04:00,24.465631531399293,24.465631531399293,24.451251983642578,24.451251983642578,803,0.0,0.0,0.0
2020-09-15 00:00:00-04:00,24.445795912528684,24.49042320251465,24.445795912528684,24.49042320251465,1656,0.0,0.0,0.0
2020-09-16 00:00:00-04:00,24.75313034681932,24.75313034681932,24.51521711107865,24.596538543701172,406,0.0,0.0,0.0
2020-09-17 00:00:00-04:00,24.306956508809613,24.447978973388672,24.306956508809613,24.447978973388672,122,0.0,0.0,0.0
2020-09-18 00:00:00-04:00,24.33343505859375,24.33343505859375,24.33343505859375,24.33343505859375,121,0.0,0.0,0.0
2020-09-21 00:00:00-04:00,23.702010198524146,23.75328249891681,23.702010198524146,23.740489959716797,419,0.0,0.0,0.0
2020-09-22 00:00:00-04:00,23.74435591230427,23.773016647322095,23.69209244157152,23.75437355041504,1799,0.0,0.0,0.0
2020-09-23 00:00:00-04:00,23.81486724798643,23.81486724798643,22.958222994407176,22.979644775390625,347,0.0,0.0,0.0
2020-09-24 00:00:00-04:00,22.83921865852976,23.371074676513672,22.383028344934193,23.371074676513672,13867,0.0,0.0,0.0
2020-09-25 00:00:00-04:00,23.384660390140034,23.583499908447266,23.384660390140034,23.583499908447266,336,0.0,0.0,0.0
2020-09-28 00:00:00-04:00,22.600000381469727,24.21579933166504,22.600000381469727,23.760000228881836,6774,0.197,0.0,0.0
2020-09-29 00:00:00-04:00,23.639999389648438,23.639999389648438,23.520000457763672,23.520000457763672,1656,0.0,0.0,0.0
2020-09-30 00:00:00-04:00,23.989999771118164,24.219999313354492,23.90999984741211,24.04439926147461,5673,0.0,0.0,0.0
2020-10-01 00:00:00-04:00,24.026899337768555,24.026899337768555,23.892000198364258,23.892000198364258,518,0.0,0.0,0.0
2020-10-02 00:00:00-04:00,23.75,23.984899520874023,23.75,23.984899520874023,160,0.0,0.0,0.0
2020-10-05 00:00:00-04:00,24.049999237060547,24.475299835205078,24.049999237060547,24.475299835205078,748,0.0,0.0,0.0
2020-10-06 00:00:00-04:00,24.520000457763672,24.65999984741211,24.290000915527344,24.290000915527344,2946,0.0,0.0,0.0
2020-10-07 00:00:00-04:00,24.56999969482422,24.61210060119629,24.520000457763672,24.572799682617188,2944,0.0,0.0,0.0
2020-10-08 00:00:00-04:00,24.920000076293945,24.920000076293945,24.917999267578125,24.917999267578125,120,0.0,0.0,0.0
2020-10-09 00:00:00-04:00,25.0,25.0,24.809999465942383,24.846200942993164,1301,0.0,0.0,0.0
2020-10-12 00:00:00-04:00,25.15999984741211,25.15999984741211,25.114999771118164,25.146900177001953,454,0.0,0.0,0.0
2020-10-13 00:00:00-04:00,23.940000534057617,25.236900329589844,23.940000534057617,25.05620002746582,470,0.0,0.0,0.0
2020-10-14 00:00:00-04:00,25.1200008392334,25.1200008392334,25.118900299072266,25.118900299072266,156,0.0,0.0,0.0
2020-10-15 00:00:00-04:00,25.061599731445312,25.061599731445312,25.061599731445312,25.061599731445312,28,0.0,0.0,0.0
2020-10-16 00:00:00-04:00,25.10700035095215,25.10700035095215,24.955299377441406,24.955299377441406,435,0.0,0.0,0.0
2020-10-19 00:00:00-04:00,25.049999237060547,25.049999237060547,24.885499954223633,24.885499954223633,210,0.0,0.0,0.0
2020-10-20 00:00:00-04:00,25.059999465942383,25.076900482177734,24.670000076293945,24.83009910583496,10250,0.0,0.0,0.0
2020-10-21 00:00:00-04:00,24.8799991607666,25.045900344848633,24.700000762939453,24.75029945373535,2699,0.0,0.0,0.0
2020-10-22 00:00:00-04:00,24.75,24.842899322509766,24.75,24.842899322509766,474,0.0,0.0,0.0
2020-10-23 00:00:00-04:00,25.059999465942383,25.079999923706055,24.889999389648438,24.985300064086914,1564,0.0,0.0,0.0
2020-10-26 00:00:00-04:00,24.985300064086914,24.985300064086914,24.985300064086914,24.985300064086914,0,0.0,0.0,0.0
2020-10-27 00:00:00-04:00,24.985300064086914,24.985300064086914,24.985300064086914,24.985300064086914,0,0.0,0.0,0.0
2020-10-28 00:00:00-04:00,24.985300064086914,24.985300064086914,24.985300064086914,24.985300064086914,0,0.0,0.0,0.0
