Date,Open,High,Low,Close,Volume,Dividends,Stock Splits,Capital Gains
2017-07-20 00:00:00-04:00,25.6299991607666,25.6299991607666,24.31999969482422,24.31999969482422,4,0.0,0.0,0.0
2017-07-21 00:00:00-04:00,22.850000381469727,22.889999389648438,22.459999084472656,22.459999084472656,19,0.0,0.0,0.0
2017-07-24 00:00:00-04:00,22.459999084472656,22.459999084472656,22.459999084472656,22.459999084472656,0,0.0,0.0,0.0
2017-07-25 00:00:00-04:00,22.459999084472656,22.459999084472656,22.459999084472656,22.459999084472656,0,0.0,0.0,0.0
2017-07-26 00:00:00-04:00,22.459999084472656,22.459999084472656,22.459999084472656,22.459999084472656,0,0.0,0.0,0.0
2017-07-27 00:00:00-04:00,27.770000457763672,27.770000457763672,27.638999938964844,27.638999938964844,4,0.0,0.0,0.0
2017-07-28 00:00:00-04:00,27.638999938964844,27.638999938964844,27.638999938964844,27.638999938964844,0,0.0,0.0,0.0
2017-07-31 00:00:00-04:00,28.520000457763672,29.8700008392334,28.152000427246094,29.670000076293945,38,0.0,0.0,0.0
2017-08-01 00:00:00-04:00,29.670000076293945,29.670000076293945,29.670000076293945,29.670000076293945,3,0.0,0.0,0.0
2017-08-02 00:00:00-04:00,27.489999771118164,27.780000686645508,27.489999771118164,27.780000686645508,7,0.0,0.0,0.0
2017-08-03 00:00:00-04:00,28.969999313354492,28.969999313354492,28.969999313354492,28.969999313354492,8,0.0,0.0,0.0
2017-08-04 00:00:00-04:00,28.200000762939453,28.200000762939453,28.200000762939453,28.200000762939453,4,0.0,0.0,0.0
2017-08-07 00:00:00-04:00,27.65999984741211,27.65999984741211,27.65999984741211,27.65999984741211,2,0.0,0.0,0.0
2017-08-08 00:00:00-04:00,28.200000762939453,28.200000762939453,28.200000762939453,28.200000762939453,2,0.0,0.0,0.0
2017-08-09 00:00:00-04:00,28.479999542236328,28.489999771118164,28.45199966430664,28.461999893188477,64,0.0,0.0,0.0
2017-08-10 00:00:00-04:00,27.860000610351562,27.860000610351562,26.517000198364258,26.517000198364258,54,0.0,0.0,0.0
2017-08-11 00:00:00-04:00,26.517000198364258,26.517000198364258,26.517000198364258,26.517000198364258,0,0.0,0.0,0.0
2017-08-14 00:00:00-04:00,27.520000457763672,27.54800033569336,25.43000030517578,25.43000030517578,31,0.0,0.0,0.0
2017-08-15 00:00:00-04:00,24.389999389648438,25.149999618530273,24.389999389648438,25.149999618530273,43,0.0,0.0,0.0
2017-08-16 00:00:00-04:00,25.260000228881836,25.260000228881836,25.260000228881836,25.260000228881836,7,0.0,0.0,0.0
2017-08-17 00:00:00-04:00,24.059999465942383,24.260000228881836,24.059999465942383,24.260000228881836,22,0.0,0.0,0.0
2017-08-18 00:00:00-04:00,23.993000030517578,23.993000030517578,23.993000030517578,23.993000030517578,3,0.0,0.0,0.0
2017-08-21 00:00:00-04:00,25.229999542236328,25.3700008392334,24.229999542236328,24.732999801635742,34,0.0,0.0,0.0
2017-08-22 00:00:00-04:00,25.299999237060547,25.579999923706055,25.299999237060547,25.579999923706055,25,0.0,0.0,0.0
2017-08-23 00:00:00-04:00,25.360000610351562,25.420000076293945,25.360000610351562,25.420000076293945,3,0.0,0.0,0.0
2017-08-24 00:00:00-04:00,24.1200008392334,24.1200008392334,24.1200008392334,24.1200008392334,4,0.0,0.0,0.0
2017-08-25 00:00:00-04:00,24.1200008392334,24.1200008392334,24.1200008392334,24.1200008392334,0,0.0,0.0,0.0
2017-08-28 00:00:00-04:00,24.1200008392334,24.1200008392334,22.660999298095703,22.660999298095703,7,0.0,0.0,0.0
2017-08-29 00:00:00-04:00,22.660999298095703,22.660999298095703,22.660999298095703,22.660999298095703,0,0.0,0.0,0.0
2017-08-30 00:00:00-04:00,22.660999298095703,22.660999298095703,22.660999298095703,22.660999298095703,0,0.0,0.0,0.0
2017-08-31 00:00:00-04:00,23.639999389648438,24.079999923706055,23.639999389648438,23.68000030517578,10,0.0,0.0,0.0
2017-09-01 00:00:00-04:00,23.68000030517578,23.68000030517578,23.68000030517578,23.68000030517578,2,0.0,0.0,0.0
2017-09-05 00:00:00-04:00,26.059999465942383,26.5,26.059999465942383,26.159000396728516,13,0.0,0.0,0.0
2017-09-06 00:00:00-04:00,26.799999237060547,27.02199935913086,26.799999237060547,26.89900016784668,14,0.0,0.0,0.0
2017-09-07 00:00:00-04:00,26.496999740600586,26.929000854492188,26.496999740600586,26.847999572753906,10,0.0,0.0,0.0
2017-09-08 00:00:00-04:00,26.610000610351562,26.610000610351562,26.610000610351562,26.610000610351562,3,0.0,0.0,0.0
2017-09-11 00:00:00-04:00,23.760000228881836,23.760000228881836,23.760000228881836,23.760000228881836,4,0.0,0.0,0.0
2017-09-12 00:00:00-04:00,25.239999771118164,25.239999771118164,25.239999771118164,25.239999771118164,3,0.0,0.0,0.0
2017-09-13 00:00:00-04:00,26.996000289916992,26.996000289916992,26.996000289916992,26.996000289916992,6,0.0,0.0,0.0
2017-09-14 00:00:00-04:00,28.267000198364258,28.270000457763672,27.979999542236328,27.979999542236328,14,0.0,0.0,0.0
2017-09-15 00:00:00-04:00,27.770000457763672,27.770000457763672,27.770000457763672,27.770000457763672,2,0.0,0.0,0.0
2017-09-18 00:00:00-04:00,27.584999084472656,27.666000366210938,27.584999084472656,27.666000366210938,11,0.0,0.0,0.0
2017-09-19 00:00:00-04:00,27.83099937438965,27.83099937438965,27.332000732421875,27.350000381469727,7,0.0,0.0,0.0
2017-09-20 00:00:00-04:00,28.5,28.5,28.5,28.5,3,0.0,0.0,0.0
2017-09-21 00:00:00-04:00,28.260000228881836,28.260000228881836,28.260000228881836,28.260000228881836,2,0.0,0.0,0.0
2017-09-22 00:00:00-04:00,28.381000518798828,28.381000518798828,28.381000518798828,28.381000518798828,3,0.0,0.0,0.0
2017-09-25 00:00:00-04:00,29.989999771118164,30.891000747680664,29.989999771118164,30.889999389648438,28,0.0,0.0,0.0
2017-09-26 00:00:00-04:00,30.889999389648438,30.889999389648438,30.889999389648438,30.889999389648438,0,0.0,0.0,0.0
2017-09-27 00:00:00-04:00,30.770000457763672,30.770000457763672,30.739999771118164,30.739999771118164,4,0.0,0.0,0.0
2017-09-28 00:00:00-04:00,31.56399917602539,31.56399917602539,31.3799991607666,31.3799991607666,10,0.0,0.0,0.0
2017-09-29 00:00:00-04:00,29.6200008392334,29.6200008392334,29.6200008392334,29.6200008392334,2,0.0,0.0,0.0
2017-10-02 00:00:00-04:00,29.6200008392334,29.6200008392334,29.6200008392334,29.6200008392334,0,0.0,0.0,0.0
2017-10-03 00:00:00-04:00,27.790000915527344,27.790000915527344,27.76300048828125,27.76300048828125,17,0.0,0.0,0.0
2017-10-04 00:00:00-04:00,27.3700008392334,27.459999084472656,27.3700008392334,27.459999084472656,5,0.0,0.0,0.0
2017-10-05 00:00:00-04:00,28.58099937438965,28.58099937438965,28.312000274658203,28.312000274658203,13,0.0,0.0,0.0
2017-10-06 00:00:00-04:00,26.0,26.0,26.0,26.0,5,0.0,0.0,0.0
2017-10-09 00:00:00-04:00,26.447999954223633,26.447999954223633,26.410999298095703,26.410999298095703,4,0.0,0.0,0.0
2017-10-10 00:00:00-04:00,27.850000381469727,28.299999237060547,27.850000381469727,28.299999237060547,63,0.0,0.0,0.0
2017-10-11 00:00:00-04:00,28.299999237060547,28.299999237060547,28.299999237060547,28.299999237060547,0,0.0,0.0,0.0
2017-10-12 00:00:00-04:00,28.079999923706055,28.079999923706055,27.260000228881836,27.365999221801758,76,0.0,0.0,0.0
2017-10-13 00:00:00-04:00,29.06999969482422,29.06999969482422,29.06999969482422,29.06999969482422,2,0.0,0.0,0.0
2017-10-16 00:00:00-04:00,30.316999435424805,30.329999923706055,29.959999084472656,30.125,87,0.0,0.0,0.0
2017-10-17 00:00:00-04:00,30.350000381469727,30.350000381469727,28.93000030517578,30.059999465942383,22,0.0,0.0,0.0
2017-10-18 00:00:00-04:00,30.469999313354492,30.579999923706055,29.940000534057617,30.139999389648438,13,0.0,0.0,0.0
2017-10-19 00:00:00-04:00,28.799999237060547,29.020000457763672,28.799999237060547,29.020000457763672,8,0.0,0.0,0.0
2017-10-20 00:00:00-04:00,29.030000686645508,29.600000381469727,29.030000686645508,29.600000381469727,4,0.0,0.0,0.0
2017-10-23 00:00:00-04:00,29.600000381469727,29.600000381469727,29.600000381469727,29.600000381469727,0,0.0,0.0,0.0
2017-10-24 00:00:00-04:00,29.75,30.450000762939453,29.75,30.450000762939453,3,0.0,0.0,0.0
2017-10-25 00:00:00-04:00,29.969999313354492,29.969999313354492,29.969999313354492,29.969999313354492,2,0.0,0.0,0.0
2017-10-26 00:00:00-04:00,29.969999313354492,29.969999313354492,29.969999313354492,29.969999313354492,0,0.0,0.0,0.0
2017-10-27 00:00:00-04:00,32.09000015258789,32.09000015258789,32.09000015258789,32.09000015258789,3,0.0,0.0,0.0
2017-10-30 00:00:00-04:00,33.150001525878906,33.150001525878906,32.90999984741211,32.90999984741211,13,0.0,0.0,0.0
2017-10-31 00:00:00-04:00,33.2400016784668,33.5,33.22999954223633,33.5,13,0.0,0.0,0.0
2017-11-01 00:00:00-04:00,35.119998931884766,35.119998931884766,33.15999984741211,33.61000061035156,37,0.0,0.0,0.0
2017-11-02 00:00:00-04:00,33.70000076293945,33.70000076293945,33.70000076293945,33.70000076293945,4,0.0,0.0,0.0
2017-11-03 00:00:00-04:00,33.70000076293945,33.70000076293945,33.70000076293945,33.70000076293945,0,0.0,0.0,0.0
2017-11-06 00:00:00-05:00,36.4900016784668,39.52000045776367,36.4900016784668,39.52000045776367,78,0.0,0.0,0.0
2017-11-07 00:00:00-05:00,39.2599983215332,39.720001220703125,38.70000076293945,39.43000030517578,26,0.0,0.0,0.0
2017-11-08 00:00:00-05:00,38.689998626708984,38.81999969482422,38.380001068115234,38.380001068115234,22,0.0,0.0,0.0
2017-11-09 00:00:00-05:00,39.470001220703125,39.470001220703125,38.95000076293945,38.95000076293945,20,0.0,0.0,0.0
2017-11-10 00:00:00-05:00,39.09000015258789,39.09000015258789,38.5,38.5,10,0.0,0.0,0.0
2017-11-13 00:00:00-05:00,38.7400016784668,38.7400016784668,37.66999816894531,38.45000076293945,14,0.0,0.0,0.0
2017-11-14 00:00:00-05:00,37.31999969482422,37.31999969482422,35.2400016784668,35.79999923706055,63,0.0,0.0,0.0
2017-11-15 00:00:00-05:00,35.099998474121094,35.630001068115234,34.91999816894531,35.27000045776367,36,0.0,0.0,0.0
2017-11-16 00:00:00-05:00,35.459999084472656,35.95000076293945,35.060001373291016,35.130001068115234,103,0.0,0.0,0.0
2017-11-17 00:00:00-05:00,36.59000015258789,37.63999938964844,36.380001068115234,37.63999938964844,29,0.0,0.0,0.0
2017-11-20 00:00:00-05:00,36.720001220703125,36.79999923706055,36.41699981689453,36.560001373291016,33,0.0,0.0,0.0
2017-11-21 00:00:00-05:00,37.38999938964844,38.54999923706055,37.38999938964844,38.130001068115234,63,0.0,0.0,0.0
2017-11-22 00:00:00-05:00,39.369998931884766,40.279998779296875,39.220001220703125,39.900001525878906,47,0.0,0.0,0.0
2017-11-24 00:00:00-05:00,41.41999816894531,42.09000015258789,41.41999816894531,42.09000015258789,11,0.0,0.0,0.0
2017-11-27 00:00:00-05:00,40.4900016784668,40.58000183105469,39.599998474121094,40.099998474121094,42,0.0,0.0,0.0
2017-11-28 00:00:00-05:00,39.90999984741211,40.29999923706055,39.81999969482422,40.29999923706055,24,0.0,0.0,0.0
2017-11-29 00:00:00-05:00,39.9900016784668,40.40999984741211,37.70000076293945,38.880001068115234,105,0.0,0.0,0.0
2017-11-30 00:00:00-05:00,39.58000183105469,39.637001037597656,38.18000030517578,38.58000183105469,70,0.0,0.0,0.0
2017-12-01 00:00:00-05:00,41.65999984741211,41.7599983215332,40.290000915527344,40.720001220703125,35,0.0,0.0,0.0
2017-12-04 00:00:00-05:00,39.65999984741211,39.65999984741211,39.0099983215332,39.0099983215332,30,0.0,0.0,0.0
2017-12-05 00:00:00-05:00,39.07500076293945,39.75,39.0,39.75,19,0.0,0.0,0.0
2017-12-06 00:00:00-05:00,37.9900016784668,37.9900016784668,36.61000061035156,36.61000061035156,25,0.0,0.0,0.0
2017-12-07 00:00:00-05:00,36.5,37.310001373291016,36.5,37.310001373291016,7,0.0,0.0,0.0
2017-12-08 00:00:00-05:00,38.441001892089844,38.5,38.441001892089844,38.5,6,0.0,0.0,0.0
2017-12-11 00:00:00-05:00,39.38999938964844,39.4900016784668,39.380001068115234,39.380001068115234,22,0.0,0.0,0.0
2017-12-12 00:00:00-05:00,39.40999984741211,39.40999984741211,37.810001373291016,37.849998474121094,31,0.0,0.0,0.0
2017-12-13 00:00:00-05:00,37.79999923706055,37.79999923706055,37.09000015258789,37.09000015258789,14,0.0,0.0,0.0
2017-12-14 00:00:00-05:00,36.459999084472656,37.540000915527344,36.400001525878906,37.470001220703125,44,0.0,0.0,0.0
2017-12-15 00:00:00-05:00,38.590999603271484,38.590999603271484,37.79999923706055,38.29999923706055,50,0.0,0.0,0.0
2017-12-18 00:00:00-05:00,38.529998779296875,38.97999954223633,37.61000061035156,37.900001525878906,129,0.0,0.0,0.0
2017-12-19 00:00:00-05:00,38.689998626708984,38.689998626708984,38.584999084472656,38.584999084472656,6,0.0,0.0,0.0
2017-12-20 00:00:00-05:00,38.584999084472656,38.584999084472656,38.584999084472656,38.584999084472656,1,0.0,0.0,0.0
2017-12-21 00:00:00-05:00,40.012001037597656,40.220001220703125,40.012001037597656,40.220001220703125,3,0.0,0.0,0.0
2017-12-22 00:00:00-05:00,40.220001220703125,40.220001220703125,40.220001220703125,40.220001220703125,0,0.0,0.0,0.0
2017-12-26 00:00:00-05:00,40.220001220703125,40.220001220703125,40.220001220703125,40.220001220703125,0,0.0,0.0,0.0
2017-12-27 00:00:00-05:00,43.38800048828125,43.38800048828125,43.38800048828125,43.38800048828125,6,0.0,0.0,0.0
2017-12-28 00:00:00-05:00,42.95000076293945,42.9900016784668,42.95000076293945,42.9900016784668,6,0.0,0.0,0.0
2017-12-29 00:00:00-05:00,42.9900016784668,42.9900016784668,42.9900016784668,42.9900016784668,0,0.0,0.0,0.0
2018-01-02 00:00:00-05:00,42.9900016784668,42.9900016784668,42.9900016784668,42.9900016784668,0,0.0,0.0,0.0
2018-01-03 00:00:00-05:00,42.9900016784668,42.9900016784668,42.9900016784668,42.9900016784668,0,0.0,0.0,0.0
2018-01-04 00:00:00-05:00,47.65999984741211,48.459999084472656,47.65999984741211,48.380001068115234,13,0.0,0.0,0.0
2018-01-05 00:00:00-05:00,47.01599884033203,47.20899963378906,47.01599884033203,47.09299850463867,10,0.0,0.0,0.0
2018-01-08 00:00:00-05:00,47.529998779296875,48.02000045776367,47.529998779296875,48.02000045776367,12,0.0,0.0,0.0
2018-01-09 00:00:00-05:00,48.189998626708984,51.04899978637695,48.189998626708984,50.40999984741211,30,0.0,0.0,0.0
2018-01-10 00:00:00-05:00,51.630001068115234,51.95000076293945,51.369998931884766,51.369998931884766,14,0.0,0.0,0.0
2018-01-11 00:00:00-05:00,53.8129997253418,54.36000061035156,52.0,52.0890007019043,59,0.0,0.0,0.0
2018-01-12 00:00:00-05:00,52.095001220703125,54.18899917602539,52.0,54.12900161743164,30,0.0,0.0,0.0
2018-01-16 00:00:00-05:00,53.36000061035156,53.68899917602539,52.0,52.0,43,0.0,0.0,0.0
2018-01-17 00:00:00-05:00,52.34000015258789,52.349998474121094,52.34000015258789,52.349998474121094,7,0.0,0.0,0.0
2018-01-18 00:00:00-05:00,52.65999984741211,53.060001373291016,51.99800109863281,53.060001373291016,11,0.0,0.0,0.0
2018-01-19 00:00:00-05:00,51.52000045776367,52.02000045776367,51.209999084472656,52.02000045776367,15,0.0,0.0,0.0
2018-01-22 00:00:00-05:00,51.13999938964844,52.854000091552734,51.13999938964844,52.599998474121094,19,0.0,0.0,0.0
2018-01-23 00:00:00-05:00,53.540000915527344,54.869998931884766,53.540000915527344,54.869998931884766,27,0.0,0.0,0.0
2018-01-24 00:00:00-05:00,54.689998626708984,58.26100158691406,54.689998626708984,58.26100158691406,22,0.0,0.0,0.0
2018-01-25 00:00:00-05:00,59.130001068115234,59.130001068115234,56.3390007019043,56.3390007019043,30,0.0,0.0,0.0
2018-01-26 00:00:00-05:00,57.08000183105469,57.29999923706055,57.08000183105469,57.29999923706055,13,0.0,0.0,0.0
2018-01-29 00:00:00-05:00,57.141998291015625,57.15999984741211,56.459999084472656,57.15999984741211,16,0.0,0.0,0.0
2018-01-30 00:00:00-05:00,53.987998962402344,54.43199920654297,53.70000076293945,54.05699920654297,82,0.0,0.0,0.0
2018-01-31 00:00:00-05:00,54.09000015258789,55.20000076293945,53.209999084472656,55.20000076293945,17,0.0,0.0,0.0
2018-02-01 00:00:00-05:00,57.154998779296875,58.400001525878906,56.86000061035156,58.400001525878906,15,0.0,0.0,0.0
2018-02-02 00:00:00-05:00,56.86000061035156,56.86000061035156,54.4900016784668,56.150001525878906,20,0.0,0.0,0.0
2018-02-05 00:00:00-05:00,55.16999816894531,55.90999984741211,52.13999938964844,52.13999938964844,12,0.0,0.0,0.0
2018-02-06 00:00:00-05:00,52.349998474121094,53.0,51.43000030517578,51.71500015258789,22,0.0,0.0,0.0
2018-02-07 00:00:00-05:00,47.7599983215332,47.81999969482422,47.551998138427734,47.551998138427734,5,0.0,0.0,0.0
2018-02-08 00:00:00-05:00,48.029998779296875,48.029998779296875,45.0,45.0,42,0.0,0.0,0.0
2018-02-09 00:00:00-05:00,44.36399841308594,44.36399841308594,41.04999923706055,41.73099899291992,32,0.0,0.0,0.0
2018-02-12 00:00:00-05:00,43.49399948120117,43.49399948120117,43.20000076293945,43.20000076293945,6,0.0,0.0,0.0
2018-02-13 00:00:00-05:00,43.20000076293945,43.20000076293945,43.20000076293945,43.20000076293945,0,0.0,0.0,0.0
2018-02-14 00:00:00-05:00,40.189998626708984,45.29999923706055,40.0890007019043,45.29999923706055,85,0.0,0.0,0.0
2018-02-15 00:00:00-05:00,44.02000045776367,46.93600082397461,44.02000045776367,46.93600082397461,11,0.0,0.0,0.0
2018-02-16 00:00:00-05:00,47.1150016784668,47.43299865722656,47.04899978637695,47.43299865722656,7,0.0,0.0,0.0
2018-02-20 00:00:00-05:00,47.83100128173828,47.87300109863281,47.83100128173828,47.87300109863281,34,0.0,0.0,0.0
2018-02-21 00:00:00-05:00,47.87300109863281,47.87300109863281,47.87300109863281,47.87300109863281,0,0.0,0.0,0.0
2018-02-22 00:00:00-05:00,47.95399856567383,50.4119987487793,47.95399856567383,50.00899887084961,48,0.0,0.0,0.0
2018-02-23 00:00:00-05:00,52.060001373291016,52.060001373291016,51.52000045776367,52.04899978637695,10,0.0,0.0,0.0
2018-02-26 00:00:00-05:00,52.119998931884766,52.119998931884766,51.9900016784668,51.9900016784668,3,0.0,0.0,0.0
2018-02-27 00:00:00-05:00,52.68000030517578,52.70000076293945,50.3650016784668,50.60499954223633,13,0.0,0.0,0.0
2018-02-28 00:00:00-05:00,50.60499954223633,50.60499954223633,50.60499954223633,50.60499954223633,0,0.0,0.0,0.0
2018-03-01 00:00:00-05:00,45.130001068115234,46.209999084472656,44.11899948120117,46.209999084472656,23,0.0,0.0,0.0
2018-03-02 00:00:00-05:00,44.84000015258789,44.84000015258789,44.84000015258789,44.84000015258789,2,0.0,0.0,0.0
2018-03-05 00:00:00-05:00,49.68899917602539,49.68899917602539,49.24100112915039,49.31800079345703,5,0.0,0.0,0.0
2018-03-06 00:00:00-05:00,49.31800079345703,49.31800079345703,49.31800079345703,49.31800079345703,0,0.0,0.0,0.0
2018-03-07 00:00:00-05:00,49.31800079345703,49.31800079345703,49.31800079345703,49.31800079345703,0,0.0,0.0,0.0
2018-03-08 00:00:00-05:00,44.43000030517578,44.80500030517578,43.92100143432617,43.92100143432617,10,0.0,0.0,0.0
2018-03-09 00:00:00-05:00,46.0,47.97999954223633,45.900001525878906,47.97999954223633,7,0.0,0.0,0.0
2018-03-12 00:00:00-04:00,46.47999954223633,46.525001525878906,46.47999954223633,46.525001525878906,4,0.0,0.0,0.0
2018-03-13 00:00:00-04:00,44.560001373291016,44.560001373291016,44.560001373291016,44.560001373291016,2,0.0,0.0,0.0
2018-03-14 00:00:00-04:00,45.43000030517578,45.43000030517578,44.709999084472656,44.709999084472656,8,0.0,0.0,0.0
2018-03-15 00:00:00-04:00,44.709999084472656,44.709999084472656,44.709999084472656,44.709999084472656,0,0.0,0.0,0.0
2018-03-16 00:00:00-04:00,46.29999923706055,48.65299987792969,46.29999923706055,48.65299987792969,7,0.0,0.0,0.0
2018-03-19 00:00:00-04:00,48.65299987792969,48.65299987792969,48.65299987792969,48.65299987792969,0,0.0,0.0,0.0
2018-03-20 00:00:00-04:00,51.810001373291016,51.95000076293945,51.540000915527344,51.540000915527344,10,0.0,0.0,0.0
2018-03-21 00:00:00-04:00,53.369998931884766,56.16999816894531,53.349998474121094,56.16999816894531,16,0.0,0.0,0.0
2018-03-22 00:00:00-04:00,54.02000045776367,54.02000045776367,53.619998931884766,53.619998931884766,124,0.0,0.0,0.0
2018-03-23 00:00:00-04:00,55.779998779296875,57.29999923706055,55.779998779296875,57.29999923706055,9,0.0,0.0,0.0
2018-03-26 00:00:00-04:00,56.70000076293945,56.70000076293945,56.060001373291016,56.65999984741211,18,0.0,0.0,0.0
2018-03-27 00:00:00-04:00,55.20000076293945,55.20000076293945,53.540000915527344,53.540000915527344,16,0.0,0.0,0.0
2018-03-28 00:00:00-04:00,53.599998474121094,53.599998474121094,53.2599983215332,53.2599983215332,8,0.0,0.0,0.0
2018-03-29 00:00:00-04:00,53.2599983215332,53.2599983215332,53.2599983215332,53.2599983215332,0,0.0,0.0,0.0
2018-04-02 00:00:00-04:00,51.220001220703125,51.220001220703125,50.400001525878906,50.400001525878906,8,0.0,0.0,0.0
2018-04-03 00:00:00-04:00,50.619998931884766,50.619998931884766,50.619998931884766,50.619998931884766,1,0.0,0.0,0.0
2018-04-04 00:00:00-04:00,50.619998931884766,50.619998931884766,50.619998931884766,50.619998931884766,0,0.0,0.0,0.0
2018-04-05 00:00:00-04:00,52.09000015258789,52.09000015258789,52.09000015258789,52.09000015258789,3,0.0,0.0,0.0
2018-04-06 00:00:00-04:00,52.09000015258789,52.09000015258789,52.09000015258789,52.09000015258789,0,0.0,0.0,0.0
2018-04-09 00:00:00-04:00,50.79800033569336,50.970001220703125,50.380001068115234,50.380001068115234,104,0.0,0.0,0.0
2018-04-10 00:00:00-04:00,54.12200164794922,56.17499923706055,54.12200164794922,56.17499923706055,3,0.0,0.0,0.0
2018-04-11 00:00:00-04:00,57.90999984741211,59.65999984741211,57.90999984741211,59.15700149536133,28,0.0,0.0,0.0
2018-04-12 00:00:00-04:00,58.22999954223633,59.79999923706055,58.22999954223633,59.79999923706055,18,0.0,0.0,0.0
2018-04-13 00:00:00-04:00,60.060001373291016,60.83000183105469,59.93000030517578,60.1349983215332,17,0.0,0.0,0.0
2018-04-16 00:00:00-04:00,59.220001220703125,59.220001220703125,59.220001220703125,59.220001220703125,3,0.0,0.0,0.0
2018-04-17 00:00:00-04:00,57.97600173950195,58.25,57.55799865722656,58.25,5,0.0,0.0,0.0
2018-04-18 00:00:00-04:00,61.959999084472656,64.2699966430664,61.560001373291016,64.2699966430664,10,0.0,0.0,0.0
2018-04-19 00:00:00-04:00,63.935001373291016,65.12000274658203,62.560001373291016,62.560001373291016,28,0.0,0.0,0.0
2018-04-20 00:00:00-04:00,61.25,61.41999816894531,60.7599983215332,61.41999816894531,12,0.0,0.0,0.0
2018-04-23 00:00:00-04:00,60.599998474121094,64.3499984741211,60.599998474121094,64.3499984741211,38,0.0,0.0,0.0
2018-04-24 00:00:00-04:00,63.91999816894531,64.0,60.93199920654297,61.560001373291016,17,0.0,0.0,0.0
2018-04-25 00:00:00-04:00,60.0,60.369998931884766,60.0,60.369998931884766,9,0.0,0.0,0.0
2018-04-26 00:00:00-04:00,62.43000030517578,62.654998779296875,62.43000030517578,62.529998779296875,16,0.0,0.0,0.0
2018-04-27 00:00:00-04:00,61.599998474121094,61.599998474121094,61.599998474121094,61.599998474121094,9,0.0,0.0,0.0
2018-04-30 00:00:00-04:00,65.11000061035156,65.11000061035156,63.25,63.25,32,0.0,0.0,0.0
2018-05-01 00:00:00-04:00,61.63999938964844,61.63999938964844,59.9900016784668,60.0,32,0.0,0.0,0.0
2018-05-02 00:00:00-04:00,59.779998779296875,62.36000061035156,59.209999084472656,61.64899826049805,53,0.0,0.0,0.0
2018-05-03 00:00:00-04:00,60.9010009765625,61.005001068115234,60.029998779296875,60.88999938964844,26,0.0,0.0,0.0
2018-05-04 00:00:00-04:00,66.80000305175781,66.91999816894531,66.56300354003906,66.75,24,0.0,0.0,0.0
2018-05-07 00:00:00-04:00,68.5199966430664,69.68000030517578,66.31999969482422,66.87999725341797,196,0.0,0.0,0.0
2018-05-08 00:00:00-04:00,68.1500015258789,68.1500015258789,61.020999908447266,66.84500122070312,268,0.0,0.0,0.0
2018-05-09 00:00:00-04:00,69.27999877929688,70.92500305175781,69.27999877929688,70.50800323486328,69,0.0,0.0,0.0
2018-05-10 00:00:00-04:00,70.69999694824219,70.69999694824219,69.70899963378906,69.86900329589844,59,0.0,0.0,0.0
2018-05-11 00:00:00-04:00,70.66000366210938,71.00900268554688,69.0,69.0,23,0.0,0.0,0.0
2018-05-14 00:00:00-04:00,69.55999755859375,70.70999908447266,69.55500030517578,70.66999816894531,135,0.0,0.0,0.0
2018-05-15 00:00:00-04:00,70.58999633789062,71.5,69.54399871826172,70.875,79,0.0,0.0,0.0
2018-05-16 00:00:00-04:00,70.30999755859375,71.9800033569336,69.7300033569336,71.94999694824219,62,0.0,0.0,0.0
2018-05-17 00:00:00-04:00,73.22000122070312,73.71499633789062,71.11000061035156,72.3499984741211,218,0.0,0.0,0.0
2018-05-18 00:00:00-04:00,71.62000274658203,71.94999694824219,71.35399627685547,71.49299621582031,59,0.0,0.0,0.0
2018-05-21 00:00:00-04:00,72.27999877929688,74.91999816894531,72.12000274658203,74.86900329589844,121,0.0,0.0,0.0
2018-05-22 00:00:00-04:00,74.83999633789062,75.95999908447266,73.36000061035156,73.4000015258789,104,0.0,0.0,0.0
2018-05-23 00:00:00-04:00,72.93000030517578,72.93000030517578,71.69100189208984,72.41999816894531,51,0.0,0.0,0.0
2018-05-24 00:00:00-04:00,69.22000122070312,70.5250015258789,69.22000122070312,69.22599792480469,115,0.0,0.0,0.0
2018-05-25 00:00:00-04:00,63.790000915527344,63.8849983215332,59.88100051879883,60.630001068115234,229,0.0,0.0,0.0
2018-05-29 00:00:00-04:00,58.720001220703125,58.849998474121094,55.88100051879883,58.099998474121094,77,0.0,0.0,0.0
2018-05-30 00:00:00-04:00,59.11899948120117,62.34000015258789,59.09000015258789,62.310001373291016,165,0.0,0.0,0.0
2018-05-31 00:00:00-04:00,58.9900016784668,60.95000076293945,57.880001068115234,58.689998626708984,99,0.0,0.0,0.0
2018-06-01 00:00:00-04:00,56.560001373291016,57.72999954223633,54.55099868774414,54.55099868774414,125,0.0,0.0,0.0
2018-06-04 00:00:00-04:00,55.2400016784668,55.2400016784668,52.66999816894531,53.125,42,0.0,0.0,0.0
2018-06-05 00:00:00-04:00,52.0,54.56999969482422,52.0,54.20000076293945,297,0.0,0.0,0.0
2018-06-06 00:00:00-04:00,53.810001373291016,54.00199890136719,51.58599853515625,53.119998931884766,190,0.0,0.0,0.0
2018-06-07 00:00:00-04:00,53.880001068115234,55.60300064086914,53.880001068115234,55.60300064086914,31,0.0,0.0,0.0
2018-06-08 00:00:00-04:00,55.380001068115234,56.13800048828125,53.84000015258789,55.18000030517578,85,0.0,0.0,0.0
2018-06-11 00:00:00-04:00,53.165000915527344,56.20000076293945,53.165000915527344,55.779998779296875,30,0.0,0.0,0.0
2018-06-12 00:00:00-04:00,55.58000183105469,57.1870002746582,55.58000183105469,56.185001373291016,185,0.0,0.0,0.0
2018-06-13 00:00:00-04:00,55.54999923706055,57.38999938964844,55.54999923706055,57.15999984741211,63,0.0,0.0,0.0
2018-06-14 00:00:00-04:00,58.2400016784668,58.2400016784668,56.266998291015625,57.808998107910156,41,0.0,0.0,0.0
2018-06-15 00:00:00-04:00,56.65999984741211,56.65999984741211,51.68199920654297,52.04999923706055,57,0.0,0.0,0.0
2018-06-18 00:00:00-04:00,53.369998931884766,54.729000091552734,52.810001373291016,54.729000091552734,23,0.0,0.0,0.0
2018-06-19 00:00:00-04:00,52.38100051879883,53.290000915527344,51.560001373291016,52.849998474121094,104,0.0,0.0,0.0
2018-06-20 00:00:00-04:00,55.38999938964844,56.150001525878906,53.5,54.470001220703125,121,0.0,0.0,0.0
2018-06-21 00:00:00-04:00,52.91999816894531,56.099998474121094,52.79999923706055,54.54999923706055,102,0.0,0.0,0.0
2018-06-22 00:00:00-04:00,59.630001068115234,63.790000915527344,58.93000030517578,63.6609992980957,95,0.0,0.0,0.0
2018-06-25 00:00:00-04:00,63.79999923706055,63.79999923706055,60.720001220703125,60.93000030517578,41,0.0,0.0,0.0
2018-06-26 00:00:00-04:00,62.0,67.0199966430664,61.0,66.97000122070312,97,0.0,0.0,0.0
2018-06-27 00:00:00-04:00,70.19999694824219,74.18000030517578,70.19999694824219,71.98100280761719,155,0.0,0.0,0.0
2018-06-28 00:00:00-04:00,73.58999633789062,77.1500015258789,73.58999633789062,75.23999786376953,215,0.0,0.0,0.0
2018-06-29 00:00:00-04:00,76.6500015258789,78.47899627685547,76.37999725341797,78.22000122070312,93,0.0,0.0,0.0
2018-07-02 00:00:00-04:00,77.62999725341797,77.85099792480469,75.68000030517578,76.91000366210938,92,0.0,0.0,0.0
2018-07-03 00:00:00-04:00,80.41000366210938,80.79000091552734,73.94999694824219,76.37999725341797,203,0.0,0.0,0.0
2018-07-05 00:00:00-04:00,77.37999725341797,78.26000213623047,72.94000244140625,74.1709976196289,162,0.0,0.0,0.0
2018-07-06 00:00:00-04:00,72.9489974975586,76.80000305175781,72.50399780273438,76.5999984741211,71,0.0,0.0,0.0
2018-07-09 00:00:00-04:00,76.81999969482422,77.73999786376953,74.9000015258789,77.73999786376953,61,0.0,0.0,0.0
2018-07-10 00:00:00-04:00,77.73999786376953,78.39800262451172,77.73999786376953,78.2300033569336,48,0.0,0.0,0.0
2018-07-11 00:00:00-04:00,75.45999908447266,76.31999969482422,66.0,66.86900329589844,91,0.0,0.0,0.0
2018-07-12 00:00:00-04:00,67.0,68.24099731445312,64.3010025024414,67.58899688720703,60,0.0,0.0,0.0
2018-07-13 00:00:00-04:00,68.16000366210938,70.44000244140625,67.96299743652344,70.44000244140625,44,0.0,0.0,0.0
2018-07-16 00:00:00-04:00,64.8499984741211,64.90499877929688,60.875,61.61899948120117,134,0.0,0.0,0.0
2018-07-17 00:00:00-04:00,59.77000045776367,62.23099899291992,59.400001525878906,61.900001525878906,162,0.0,0.0,0.0
2018-07-18 00:00:00-04:00,59.77000045776367,63.2400016784668,59.77000045776367,63.2400016784668,27,0.0,0.0,0.0
2018-07-19 00:00:00-04:00,63.119998931884766,65.56999969482422,62.45000076293945,63.47999954223633,162,0.0,0.0,0.0
2018-07-20 00:00:00-04:00,64.38999938964844,64.38999938964844,63.02000045776367,64.0199966430664,25,0.0,0.0,0.0
2018-07-23 00:00:00-04:00,66.31500244140625,66.41999816894531,62.70000076293945,63.007999420166016,72,0.0,0.0,0.0
2018-07-24 00:00:00-04:00,63.95899963378906,66.12999725341797,63.790000915527344,64.73300170898438,16,0.0,0.0,0.0
2018-07-25 00:00:00-04:00,65.41999816894531,68.38999938964844,64.14199829101562,67.0,54,0.0,0.0,0.0
2018-07-26 00:00:00-04:00,67.12999725341797,68.08000183105469,67.05999755859375,67.9000015258789,24,0.0,0.0,0.0
2018-07-27 00:00:00-04:00,67.91000366210938,68.3489990234375,64.11499786376953,65.8499984741211,60,0.0,0.0,0.0
2018-07-30 00:00:00-04:00,69.87999725341797,70.11799621582031,69.00900268554688,69.12999725341797,25,0.0,0.0,0.0
2018-07-31 00:00:00-04:00,66.83000183105469,66.83000183105469,65.23999786376953,65.4000015258789,58,0.0,0.0,0.0
2018-08-01 00:00:00-04:00,62.29999923706055,63.970001220703125,61.22999954223633,62.95000076293945,38,0.0,0.0,0.0
2018-08-02 00:00:00-04:00,62.29999923706055,66.52899932861328,62.29999923706055,66.04900360107422,37,0.0,0.0,0.0
2018-08-03 00:00:00-04:00,65.12100219726562,66.0009994506836,63.742000579833984,65.1500015258789,76,0.0,0.0,0.0
2018-08-06 00:00:00-04:00,66.66000366210938,68.30000305175781,65.69100189208984,65.69100189208984,159,0.0,0.0,0.0
2018-08-07 00:00:00-04:00,67.19000244140625,67.75,66.24500274658203,66.24500274658203,81,0.0,0.0,0.0
2018-08-08 00:00:00-04:00,63.810001373291016,63.810001373291016,58.79499816894531,60.202999114990234,276,0.0,0.0,0.0
2018-08-09 00:00:00-04:00,61.2400016784668,61.2400016784668,59.75,59.790000915527344,37,0.0,0.0,0.0
2018-08-10 00:00:00-04:00,61.5,62.625,61.5,62.310001373291016,79,0.0,0.0,0.0
2018-08-13 00:00:00-04:00,61.470001220703125,61.470001220703125,56.970001220703125,61.349998474121094,144,0.0,0.0,0.0
2018-08-14 00:00:00-04:00,64.0999984741211,64.0999984741211,60.0,61.00899887084961,109,0.0,0.0,0.0
2018-08-15 00:00:00-04:00,58.40999984741211,58.40999984741211,54.09000015258789,55.08000183105469,167,0.0,0.0,0.0
2018-08-16 00:00:00-04:00,55.66899871826172,56.5,55.0,56.45000076293945,23,0.0,0.0,0.0
2018-08-17 00:00:00-04:00,58.459999084472656,58.459999084472656,57.0,57.150001525878906,59,0.0,0.0,0.0
2018-08-20 00:00:00-04:00,57.119998931884766,58.189998626708984,57.119998931884766,57.86000061035156,65,0.0,0.0,0.0
2018-08-21 00:00:00-04:00,60.33000183105469,60.45800018310547,58.560001373291016,58.560001373291016,105,0.0,0.0,0.0
2018-08-22 00:00:00-04:00,62.56999969482422,64.67900085449219,62.13999938964844,64.49700164794922,102,0.0,0.0,0.0
2018-08-23 00:00:00-04:00,63.22100067138672,64.70999908447266,63.1510009765625,64.70999908447266,13,0.0,0.0,0.0
2018-08-24 00:00:00-04:00,67.4000015258789,68.05000305175781,65.94000244140625,66.3499984741211,68,0.0,0.0,0.0
2018-08-27 00:00:00-04:00,66.97000122070312,67.09300231933594,66.5,67.09300231933594,37,0.0,0.0,0.0
2018-08-28 00:00:00-04:00,67.55000305175781,67.55000305175781,66.19999694824219,66.47000122070312,39,0.0,0.0,0.0
2018-08-29 00:00:00-04:00,67.80000305175781,69.55000305175781,67.33999633789062,69.55000305175781,46,0.0,0.0,0.0
2018-08-30 00:00:00-04:00,69.9000015258789,71.43000030517578,69.71800231933594,70.79000091552734,35,0.0,0.0,0.0
2018-08-31 00:00:00-04:00,70.58999633789062,70.58999633789062,69.6500015258789,69.6500015258789,44,0.0,0.0,0.0
2018-09-04 00:00:00-04:00,72.33999633789062,72.33999633789062,68.47899627685547,68.47899627685547,136,0.0,0.0,0.0
2018-09-05 00:00:00-04:00,68.27999877929688,68.8499984741211,66.93000030517578,66.93000030517578,51,0.0,0.0,0.0
2018-09-06 00:00:00-04:00,66.62000274658203,66.62999725341797,62.0,64.3270034790039,31,0.0,0.0,0.0
2018-09-07 00:00:00-04:00,62.0,63.959999084472656,62.0,63.959999084472656,30,0.0,0.0,0.0
2018-09-10 00:00:00-04:00,65.4800033569336,65.5999984741211,63.0,63.0,22,0.0,0.0,0.0
2018-09-11 00:00:00-04:00,64.58000183105469,68.47000122070312,64.58000183105469,68.27999877929688,34,0.0,0.0,0.0
2018-09-12 00:00:00-04:00,70.5,73.17400360107422,70.5,70.69400024414062,184,0.0,0.0,0.0
2018-09-13 00:00:00-04:00,68.43000030517578,69.1240005493164,65.37999725341797,66.44999694824219,106,0.0,0.0,0.0
2018-09-14 00:00:00-04:00,66.27999877929688,67.69999694824219,64.47000122070312,66.79000091552734,50,0.0,0.0,0.0
2018-09-17 00:00:00-04:00,68.05999755859375,68.80000305175781,65.91000366210938,65.91000366210938,38,0.0,0.0,0.0
2018-09-18 00:00:00-04:00,69.37000274658203,71.0,68.7699966430664,69.302001953125,60,0.0,0.0,0.0
2018-09-19 00:00:00-04:00,70.05000305175781,73.01200103759766,70.05000305175781,72.78099822998047,40,0.0,0.0,0.0
2018-09-20 00:00:00-04:00,73.83999633789062,73.83999633789062,70.71099853515625,70.71099853515625,22,0.0,0.0,0.0
2018-09-21 00:00:00-04:00,73.72000122070312,75.7699966430664,71.47000122070312,72.97000122070312,46,0.0,0.0,0.0
2018-09-24 00:00:00-04:00,77.05999755859375,78.3499984741211,76.4000015258789,77.09100341796875,168,0.0,0.0,0.0
2018-09-25 00:00:00-04:00,78.5199966430664,78.90499877929688,76.63999938964844,77.58000183105469,89,0.0,0.0,0.0
2018-09-26 00:00:00-04:00,76.19000244140625,76.9000015258789,75.38999938964844,75.38999938964844,40,0.0,0.0,0.0
2018-09-27 00:00:00-04:00,77.44000244140625,77.54900360107422,76.7300033569336,77.31999969482422,26,0.0,0.0,0.0
2018-09-28 00:00:00-04:00,77.31999969482422,82.01000213623047,77.31999969482422,81.38200378417969,68,0.0,0.0,0.0
2018-10-01 00:00:00-04:00,81.01000213623047,88.4540023803711,80.64600372314453,88.15899658203125,174,0.0,0.0,0.0
2018-10-02 00:00:00-04:00,88.18000030517578,88.18000030517578,86.32099914550781,86.822998046875,95,0.0,0.0,0.0
2018-10-03 00:00:00-04:00,86.62999725341797,92.50900268554688,83.9800033569336,91.11000061035156,376,0.0,0.0,0.0
2018-10-04 00:00:00-04:00,89.30000305175781,89.30000305175781,82.27999877929688,84.52899932861328,57,0.0,0.0,0.0
2018-10-05 00:00:00-04:00,84.12999725341797,86.66000366210938,82.37999725341797,83.7229995727539,85,0.0,0.0,0.0
2018-10-08 00:00:00-04:00,81.5999984741211,83.53500366210938,81.4729995727539,83.53500366210938,52,0.0,0.0,0.0
2018-10-09 00:00:00-04:00,84.69999694824219,86.37000274658203,84.69999694824219,85.94000244140625,13,0.0,0.0,0.0
2018-10-10 00:00:00-04:00,84.83999633789062,84.83999633789062,78.48999786376953,78.7300033569336,79,0.0,0.0,0.0
2018-10-11 00:00:00-04:00,75.95999908447266,76.63999938964844,71.13099670410156,71.95999908447266,100,0.0,0.0,0.0
2018-10-12 00:00:00-04:00,74.9000015258789,74.9000015258789,72.0,74.69999694824219,76,0.0,0.0,0.0
2018-10-15 00:00:00-04:00,74.29000091552734,74.64600372314453,72.5,74.29000091552734,55,0.0,0.0,0.0
2018-10-16 00:00:00-04:00,73.55899810791016,75.33699798583984,73.55899810791016,75.30000305175781,29,0.0,0.0,0.0
2018-10-17 00:00:00-04:00,73.13999938964844,73.13999938964844,68.91000366210938,69.80000305175781,97,0.0,0.0,0.0
2018-10-18 00:00:00-04:00,66.08000183105469,68.47599792480469,65.66000366210938,66.25,39,0.0,0.0,0.0
2018-10-19 00:00:00-04:00,68.77999877929688,68.77999877929688,67.72000122070312,68.1500015258789,8,0.0,0.0,0.0
2018-10-22 00:00:00-04:00,66.68000030517578,68.86000061035156,65.54000091552734,68.86000061035156,27,0.0,0.0,0.0
2018-10-23 00:00:00-04:00,63.25,63.25,57.808998107910156,59.31100082397461,176,0.0,0.0,0.0
2018-10-24 00:00:00-04:00,61.56999969482422,62.45500183105469,58.94499969482422,58.94499969482422,96,0.0,0.0,0.0
2018-10-25 00:00:00-04:00,60.810001373291016,61.94900131225586,60.7760009765625,61.04999923706055,23,0.0,0.0,0.0
2018-10-26 00:00:00-04:00,59.86000061035156,62.95100021362305,59.58000183105469,62.95100021362305,107,0.0,0.0,0.0
2018-10-29 00:00:00-04:00,61.560001373291016,61.97999954223633,59.08399963378906,59.323001861572266,97,0.0,0.0,0.0
2018-10-30 00:00:00-04:00,57.029998779296875,58.59600067138672,56.93000030517578,58.595001220703125,29,0.0,0.0,0.0
2018-10-31 00:00:00-04:00,58.183998107910156,59.779998779296875,55.28200149536133,55.659000396728516,152,0.0,0.0,0.0
2018-11-01 00:00:00-04:00,56.29999923706055,56.29999923706055,50.888999938964844,51.68000030517578,202,0.0,0.0,0.0
2018-11-02 00:00:00-04:00,51.209999084472656,52.04999923706055,50.0260009765625,50.0260009765625,103,0.0,0.0,0.0
2018-11-05 00:00:00-05:00,52.0099983215332,52.4900016784668,49.84400177001953,49.900001525878906,109,0.0,0.0,0.0
2018-11-06 00:00:00-05:00,50.959999084472656,50.959999084472656,46.540000915527344,48.12900161743164,724,0.0,0.0,0.0
2018-11-07 00:00:00-05:00,49.428001403808594,49.428001403808594,46.349998474121094,47.0,56,0.0,0.0,0.0
2018-11-08 00:00:00-05:00,46.43000030517578,46.887001037597656,44.560001373291016,44.849998474121094,1166,0.0,0.0,0.0
2018-11-09 00:00:00-05:00,42.70000076293945,44.66999816894531,41.9900016784668,43.25899887084961,1220,0.0,0.0,0.0
2018-11-12 00:00:00-05:00,44.970001220703125,46.099998474121094,40.790000915527344,41.04999923706055,1192,0.0,0.0,0.0
2018-11-13 00:00:00-05:00,40.5,40.79999923706055,36.5,36.505001068115234,429,0.0,0.0,0.0
2018-11-14 00:00:00-05:00,36.54999923706055,37.25600051879883,35.11000061035156,35.439998626708984,531,0.0,0.0,0.0
2018-11-15 00:00:00-05:00,35.75,37.0,35.11000061035156,35.88399887084961,416,0.0,0.0,0.0
2018-11-16 00:00:00-05:00,37.68000030517578,38.41999816894531,34.849998474121094,36.470001220703125,366,0.0,0.0,0.0
2018-11-19 00:00:00-05:00,34.72999954223633,37.150001525878906,33.3129997253418,37.07899856567383,315,0.0,0.0,0.0
2018-11-20 00:00:00-05:00,34.880001068115234,34.880001068115234,28.558000564575195,29.474000930786133,940,0.0,0.0,0.0
2018-11-21 00:00:00-05:00,31.6299991607666,33.10499954223633,30.549999237060547,31.236000061035156,459,0.0,0.0,0.0
2018-11-23 00:00:00-05:00,26.6200008392334,26.6200008392334,24.969999313354492,25.55900001525879,948,0.0,0.0,0.0
2018-11-26 00:00:00-05:00,26.540000915527344,26.899999618530273,25.790000915527344,26.290000915527344,404,0.0,0.0,0.0
2018-11-27 00:00:00-05:00,26.350000381469727,26.92099952697754,23.899999618530273,26.163999557495117,477,0.0,0.0,0.0
2018-11-28 00:00:00-05:00,25.610000610351562,26.5,23.600000381469727,24.200000762939453,1080,0.0,0.0,0.0
2018-11-29 00:00:00-05:00,25.790000915527344,26.5,24.75,25.465999603271484,790,0.0,0.0,0.0
2018-11-30 00:00:00-05:00,24.0,25.799999237060547,22.950000762939453,24.520000457763672,1183,0.0,0.0,0.0
2018-12-03 00:00:00-05:00,28.100000381469727,28.149999618530273,26.5,28.062999725341797,1286,0.0,0.0,0.0
2018-12-04 00:00:00-05:00,28.0,28.690000534057617,27.25,27.57200050354004,544,0.0,0.0,0.0
2018-12-06 00:00:00-05:00,24.920000076293945,26.06999969482422,23.336999893188477,25.666000366210938,1469,0.0,0.0,0.0
2018-12-07 00:00:00-05:00,28.530000686645508,29.200000762939453,26.649999618530273,26.729999542236328,1038,0.0,0.0,0.0
2018-12-10 00:00:00-05:00,25.09000015258789,26.079999923706055,24.0,24.25,950,0.0,0.0,0.0
2018-12-11 00:00:00-05:00,26.1200008392334,26.540000915527344,24.90999984741211,25.547000885009766,630,0.0,0.0,0.0
2018-12-12 00:00:00-05:00,26.469999313354492,26.729999542236328,24.530000686645508,24.652999877929688,412,0.0,0.0,0.0
2018-12-13 00:00:00-05:00,24.100000381469727,27.714000701904297,23.989999771118164,27.290000915527344,642,0.0,0.0,0.0
2018-12-14 00:00:00-05:00,26.360000610351562,26.415000915527344,24.360000610351562,24.576000213623047,793,0.0,0.0,0.0
2018-12-17 00:00:00-05:00,24.93000030517578,25.139999389648438,22.011999130249023,22.049999237060547,937,0.0,0.0,0.0
2018-12-18 00:00:00-05:00,21.81999969482422,21.81999969482422,17.610000610351562,17.860000610351562,3685,0.0,0.0,0.0
2018-12-19 00:00:00-05:00,18.790000915527344,20.0,18.56999969482422,18.922000885009766,924,0.0,0.0,0.0
2018-12-20 00:00:00-05:00,17.829999923706055,18.610000610351562,16.8799991607666,17.290000915527344,1626,0.0,0.0,0.0
2018-12-21 00:00:00-05:00,16.780000686645508,17.520000457763672,16.29199981689453,16.6200008392334,1052,0.0,0.0,0.0
2018-12-24 00:00:00-05:00,16.040000915527344,16.1200008392334,15.010000228881836,15.100000381469727,4107,0.0,0.0,0.0
2018-12-26 00:00:00-05:00,14.539999961853027,17.66200065612793,14.510000228881836,17.59000015258789,3251,0.0,0.0,0.0
2018-12-27 00:00:00-05:00,16.030000686645508,16.360000610351562,14.932999610900879,16.107999801635742,1255,0.0,0.0,0.0
2018-12-28 00:00:00-05:00,15.729999542236328,16.040000915527344,15.0,15.510000228881836,1833,0.0,0.0,0.0
2018-12-31 00:00:00-05:00,16.010000228881836,16.364999771118164,15.1899995803833,16.299999237060547,1150,0.0,0.0,0.0
2019-01-02 00:00:00-05:00,15.050000190734863,18.280000686645508,14.770000457763672,17.167999267578125,2111,0.0,0.0,0.0
2019-01-03 00:00:00-05:00,17.829999923706055,17.954999923706055,16.209999084472656,17.639999389648438,1368,0.0,0.0,0.0
2019-01-04 00:00:00-05:00,18.809999465942383,19.969999313354492,18.229999542236328,18.899999618530273,2852,0.0,0.0,0.0
2019-01-07 00:00:00-05:00,19.450000762939453,20.709999084472656,19.25,19.45199966430664,2379,0.0,0.0,0.0
2019-01-08 00:00:00-05:00,20.270000457763672,20.93899917602539,19.959999084472656,20.649999618530273,1499,0.0,0.0,0.0
2019-01-09 00:00:00-05:00,22.450000762939453,24.077999114990234,21.809999465942383,23.889999389648438,4978,0.0,0.0,0.0
2019-01-10 00:00:00-05:00,22.899999618530273,24.40999984741211,22.709999084472656,24.200000762939453,1482,0.0,0.0,0.0
2019-01-11 00:00:00-05:00,23.459999084472656,23.639999389648438,22.329999923706055,22.979999542236328,1052,0.0,0.0,0.0
2019-01-14 00:00:00-05:00,22.329999923706055,23.0,21.399999618530273,21.610000610351562,3814,0.0,0.0,0.0
2019-01-15 00:00:00-05:00,22.3700008392334,23.56999969482422,22.3700008392334,23.3799991607666,2715,0.0,0.0,0.0
2019-01-16 00:00:00-05:00,23.200000762939453,23.850000381469727,22.440000534057617,23.770000457763672,844,0.0,0.0,0.0
2019-01-17 00:00:00-05:00,22.709999084472656,24.0,21.8700008392334,23.566999435424805,565,0.0,0.0,0.0
2019-01-18 00:00:00-05:00,24.219999313354492,25.733999252319336,23.816999435424805,25.450000762939453,1726,0.0,0.0,0.0
2019-01-22 00:00:00-05:00,23.920000076293945,24.299999237060547,22.799999237060547,24.1200008392334,1288,0.0,0.0,0.0
2019-01-23 00:00:00-05:00,24.489999771118164,24.549999237060547,22.649999618530273,23.610000610351562,669,0.0,0.0,0.0
2019-01-24 00:00:00-05:00,23.65999984741211,24.700000762939453,23.579999923706055,24.3700008392334,703,0.0,0.0,0.0
2019-01-25 00:00:00-05:00,24.68000030517578,25.290000915527344,24.3700008392334,24.90999984741211,681,0.0,0.0,0.0
2019-01-28 00:00:00-05:00,22.860000610351562,23.0,21.799999237060547,22.940000534057617,1613,0.0,0.0,0.0
2019-01-29 00:00:00-05:00,24.0,25.18000030517578,24.0,24.240999221801758,3425,0.0,0.0,0.0
2019-01-30 00:00:00-05:00,25.350000381469727,26.579999923706055,25.200000762939453,25.75,3423,0.0,0.0,0.0
2019-01-31 00:00:00-05:00,26.3700008392334,27.239999771118164,24.81999969482422,25.400999069213867,1569,0.0,0.0,0.0
2019-02-01 00:00:00-05:00,25.8700008392334,27.610000610351562,25.700000762939453,27.280000686645508,1444,0.0,0.0,0.0
2019-02-04 00:00:00-05:00,25.549999237060547,26.420000076293945,24.280000686645508,26.30500030517578,1698,0.0,0.0,0.0
2019-02-05 00:00:00-05:00,24.81999969482422,26.020000457763672,24.579999923706055,24.829999923706055,2196,0.0,0.0,0.0
2019-02-06 00:00:00-05:00,24.299999237060547,25.610000610351562,23.899999618530273,25.239999771118164,1398,0.0,0.0,0.0
2019-02-07 00:00:00-05:00,24.739999771118164,24.860000610351562,22.219999313354492,23.399999618530273,1845,0.0,0.0,0.0
2019-02-08 00:00:00-05:00,23.579999923706055,23.760000228881836,22.940000534057617,23.459999084472656,564,0.0,0.0,0.0
2019-02-11 00:00:00-05:00,22.040000915527344,23.243999481201172,21.579999923706055,23.020000457763672,1215,0.0,0.0,0.0
2019-02-12 00:00:00-05:00,25.0,25.049999237060547,23.799999237060547,24.0,1798,0.0,0.0,0.0
2019-02-13 00:00:00-05:00,24.895000457763672,25.920000076293945,24.895000457763672,25.200000762939453,1228,0.0,0.0,0.0
2019-02-14 00:00:00-05:00,24.600000381469727,26.020000457763672,24.1299991607666,25.940000534057617,770,0.0,0.0,0.0
2019-02-15 00:00:00-05:00,27.0,27.780000686645508,26.72100067138672,27.700000762939453,1644,0.0,0.0,0.0
2019-02-19 00:00:00-05:00,27.110000610351562,28.15999984741211,27.0,28.070999145507812,1342,0.0,0.0,0.0
2019-02-20 00:00:00-05:00,27.639999389648438,29.790000915527344,27.639999389648438,29.15999984741211,1241,0.0,0.0,0.0
2019-02-21 00:00:00-05:00,28.950000762939453,29.190000534057617,28.420000076293945,28.799999237060547,678,0.0,0.0,0.0
2019-02-22 00:00:00-05:00,29.729999542236328,30.059999465942383,29.11400032043457,29.239999771118164,838,0.0,0.0,0.0
2019-02-25 00:00:00-05:00,27.639999389648438,27.9060001373291,26.035999298095703,26.469999313354492,1971,0.0,0.0,0.0
2019-02-26 00:00:00-05:00,26.75,27.309999465942383,26.3799991607666,26.899999618530273,643,0.0,0.0,0.0
2019-02-27 00:00:00-05:00,28.31999969482422,29.36199951171875,27.900999069213867,28.790000915527344,956,0.0,0.0,0.0
2019-02-28 00:00:00-05:00,28.889999389648438,29.45599937438965,28.6200008392334,29.170000076293945,329,0.0,0.0,0.0
2019-03-01 00:00:00-05:00,29.399999618530273,29.610000610351562,26.68000030517578,26.969999313354492,1259,0.0,0.0,0.0
2019-03-04 00:00:00-05:00,28.25,28.719999313354492,27.174999237060547,28.0,985,0.0,0.0,0.0
2019-03-05 00:00:00-05:00,28.780000686645508,28.889999389648438,27.729999542236328,28.086000442504883,665,0.0,0.0,0.0
2019-03-06 00:00:00-05:00,27.31999969482422,27.719999313354492,26.410999298095703,27.607999801635742,1156,0.0,0.0,0.0
2019-03-07 00:00:00-05:00,28.270000457763672,28.350000381469727,27.690000534057617,28.049999237060547,363,0.0,0.0,0.0
2019-03-08 00:00:00-05:00,25.850000381469727,27.440000534057617,25.059999465942383,27.3700008392334,1209,0.0,0.0,0.0
2019-03-11 00:00:00-04:00,28.360000610351562,28.579999923706055,27.70599937438965,28.3799991607666,546,0.0,0.0,0.0
2019-03-12 00:00:00-04:00,28.90999984741211,29.445999145507812,28.34000015258789,28.530000686645508,778,0.0,0.0,0.0
2019-03-13 00:00:00-04:00,29.600000381469727,30.809999465942383,29.0,30.65999984741211,1231,0.0,0.0,0.0
2019-03-14 00:00:00-04:00,30.90999984741211,31.260000228881836,30.309999465942383,30.860000610351562,522,0.0,0.0,0.0
2019-03-15 00:00:00-04:00,29.950000762939453,31.0,29.809999465942383,30.770999908447266,311,0.0,0.0,0.0
2019-03-18 00:00:00-04:00,30.979999542236328,31.989999771118164,30.809999465942383,31.58300018310547,746,0.0,0.0,0.0
2019-03-19 00:00:00-04:00,32.189998626708984,32.369998931884766,31.010000228881836,31.299999237060547,576,0.0,0.0,0.0
2019-03-20 00:00:00-04:00,31.280000686645508,33.05500030517578,31.173999786376953,32.89799880981445,1166,0.0,0.0,0.0
2019-03-21 00:00:00-04:00,32.86000061035156,33.327999114990234,32.220001220703125,32.494998931884766,412,0.0,0.0,0.0
2019-03-22 00:00:00-04:00,31.549999237060547,31.549999237060547,29.959999084472656,30.969999313354492,1501,0.0,0.0,0.0
2019-03-25 00:00:00-04:00,30.549999237060547,31.56999969482422,29.920000076293945,31.010000228881836,663,0.0,0.0,0.0
2019-03-26 00:00:00-04:00,32.83000183105469,33.18000030517578,32.257999420166016,32.70100021362305,666,0.0,0.0,0.0
2019-03-27 00:00:00-04:00,32.849998474121094,32.97999954223633,30.797000885009766,31.700000762939453,714,0.0,0.0,0.0
2019-03-28 00:00:00-04:00,30.200000762939453,31.700000762939453,30.200000762939453,31.670000076293945,379,0.0,0.0,0.0
2019-03-29 00:00:00-04:00,33.33000183105469,33.369998931884766,32.43000030517578,32.95800018310547,859,0.0,0.0,0.0
2019-04-01 00:00:00-04:00,33.86000061035156,35.42499923706055,33.529998779296875,35.36800003051758,440,0.0,0.0,0.0
2019-04-02 00:00:00-04:00,35.900001525878906,37.27000045776367,35.75899887084961,37.06100082397461,791,0.0,0.0,0.0
2019-04-03 00:00:00-04:00,37.0,37.310001373291016,36.125,36.8129997253418,696,0.0,0.0,0.0
2019-04-04 00:00:00-04:00,36.7400016784668,37.22999954223633,35.83000183105469,36.18000030517578,481,0.0,0.0,0.0
2019-04-05 00:00:00-04:00,36.92300033569336,38.28300094604492,36.709999084472656,38.22999954223633,526,0.0,0.0,0.0
2019-04-08 00:00:00-04:00,38.91999816894531,40.33000183105469,38.91999816894531,40.31999969482422,650,0.0,0.0,0.0
2019-04-09 00:00:00-04:00,39.90999984741211,40.060001373291016,38.970001220703125,39.56999969482422,519,0.0,0.0,0.0
2019-04-10 00:00:00-04:00,40.150001525878906,40.77000045776367,39.70000076293945,40.38999938964844,869,0.0,0.0,0.0
2019-04-11 00:00:00-04:00,39.77000045776367,40.06999969482422,38.349998474121094,39.00699996948242,975,0.0,0.0,0.0
2019-04-12 00:00:00-04:00,39.970001220703125,40.16999816894531,39.189998626708984,39.36000061035156,1020,0.0,0.0,0.0
2019-04-15 00:00:00-04:00,38.720001220703125,39.13999938964844,37.85100173950195,38.73899841308594,350,0.0,0.0,0.0
2019-04-16 00:00:00-04:00,38.63999938964844,39.959999084472656,38.099998474121094,39.94599914550781,428,0.0,0.0,0.0
2019-04-17 00:00:00-04:00,39.959999084472656,40.10499954223633,39.02000045776367,39.10599899291992,860,0.0,0.0,0.0
2019-04-18 00:00:00-04:00,39.2599983215332,39.599998474121094,38.70000076293945,39.540000915527344,319,0.0,0.0,0.0
2019-04-22 00:00:00-04:00,42.16999816894531,43.02000045776367,42.060001373291016,42.599998474121094,1414,0.0,0.0,0.0
2019-04-23 00:00:00-04:00,43.0099983215332,44.20000076293945,42.91999816894531,43.737998962402344,1277,0.0,0.0,0.0
2019-04-24 00:00:00-04:00,43.88999938964844,43.959999084472656,42.5,42.68000030517578,758,0.0,0.0,0.0
2019-04-25 00:00:00-04:00,42.77000045776367,43.06399917602539,41.099998474121094,41.15999984741211,511,0.0,0.0,0.0
2019-04-26 00:00:00-04:00,39.869998931884766,39.869998931884766,36.029998779296875,37.20000076293945,1597,0.0,0.0,0.0
2019-04-29 00:00:00-04:00,37.790000915527344,38.61000061035156,36.970001220703125,38.52000045776367,544,0.0,0.0,0.0
2019-04-30 00:00:00-04:00,39.43000030517578,39.55099868774414,38.0,39.0099983215332,958,0.0,0.0,0.0
2019-05-01 00:00:00-04:00,38.86000061035156,39.040000915527344,36.970001220703125,38.41999816894531,635,0.0,0.0,0.0
2019-05-02 00:00:00-04:00,35.599998474121094,35.77000045776367,33.65999984741211,34.849998474121094,1164,0.0,0.0,0.0
2019-05-03 00:00:00-04:00,35.36000061035156,36.400001525878906,35.25,35.2599983215332,273,0.0,0.0,0.0
2019-05-06 00:00:00-04:00,34.709999084472656,37.11000061035156,34.630001068115234,36.93000030517578,421,0.0,0.0,0.0
2019-05-07 00:00:00-04:00,34.59000015258789,35.07500076293945,33.308998107910156,34.209999084472656,673,0.0,0.0,0.0
2019-05-08 00:00:00-04:00,34.5099983215332,36.08300018310547,34.2400016784668,35.369998931884766,617,0.0,0.0,0.0
2019-05-09 00:00:00-04:00,34.79999923706055,35.0989990234375,33.86899948120117,34.79999923706055,735,0.0,0.0,0.0
2019-05-10 00:00:00-04:00,34.61000061035156,35.58000183105469,34.599998474121094,34.902000427246094,398,0.0,0.0,0.0
2019-05-13 00:00:00-04:00,37.31999969482422,37.79899978637695,33.290000915527344,33.619998931884766,1676,0.0,0.0,0.0
2019-05-14 00:00:00-04:00,34.9900016784668,35.72999954223633,34.72999954223633,35.07400131225586,499,0.0,0.0,0.0
2019-05-15 00:00:00-04:00,34.41999816894531,36.18000030517578,34.380001068115234,36.02000045776367,699,0.0,0.0,0.0
2019-05-16 00:00:00-04:00,36.970001220703125,38.119998931884766,36.900001525878906,37.41999816894531,604,0.0,0.0,0.0
2019-05-17 00:00:00-04:00,37.59000015258789,38.5,36.529998779296875,36.810001373291016,435,0.0,0.0,0.0
2019-05-20 00:00:00-04:00,36.900001525878906,37.939998626708984,36.560001373291016,37.44300079345703,304,0.0,0.0,0.0
2019-05-21 00:00:00-04:00,37.040000915527344,37.4900016784668,36.66999816894531,37.209999084472656,215,0.0,0.0,0.0
2019-05-22 00:00:00-04:00,36.0099983215332,36.36000061035156,33.56999969482422,33.900001525878906,951,0.0,0.0,0.0
2019-05-23 00:00:00-04:00,31.010000228881836,31.010000228881836,27.381999969482422,28.641000747680664,1751,0.0,0.0,0.0
2019-05-24 00:00:00-04:00,29.6200008392334,29.729999542236328,27.68000030517578,29.700000762939453,1348,0.0,0.0,0.0
2019-05-28 00:00:00-04:00,30.59000015258789,30.59000015258789,29.6299991607666,29.701000213623047,716,0.0,0.0,0.0
2019-05-29 00:00:00-04:00,28.209999084472656,29.81999969482422,26.7549991607666,29.81999969482422,1330,0.0,0.0,0.0
2019-05-30 00:00:00-04:00,29.989999771118164,30.030000686645508,26.0,26.219999313354492,1601,0.0,0.0,0.0
2019-05-31 00:00:00-04:00,24.200000762939453,24.63800048828125,21.479999542236328,21.700000762939453,3005,0.0,0.0,0.0
2019-06-03 00:00:00-04:00,23.010000228881836,23.100000381469727,20.950000762939453,21.15999984741211,1155,0.0,0.0,0.0
2019-06-04 00:00:00-04:00,21.6299991607666,22.280000686645508,20.979999542236328,22.1200008392334,920,0.0,0.0,0.0
2019-06-05 00:00:00-04:00,21.34000015258789,21.34000015258789,18.510000228881836,19.850000381469727,2281,0.0,0.0,0.0
2019-06-06 00:00:00-04:00,19.6299991607666,21.600000381469727,19.299999237060547,21.506000518798828,1563,0.0,0.0,0.0
2019-06-07 00:00:00-04:00,20.920000076293945,22.780000686645508,20.8700008392334,22.447999954223633,986,0.0,0.0,0.0
2019-06-10 00:00:00-04:00,22.450000762939453,23.100000381469727,21.347000122070312,21.649999618530273,926,0.0,0.0,0.0
2019-06-11 00:00:00-04:00,22.239999771118164,22.239999771118164,21.299999237060547,21.610000610351562,1384,0.0,0.0,0.0
2019-06-12 00:00:00-04:00,20.3700008392334,20.43000030517578,18.760000228881836,18.940000534057617,2415,0.0,0.0,0.0
2019-06-13 00:00:00-04:00,21.309999465942383,21.309999465942383,20.0,20.18000030517578,2519,0.0,0.0,0.0
2019-06-14 00:00:00-04:00,20.399999618530273,21.049999237060547,20.200000762939453,20.562999725341797,610,0.0,0.0,0.0
2019-06-17 00:00:00-04:00,20.049999237060547,20.5,19.549999237060547,19.895999908447266,573,0.0,0.0,0.0
2019-06-18 00:00:00-04:00,20.799999237060547,22.600000381469727,20.690000534057617,22.260000228881836,1697,0.0,0.0,0.0
2019-06-19 00:00:00-04:00,21.559999465942383,22.71500015258789,21.389999389648438,22.700000762939453,823,0.0,0.0,0.0
2019-06-20 00:00:00-04:00,24.799999237060547,26.0,24.469999313354492,25.829999923706055,1646,0.0,0.0,0.0
2019-06-21 00:00:00-04:00,25.809999465942383,26.54400062561035,25.809999465942383,26.488000869750977,1485,0.0,0.0,0.0
2019-06-24 00:00:00-04:00,26.3799991607666,27.070999145507812,25.31999969482422,26.735000610351562,909,0.0,0.0,0.0
2019-06-25 00:00:00-04:00,27.079999923706055,27.40999984741211,26.351999282836914,26.736000061035156,442,0.0,0.0,0.0
2019-06-26 00:00:00-04:00,28.639999389648438,29.59000015258789,28.420000076293945,28.59000015258789,2029,0.0,0.0,0.0
2019-06-27 00:00:00-04:00,28.59000015258789,29.299999237060547,28.510000228881836,28.690000534057617,540,0.0,0.0,0.0
2019-06-28 00:00:00-04:00,29.040000915527344,29.040000915527344,26.010000228881836,26.8799991607666,1600,0.0,0.0,0.0
2019-07-01 00:00:00-04:00,29.559999465942383,29.559999465942383,27.44499969482422,28.43000030517578,1004,0.0,0.0,0.0
2019-07-02 00:00:00-04:00,27.940000534057617,27.940000534057617,24.25,24.479999542236328,1948,0.0,0.0,0.0
2019-07-03 00:00:00-04:00,25.1299991607666,25.399999618530273,24.15399932861328,24.90999984741211,667,0.0,0.0,0.0
2019-07-05 00:00:00-04:00,25.420000076293945,26.149999618530273,25.25,26.09000015258789,398,0.0,0.0,0.0
2019-07-08 00:00:00-04:00,26.149999618530273,27.1299991607666,25.719999313354492,25.719999313354492,694,0.0,0.0,0.0
2019-07-09 00:00:00-04:00,25.8700008392334,26.6200008392334,25.799999237060547,26.600000381469727,261,0.0,0.0,0.0
2019-07-10 00:00:00-04:00,28.5,30.010000228881836,28.38800048828125,29.799999237060547,1616,0.0,0.0,0.0
2019-07-11 00:00:00-04:00,30.100000381469727,30.5,29.5,29.90999984741211,705,0.0,0.0,0.0
2019-07-12 00:00:00-04:00,29.65999984741211,30.40999984741211,29.190000534057617,29.65999984741211,625,0.0,0.0,0.0
2019-07-15 00:00:00-04:00,30.309999465942383,30.309999465942383,28.05699920654297,28.299999237060547,2541,0.0,0.0,0.0
2019-07-16 00:00:00-04:00,28.649999618530273,29.350000381469727,25.09000015258789,26.469999313354492,1253,0.0,0.0,0.0
2019-07-17 00:00:00-04:00,26.760000228881836,26.760000228881836,24.5,24.530000686645508,1160,0.0,0.0,0.0
2019-07-18 00:00:00-04:00,24.649999618530273,24.729999542236328,22.010000228881836,23.229999542236328,1749,0.0,0.0,0.0
2019-07-19 00:00:00-04:00,23.31999969482422,23.989999771118164,22.510000228881836,23.8700008392334,1356,0.0,0.0,0.0
2019-07-22 00:00:00-04:00,23.639999389648438,24.08099937438965,23.43000030517578,23.959999084472656,752,0.0,0.0,0.0
2019-07-23 00:00:00-04:00,23.90999984741211,24.83799934387207,23.454999923706055,24.733999252319336,1670,0.0,0.0,0.0
2019-07-24 00:00:00-04:00,24.760000228881836,25.607999801635742,22.797000885009766,23.40999984741211,1232,0.0,0.0,0.0
2019-07-25 00:00:00-04:00,24.200000762939453,24.43000030517578,23.3799991607666,23.40999984741211,662,0.0,0.0,0.0
2019-07-26 00:00:00-04:00,23.690000534057617,24.049999237060547,23.15999984741211,23.75,276,0.0,0.0,0.0
2019-07-29 00:00:00-04:00,24.469999313354492,24.8700008392334,23.3799991607666,24.780000686645508,604,0.0,0.0,0.0
2019-07-30 00:00:00-04:00,25.0,26.5,24.68000030517578,26.399999618530273,788,0.0,0.0,0.0
2019-07-31 00:00:00-04:00,26.899999618530273,27.18000030517578,25.915000915527344,26.15999984741211,993,0.0,0.0,0.0
2019-08-01 00:00:00-04:00,25.0,25.030000686645508,20.06999969482422,21.200000762939453,3278,0.0,0.0,0.0
2019-08-02 00:00:00-04:00,22.709999084472656,22.739999771118164,21.56999969482422,22.0,1590,0.0,0.0,0.0
2019-08-05 00:00:00-04:00,21.0,22.490999221801758,20.96500015258789,21.450000762939453,1272,0.0,0.0,0.0
2019-08-06 00:00:00-04:00,21.68000030517578,21.799999237060547,20.0,20.190000534057617,971,0.0,0.0,0.0
2019-08-07 00:00:00-04:00,18.389999389648438,18.549999237060547,16.6200008392334,18.43000030517578,4680,0.0,0.0,0.0
2019-08-08 00:00:00-04:00,18.459999084472656,19.049999237060547,18.1200008392334,18.8700008392334,1216,0.0,0.0,0.0
2019-08-09 00:00:00-04:00,20.270000457763672,21.149999618530273,19.479000091552734,20.540000915527344,2422,0.0,0.0,0.0
2019-08-12 00:00:00-04:00,21.010000228881836,21.420000076293945,20.450000762939453,21.027999877929688,1229,0.0,0.0,0.0
2019-08-13 00:00:00-04:00,20.81999969482422,24.121000289916992,20.790000915527344,23.799999237060547,3667,0.0,0.0,0.0
2019-08-14 00:00:00-04:00,21.329999923706055,21.64900016784668,19.979999542236328,21.280000686645508,1493,0.0,0.0,0.0
2019-08-15 00:00:00-04:00,20.459999084472656,21.209999084472656,20.010000228881836,20.719999313354492,767,0.0,0.0,0.0
2019-08-16 00:00:00-04:00,20.93000030517578,21.149999618530273,20.399999618530273,21.010000228881836,498,0.0,0.0,0.0
2019-08-19 00:00:00-04:00,22.049999237060547,22.670000076293945,21.100000381469727,22.540000915527344,840,0.0,0.0,0.0
2019-08-20 00:00:00-04:00,21.989999771118164,22.8799991607666,21.31399917602539,22.280000686645508,815,0.0,0.0,0.0
2019-08-21 00:00:00-04:00,23.450000762939453,23.610000610351562,21.579999923706055,22.1299991607666,941,0.0,0.0,0.0
2019-08-22 00:00:00-04:00,22.43000030517578,22.649999618530273,20.875,21.559999465942383,863,0.0,0.0,0.0
2019-08-23 00:00:00-04:00,20.0,20.719999313354492,19.149999618530273,19.829999923706055,2448,0.0,0.0,0.0
2019-08-26 00:00:00-04:00,21.1200008392334,21.354000091552734,19.600000381469727,19.760000228881836,2125,0.0,0.0,0.0
2019-08-27 00:00:00-04:00,20.100000381469727,21.139999389648438,19.700000762939453,21.06999969482422,1463,0.0,0.0,0.0
2019-08-28 00:00:00-04:00,22.690000534057617,23.0,21.736000061035156,22.229999542236328,1373,0.0,0.0,0.0
2019-08-29 00:00:00-04:00,22.31999969482422,23.25,22.31999969482422,22.959999084472656,1337,0.0,0.0,0.0
2019-08-30 00:00:00-04:00,22.549999237060547,22.84000015258789,20.5,21.110000610351562,1366,0.0,0.0,0.0
2019-09-03 00:00:00-04:00,19.100000381469727,20.024999618530273,18.565000534057617,19.809999465942383,2827,0.0,0.0,0.0
2019-09-04 00:00:00-04:00,21.3700008392334,22.65999984741211,21.31999969482422,22.420000076293945,2739,0.0,0.0,0.0
2019-09-05 00:00:00-04:00,22.940000534057617,24.06999969482422,22.049999237060547,22.299999237060547,1304,0.0,0.0,0.0
2019-09-06 00:00:00-04:00,20.899999618530273,23.09000015258789,20.649999618530273,22.700000762939453,1379,0.0,0.0,0.0
2019-09-09 00:00:00-04:00,23.469999313354492,24.535999298095703,23.3700008392334,24.469999313354492,999,0.0,0.0,0.0
2019-09-10 00:00:00-04:00,24.739999771118164,25.291000366210938,23.290000915527344,23.860000610351562,1143,0.0,0.0,0.0
2019-09-11 00:00:00-04:00,23.979999542236328,24.299999237060547,21.5,22.06999969482422,2248,0.0,0.0,0.0
2019-09-12 00:00:00-04:00,20.079999923706055,21.15999984741211,19.8799991607666,20.93000030517578,3188,0.0,0.0,0.0
2019-09-13 00:00:00-04:00,21.049999237060547,21.100000381469727,20.450000762939453,20.780000686645508,1039,0.0,0.0,0.0
2019-09-16 00:00:00-04:00,26.5,30.079999923706055,26.270000457763672,28.0,5375,0.0,0.0,0.0
2019-09-17 00:00:00-04:00,28.59000015258789,28.649999618530273,23.399999618530273,24.229999542236328,3017,0.0,0.0,0.0
2019-09-18 00:00:00-04:00,23.229999542236328,24.010000228881836,22.65999984741211,23.159000396728516,1114,0.0,0.0,0.0
2019-09-19 00:00:00-04:00,23.8799991607666,24.086000442504883,23.25,23.670000076293945,496,0.0,0.0,0.0
2019-09-20 00:00:00-04:00,23.959999084472656,24.375,23.030000686645508,23.700000762939453,960,0.0,0.0,0.0
2019-09-23 00:00:00-04:00,23.40999984741211,24.0,22.84000015258789,23.68000030517578,461,0.0,0.0,0.0
2019-09-24 00:00:00-04:00,23.329999923706055,23.3700008392334,21.829999923706055,21.951000213623047,1781,0.0,0.0,0.0
2019-09-25 00:00:00-04:00,20.65999984741211,22.0,20.399999618530273,21.420000076293945,1320,0.0,0.0,0.0
2019-09-26 00:00:00-04:00,20.84000015258789,21.459999084472656,20.200000762939453,21.360000610351562,1398,0.0,0.0,0.0
2019-09-27 00:00:00-04:00,20.260000228881836,21.579999923706055,20.100000381469727,20.649999618530273,1426,0.0,0.0,0.0
2019-09-30 00:00:00-04:00,19.889999389648438,20.350000381469727,18.68000030517578,18.93000030517578,2639,0.0,0.0,0.0
2019-10-01 00:00:00-04:00,19.280000686645508,19.350000381469727,17.649999618530273,18.222999572753906,2069,0.0,0.0,0.0
2019-10-02 00:00:00-04:00,18.239999771118164,18.239999771118164,16.75,17.209999084472656,2352,0.0,0.0,0.0
2019-10-03 00:00:00-04:00,16.5,17.20800018310547,15.65999984741211,16.90999984741211,2479,0.0,0.0,0.0
2019-10-04 00:00:00-04:00,17.530000686645508,17.889999389648438,16.68000030517578,17.55500030517578,1372,0.0,0.0,0.0
2019-10-07 00:00:00-04:00,18.0,18.549999237060547,17.190000534057617,17.479999542236328,1388,0.0,0.0,0.0
2019-10-08 00:00:00-04:00,16.670000076293945,17.329999923706055,16.299999237060547,16.81999969482422,1486,0.0,0.0,0.0
2019-10-09 00:00:00-04:00,18.030000686645508,18.209999084472656,16.979999542236328,17.20599937438965,2021,0.0,0.0,0.0
2019-10-10 00:00:00-04:00,17.739999771118164,18.25,17.40999984741211,18.177000045776367,981,0.0,0.0,0.0
2019-10-11 00:00:00-04:00,18.459999084472656,19.40999984741211,18.450000762939453,19.229999542236328,2456,0.0,0.0,0.0
2019-10-14 00:00:00-04:00,17.979999542236328,18.1200008392334,17.3799991607666,18.010000228881836,1776,0.0,0.0,0.0
2019-10-15 00:00:00-04:00,17.860000610351562,18.22800064086914,17.209999084472656,17.440000534057617,1130,0.0,0.0,0.0
2019-10-16 00:00:00-04:00,17.299999237060547,18.200000762939453,17.270000457763672,17.815000534057617,1109,0.0,0.0,0.0
2019-10-17 00:00:00-04:00,17.469999313354492,18.56999969482422,17.219999313354492,18.510000228881836,1409,0.0,0.0,0.0
2019-10-18 00:00:00-04:00,18.709999084472656,18.950000762939453,17.889999389648438,18.209999084472656,757,0.0,0.0,0.0
2019-10-21 00:00:00-04:00,17.31999969482422,18.149999618530273,17.301000595092773,18.079999923706055,1067,0.0,0.0,0.0
2019-10-22 00:00:00-04:00,18.579999923706055,19.200000762939453,18.336999893188477,18.729999542236328,1272,0.0,0.0,0.0
2019-10-23 00:00:00-04:00,18.40999984741211,20.489999771118164,18.40999984741211,20.260000228881836,1696,0.0,0.0,0.0
2019-10-24 00:00:00-04:00,20.549999237060547,20.959999084472656,19.709999084472656,20.690000534057617,3030,0.0,0.0,0.0
2019-10-25 00:00:00-04:00,20.530000686645508,21.25,20.030000686645508,21.25,759,0.0,0.0,0.0
2019-10-28 00:00:00-04:00,21.299999237060547,21.40999984741211,20.0,20.239999771118164,678,0.0,0.0,0.0
2019-10-29 00:00:00-04:00,19.139999389648438,20.299999237060547,19.100000381469727,19.844999313354492,480,0.0,0.0,0.0
2019-10-30 00:00:00-04:00,19.700000762939453,19.700000762939453,18.799999237060547,19.260000228881836,1070,0.0,0.0,0.0
2019-10-31 00:00:00-04:00,18.889999389648438,18.940000534057617,18.0,18.399999618530273,1169,0.0,0.0,0.0
2019-11-01 00:00:00-04:00,19.209999084472656,20.610000610351562,19.1299991607666,20.40999984741211,1645,0.0,0.0,0.0
2019-11-04 00:00:00-05:00,21.579999923706055,21.850000381469727,20.84000015258789,20.940000534057617,1761,0.0,0.0,0.0
2019-11-05 00:00:00-05:00,21.540000915527344,21.950000762939453,21.450000762939453,21.59000015258789,984,0.0,0.0,0.0
2019-11-06 00:00:00-05:00,21.760000228881836,22.290000915527344,20.5,20.8700008392334,1421,0.0,0.0,0.0
2019-11-07 00:00:00-05:00,21.809999465942383,22.309999465942383,21.235000610351562,21.299999237060547,844,0.0,0.0,0.0
2019-11-08 00:00:00-05:00,20.5,21.920000076293945,20.05500030517578,21.8700008392334,1415,0.0,0.0,0.0
2019-11-11 00:00:00-05:00,20.5,21.790000915527344,20.5,21.290000915527344,390,0.0,0.0,0.0
2019-11-12 00:00:00-05:00,21.700000762939453,22.014999389648438,20.950000762939453,21.219999313354492,522,0.0,0.0,0.0
2019-11-13 00:00:00-05:00,20.899999618530273,22.010000228881836,20.8799991607666,21.729999542236328,623,0.0,0.0,0.0
2019-11-14 00:00:00-05:00,22.110000610351562,22.270000457763672,21.149999618530273,21.399999618530273,436,0.0,0.0,0.0
2019-11-15 00:00:00-05:00,21.249000549316406,22.551000595092773,21.240999221801758,22.3799991607666,691,0.0,0.0,0.0
2019-11-18 00:00:00-05:00,21.850000381469727,21.91200065612793,20.969999313354492,21.290000915527344,1060,0.0,0.0,0.0
2019-11-19 00:00:00-05:00,20.34000015258789,20.459999084472656,19.329999923706055,19.56999969482422,1676,0.0,0.0,0.0
2019-11-20 00:00:00-05:00,20.09000015258789,21.631999969482422,19.891000747680664,21.270000457763672,1124,0.0,0.0,0.0
2019-11-21 00:00:00-05:00,22.0,23.079999923706055,21.950000762939453,22.850000381469727,1062,0.0,0.0,0.0
2019-11-22 00:00:00-05:00,22.809999465942383,22.871999740600586,21.780000686645508,22.260000228881836,527,0.0,0.0,0.0
2019-11-25 00:00:00-05:00,21.8700008392334,22.450000762939453,21.56999969482422,22.270000457763672,339,0.0,0.0,0.0
2019-11-26 00:00:00-05:00,22.65999984741211,22.920000076293945,22.09000015258789,22.690000534057617,259,0.0,0.0,0.0
2019-11-27 00:00:00-05:00,22.610000610351562,22.8799991607666,21.850000381469727,22.43000030517578,331,0.0,0.0,0.0
2019-11-29 00:00:00-05:00,21.309999465942383,21.309999465942383,19.204999923706055,19.530000686645508,2237,0.0,0.0,0.0
2019-12-02 00:00:00-05:00,20.290000915527344,20.399999618530273,19.503000259399414,19.81999969482422,867,0.0,0.0,0.0
2019-12-03 00:00:00-05:00,19.670000076293945,20.700000762939453,19.399999618530273,20.200000762939453,1010,0.0,0.0,0.0
2019-12-04 00:00:00-05:00,21.760000228881836,22.700000762939453,21.725000381469727,22.43000030517578,2056,0.0,0.0,0.0
2019-12-05 00:00:00-05:00,23.020000457763672,23.25,22.209999084472656,22.40999984741211,652,0.0,0.0,0.0
2019-12-06 00:00:00-05:00,22.989999771118164,24.020000457763672,22.04800033569336,23.149999618530273,1535,0.0,0.0,0.0
2019-12-09 00:00:00-05:00,22.719999313354492,23.371000289916992,22.719999313354492,23.15999984741211,247,0.0,0.0,0.0
2019-12-10 00:00:00-05:00,23.040000915527344,23.600000381469727,22.8799991607666,23.47800064086914,148,0.0,0.0,0.0
2019-12-11 00:00:00-05:00,23.1299991607666,23.309999465942383,22.100000381469727,22.889999389648438,634,0.0,0.0,0.0
2019-12-12 00:00:00-05:00,23.030000686645508,23.899999618530273,23.030000686645508,23.270000457763672,939,0.0,0.0,0.0
