Date,Open,High,Low,Close,Volume,Dividends,Stock Splits,Capital Gains
2023-03-28 00:00:00-04:00,49.849998474121094,49.95000076293945,49.849998474121094,49.9379997253418,300,0.0,0.0,0.0
2023-03-29 00:00:00-04:00,49.893001556396484,49.893001556396484,49.893001556396484,49.893001556396484,100,0.0,0.0,0.0
2023-03-30 00:00:00-04:00,49.893001556396484,49.893001556396484,49.893001556396484,49.893001556396484,0,0.0,0.0,0.0
2023-03-31 00:00:00-04:00,49.893001556396484,49.893001556396484,49.893001556396484,49.893001556396484,0,0.0,0.0,0.0
2023-04-03 00:00:00-04:00,50.0099983215332,50.125,50.0099983215332,50.125,600,0.0,0.0,0.0
2023-04-04 00:00:00-04:00,50.29999923706055,50.310001373291016,50.29999923706055,50.30500030517578,400,0.0,0.0,0.0
2023-04-05 00:00:00-04:00,50.380001068115234,50.380001068115234,50.380001068115234,50.380001068115234,100,0.0,0.0,0.0
2023-04-06 00:00:00-04:00,50.349998474121094,50.349998474121094,50.349998474121094,50.349998474121094,100,0.0,0.0,0.0
2023-04-10 00:00:00-04:00,50.2400016784668,50.2400016784668,50.11000061035156,50.11000061035156,1200,0.0,0.0,0.0
2023-04-11 00:00:00-04:00,50.11000061035156,50.11000061035156,50.09000015258789,50.09000015258789,1100,0.0,0.0,0.0
2023-04-12 00:00:00-04:00,50.19599914550781,50.19599914550781,50.19599914550781,50.19599914550781,100,0.0,0.0,0.0
2023-04-13 00:00:00-04:00,50.21099853515625,50.21099853515625,50.21099853515625,50.21099853515625,100,0.0,0.0,0.0
2023-04-14 00:00:00-04:00,50.06100082397461,50.06100082397461,50.06100082397461,50.06100082397461,100,0.0,0.0,0.0
2023-04-17 00:00:00-04:00,49.95000076293945,49.95000076293945,49.95000076293945,49.95000076293945,100,0.0,0.0,0.0
2023-04-18 00:00:00-04:00,49.952999114990234,49.952999114990234,49.952999114990234,49.952999114990234,100,0.0,0.0,0.0
2023-04-19 00:00:00-04:00,49.89400100708008,49.89400100708008,49.89400100708008,49.89400100708008,100,0.0,0.0,0.0
2023-04-20 00:00:00-04:00,50.04399871826172,50.04399871826172,50.04399871826172,50.04399871826172,100,0.0,0.0,0.0
2023-04-21 00:00:00-04:00,50.0099983215332,50.0099983215332,50.0099983215332,50.0099983215332,0,0.0,0.0,0.0
2023-04-24 00:00:00-04:00,50.095001220703125,50.095001220703125,50.095001220703125,50.095001220703125,0,0.0,0.0,0.0
2023-04-25 00:00:00-04:00,50.395999908447266,50.395999908447266,50.395999908447266,50.395999908447266,0,0.0,0.0,0.0
2023-04-26 00:00:00-04:00,50.31399917602539,50.31399917602539,50.31399917602539,50.31399917602539,100,0.0,0.0,0.0
2023-04-27 00:00:00-04:00,50.220001220703125,50.220001220703125,50.13399887084961,50.13999938964844,300,0.0,0.0,0.0
2023-04-28 00:00:00-04:00,50.244998931884766,50.244998931884766,50.244998931884766,50.244998931884766,100,0.0,0.0,0.0
2023-05-01 00:00:00-04:00,49.89699935913086,49.89699935913086,49.89699935913086,49.89699935913086,100,0.0,0.0,0.0
2023-05-02 00:00:00-04:00,49.95000076293945,50.14500045776367,49.95000076293945,50.14500045776367,500,0.0,0.0,0.0
2023-05-03 00:00:00-04:00,50.22999954223633,50.34199905395508,50.22600173950195,50.34199905395508,800,0.0,0.0,0.0
2023-05-04 00:00:00-04:00,50.380001068115234,50.470001220703125,50.380001068115234,50.43899917602539,1500,0.0,0.0,0.0
2023-05-05 00:00:00-04:00,50.244998931884766,50.244998931884766,50.244998931884766,50.244998931884766,100,0.0,0.0,0.0
2023-05-08 00:00:00-04:00,50.16999816894531,50.20000076293945,50.130001068115234,50.130001068115234,1300,0.0,0.0,0.0
2023-05-09 00:00:00-04:00,50.11899948120117,50.11899948120117,50.11600112915039,50.11600112915039,700,0.0,0.0,0.0
2023-05-10 00:00:00-04:00,50.297000885009766,50.297000885009766,50.297000885009766,50.297000885009766,100,0.0,0.0,0.0
2023-05-11 00:00:00-04:00,50.459999084472656,50.459999084472656,50.334999084472656,50.334999084472656,500,0.0,0.0,0.0
2023-05-12 00:00:00-04:00,50.20500183105469,50.20500183105469,50.20500183105469,50.20500183105469,100,0.0,0.0,0.0
2023-05-15 00:00:00-04:00,50.25,50.25,50.18600082397461,50.19499969482422,1100,0.0,0.0,0.0
2023-05-16 00:00:00-04:00,50.13999938964844,50.150001525878906,50.06999969482422,50.11000061035156,8800,0.0,0.0,0.0
2023-05-17 00:00:00-04:00,50.08000183105469,50.08000183105469,49.994998931884766,49.994998931884766,100,0.0,0.0,0.0
2023-05-18 00:00:00-04:00,50.02000045776367,50.02000045776367,49.85499954223633,49.85499954223633,500,0.0,0.0,0.0
2023-05-19 00:00:00-04:00,49.75,49.82500076293945,49.75,49.82500076293945,300,0.0,0.0,0.0
2023-05-22 00:00:00-04:00,49.76499938964844,49.76499938964844,49.76499938964844,49.76499938964844,100,0.0,0.0,0.0
2023-05-23 00:00:00-04:00,49.77199935913086,49.77199935913086,49.77199935913086,49.77199935913086,100,0.0,0.0,0.0
2023-05-24 00:00:00-04:00,49.779998779296875,49.779998779296875,49.698001861572266,49.698001861572266,100,0.0,0.0,0.0
2023-05-25 00:00:00-04:00,49.619998931884766,49.619998931884766,49.5099983215332,49.5099983215332,300,0.0,0.0,0.0
2023-05-26 00:00:00-04:00,49.45100021362305,49.470001220703125,49.45100021362305,49.470001220703125,300,0.0,0.0,0.0
2023-05-30 00:00:00-04:00,49.59600067138672,49.66299819946289,49.59600067138672,49.66299819946289,100,0.0,0.0,0.0
2023-05-31 00:00:00-04:00,49.757999420166016,49.757999420166016,49.757999420166016,49.757999420166016,0,0.0,0.0,0.0
2023-06-01 00:00:00-04:00,49.69499969482422,49.69499969482422,49.69499969482422,49.69499969482422,200,0.0,0.0,0.0
2023-06-02 00:00:00-04:00,49.48699951171875,49.48699951171875,49.48699951171875,49.48699951171875,100,0.0,0.0,0.0
2023-06-05 00:00:00-04:00,49.4900016784668,49.51100158691406,49.4900016784668,49.51100158691406,300,0.0,0.0,0.0
2023-06-06 00:00:00-04:00,49.470001220703125,49.470001220703125,49.470001220703125,49.470001220703125,400,0.0,0.0,0.0
2023-06-07 00:00:00-04:00,49.400001525878906,49.400001525878906,49.39500045776367,49.39500045776367,100,0.0,0.0,0.0
2023-06-08 00:00:00-04:00,49.369998931884766,49.52000045776367,49.369998931884766,49.494998931884766,1100,0.0,0.0,0.0
2023-06-09 00:00:00-04:00,49.380001068115234,49.380001068115234,49.374000549316406,49.374000549316406,100,0.0,0.0,0.0
2023-06-12 00:00:00-04:00,49.380001068115234,49.426998138427734,49.380001068115234,49.426998138427734,200,0.0,0.0,0.0
2023-06-13 00:00:00-04:00,49.279998779296875,49.369998931884766,49.277000427246094,49.277000427246094,600,0.0,0.0,0.0
2023-06-14 00:00:00-04:00,49.349998474121094,49.349998474121094,49.150001525878906,49.24300003051758,300,0.0,0.0,0.0
2023-06-15 00:00:00-04:00,49.369998931884766,49.3849983215332,49.369998931884766,49.3849983215332,100,0.0,0.0,0.0
2023-06-16 00:00:00-04:00,49.244998931884766,49.27000045776367,49.2400016784668,49.26599884033203,4500,0.0,0.0,0.0
2023-06-20 00:00:00-04:00,49.34199905395508,49.345001220703125,49.319000244140625,49.319000244140625,1300,0.0,0.0,0.0
2023-06-21 00:00:00-04:00,49.28099822998047,49.31999969482422,49.28099822998047,49.31800079345703,400,0.0,0.0,0.0
2023-06-22 00:00:00-04:00,49.224998474121094,49.224998474121094,49.224998474121094,49.224998474121094,100,0.0,0.0,0.0
2023-06-23 00:00:00-04:00,49.470001220703125,49.470001220703125,49.27000045776367,49.28499984741211,1100,0.0,0.0,0.0
2023-06-26 00:00:00-04:00,49.34000015258789,49.34000015258789,49.34000015258789,49.34000015258789,100,0.0,0.0,0.0
2023-06-27 00:00:00-04:00,49.21699905395508,49.21699905395508,49.21699905395508,49.21699905395508,100,0.0,0.0,0.0
2023-06-28 00:00:00-04:00,49.2760009765625,49.30400085449219,49.2760009765625,49.30400085449219,200,0.0,0.0,0.0
2023-06-29 00:00:00-04:00,49.1150016784668,49.1150016784668,49.11000061035156,49.11000061035156,100,0.0,0.0,0.0
2023-06-30 00:00:00-04:00,49.10900115966797,49.119998931884766,49.097999572753906,49.097999572753906,1300,0.0,0.0,0.0
2023-07-03 00:00:00-04:00,48.915000915527344,48.93000030517578,48.869998931884766,48.869998931884766,5300,0.0,0.0,0.0
2023-07-05 00:00:00-04:00,48.82600021362305,48.82600021362305,48.82600021362305,48.82600021362305,100,0.0,0.0,0.0
2023-07-06 00:00:00-04:00,48.630001068115234,48.731998443603516,48.630001068115234,48.731998443603516,300,0.0,0.0,0.0
2023-07-07 00:00:00-04:00,48.82699966430664,48.82699966430664,48.775001525878906,48.775001525878906,300,0.0,0.0,0.0
2023-07-10 00:00:00-04:00,48.90999984741211,48.90999984741211,48.90999984741211,48.90999984741211,0,0.0,0.0,0.0
2023-07-11 00:00:00-04:00,48.90999984741211,48.94900131225586,48.89099884033203,48.91999816894531,1500,0.0,0.0,0.0
2023-07-12 00:00:00-04:00,49.154998779296875,49.154998779296875,49.154998779296875,49.154998779296875,100,0.0,0.0,0.0
2023-07-13 00:00:00-04:00,49.375,49.375,49.375,49.375,600,0.0,0.0,0.0
2023-07-14 00:00:00-04:00,49.33000183105469,49.33000183105469,49.189998626708984,49.189998626708984,900,0.0,0.0,0.0
2023-07-17 00:00:00-04:00,49.220001220703125,49.23500061035156,49.220001220703125,49.23400115966797,800,0.0,0.0,0.0
2023-07-18 00:00:00-04:00,49.2400016784668,49.2400016784668,49.2400016784668,49.2400016784668,100,0.0,0.0,0.0
2023-07-19 00:00:00-04:00,49.236000061035156,49.249000549316406,49.236000061035156,49.249000549316406,300,0.0,0.0,0.0
2023-07-20 00:00:00-04:00,49.1349983215332,49.1349983215332,49.119998931884766,49.1349983215332,2300,0.0,0.0,0.0
2023-07-21 00:00:00-04:00,49.125,49.125,49.125,49.125,100,0.0,0.0,0.0
2023-07-24 00:00:00-04:00,49.040000915527344,49.040000915527344,49.040000915527344,49.040000915527344,300,0.0,0.0,0.0
2023-07-25 00:00:00-04:00,49.00299835205078,49.025001525878906,48.99800109863281,49.025001525878906,300,0.0,0.0,0.0
2023-07-26 00:00:00-04:00,49.040000915527344,49.1150016784668,49.040000915527344,49.1150016784668,300,0.0,0.0,0.0
2023-07-27 00:00:00-04:00,49.04499816894531,49.04499816894531,48.959999084472656,48.97999954223633,300,0.0,0.0,0.0
2023-07-28 00:00:00-04:00,49.06999969482422,49.06999969482422,49.053001403808594,49.053001403808594,200,0.0,0.0,0.0
2023-07-31 00:00:00-04:00,49.06399917602539,49.06399917602539,49.06399917602539,49.06399917602539,100,0.0,0.0,0.0
2023-08-01 00:00:00-04:00,48.846099853515625,48.86000061035156,48.84000015258789,48.84000015258789,169,0.0,0.0,0.0
