Date,Open,High,Low,Close,Volume,Dividends,Stock Splits,Capital Gains
2020-12-28 00:00:00-05:00,12.5,12.5,12.5,12.5,0,0.0,0.0,0.0
2020-12-29 00:00:00-05:00,12.649999618530273,12.699999809265137,12.390000343322754,12.420000076293945,33428,0.0,0.0,0.0
2020-12-30 00:00:00-05:00,12.529999732971191,12.630000114440918,12.527899742126465,12.529399871826172,12821,0.0,0.0,0.0
2020-12-31 00:00:00-05:00,12.449999809265137,12.449999809265137,12.1899995803833,12.220100402832031,3291,0.0,0.0,0.0
2021-01-04 00:00:00-05:00,12.220000267028809,12.220000267028809,11.9399995803833,11.96500015258789,5473,0.0,0.0,0.0
2021-01-05 00:00:00-05:00,11.819999694824219,12.229999542236328,11.819999694824219,12.11929988861084,18624,0.0,0.0,0.0
2021-01-06 00:00:00-05:00,12.210000038146973,12.210000038146973,11.720000267028809,11.920000076293945,12372,0.0,0.0,0.0
2021-01-07 00:00:00-05:00,12.279999732971191,12.593400001525879,12.199999809265137,12.593400001525879,12372,0.0,0.0,0.0
2021-01-08 00:00:00-05:00,12.9399995803833,13.069899559020996,12.657699584960938,12.67039966583252,12739,0.0,0.0,0.0
2021-01-11 00:00:00-05:00,12.850000381469727,13.029899597167969,12.619999885559082,12.880000114440918,12947,0.0,0.0,0.0
2021-01-12 00:00:00-05:00,13.079999923706055,13.079999923706055,12.76200008392334,12.867899894714355,10372,0.0,0.0,0.0
2021-01-13 00:00:00-05:00,12.970000267028809,12.970000267028809,12.65999984741211,12.800000190734863,10665,0.0,0.0,0.0
2021-01-14 00:00:00-05:00,12.850000381469727,12.949899673461914,12.720100402832031,12.75160026550293,14758,0.0,0.0,0.0
2021-01-15 00:00:00-05:00,12.699999809265137,12.789899826049805,12.507399559020996,12.507399559020996,4200,0.0,0.0,0.0
2021-01-19 00:00:00-05:00,12.739999771118164,12.739999771118164,12.289999961853027,12.585000038146973,8783,0.0,0.0,0.0
2021-01-20 00:00:00-05:00,12.510100364685059,12.60990047454834,12.420000076293945,12.519000053405762,3190,0.0,0.0,0.0
2021-01-21 00:00:00-05:00,12.658300399780273,12.658300399780273,12.510000228881836,12.510000228881836,4348,0.0,0.0,0.0
2021-01-22 00:00:00-05:00,12.552599906921387,12.600000381469727,12.470000267028809,12.558799743652344,2424,0.0,0.0,0.0
2021-01-25 00:00:00-05:00,12.779999732971191,12.8100004196167,12.3100004196167,12.561400413513184,6744,0.0,0.0,0.0
2021-01-26 00:00:00-05:00,12.989999771118164,12.989999771118164,12.17490005493164,12.17490005493164,5335,0.0,0.0,0.0
2021-01-27 00:00:00-05:00,12.100000381469727,12.100000381469727,11.920000076293945,12.0693998336792,5321,0.0,0.0,0.0
2021-01-28 00:00:00-05:00,12.144499778747559,12.479999542236328,12.069999694824219,12.290399551391602,3695,0.0,0.0,0.0
2021-01-29 00:00:00-05:00,12.232199668884277,12.376199722290039,12.101499557495117,12.376199722290039,3048,0.0,0.0,0.0
2021-02-01 00:00:00-05:00,12.710000038146973,12.710000038146973,12.270000457763672,12.447699546813965,5850,0.0,0.0,0.0
2021-02-02 00:00:00-05:00,12.511699676513672,12.84000015258789,12.511699676513672,12.718000411987305,2893,0.0,0.0,0.0
2021-02-03 00:00:00-05:00,12.979999542236328,12.979999542236328,12.699999809265137,12.736499786376953,4368,0.0,0.0,0.0
2021-02-04 00:00:00-05:00,12.7076997756958,12.810400009155273,12.7076997756958,12.810400009155273,2972,0.0,0.0,0.0
2021-02-05 00:00:00-05:00,13.0,13.0,12.800000190734863,12.934800148010254,3628,0.0,0.0,0.0
2021-02-08 00:00:00-05:00,13.0,13.070599555969238,12.8100004196167,12.881600379943848,2492,0.0,0.0,0.0
2021-02-09 00:00:00-05:00,12.896900177001953,13.199999809265137,12.896900177001953,13.093000411987305,6930,0.0,0.0,0.0
2021-02-10 00:00:00-05:00,13.100000381469727,13.289999961853027,12.6899995803833,13.039199829101562,23131,0.0,0.0,0.0
2021-02-11 00:00:00-05:00,13.09000015258789,13.09000015258789,13.064900398254395,13.064900398254395,924,0.0,0.0,0.0
2021-02-12 00:00:00-05:00,13.199999809265137,13.199999809265137,13.0,13.104900360107422,2139,0.0,0.0,0.0
2021-02-16 00:00:00-05:00,13.75,13.75,12.899999618530273,12.958100318908691,7229,0.0,0.0,0.0
2021-02-17 00:00:00-05:00,13.0,13.0,12.640000343322754,12.734600067138672,2221,0.0,0.0,0.0
2021-02-18 00:00:00-05:00,12.59000015258789,12.710000038146973,12.59000015258789,12.623000144958496,573,0.0,0.0,0.0
2021-02-19 00:00:00-05:00,12.6899995803833,12.6899995803833,12.470100402832031,12.56149959564209,5903,0.0,0.0,0.0
2021-02-22 00:00:00-05:00,12.539999961853027,12.539999961853027,12.0,12.150300025939941,4338,0.0,0.0,0.0
2021-02-23 00:00:00-05:00,12.59000015258789,12.59000015258789,11.109999656677246,11.77810001373291,15201,0.0,0.0,0.0
2021-02-24 00:00:00-05:00,11.727999687194824,11.899999618530273,11.579999923706055,11.841400146484375,2893,0.0,0.0,0.0
2021-02-25 00:00:00-05:00,11.510000228881836,11.739999771118164,11.415499687194824,11.415499687194824,1855,0.0,0.0,0.0
2021-02-26 00:00:00-05:00,11.350000381469727,11.5,11.350000381469727,11.489999771118164,4006,0.0,0.0,0.0
2021-03-01 00:00:00-05:00,11.890000343322754,11.90999984741211,11.539999961853027,11.90999984741211,6384,0.0,0.0,0.0
2021-03-02 00:00:00-05:00,12.170000076293945,12.170000076293945,11.666199684143066,11.666199684143066,891,0.0,0.0,0.0
2021-03-03 00:00:00-05:00,11.3100004196167,11.3100004196167,11.020000457763672,11.085100173950195,20782,0.0,0.0,0.0
2021-03-04 00:00:00-05:00,10.739999771118164,11.140000343322754,10.645000457763672,10.665599822998047,10723,0.0,0.0,0.0
2021-03-05 00:00:00-05:00,10.520000457763672,10.520000457763672,10.010000228881836,10.201899528503418,17460,0.0,0.0,0.0
2021-03-08 00:00:00-05:00,10.079999923706055,10.569999694824219,9.90999984741211,9.90999984741211,7920,0.0,0.0,0.0
2021-03-09 00:00:00-05:00,9.930000305175781,10.670000076293945,9.930000305175781,10.57859992980957,3547,0.0,0.0,0.0
2021-03-10 00:00:00-05:00,10.75,11.0,10.484399795532227,10.520000457763672,4527,0.0,0.0,0.0
2021-03-11 00:00:00-05:00,10.779999732971191,11.050000190734863,10.779999732971191,11.006600379943848,5929,0.0,0.0,0.0
2021-03-12 00:00:00-05:00,10.420000076293945,10.869999885559082,10.420000076293945,10.760000228881836,5113,0.0,0.0,0.0
2021-03-15 00:00:00-04:00,10.609999656677246,10.949999809265137,10.609999656677246,10.936699867248535,14701,0.0,0.0,0.0
2021-03-16 00:00:00-04:00,11.074999809265137,11.100000381469727,10.776599884033203,10.776599884033203,2324,0.0,0.0,0.0
2021-03-17 00:00:00-04:00,10.710000038146973,10.970999717712402,10.449999809265137,10.970999717712402,2474,0.0,0.0,0.0
2021-03-18 00:00:00-04:00,10.569999694824219,10.640000343322754,10.358799934387207,10.358799934387207,3635,0.0,0.0,0.0
2021-03-19 00:00:00-04:00,10.417699813842773,10.54800033569336,10.417699813842773,10.514900207519531,2960,0.0,0.0,0.0
2021-03-22 00:00:00-04:00,10.520099639892578,10.640000343322754,10.520099639892578,10.610199928283691,2961,0.0,0.0,0.0
2021-03-23 00:00:00-04:00,10.600000381469727,10.600000381469727,10.449899673461914,10.449899673461914,747,0.0,0.0,0.0
2021-03-24 00:00:00-04:00,10.510000228881836,10.510000228881836,10.052399635314941,10.052399635314941,7266,0.0,0.0,0.0
2021-03-25 00:00:00-04:00,10.0,10.02299976348877,9.960000038146973,10.02299976348877,1731,0.0,0.0,0.0
2021-03-26 00:00:00-04:00,10.125,10.1899995803833,9.970000267028809,10.143799781799316,2696,0.0,0.0,0.0
2021-03-29 00:00:00-04:00,9.994999885559082,10.0,9.880000114440918,9.979700088500977,3515,0.0,0.0,0.0
2021-03-30 00:00:00-04:00,9.949999809265137,9.989999771118164,9.819999694824219,9.958600044250488,2150,0.0,0.0,0.0
2021-03-31 00:00:00-04:00,10.305000305175781,10.305000305175781,10.285599708557129,10.285599708557129,329,0.0,0.0,0.0
2021-04-01 00:00:00-04:00,10.539999961853027,10.539999961853027,10.451499938964844,10.491999626159668,4428,0.0,0.0,0.0
2021-04-05 00:00:00-04:00,10.670000076293945,10.670000076293945,10.321999549865723,10.46660041809082,7739,0.0,0.0,0.0
2021-04-06 00:00:00-04:00,10.609999656677246,10.779999732971191,10.609999656677246,10.653900146484375,1653,0.0,0.0,0.0
2021-04-07 00:00:00-04:00,10.640000343322754,10.664400100708008,10.546199798583984,10.563400268554688,1672,0.0,0.0,0.0
2021-04-08 00:00:00-04:00,10.770000457763672,10.798100471496582,10.770000457763672,10.798100471496582,217,0.0,0.0,0.0
2021-04-09 00:00:00-04:00,10.699999809265137,10.713500022888184,10.551400184631348,10.713500022888184,2692,0.0,0.0,0.0
2021-04-12 00:00:00-04:00,10.70989990234375,10.745499610900879,10.640000343322754,10.745499610900879,5334,0.0,0.0,0.0
2021-04-13 00:00:00-04:00,10.880000114440918,11.5,10.880000114440918,11.477299690246582,5071,0.0,0.0,0.0
2021-04-14 00:00:00-04:00,11.550000190734863,11.550000190734863,11.165300369262695,11.165300369262695,14782,0.0,0.0,0.0
2021-04-15 00:00:00-04:00,11.5,11.5600004196167,11.210100173950195,11.427800178527832,2522,0.0,0.0,0.0
2021-04-16 00:00:00-04:00,11.281399726867676,11.420000076293945,11.225000381469727,11.239999771118164,3746,0.0,0.0,0.0
2021-04-19 00:00:00-04:00,11.180000305175781,11.319999694824219,11.078700065612793,11.09529972076416,1915,0.0,0.0,0.0
2021-04-20 00:00:00-04:00,11.15999984741211,11.15999984741211,10.890299797058105,10.890299797058105,642,0.0,0.0,0.0
2021-04-21 00:00:00-04:00,10.609999656677246,11.063400268554688,10.460000038146973,11.063400268554688,3419,0.0,0.0,0.0
2021-04-22 00:00:00-04:00,11.0,11.390000343322754,11.0,11.148500442504883,8102,0.0,0.0,0.0
2021-04-23 00:00:00-04:00,11.300000190734863,11.760000228881836,11.300000190734863,11.69729995727539,3348,0.0,0.0,0.0
2021-04-26 00:00:00-04:00,11.949999809265137,12.050000190734863,11.675000190734863,12.0423002243042,3011,0.0,0.0,0.0
2021-04-27 00:00:00-04:00,12.399999618530273,12.399999618530273,12.072099685668945,12.359999656677246,3054,0.0,0.0,0.0
2021-04-28 00:00:00-04:00,12.289999961853027,12.289999961853027,11.680000305175781,11.972700119018555,2239,0.0,0.0,0.0
2021-04-29 00:00:00-04:00,11.899999618530273,11.899999618530273,11.600000381469727,11.701000213623047,3319,0.0,0.0,0.0
2021-04-30 00:00:00-04:00,11.739999771118164,11.759099960327148,11.54640007019043,11.54640007019043,4902,0.0,0.0,0.0
2021-05-03 00:00:00-04:00,11.9399995803833,11.9399995803833,11.270899772644043,11.384499549865723,4155,0.0,0.0,0.0
2021-05-04 00:00:00-04:00,11.003700256347656,11.379899978637695,10.890000343322754,10.890000343322754,1691,0.0,0.0,0.0
2021-05-05 00:00:00-04:00,11.0600004196167,10.949999809265137,10.66100025177002,10.66100025177002,506,0.0,0.0,0.0
2021-05-06 00:00:00-04:00,10.5,10.5,9.869999885559082,10.007699966430664,27578,0.0,0.0,0.0
2021-05-07 00:00:00-04:00,10.310099601745605,10.40999984741211,10.208900451660156,10.208900451660156,2329,0.0,0.0,0.0
2021-05-10 00:00:00-04:00,10.399999618530273,10.399999618530273,9.8100004196167,10.050000190734863,6152,0.0,0.0,0.0
2021-05-11 00:00:00-04:00,9.789999961853027,10.236100196838379,9.789999961853027,10.236100196838379,5411,0.0,0.0,0.0
2021-05-12 00:00:00-04:00,9.979999542236328,10.0,9.859999656677246,9.99839973449707,2692,0.0,0.0,0.0
2021-05-13 00:00:00-04:00,10.260000228881836,10.260000228881836,9.550000190734863,9.746199607849121,8472,0.0,0.0,0.0
2021-05-14 00:00:00-04:00,10.109999656677246,10.34000015258789,10.039999961853027,10.21679973602295,101194,0.0,0.0,0.0
2021-05-17 00:00:00-04:00,9.949999809265137,10.069999694824219,9.899999618530273,10.03950023651123,2864,0.0,0.0,0.0
2021-05-18 00:00:00-04:00,10.359999656677246,10.460000038146973,10.285599708557129,10.292699813842773,8833,0.0,0.0,0.0
2021-05-19 00:00:00-04:00,10.034099578857422,10.319999694824219,10.034099578857422,10.263199806213379,1700,0.0,0.0,0.0
2021-05-20 00:00:00-04:00,10.430000305175781,10.559900283813477,10.430000305175781,10.534199714660645,8186,0.0,0.0,0.0
2021-05-21 00:00:00-04:00,10.5600004196167,10.899900436401367,10.5600004196167,10.819999694824219,3766,0.0,0.0,0.0
2021-05-24 00:00:00-04:00,10.84000015258789,11.000100135803223,10.84000015258789,10.99940013885498,3967,0.0,0.0,0.0
2021-05-25 00:00:00-04:00,11.020000457763672,11.0600004196167,10.960700035095215,10.960700035095215,5011,0.0,0.0,0.0
2021-05-26 00:00:00-04:00,11.210000038146973,11.369999885559082,11.210000038146973,11.23799991607666,12522,0.0,0.0,0.0
2021-05-27 00:00:00-04:00,11.4399995803833,11.4399995803833,10.910099983215332,11.336600303649902,10484,0.0,0.0,0.0
2021-05-28 00:00:00-04:00,11.414999961853027,11.44729995727539,11.265800476074219,11.265800476074219,14050,0.0,0.0,0.0
2021-06-01 00:00:00-04:00,11.369999885559082,11.369999885559082,11.135600090026855,11.299400329589844,3452,0.0,0.0,0.0
2021-06-02 00:00:00-04:00,11.229999542236328,11.369999885559082,11.220000267028809,11.322799682617188,4357,0.0,0.0,0.0
2021-06-03 00:00:00-04:00,11.25,11.260000228881836,11.104999542236328,11.159899711608887,2372,0.0,0.0,0.0
2021-06-04 00:00:00-04:00,11.199999809265137,11.199999809265137,11.039999961853027,11.086899757385254,7007,0.0,0.0,0.0
2021-06-07 00:00:00-04:00,11.25,11.470000267028809,11.25,11.411399841308594,4800,0.0,0.0,0.0
2021-06-08 00:00:00-04:00,11.5,11.760000228881836,11.5,11.70479965209961,8167,0.0,0.0,0.0
2021-06-09 00:00:00-04:00,12.0,12.0,11.569999694824219,11.682900428771973,1273,0.0,0.0,0.0
2021-06-10 00:00:00-04:00,11.989999771118164,12.15999984741211,11.76930046081543,12.156100273132324,7275,0.0,0.0,0.0
2021-06-11 00:00:00-04:00,12.329999923706055,12.329999923706055,12.029999732971191,12.145299911499023,28371,0.0,0.0,0.0
2021-06-14 00:00:00-04:00,12.3100004196167,12.520000457763672,12.265000343322754,12.409899711608887,24936,0.0,0.0,0.0
2021-06-15 00:00:00-04:00,12.5,12.59000015258789,12.100000381469727,12.184200286865234,18877,0.0,0.0,0.0
2021-06-16 00:00:00-04:00,12.34000015258789,12.34000015258789,12.050000190734863,12.338000297546387,8854,0.0,0.0,0.0
2021-06-17 00:00:00-04:00,12.479999542236328,12.890000343322754,11.9399995803833,12.889900207519531,31730,0.0,0.0,0.0
2021-06-18 00:00:00-04:00,12.785799980163574,13.100000381469727,12.740099906921387,13.03499984741211,20253,0.0,0.0,0.0
2021-06-21 00:00:00-04:00,13.140000343322754,13.140000343322754,12.510000228881836,12.871000289916992,29545,0.0,0.0,0.0
2021-06-22 00:00:00-04:00,12.989999771118164,13.319999694824219,12.930000305175781,13.296500205993652,62749,0.0,0.0,0.0
2021-06-23 00:00:00-04:00,13.5,13.5,13.086000442504883,13.289999961853027,27068,0.0,0.0,0.0
2021-06-24 00:00:00-04:00,13.739999771118164,13.779999732971191,13.20009994506836,13.779999732971191,40866,0.0,0.0,0.0
2021-06-25 00:00:00-04:00,13.789999961853027,13.789999961853027,13.100099563598633,13.325200080871582,93359,0.0,0.0,0.0
2021-06-28 00:00:00-04:00,13.479999542236328,13.5378999710083,13.310999870300293,13.46500015258789,8890,0.0,0.0,0.0
2021-06-29 00:00:00-04:00,13.359999656677246,13.699999809265137,13.359999656677246,13.588700294494629,20879,0.0,0.0,0.0
2021-06-30 00:00:00-04:00,13.670000076293945,13.819999694824219,13.3100004196167,13.819999694824219,12117,0.0,0.0,0.0
2021-07-01 00:00:00-04:00,13.960000038146973,13.960000038146973,13.082099914550781,13.550000190734863,23880,0.0,0.0,0.0
2021-07-02 00:00:00-04:00,13.680000305175781,13.680000305175781,13.270000457763672,13.569999694824219,26356,0.0,0.0,0.0
2021-07-06 00:00:00-04:00,13.739999771118164,13.829999923706055,13.569999694824219,13.767800331115723,20677,0.0,0.0,0.0
2021-07-07 00:00:00-04:00,13.75,13.907899856567383,13.600000381469727,13.820599555969238,18700,0.0,0.0,0.0
2021-07-08 00:00:00-04:00,13.720000267028809,14.039999961853027,13.1899995803833,14.039999961853027,11590,0.0,0.0,0.0
2021-07-09 00:00:00-04:00,14.119999885559082,14.119999885559082,13.490099906921387,13.799599647521973,10620,0.0,0.0,0.0
2021-07-12 00:00:00-04:00,13.949999809265137,13.989999771118164,13.65999984741211,13.989999771118164,16945,0.0,0.0,0.0
2021-07-13 00:00:00-04:00,13.869999885559082,13.920000076293945,13.640000343322754,13.680000305175781,17148,0.0,0.0,0.0
2021-07-14 00:00:00-04:00,13.670000076293945,13.800000190734863,13.359999656677246,13.395600318908691,13961,0.0,0.0,0.0
2021-07-15 00:00:00-04:00,13.359999656677246,13.359999656677246,13.010600090026855,13.121299743652344,11643,0.0,0.0,0.0
2021-07-16 00:00:00-04:00,13.050000190734863,13.15999984741211,13.010000228881836,13.145000457763672,12652,0.0,0.0,0.0
2021-07-19 00:00:00-04:00,12.640000343322754,13.154999732971191,12.585000038146973,13.039999961853027,23464,0.0,0.0,0.0
2021-07-20 00:00:00-04:00,13.050000190734863,13.569999694824219,13.050000190734863,13.418399810791016,25650,0.0,0.0,0.0
2021-07-21 00:00:00-04:00,13.470000267028809,13.649999618530273,13.3100004196167,13.545299530029297,4406,0.0,0.0,0.0
2021-07-22 00:00:00-04:00,13.529999732971191,14.3100004196167,13.529999732971191,14.3100004196167,12031,0.0,0.0,0.0
2021-07-23 00:00:00-04:00,14.289999961853027,14.29800033569336,14.0,14.253199577331543,19909,0.0,0.0,0.0
2021-07-26 00:00:00-04:00,14.09000015258789,14.1899995803833,13.971799850463867,14.11520004272461,8512,0.0,0.0,0.0
2021-07-27 00:00:00-04:00,13.8100004196167,13.829999923706055,13.770000457763672,13.829500198364258,6784,0.0,0.0,0.0
2021-07-28 00:00:00-04:00,14.079999923706055,14.369999885559082,14.0600004196167,14.3100004196167,12112,0.0,0.0,0.0
2021-07-29 00:00:00-04:00,14.489999771118164,14.630000114440918,14.279999732971191,14.630000114440918,14970,0.0,0.0,0.0
2021-07-30 00:00:00-04:00,14.3100004196167,14.399999618530273,14.100000381469727,14.100000381469727,13215,0.0,0.0,0.0
2021-08-02 00:00:00-04:00,14.220000267028809,14.220000267028809,13.819999694824219,14.086400032043457,30156,0.0,0.0,0.0
2021-08-03 00:00:00-04:00,14.109999656677246,14.324700355529785,13.90999984741211,13.90999984741211,11645,0.0,0.0,0.0
2021-08-04 00:00:00-04:00,14.1899995803833,14.4399995803833,14.020000457763672,14.280400276184082,24361,0.0,0.0,0.0
2021-08-05 00:00:00-04:00,14.420000076293945,14.63860034942627,14.300000190734863,14.619999885559082,15312,0.0,0.0,0.0
2021-08-06 00:00:00-04:00,14.5,14.5,14.0,14.220000267028809,10931,0.0,0.0,0.0
2021-08-09 00:00:00-04:00,14.039999961853027,14.600000381469727,13.930000305175781,14.279999732971191,8363,0.0,0.0,0.0
2021-08-10 00:00:00-04:00,14.470000267028809,14.8100004196167,14.329999923706055,14.600000381469727,4857,0.0,0.0,0.0
2021-08-11 00:00:00-04:00,14.175000190734863,14.300000190734863,13.699999809265137,13.850799560546875,16949,0.0,0.0,0.0
2021-08-12 00:00:00-04:00,13.960000038146973,14.170000076293945,13.779999732971191,14.119600296020508,7903,0.0,0.0,0.0
2021-08-13 00:00:00-04:00,14.119999885559082,14.339900016784668,14.111300468444824,14.111300468444824,3980,0.0,0.0,0.0
2021-08-16 00:00:00-04:00,14.0,14.0,13.59000015258789,13.870800018310547,13878,0.0,0.0,0.0
2021-08-17 00:00:00-04:00,13.8100004196167,13.8100004196167,13.550100326538086,13.773200035095215,11326,0.0,0.0,0.0
2021-08-18 00:00:00-04:00,13.699999809265137,13.798399925231934,13.609999656677246,13.609999656677246,12588,0.0,0.0,0.0
2021-08-19 00:00:00-04:00,13.550000190734863,13.819999694824219,13.550000190734863,13.669500350952148,11307,0.0,0.0,0.0
2021-08-20 00:00:00-04:00,13.84000015258789,13.84000015258789,13.78499984741211,13.788800239562988,4346,0.0,0.0,0.0
2021-08-23 00:00:00-04:00,13.84000015258789,14.225000381469727,13.84000015258789,14.223099708557129,1860,0.0,0.0,0.0
2021-08-24 00:00:00-04:00,14.300000190734863,14.600000381469727,14.300000190734863,14.52560043334961,14820,0.0,0.0,0.0
2021-08-25 00:00:00-04:00,14.619999885559082,14.680000305175781,14.529999732971191,14.53219985961914,22086,0.0,0.0,0.0
2021-08-26 00:00:00-04:00,14.600000381469727,14.8100004196167,14.43120002746582,14.599900245666504,34527,0.0,0.0,0.0
2021-08-27 00:00:00-04:00,14.550000190734863,14.9399995803833,14.550000190734863,14.850000381469727,15138,0.0,0.0,0.0
2021-08-30 00:00:00-04:00,15.0,15.130000114440918,14.770000457763672,15.130000114440918,19256,0.0,0.0,0.0
2021-08-31 00:00:00-04:00,15.09000015258789,15.09000015258789,14.699999809265137,14.774999618530273,53943,0.0,0.0,0.0
2021-09-01 00:00:00-04:00,14.770000457763672,15.220000267028809,14.729999542236328,15.005000114440918,23875,0.0,0.0,0.0
2021-09-02 00:00:00-04:00,15.3100004196167,15.3100004196167,15.100000381469727,15.149999618530273,9916,0.0,0.0,0.0
2021-09-03 00:00:00-04:00,15.0600004196167,15.579999923706055,15.0600004196167,15.488200187683105,20504,0.0,0.0,0.0
2021-09-07 00:00:00-04:00,17.040000915527344,17.082000732421875,15.140000343322754,15.460000038146973,35593,0.0,0.0,0.0
2021-09-08 00:00:00-04:00,16.219999313354492,16.219999313354492,14.859700202941895,15.119600296020508,20754,0.0,0.0,0.0
2021-09-09 00:00:00-04:00,15.289999961853027,15.449999809265137,15.182000160217285,15.449999809265137,21487,0.0,0.0,0.0
2021-09-10 00:00:00-04:00,15.5,15.5,15.0,15.0,38707,0.0,0.0,0.0
2021-09-13 00:00:00-04:00,15.430000305175781,15.430000305175781,14.279999732971191,14.706100463867188,32641,0.0,0.0,0.0
2021-09-14 00:00:00-04:00,14.720000267028809,15.079999923706055,14.65999984741211,14.65999984741211,7765,0.0,0.0,0.0
2021-09-15 00:00:00-04:00,14.800000190734863,15.140000343322754,14.800000190734863,15.081399917602539,10039,0.0,0.0,0.0
2021-09-16 00:00:00-04:00,15.130000114440918,15.599900245666504,15.069999694824219,15.484100341796875,24091,0.0,0.0,0.0
2021-09-17 00:00:00-04:00,15.619999885559082,15.789999961853027,15.335000038146973,15.6899995803833,21994,0.0,0.0,0.0
2021-09-20 00:00:00-04:00,15.149999618530273,15.850000381469727,14.600000381469727,14.82919979095459,32242,0.0,0.0,0.0
2021-09-21 00:00:00-04:00,15.025699615478516,15.210000038146973,14.8100004196167,15.071999549865723,14080,0.0,0.0,0.0
2021-09-22 00:00:00-04:00,15.229999542236328,15.649999618530273,15.229999542236328,15.647100448608398,7556,0.0,0.0,0.0
2021-09-23 00:00:00-04:00,15.609999656677246,15.84000015258789,15.404999732971191,15.807000160217285,24820,0.0,0.0,0.0
2021-09-24 00:00:00-04:00,15.579999923706055,15.579999923706055,15.100000381469727,15.517999649047852,20902,0.0,0.0,0.0
2021-09-27 00:00:00-04:00,15.640000343322754,15.640000343322754,14.660099983215332,14.766200065612793,42916,0.0,0.0,0.0
2021-09-28 00:00:00-04:00,14.239999771118164,14.239999771118164,13.829999923706055,13.899299621582031,50252,0.0,0.0,0.0
2021-09-29 00:00:00-04:00,14.0600004196167,14.0600004196167,13.539999961853027,13.682100296020508,18693,0.0,0.0,0.0
2021-09-30 00:00:00-04:00,13.739999771118164,13.929900169372559,13.720000267028809,13.797599792480469,4697,0.0,0.0,0.0
2021-10-01 00:00:00-04:00,13.8100004196167,13.989999771118164,13.507499694824219,13.949999809265137,5967,0.0,0.0,0.0
2021-10-04 00:00:00-04:00,13.979999542236328,13.979999542236328,13.289999961853027,13.449999809265137,20411,0.0,0.0,0.0
2021-10-05 00:00:00-04:00,13.8100004196167,14.100000381469727,13.8100004196167,14.057000160217285,5104,0.0,0.0,0.0
2021-10-06 00:00:00-04:00,14.0600004196167,14.779999732971191,13.859999656677246,14.63700008392334,12904,0.0,0.0,0.0
2021-10-07 00:00:00-04:00,14.930000305175781,15.11989974975586,14.890000343322754,15.009400367736816,7594,0.0,0.0,0.0
2021-10-08 00:00:00-04:00,14.899999618530273,15.07610034942627,14.854999542236328,14.975199699401855,11936,0.0,0.0,0.0
2021-10-11 00:00:00-04:00,15.050000190734863,15.34000015258789,14.6899995803833,15.259599685668945,13362,0.0,0.0,0.0
2021-10-12 00:00:00-04:00,15.5,15.90999984741211,15.300000190734863,15.88290023803711,15482,0.0,0.0,0.0
2021-10-13 00:00:00-04:00,15.9399995803833,16.809999465942383,15.9399995803833,16.809999465942383,65582,0.0,0.0,0.0
2021-10-14 00:00:00-04:00,17.200000762939453,17.520000457763672,17.01569938659668,17.389999389648438,44015,0.0,0.0,0.0
2021-10-15 00:00:00-04:00,17.610000610351562,17.68000030517578,17.219999313354492,17.56999969482422,50553,0.0,0.0,0.0
2021-10-18 00:00:00-04:00,17.510000228881836,18.69499969482422,17.510000228881836,18.69499969482422,65299,0.0,0.0,0.0
2021-10-19 00:00:00-04:00,19.690000534057617,19.690000534057617,18.010000228881836,18.229999542236328,75628,0.0,0.0,0.0
2021-10-20 00:00:00-04:00,18.469999313354492,18.469999313354492,17.83009910583496,18.151599884033203,33473,0.0,0.0,0.0
2021-10-21 00:00:00-04:00,18.270000457763672,18.81999969482422,18.270000457763672,18.709999084472656,47142,0.0,0.0,0.0
2021-10-22 00:00:00-04:00,18.610000610351562,18.770000457763672,18.3799991607666,18.587499618530273,35002,0.0,0.0,0.0
2021-10-25 00:00:00-04:00,18.770000457763672,19.260000228881836,18.440000534057617,19.260000228881836,41433,0.0,0.0,0.0
2021-10-26 00:00:00-04:00,19.540000915527344,19.540000915527344,18.59000015258789,18.883399963378906,56879,0.0,0.0,0.0
2021-10-27 00:00:00-04:00,19.059999465942383,19.059999465942383,18.40999984741211,18.41390037536621,22727,0.0,0.0,0.0
2021-10-28 00:00:00-04:00,18.229999542236328,18.8700008392334,17.260000228881836,18.76129913330078,33390,0.0,0.0,0.0
2021-10-29 00:00:00-04:00,18.520000457763672,19.3700008392334,18.520000457763672,19.3700008392334,39683,0.0,0.0,0.0
2021-11-01 00:00:00-04:00,19.56999969482422,19.56999969482422,18.934999465942383,19.290000915527344,44830,0.0,0.0,0.0
2021-11-02 00:00:00-04:00,19.40999984741211,19.524799346923828,18.889999389648438,19.229999542236328,32114,0.0,0.0,0.0
2021-11-03 00:00:00-04:00,19.469999313354492,19.540000915527344,18.8799991607666,19.540000915527344,31224,0.0,0.0,0.0
2021-11-04 00:00:00-04:00,19.920000076293945,19.979999542236328,19.549999237060547,19.979999542236328,46940,0.0,0.0,0.0
2021-11-05 00:00:00-04:00,20.389999389648438,20.859899520874023,19.570100784301758,20.1299991607666,33164,0.0,0.0,0.0
2021-11-08 00:00:00-05:00,20.149999618530273,20.81999969482422,19.890100479125977,20.809999465942383,173435,0.0,0.0,0.0
2021-11-09 00:00:00-05:00,20.8799991607666,20.969999313354492,20.309999465942383,20.649999618530273,48318,0.0,0.0,0.0
2021-11-10 00:00:00-05:00,20.610000610351562,20.610000610351562,19.549999237060547,19.799999237060547,35111,0.0,0.0,0.0
2021-11-11 00:00:00-05:00,20.1299991607666,20.290000915527344,19.93000030517578,19.937400817871094,31370,0.0,0.0,0.0
2021-11-12 00:00:00-05:00,20.020000457763672,20.510000228881836,20.020000457763672,20.510000228881836,35180,0.0,0.0,0.0
2021-11-15 00:00:00-05:00,20.920000076293945,20.920000076293945,20.0,20.34000015258789,35109,0.0,0.0,0.0
2021-11-16 00:00:00-05:00,20.299999237060547,20.579999923706055,20.0,20.549999237060547,46243,0.0,0.0,0.0
2021-11-17 00:00:00-05:00,20.43000030517578,20.635000228881836,20.299999237060547,20.34000015258789,14444,0.0,0.0,0.0
2021-11-18 00:00:00-05:00,20.489999771118164,20.899099349975586,20.219999313354492,20.559999465942383,54802,0.0,0.0,0.0
2021-11-19 00:00:00-05:00,20.709999084472656,20.739999771118164,20.239999771118164,20.239999771118164,20255,0.0,0.0,0.0
2021-11-22 00:00:00-05:00,20.389999389648438,20.389999389648438,18.5,18.520000457763672,98582,0.0,0.0,0.0
2021-11-23 00:00:00-05:00,18.049999237060547,18.649999618530273,17.739999771118164,18.209999084472656,36199,0.0,0.0,0.0
2021-11-24 00:00:00-05:00,17.770000457763672,18.959999084472656,17.770000457763672,18.75,34652,0.0,0.0,0.0
2021-11-26 00:00:00-05:00,18.09000015258789,19.260000228881836,18.09000015258789,19.260000228881836,21998,0.0,0.0,0.0
2021-11-29 00:00:00-05:00,19.34000015258789,19.34000015258789,18.5,18.780000686645508,30332,0.0,0.0,0.0
2021-11-30 00:00:00-05:00,18.780000686645508,19.020000457763672,17.989999771118164,18.290000915527344,34015,0.0,0.0,0.0
2021-12-01 00:00:00-05:00,18.440000534057617,18.440000534057617,16.6200008392334,16.6200008392334,47176,0.0,0.0,0.0
2021-12-02 00:00:00-05:00,16.75,17.3799991607666,16.530000686645508,17.260000228881836,18533,0.0,0.0,0.0
2021-12-03 00:00:00-05:00,17.459999084472656,17.459999084472656,15.9443998336792,16.565399169921875,54455,0.0,0.0,0.0
2021-12-06 00:00:00-05:00,16.06999969482422,16.239999771118164,15.609999656677246,16.048799514770508,34248,0.0,0.0,0.0
2021-12-07 00:00:00-05:00,16.25,17.149999618530273,16.25,17.030000686645508,72678,0.0,0.0,0.0
2021-12-08 00:00:00-05:00,17.790000915527344,17.829999923706055,16.68000030517578,17.40999984741211,18368,0.0,0.0,0.0
2021-12-09 00:00:00-05:00,17.56999969482422,17.68000030517578,16.639999389648438,16.670000076293945,30758,0.0,0.0,0.0
2021-12-10 00:00:00-05:00,16.700000762939453,16.950000762939453,16.399999618530273,16.5,13543,0.0,0.0,0.0
2021-12-13 00:00:00-05:00,16.989999771118164,16.989999771118164,16.209999084472656,16.43000030517578,25674,0.0,0.0,0.0
2021-12-14 00:00:00-05:00,16.100000381469727,16.100000381469727,15.399999618530273,15.75,55646,0.0,0.0,0.0
2021-12-15 00:00:00-05:00,16.459999084472656,16.459999084472656,15.699999809265137,16.386199951171875,17465,0.0,0.0,0.0
2021-12-16 00:00:00-05:00,16.860000610351562,16.860000610351562,15.529999732971191,15.75,24062,0.0,0.0,0.0
2021-12-17 00:00:00-05:00,15.3100004196167,16.110000610351562,15.300000190734863,15.984999656677246,29052,0.0,0.0,0.0
2021-12-20 00:00:00-05:00,15.760000228881836,16.030000686645508,15.670000076293945,15.760000228881836,11796,0.0,0.0,0.0
2021-12-21 00:00:00-05:00,16.190000534057617,16.719999313354492,15.890000343322754,16.719999313354492,53900,0.0,0.0,0.0
2021-12-22 00:00:00-05:00,16.81999969482422,16.81999969482422,16.350000381469727,16.479999542236328,49827,0.0,0.0,0.0
2021-12-23 00:00:00-05:00,16.770000457763672,16.770000457763672,16.3799991607666,16.610000610351562,52107,0.0,0.0,0.0
2021-12-27 00:00:00-05:00,15.899999618530273,15.899999618530273,15.609999656677246,15.699999809265137,25726,0.0,0.0,0.0
2021-12-28 00:00:00-05:00,15.609999656677246,15.699999809265137,15.25,15.25,35754,0.0,0.0,0.0
2021-12-29 00:00:00-05:00,15.210000038146973,15.430000305175781,15.079999923706055,15.34000015258789,22207,0.0,0.0,0.0
2021-12-30 00:00:00-05:00,15.329999923706055,15.699999809265137,15.329999923706055,15.529999732971191,18009,0.0,0.0,0.0
2021-12-31 00:00:00-05:00,15.989999771118164,16.0,15.04259967803955,15.279999732971191,27793,0.0,0.0,0.0
2022-01-03 00:00:00-05:00,15.470000267028809,15.470000267028809,14.609999656677246,14.869999885559082,31894,0.0,0.0,0.0
2022-01-04 00:00:00-05:00,14.770000457763672,14.770000457763672,13.699999809265137,14.127300262451172,61254,0.0,0.0,0.0
2022-01-05 00:00:00-05:00,14.100000381469727,14.100000381469727,13.279999732971191,13.3100004196167,27767,0.0,0.0,0.0
2022-01-06 00:00:00-05:00,13.140000343322754,13.699999809265137,13.010000228881836,13.319999694824219,24762,0.0,0.0,0.0
2022-01-07 00:00:00-05:00,13.130000114440918,13.800000190734863,13.130000114440918,13.510000228881836,13578,0.0,0.0,0.0
2022-01-10 00:00:00-05:00,13.010000228881836,13.600000381469727,12.739999771118164,13.550000190734863,23353,0.0,0.0,0.0
2022-01-11 00:00:00-05:00,13.739999771118164,14.039999961853027,13.380000114440918,13.819999694824219,20022,0.0,0.0,0.0
2022-01-12 00:00:00-05:00,14.020000457763672,14.149999618530273,13.71500015258789,13.829999923706055,15488,0.0,0.0,0.0
2022-01-13 00:00:00-05:00,14.09000015258789,14.09000015258789,12.75,12.960000038146973,35853,0.0,0.0,0.0
2022-01-14 00:00:00-05:00,12.729999542236328,13.03950023651123,12.680000305175781,12.886799812316895,13385,0.0,0.0,0.0
2022-01-18 00:00:00-05:00,12.520000457763672,12.989999771118164,12.39009952545166,12.41409969329834,36293,0.0,0.0,0.0
2022-01-19 00:00:00-05:00,12.800000190734863,12.819999694824219,12.25,12.449999809265137,17445,0.0,0.0,0.0
2022-01-20 00:00:00-05:00,12.850000381469727,12.949999809265137,12.350000381469727,12.350000381469727,5677,0.0,0.0,0.0
2022-01-21 00:00:00-05:00,12.119999885559082,12.353400230407715,11.800000190734863,11.920000076293945,29568,0.0,0.0,0.0
2022-01-24 00:00:00-05:00,11.59000015258789,12.180000305175781,11.0,12.180000305175781,42747,0.0,0.0,0.0
2022-01-25 00:00:00-05:00,11.989999771118164,12.024999618530273,11.479999542236328,11.619999885559082,19911,0.0,0.0,0.0
2022-01-26 00:00:00-05:00,11.800000190734863,12.050000190734863,11.430000305175781,11.489999771118164,11102,0.0,0.0,0.0
2022-01-27 00:00:00-05:00,11.460000038146973,11.550000190734863,11.260000228881836,11.270000457763672,11834,0.0,0.0,0.0
2022-01-28 00:00:00-05:00,11.3100004196167,11.649999618530273,11.239999771118164,11.539999961853027,7222,0.0,0.0,0.0
2022-01-31 00:00:00-05:00,11.65999984741211,12.09000015258789,11.65999984741211,12.09000015258789,6927,0.0,0.0,0.0
2022-02-01 00:00:00-05:00,12.319999694824219,12.319999694824219,12.020000457763672,12.239999771118164,9406,0.0,0.0,0.0
2022-02-02 00:00:00-05:00,12.300000190734863,13.319999694824219,12.229999542236328,12.5,37209,0.0,0.0,0.0
2022-02-03 00:00:00-05:00,11.960000038146973,12.09000015258789,11.800000190734863,11.800000190734863,4947,0.0,0.0,0.0
2022-02-04 00:00:00-05:00,11.84000015258789,12.449999809265137,11.827099800109863,12.279999732971191,23316,0.0,0.0,0.0
2022-02-07 00:00:00-05:00,12.460000038146973,12.800000190734863,12.399999618530273,12.4399995803833,9449,0.0,0.0,0.0
2022-02-08 00:00:00-05:00,12.350000381469727,12.5177001953125,12.180100440979004,12.510000228881836,20199,0.0,0.0,0.0
2022-02-09 00:00:00-05:00,12.569999694824219,12.84000015258789,12.410099983215332,12.770000457763672,10740,0.0,0.0,0.0
2022-02-10 00:00:00-05:00,13.010000228881836,13.489999771118164,12.890000343322754,12.930000305175781,15898,0.0,0.0,0.0
2022-02-11 00:00:00-05:00,13.390000343322754,13.390000343322754,12.392499923706055,12.449999809265137,25506,0.0,0.0,0.0
2022-02-14 00:00:00-05:00,12.59000015258789,12.680000305175781,12.369999885559082,12.369999885559082,5528,0.0,0.0,0.0
2022-02-15 00:00:00-05:00,12.390000343322754,13.119999885559082,12.390000343322754,13.119999885559082,6272,0.0,0.0,0.0
2022-02-16 00:00:00-05:00,12.699999809265137,12.930000305175781,12.699999809265137,12.930000305175781,5077,0.0,0.0,0.0
2022-02-17 00:00:00-05:00,12.899999618530273,12.899999618530273,12.028200149536133,12.140000343322754,8320,0.0,0.0,0.0
2022-02-18 00:00:00-05:00,12.170000076293945,12.229999542236328,11.5,11.5,10899,0.0,0.0,0.0
2022-02-22 00:00:00-05:00,11.5,11.640000343322754,11.359999656677246,11.359999656677246,9784,0.0,0.0,0.0
2022-02-23 00:00:00-05:00,11.5600004196167,11.5600004196167,10.979999542236328,10.979999542236328,8619,0.0,0.0,0.0
2022-02-24 00:00:00-05:00,10.5,12.260000228881836,10.446200370788574,12.260000228881836,25370,0.0,0.0,0.0
2022-02-25 00:00:00-05:00,12.109999656677246,12.229999542236328,11.729999542236328,11.920000076293945,10023,0.0,0.0,0.0
2022-02-28 00:00:00-05:00,12.170000076293945,12.75,12.145999908447266,12.630000114440918,8691,0.0,0.0,0.0
2022-03-01 00:00:00-05:00,12.630000114440918,13.109999656677246,12.5,12.630000114440918,10833,0.0,0.0,0.0
2022-03-02 00:00:00-05:00,12.8100004196167,12.9399995803833,12.270000457763672,12.9399995803833,24551,0.0,0.0,0.0
2022-03-03 00:00:00-05:00,13.130000114440918,13.130000114440918,11.720000267028809,11.800000190734863,23812,0.0,0.0,0.0
2022-03-04 00:00:00-05:00,11.680000305175781,11.699999809265137,11.199999809265137,11.199999809265137,15200,0.0,0.0,0.0
2022-03-07 00:00:00-05:00,11.399999618530273,11.399999618530273,10.699999809265137,10.699999809265137,20082,0.0,0.0,0.0
2022-03-08 00:00:00-05:00,10.510000228881836,10.934599876403809,10.470000267028809,10.489999771118164,19970,0.0,0.0,0.0
2022-03-09 00:00:00-05:00,10.699999809265137,11.350000381469727,10.699999809265137,11.19159984588623,24130,0.0,0.0,0.0
2022-03-10 00:00:00-05:00,11.34000015258789,11.420000076293945,11.070099830627441,11.36460018157959,16064,0.0,0.0,0.0
2022-03-11 00:00:00-05:00,11.09000015258789,11.279999732971191,10.793800354003906,10.793800354003906,9037,0.0,0.0,0.0
2022-03-14 00:00:00-04:00,10.760000228881836,10.859999656677246,10.3100004196167,10.310099601745605,10627,0.0,0.0,0.0
2022-03-15 00:00:00-04:00,10.65999984741211,10.65999984741211,10.270000457763672,10.517399787902832,4552,0.0,0.0,0.0
2022-03-16 00:00:00-04:00,10.520000457763672,11.21500015258789,10.459799766540527,11.21500015258789,13667,0.0,0.0,0.0
2022-03-17 00:00:00-04:00,11.448699951171875,11.699999809265137,11.305000305175781,11.649999618530273,4515,0.0,0.0,0.0
2022-03-18 00:00:00-04:00,11.699999809265137,12.180000305175781,11.680000305175781,12.128999710083008,23264,0.0,0.0,0.0
2022-03-21 00:00:00-04:00,11.970000267028809,12.050000190734863,11.362299919128418,11.743499755859375,23164,0.0,0.0,0.0
2022-03-22 00:00:00-04:00,11.979999542236328,12.600000381469727,11.690099716186523,12.443499565124512,9899,0.0,0.0,0.0
2022-03-23 00:00:00-04:00,12.5,12.859999656677246,12.270000457763672,12.52180004119873,29873,0.0,0.0,0.0
2022-03-24 00:00:00-04:00,12.720000267028809,12.758299827575684,12.220000267028809,12.758299827575684,8202,0.0,0.0,0.0
2022-03-25 00:00:00-04:00,12.75,12.819999694824219,12.350000381469727,12.412599563598633,6019,0.0,0.0,0.0
2022-03-28 00:00:00-04:00,12.520000457763672,12.859999656677246,12.520000457763672,12.7947998046875,8871,0.0,0.0,0.0
2022-03-29 00:00:00-04:00,13.039999961853027,13.180000305175781,12.918800354003906,13.130900382995605,5871,0.0,0.0,0.0
2022-03-30 00:00:00-04:00,13.359999656677246,13.359999656677246,12.65999984741211,12.670000076293945,11632,0.0,0.0,0.0
2022-03-31 00:00:00-04:00,12.880000114440918,12.989999771118164,12.730199813842773,12.730199813842773,8219,0.0,0.0,0.0
2022-04-01 00:00:00-04:00,12.720000267028809,12.930000305175781,12.65999984741211,12.784199714660645,6904,0.0,0.0,0.0
2022-04-04 00:00:00-04:00,13.109999656677246,13.220000267028809,12.906000137329102,13.107000350952148,10731,0.0,0.0,0.0
2022-04-05 00:00:00-04:00,12.890000343322754,13.020000457763672,12.300000190734863,12.427900314331055,10157,0.0,0.0,0.0
2022-04-06 00:00:00-04:00,12.119999885559082,12.119999885559082,11.529999732971191,11.764399528503418,14717,0.0,0.0,0.0
2022-04-07 00:00:00-04:00,11.930000305175781,12.0,11.779999732971191,11.909500122070312,1510,0.0,0.0,0.0
2022-04-08 00:00:00-04:00,11.899999618530273,11.899999618530273,11.714400291442871,11.714400291442871,1278,0.0,0.0,0.0
2022-04-11 00:00:00-04:00,11.65999984741211,11.710000038146973,11.270000457763672,11.610400199890137,16641,0.0,0.0,0.0
2022-04-12 00:00:00-04:00,12.0600004196167,12.300000190734863,11.690099716186523,11.782400131225586,8475,0.0,0.0,0.0
2022-04-13 00:00:00-04:00,12.170100212097168,12.380000114440918,12.170000076293945,12.378800392150879,2851,0.0,0.0,0.0
2022-04-14 00:00:00-04:00,12.175000190734863,12.175000190734863,11.869999885559082,11.90530014038086,7739,0.0,0.0,0.0
2022-04-18 00:00:00-04:00,12.050000190734863,12.050000190734863,11.279999732971191,11.441499710083008,7474,0.0,0.0,0.0
2022-04-19 00:00:00-04:00,11.449999809265137,11.873700141906738,11.290200233459473,11.775199890136719,6363,0.0,0.0,0.0
2022-04-20 00:00:00-04:00,11.378000259399414,11.499899864196777,11.260000228881836,11.39109992980957,5085,0.0,0.0,0.0
2022-04-21 00:00:00-04:00,11.9399995803833,11.9399995803833,10.8100004196167,10.854999542236328,9192,0.0,0.0,0.0
2022-04-22 00:00:00-04:00,11.239999771118164,11.239999771118164,10.611300468444824,10.714799880981445,7239,0.0,0.0,0.0
2022-04-25 00:00:00-04:00,10.5,11.0,10.5,10.859999656677246,7316,0.0,0.0,0.0
2022-04-26 00:00:00-04:00,10.75,10.75,10.550000190734863,10.588800430297852,11772,0.0,0.0,0.0
2022-04-27 00:00:00-04:00,10.75,10.859999656677246,10.430000305175781,10.445599555969238,7966,0.0,0.0,0.0
2022-04-28 00:00:00-04:00,10.850000381469727,10.850000381469727,10.375,10.696499824523926,4978,0.0,0.0,0.0
2022-04-29 00:00:00-04:00,10.390000343322754,10.75,10.300000190734863,10.300000190734863,6682,0.0,0.0,0.0
2022-05-02 00:00:00-04:00,10.289999961853027,10.499899864196777,10.119999885559082,10.449999809265137,11707,0.0,0.0,0.0
2022-05-03 00:00:00-04:00,10.4399995803833,10.449999809265137,10.204999923706055,10.262200355529785,5793,0.0,0.0,0.0
2022-05-04 00:00:00-04:00,10.119999885559082,10.449899673461914,9.72130012512207,10.3858003616333,10360,0.0,0.0,0.0
2022-05-05 00:00:00-04:00,9.84000015258789,9.84000015258789,9.569999694824219,9.63129997253418,27954,0.0,0.0,0.0
2022-05-06 00:00:00-04:00,9.6899995803833,9.6899995803833,9.010000228881836,9.12339973449707,32207,0.0,0.0,0.0
2022-05-09 00:00:00-04:00,8.8100004196167,9.029999732971191,8.390000343322754,8.529999732971191,25015,0.0,0.0,0.0
2022-05-10 00:00:00-04:00,8.119999885559082,8.600000381469727,8.119999885559082,8.473199844360352,17094,0.0,0.0,0.0
2022-05-11 00:00:00-04:00,7.989999771118164,8.609999656677246,7.989999771118164,8.22070026397705,27588,0.0,0.0,0.0
2022-05-12 00:00:00-04:00,8.050000190734863,8.645000457763672,8.039999961853027,8.319999694824219,14231,0.0,0.0,0.0
2022-05-13 00:00:00-04:00,8.8100004196167,8.989999771118164,8.640000343322754,8.949999809265137,9291,0.0,0.0,0.0
2022-05-16 00:00:00-04:00,9.0600004196167,9.0600004196167,8.250100135803223,8.273500442504883,5063,0.0,0.0,0.0
2022-05-17 00:00:00-04:00,8.420999526977539,8.420999526977539,8.140000343322754,8.236499786376953,8430,0.0,0.0,0.0
2022-05-18 00:00:00-04:00,8.199999809265137,8.234999656677246,7.989999771118164,8.125399589538574,2853,0.0,0.0,0.0
2022-05-19 00:00:00-04:00,8.199999809265137,8.5,8.199999809265137,8.309900283813477,2201,0.0,0.0,0.0
2022-05-20 00:00:00-04:00,8.390000343322754,8.5600004196167,8.191300392150879,8.279999732971191,15238,0.0,0.0,0.0
2022-05-23 00:00:00-04:00,8.289999961853027,8.350000381469727,8.170000076293945,8.170000076293945,8495,0.0,0.0,0.0
2022-05-24 00:00:00-04:00,8.010000228881836,8.09000015258789,7.880000114440918,7.888800144195557,6078,0.0,0.0,0.0
2022-05-25 00:00:00-04:00,7.840000152587891,8.101499557495117,7.840000152587891,8.049200057983398,3752,0.0,0.0,0.0
2022-05-26 00:00:00-04:00,8.029999732971191,8.3100004196167,8.029999732971191,8.281999588012695,7495,0.0,0.0,0.0
2022-05-27 00:00:00-04:00,8.449999809265137,8.699999809265137,8.449999809265137,8.636199951171875,5378,0.0,0.0,0.0
2022-05-31 00:00:00-04:00,8.510000228881836,8.5600004196167,8.399999618530273,8.402299880981445,9135,0.0,0.0,0.0
2022-06-01 00:00:00-04:00,8.430000305175781,8.430000305175781,8.279999732971191,8.334699630737305,2221,0.0,0.0,0.0
2022-06-02 00:00:00-04:00,8.330100059509277,9.229999542236328,8.329999923706055,9.135199546813965,20262,0.0,0.0,0.0
2022-06-03 00:00:00-04:00,8.930000305175781,8.930000305175781,8.350000381469727,8.350000381469727,12918,0.0,0.0,0.0
2022-06-06 00:00:00-04:00,8.369999885559082,8.627400398254395,8.369999885559082,8.473999977111816,6752,0.0,0.0,0.0
2022-06-07 00:00:00-04:00,8.350000381469727,8.688799858093262,8.350000381469727,8.688799858093262,5946,0.0,0.0,0.0
2022-06-08 00:00:00-04:00,8.829999923706055,8.829999923706055,8.6850004196167,8.71679973602295,4231,0.0,0.0,0.0
2022-06-09 00:00:00-04:00,8.54520034790039,8.859999656677246,8.5,8.532999992370605,5459,0.0,0.0,0.0
2022-06-10 00:00:00-04:00,8.399999618530273,8.880000114440918,8.399999618530273,8.868300437927246,21259,0.0,0.0,0.0
2022-06-13 00:00:00-04:00,8.359999656677246,8.59000015258789,8.350000381469727,8.59000015258789,9863,0.0,0.0,0.0
2022-06-14 00:00:00-04:00,8.59000015258789,8.59000015258789,8.345000267028809,8.415300369262695,13653,0.0,0.0,0.0
2022-06-15 00:00:00-04:00,8.509900093078613,8.640000343322754,8.300000190734863,8.559599876403809,4798,0.0,0.0,0.0
2022-06-16 00:00:00-04:00,8.550000190734863,8.649900436401367,8.430000305175781,8.547100067138672,4855,0.0,0.0,0.0
2022-06-17 00:00:00-04:00,8.779999732971191,8.779999732971191,8.451199531555176,8.54259967803955,5653,0.0,0.0,0.0
2022-06-21 00:00:00-04:00,8.577799797058105,8.577799797058105,8.3100004196167,8.3100004196167,2630,0.0,0.0,0.0
2022-06-22 00:00:00-04:00,8.380000114440918,8.492600440979004,8.300000190734863,8.395500183105469,11392,0.0,0.0,0.0
2022-06-23 00:00:00-04:00,8.402799606323242,8.529999732971191,8.350000381469727,8.428000450134277,3512,0.0,0.0,0.0
2022-06-24 00:00:00-04:00,8.699999809265137,9.0,8.680100440979004,8.989999771118164,18572,0.0,0.0,0.0
2022-06-27 00:00:00-04:00,9.430000305175781,9.430000305175781,8.716300010681152,8.716300010681152,3405,0.0,0.0,0.0
2022-06-28 00:00:00-04:00,9.050000190734863,9.09000015258789,7.760000228881836,7.787700176239014,26966,0.0,0.0,0.0
2022-06-29 00:00:00-04:00,7.960000038146973,8.057299613952637,7.71999979019165,7.7347002029418945,8933,0.0,0.0,0.0
2022-06-30 00:00:00-04:00,7.730599880218506,7.730599880218506,7.349999904632568,7.5157999992370605,4493,0.0,0.0,0.0
2022-07-01 00:00:00-04:00,7.264999866485596,7.5,7.264999866485596,7.449999809265137,2386,0.0,0.0,0.0
2022-07-05 00:00:00-04:00,7.340000152587891,7.590000152587891,7.340000152587891,7.550000190734863,8089,0.0,0.0,0.0
2022-07-06 00:00:00-04:00,7.579999923706055,7.619999885559082,7.5,7.53000020980835,11498,0.0,0.0,0.0
2022-07-07 00:00:00-04:00,7.645500183105469,7.8302001953125,7.645500183105469,7.670000076293945,4958,0.0,0.0,0.0
2022-07-08 00:00:00-04:00,7.669899940490723,7.784999847412109,7.579999923706055,7.63670015335083,12769,0.0,0.0,0.0
2022-07-11 00:00:00-04:00,7.3618998527526855,7.446700096130371,7.340099811553955,7.405399799346924,1449,0.0,0.0,0.0
2022-07-12 00:00:00-04:00,7.487400054931641,7.487400054931641,7.050000190734863,7.086900234222412,2024,0.0,0.0,0.0
2022-07-13 00:00:00-04:00,7.010000228881836,7.150000095367432,6.940899848937988,7.150000095367432,6670,0.0,0.0,0.0
2022-07-14 00:00:00-04:00,7.050000190734863,7.050000190734863,6.804999828338623,6.853099822998047,3522,0.0,0.0,0.0
2022-07-15 00:00:00-04:00,6.826200008392334,6.980000019073486,6.826200008392334,6.919000148773193,3570,0.0,0.0,0.0
2022-07-18 00:00:00-04:00,6.820000171661377,7.025000095367432,6.800000190734863,6.840000152587891,12586,0.0,0.0,0.0
2022-07-19 00:00:00-04:00,6.887499809265137,7.0,6.887499809265137,6.94920015335083,928,0.0,0.0,0.0
2022-07-20 00:00:00-04:00,7.0,7.385000228881836,7.0,7.366099834442139,3247,0.0,0.0,0.0
2022-07-21 00:00:00-04:00,7.449999809265137,7.489999771118164,7.329999923706055,7.480000019073486,3143,0.0,0.0,0.0
2022-07-22 00:00:00-04:00,7.529900074005127,7.529900074005127,7.051000118255615,7.051000118255615,10379,0.0,0.0,0.0
2022-07-25 00:00:00-04:00,7.0,7.000100135803223,6.945000171661377,6.945000171661377,1033,0.0,0.0,0.0
2022-07-26 00:00:00-04:00,7.019999980926514,7.019999980926514,6.573599815368652,6.659299850463867,6100,0.0,0.0,0.0
2022-07-27 00:00:00-04:00,6.849999904632568,7.050000190734863,6.769999980926514,6.985000133514404,3872,0.0,0.0,0.0
2022-07-28 00:00:00-04:00,6.889999866485596,6.960000038146973,6.889999866485596,6.956900119781494,1676,0.0,0.0,0.0
2022-07-29 00:00:00-04:00,6.980000019073486,7.077000141143799,6.880099773406982,6.920000076293945,10617,0.0,0.0,0.0
2022-08-01 00:00:00-04:00,6.869999885559082,7.134500026702881,6.862599849700928,7.059999942779541,6650,0.0,0.0,0.0
2022-08-02 00:00:00-04:00,6.909999847412109,7.133699893951416,6.850100040435791,7.0,6251,0.0,0.0,0.0
2022-08-03 00:00:00-04:00,7.195099830627441,7.489999771118164,7.119999885559082,7.429999828338623,10043,0.0,0.0,0.0
2022-08-04 00:00:00-04:00,7.380000114440918,7.45989990234375,7.131899833679199,7.318299770355225,11698,0.0,0.0,0.0
2022-08-05 00:00:00-04:00,7.730000019073486,7.840000152587891,7.465000152587891,7.683599948883057,8155,0.0,0.0,0.0
2022-08-08 00:00:00-04:00,7.909999847412109,7.985000133514404,7.688399791717529,7.688399791717529,5024,0.0,0.0,0.0
2022-08-09 00:00:00-04:00,7.630000114440918,7.630000114440918,7.336400032043457,7.451600074768066,2737,0.0,0.0,0.0
2022-08-10 00:00:00-04:00,7.71999979019165,7.980000019073486,7.693999767303467,7.915800094604492,6500,0.0,0.0,0.0
2022-08-11 00:00:00-04:00,7.949999809265137,8.259300231933594,7.700099945068359,7.764999866485596,8708,0.0,0.0,0.0
2022-08-12 00:00:00-04:00,7.639999866485596,8.04990005493164,7.639999866485596,7.923500061035156,2338,0.0,0.0,0.0
2022-08-15 00:00:00-04:00,8.069999694824219,8.069999694824219,7.894999980926514,8.007699966430664,9573,0.0,0.0,0.0
2022-08-16 00:00:00-04:00,7.880000114440918,7.929999828338623,7.650000095367432,7.800000190734863,101393,0.0,0.0,0.0
2022-08-17 00:00:00-04:00,7.732500076293945,7.75,7.599999904632568,7.624199867248535,4132,0.0,0.0,0.0
2022-08-18 00:00:00-04:00,7.576600074768066,7.710000038146973,7.559999942779541,7.594600200653076,1564,0.0,0.0,0.0
2022-08-19 00:00:00-04:00,7.210000038146973,7.210000038146973,7.130099773406982,7.1605000495910645,2622,0.0,0.0,0.0
2022-08-22 00:00:00-04:00,7.229899883270264,7.229899883270264,6.949999809265137,6.954999923706055,3666,0.0,0.0,0.0
2022-08-23 00:00:00-04:00,6.999899864196777,7.005000114440918,6.9182000160217285,7.005000114440918,10705,0.0,0.0,0.0
2022-08-24 00:00:00-04:00,7.001999855041504,7.085000038146973,7.001999855041504,7.085000038146973,3701,0.0,0.0,0.0
2022-08-25 00:00:00-04:00,7.2316999435424805,7.2316999435424805,7.032299995422363,7.183000087738037,2105,0.0,0.0,0.0
2022-08-26 00:00:00-04:00,7.210000038146973,7.210000038146973,6.985000133514404,6.985000133514404,2687,0.0,0.0,0.0
2022-08-29 00:00:00-04:00,6.900000095367432,7.030900001525879,6.900000095367432,6.934999942779541,4854,0.0,0.0,0.0
2022-08-30 00:00:00-04:00,6.909999847412109,6.914999961853027,6.909999847412109,6.914999961853027,523,0.0,0.0,0.0
2022-08-31 00:00:00-04:00,6.920000076293945,6.920000076293945,6.900000095367432,6.900000095367432,723,0.0,0.0,0.0
2022-09-01 00:00:00-04:00,6.849999904632568,6.849999904632568,6.659999847412109,6.659999847412109,5485,0.0,0.0,0.0
2022-09-02 00:00:00-04:00,6.699999809265137,6.699999809265137,6.650100231170654,6.675000190734863,981,0.0,0.0,0.0
2022-09-06 00:00:00-04:00,6.679999828338623,6.679999828338623,6.529900074005127,6.578199863433838,2361,0.0,0.0,0.0
2022-09-07 00:00:00-04:00,6.510000228881836,6.639900207519531,6.454699993133545,6.570000171661377,4690,0.0,0.0,0.0
2022-09-08 00:00:00-04:00,6.625100135803223,6.625100135803223,6.53000020980835,6.550000190734863,2876,0.0,0.0,0.0
2022-09-09 00:00:00-04:00,6.840000152587891,7.019999980926514,6.840000152587891,6.955699920654297,5257,0.0,0.0,0.0
2022-09-12 00:00:00-04:00,7.114999771118164,7.570000171661377,7.114999771118164,7.437900066375732,12075,0.0,0.0,0.0
2022-09-13 00:00:00-04:00,7.079999923706055,7.230000019073486,6.930600166320801,7.1778998374938965,1096,0.0,0.0,0.0
2022-09-14 00:00:00-04:00,7.010000228881836,7.170000076293945,7.0,7.077700138092041,2954,0.0,0.0,0.0
2022-09-15 00:00:00-04:00,7.0,7.110599994659424,6.920899868011475,6.920899868011475,518,0.0,0.0,0.0
2022-09-16 00:00:00-04:00,6.880000114440918,6.880000114440918,6.829999923706055,6.829999923706055,685,0.0,0.0,0.0
2022-09-19 00:00:00-04:00,6.680099964141846,6.852200031280518,6.680099964141846,6.765399932861328,8567,0.0,0.0,0.0
2022-09-20 00:00:00-04:00,6.840000152587891,6.84499979019165,6.730100154876709,6.820300102233887,13102,0.0,0.0,0.0
2022-09-21 00:00:00-04:00,6.789999961853027,6.789999961853027,6.789999961853027,6.789999961853027,119,0.0,0.0,0.0
2022-09-22 00:00:00-04:00,6.735000133514404,6.735000133514404,6.559999942779541,6.664999961853027,1845,0.0,0.0,0.0
2022-09-23 00:00:00-04:00,6.559999942779541,6.800000190734863,6.550099849700928,6.6819000244140625,16447,0.0,0.0,0.0
2022-09-26 00:00:00-04:00,6.670000076293945,6.75,6.632900238037109,6.69189977645874,8544,0.0,0.0,0.0
2022-09-27 00:00:00-04:00,6.829999923706055,6.878600120544434,6.739999771118164,6.878600120544434,2958,0.0,0.0,0.0
2022-09-28 00:00:00-04:00,6.894999980926514,6.999899864196777,6.789999961853027,6.920000076293945,2526,0.0,0.0,0.0
2022-09-29 00:00:00-04:00,7.019899845123291,7.019899845123291,6.809999942779541,6.833099842071533,793,0.0,0.0,0.0
2022-09-30 00:00:00-04:00,6.869100093841553,6.880000114440918,6.739999771118164,6.789400100708008,6145,0.0,0.0,0.0
2022-10-03 00:00:00-04:00,6.769999980926514,6.769999980926514,6.629700183868408,6.728400230407715,1215,0.0,0.0,0.0
2022-10-04 00:00:00-04:00,6.730000019073486,7.099999904632568,6.730000019073486,7.059999942779541,4723,0.0,0.0,0.0
2022-10-05 00:00:00-04:00,6.829999923706055,7.039999961853027,6.829999923706055,6.929999828338623,2763,0.0,0.0,0.0
2022-10-06 00:00:00-04:00,6.960000038146973,7.190000057220459,6.960000038146973,7.059299945831299,5334,0.0,0.0,0.0
2022-10-07 00:00:00-04:00,6.764999866485596,6.764999866485596,6.389999866485596,6.425000190734863,2229,0.0,0.0,0.0
2022-10-10 00:00:00-04:00,6.360000133514404,6.360000133514404,6.059999942779541,6.111700057983398,2142,0.0,0.0,0.0
2022-10-11 00:00:00-04:00,6.010000228881836,6.039999961853027,6.0,6.019999980926514,2540,0.0,0.0,0.0
2022-10-12 00:00:00-04:00,5.960000038146973,5.989999771118164,5.900000095367432,5.945000171661377,4780,0.0,0.0,0.0
2022-10-13 00:00:00-04:00,5.869999885559082,6.03000020980835,5.840000152587891,6.026100158691406,3683,0.0,0.0,0.0
2022-10-14 00:00:00-04:00,6.030099868774414,6.030099868774414,5.804800033569336,5.804800033569336,4455,0.0,0.0,0.0
2022-10-17 00:00:00-04:00,6.019999980926514,6.090000152587891,5.968900203704834,6.028800010681152,5029,0.0,0.0,0.0
2022-10-18 00:00:00-04:00,6.099999904632568,6.170000076293945,6.059999942779541,6.119999885559082,1796,0.0,0.0,0.0
2022-10-19 00:00:00-04:00,6.055200099945068,6.1381001472473145,5.96750020980835,6.009300231933594,1101,0.0,0.0,0.0
2022-10-20 00:00:00-04:00,6.239999771118164,6.2829999923706055,6.119999885559082,6.124000072479248,2097,0.0,0.0,0.0
2022-10-21 00:00:00-04:00,6.143499851226807,6.230000019073486,6.128200054168701,6.212800025939941,889,0.0,0.0,0.0
2022-10-24 00:00:00-04:00,6.131700038909912,6.170000076293945,5.841000080108643,6.131700038909912,1416,0.0,0.0,0.0
2022-10-25 00:00:00-04:00,6.199999809265137,6.599999904632568,6.199999809265137,6.598499774932861,2822,0.0,0.0,0.0
2022-10-26 00:00:00-04:00,6.21999979019165,6.489999771118164,6.21999979019165,6.279099941253662,4605,0.0,0.0,0.0
2022-10-27 00:00:00-04:00,6.28000020980835,6.291600227355957,6.25,6.280799865722656,3477,0.0,0.0,0.0
2022-10-28 00:00:00-04:00,6.25,6.269999980926514,6.184999942779541,6.215000152587891,2140,0.0,0.0,0.0
2022-10-31 00:00:00-04:00,6.119999885559082,6.199999809265137,6.119999885559082,6.199999809265137,3702,0.0,0.0,0.0
2022-11-01 00:00:00-04:00,6.199999809265137,6.300000190734863,6.119999885559082,6.1732001304626465,9882,0.0,0.0,0.0
2022-11-02 00:00:00-04:00,6.0,6.0,5.599999904632568,5.638800144195557,7967,0.0,0.0,0.0
2022-11-03 00:00:00-04:00,5.739999771118164,5.804999828338623,5.619999885559082,5.672999858856201,3164,0.0,0.0,0.0
2022-11-04 00:00:00-04:00,5.53000020980835,5.53000020980835,5.070000171661377,5.099999904632568,15191,0.0,0.0,0.0
2022-11-07 00:00:00-05:00,5.0,5.239999771118164,5.0,5.134799957275391,14105,0.0,0.0,0.0
2022-11-08 00:00:00-05:00,5.130000114440918,5.328100204467773,5.130000114440918,5.25,4736,0.0,0.0,0.0
2022-11-09 00:00:00-05:00,5.25,5.25,5.010000228881836,5.114999771118164,3397,0.0,0.0,0.0
2022-11-10 00:00:00-05:00,5.170000076293945,5.5,5.170000076293945,5.485899925231934,7950,0.0,0.0,0.0
2022-11-11 00:00:00-05:00,5.389999866485596,5.670000076293945,5.375400066375732,5.644499778747559,2907,0.0,0.0,0.0
2022-11-14 00:00:00-05:00,5.610000133514404,5.610000133514404,5.5,5.554999828338623,3925,0.0,0.0,0.0
2022-11-15 00:00:00-05:00,5.28000020980835,5.84499979019165,5.28000020980835,5.828499794006348,3216,0.0,0.0,0.0
2022-11-16 00:00:00-05:00,5.699999809265137,5.741499900817871,5.519999980926514,5.547999858856201,8289,0.0,0.0,0.0
2022-11-17 00:00:00-05:00,6.050000190734863,6.050000190734863,5.365900039672852,5.3927998542785645,1525,0.0,0.0,0.0
2022-11-18 00:00:00-05:00,5.5,5.5,5.407100200653076,5.407100200653076,1032,0.0,0.0,0.0
2022-11-21 00:00:00-05:00,5.420000076293945,5.429999828338623,5.280099868774414,5.34499979019165,4377,0.0,0.0,0.0
2022-11-22 00:00:00-05:00,5.599999904632568,5.599999904632568,5.304999828338623,5.349999904632568,3954,0.0,0.0,0.0
2022-11-23 00:00:00-05:00,5.380000114440918,5.40500020980835,5.362100124359131,5.40500020980835,517,0.0,0.0,0.0
2022-11-25 00:00:00-05:00,5.388899803161621,5.427999973297119,5.380000114440918,5.427999973297119,1388,0.0,0.0,0.0
2022-11-28 00:00:00-05:00,5.445000171661377,5.449999809265137,5.355599880218506,5.355599880218506,6911,0.0,0.0,0.0
2022-11-29 00:00:00-05:00,5.389999866485596,5.389999866485596,5.28000020980835,5.300000190734863,6566,0.0,0.0,0.0
2022-11-30 00:00:00-05:00,5.289999961853027,5.340000152587891,5.199999809265137,5.314899921417236,12044,0.0,0.0,0.0
2022-12-01 00:00:00-05:00,5.449999809265137,5.559999942779541,5.392300128936768,5.519599914550781,4295,0.0,0.0,0.0
2022-12-02 00:00:00-05:00,5.449999809265137,5.53000020980835,5.351200103759766,5.430600166320801,5762,0.0,0.0,0.0
2022-12-05 00:00:00-05:00,5.400000095367432,5.420000076293945,5.179999828338623,5.179999828338623,4124,0.0,0.0,0.0
2022-12-06 00:00:00-05:00,5.150000095367432,5.162899971008301,5.050099849700928,5.113800048828125,2991,0.0,0.0,0.0
2022-12-07 00:00:00-05:00,5.089399814605713,5.09499979019165,5.059999942779541,5.089600086212158,2795,0.0,0.0,0.0
2022-12-08 00:00:00-05:00,5.179999828338623,5.204999923706055,5.153900146484375,5.204999923706055,3385,0.0,0.0,0.0
2022-12-09 00:00:00-05:00,5.71999979019165,5.71999979019165,5.21999979019165,5.21999979019165,2277,0.0,0.0,0.0
2022-12-12 00:00:00-05:00,5.235000133514404,5.317999839782715,5.235000133514404,5.317999839782715,1289,0.0,0.0,0.0
2022-12-13 00:00:00-05:00,5.585999965667725,5.585999965667725,5.320000171661377,5.380000114440918,7231,0.0,0.0,0.0
2022-12-14 00:00:00-05:00,5.400000095367432,5.421999931335449,5.369999885559082,5.374499797821045,5287,0.0,0.0,0.0
2022-12-15 00:00:00-05:00,5.150000095367432,5.230000019073486,5.150000095367432,5.1645002365112305,614,0.0,0.0,0.0
2022-12-16 00:00:00-05:00,5.066299915313721,5.125,5.010000228881836,5.125,4823,0.0,0.0,0.0
2022-12-19 00:00:00-05:00,5.079999923706055,5.079999923706055,4.909999847412109,4.929999828338623,8017,0.0,0.0,0.0
2022-12-20 00:00:00-05:00,4.929999828338623,5.0,4.900000095367432,4.954999923706055,2888,0.0,0.0,0.0
2022-12-21 00:00:00-05:00,4.920000076293945,5.099999904632568,4.920000076293945,5.009399890899658,2953,0.0,0.0,0.0
2022-12-22 00:00:00-05:00,4.909999847412109,4.909999847412109,4.610000133514404,4.715000152587891,9605,0.0,0.0,0.0
2022-12-23 00:00:00-05:00,4.650000095367432,4.662300109863281,4.630000114440918,4.639999866485596,1844,0.0,0.0,0.0
2022-12-27 00:00:00-05:00,4.599999904632568,4.684999942779541,4.550000190734863,4.550000190734863,9562,0.0,0.0,0.0
2022-12-28 00:00:00-05:00,4.565000057220459,4.596399784088135,4.5100998878479,4.5355000495910645,2379,0.0,0.0,0.0
2022-12-29 00:00:00-05:00,4.519999980926514,4.669600009918213,4.519999980926514,4.630000114440918,1862,0.0,0.0,0.0
2022-12-30 00:00:00-05:00,4.639999866485596,4.639999866485596,4.551000118255615,4.599999904632568,13394,0.0,0.0,0.0
2023-01-03 00:00:00-05:00,4.599999904632568,4.696499824523926,4.550000190734863,4.659999847412109,4595,0.0,0.0,0.0
2023-01-04 00:00:00-05:00,4.61460018157959,4.650000095367432,4.599999904632568,4.635000228881836,1012,0.0,0.0,0.0
2023-01-05 00:00:00-05:00,4.570000171661377,4.570000171661377,4.400000095367432,4.414999961853027,6443,0.0,0.0,0.0
2023-01-06 00:00:00-05:00,4.400000095367432,4.4679999351501465,4.400000095367432,4.435999870300293,5370,0.0,0.0,0.0
2023-01-09 00:00:00-05:00,4.440000057220459,4.559899806976318,4.440000057220459,4.464900016784668,1961,0.0,0.0,0.0
2023-01-10 00:00:00-05:00,4.75,4.75,4.420000076293945,4.474999904632568,2615,0.0,0.0,0.0
2023-01-11 00:00:00-05:00,4.489999771118164,4.561399936676025,4.46999979019165,4.561399936676025,2757,0.0,0.0,0.0
2023-01-12 00:00:00-05:00,4.505000114440918,4.539999961853027,4.505000114440918,4.514999866485596,1868,0.0,0.0,0.0
2023-01-13 00:00:00-05:00,4.5,4.5345001220703125,4.5,4.5345001220703125,7912,0.0,0.0,0.0
2023-01-17 00:00:00-05:00,4.429999828338623,4.630000114440918,4.429999828338623,4.624499797821045,3459,0.0,0.0,0.0
2023-01-18 00:00:00-05:00,4.400000095367432,4.679999828338623,4.400000095367432,4.593999862670898,1298,0.0,0.0,0.0
2023-01-19 00:00:00-05:00,4.539999961853027,4.550000190734863,4.53000020980835,4.53000020980835,580,0.0,0.0,0.0
2023-01-20 00:00:00-05:00,4.570000171661377,4.630000114440918,4.570000171661377,4.614500045776367,1395,0.0,0.0,0.0
2023-01-23 00:00:00-05:00,4.579999923706055,4.729800224304199,4.579999923706055,4.729800224304199,4676,0.0,0.0,0.0
2023-01-24 00:00:00-05:00,4.755499839782715,4.755499839782715,4.699999809265137,4.706999778747559,1994,0.0,0.0,0.0
2023-01-25 00:00:00-05:00,4.550000190734863,4.730000019073486,4.550000190734863,4.692399978637695,2357,0.0,0.0,0.0
2023-01-26 00:00:00-05:00,4.800000190734863,4.800000190734863,4.690000057220459,4.730000019073486,1229,0.0,0.0,0.0
2023-01-27 00:00:00-05:00,4.829999923706055,4.874899864196777,4.739999771118164,4.874899864196777,6142,0.0,0.0,0.0
2023-01-30 00:00:00-05:00,4.960000038146973,4.960000038146973,4.75,4.75600004196167,2332,0.0,0.0,0.0
2023-01-31 00:00:00-05:00,4.71999979019165,4.885000228881836,4.71999979019165,4.8628997802734375,2749,0.0,0.0,0.0
2023-02-01 00:00:00-05:00,4.949999809265137,5.090000152587891,4.850100040435791,5.090000152587891,12859,0.0,0.0,0.0
2023-02-02 00:00:00-05:00,5.318600177764893,5.400000095367432,5.255000114440918,5.335000038146973,17779,0.0,0.0,0.0
2023-02-03 00:00:00-05:00,5.300000190734863,5.300000190734863,5.144999980926514,5.170000076293945,4703,0.0,0.0,0.0
2023-02-06 00:00:00-05:00,5.190000057220459,5.190000057220459,4.980000019073486,4.980000019073486,5258,0.0,0.0,0.0
2023-02-07 00:00:00-05:00,4.929999828338623,5.139900207519531,4.929999828338623,5.132900238037109,5601,0.0,0.0,0.0
2023-02-08 00:00:00-05:00,5.199999809265137,5.199999809265137,5.059999942779541,5.063700199127197,4745,0.0,0.0,0.0
2023-02-09 00:00:00-05:00,5.099999904632568,5.150000095367432,4.975500106811523,4.975500106811523,14104,0.0,0.0,0.0
2023-02-10 00:00:00-05:00,5.21999979019165,5.21999979019165,4.860000133514404,4.885000228881836,2439,0.0,0.0,0.0
2023-02-13 00:00:00-05:00,4.880000114440918,5.105000019073486,4.880000114440918,5.047699928283691,11677,0.0,0.0,0.0
2023-02-14 00:00:00-05:00,5.0,5.259900093078613,5.0,5.211100101470947,9731,0.0,0.0,0.0
2023-02-15 00:00:00-05:00,5.429999828338623,5.429999828338623,5.239999771118164,5.357399940490723,10587,0.0,0.0,0.0
2023-02-16 00:00:00-05:00,5.389999866485596,5.389999866485596,5.156000137329102,5.170000076293945,9685,0.0,0.0,0.0
2023-02-17 00:00:00-05:00,5.059999942779541,5.090000152587891,4.929999828338623,4.96999979019165,7354,0.0,0.0,0.0
2023-02-21 00:00:00-05:00,5.0,5.0,4.850100040435791,4.875,6212,0.0,0.0,0.0
2023-02-22 00:00:00-05:00,4.909999847412109,4.909999847412109,4.889999866485596,4.906899929046631,2209,0.0,0.0,0.0
2023-02-23 00:00:00-05:00,5.050000190734863,5.050000190734863,4.889999866485596,4.910200119018555,2375,0.0,0.0,0.0
2023-02-24 00:00:00-05:00,4.849999904632568,4.849999904632568,4.75,4.782299995422363,3571,0.0,0.0,0.0
2023-02-27 00:00:00-05:00,4.809999942779541,4.869900226593018,4.809999942779541,4.869900226593018,596,0.0,0.0,0.0
2023-02-28 00:00:00-05:00,4.851200103759766,4.909999847412109,4.820000171661377,4.82919979095459,7551,0.0,0.0,0.0
2023-03-01 00:00:00-05:00,4.809999942779541,4.980000019073486,4.599999904632568,4.809999942779541,14296,0.0,0.0,0.0
2023-03-02 00:00:00-05:00,4.71999979019165,4.809999942779541,4.71999979019165,4.7895002365112305,1701,0.0,0.0,0.0
2023-03-03 00:00:00-05:00,4.900000095367432,4.999499797821045,4.834000110626221,4.954999923706055,18363,0.0,0.0,0.0
2023-03-06 00:00:00-05:00,5.050000190734863,5.059999942779541,4.952899932861328,4.954999923706055,6623,0.0,0.0,0.0
2023-03-07 00:00:00-05:00,4.910799980163574,4.940000057220459,4.878699779510498,4.878699779510498,5958,0.0,0.0,0.0
2023-03-08 00:00:00-05:00,4.914999961853027,4.921199798583984,4.889999866485596,4.889999866485596,1970,0.0,0.0,0.0
2023-03-09 00:00:00-05:00,4.900000095367432,4.900000095367432,4.699999809265137,4.730000019073486,2786,0.0,0.0,0.0
2023-03-10 00:00:00-05:00,4.71999979019165,4.730000019073486,4.619999885559082,4.644999980926514,1877,0.0,0.0,0.0
2023-03-13 00:00:00-04:00,4.630000114440918,4.739999771118164,4.550000190734863,4.644999980926514,2091,0.0,0.0,0.0
2023-03-14 00:00:00-04:00,4.639999866485596,4.669899940490723,4.625,4.667300224304199,3730,0.0,0.0,0.0
2023-03-15 00:00:00-04:00,4.6570000648498535,4.6570000648498535,4.619699954986572,4.619699954986572,4333,0.0,0.0,0.0
2023-03-16 00:00:00-04:00,4.630000114440918,4.701399803161621,4.630000114440918,4.689799785614014,2666,0.0,0.0,0.0
2023-03-17 00:00:00-04:00,4.769999980926514,4.769999980926514,4.630000114440918,4.679599761962891,1086,0.0,0.0,0.0
2023-03-20 00:00:00-04:00,4.679999828338623,4.690000057220459,4.610099792480469,4.690000057220459,2184,0.0,0.0,0.0
2023-03-21 00:00:00-04:00,4.679999828338623,4.730000019073486,4.630000114440918,4.724100112915039,14403,0.0,0.0,0.0
2023-03-22 00:00:00-04:00,4.695000171661377,4.749899864196777,4.650000095367432,4.664999961853027,16086,0.0,0.0,0.0
2023-03-23 00:00:00-04:00,4.699999809265137,4.699999809265137,4.6508002281188965,4.69980001449585,978,0.0,0.0,0.0
2023-03-24 00:00:00-04:00,4.697000026702881,4.697000026702881,4.670000076293945,4.675300121307373,803,0.0,0.0,0.0
2023-03-27 00:00:00-04:00,4.718400001525879,4.718400001525879,4.670000076293945,4.699999809265137,1044,0.0,0.0,0.0
2023-03-28 00:00:00-04:00,4.699999809265137,4.703999996185303,4.654900074005127,4.654900074005127,2216,0.0,0.0,0.0
2023-03-29 00:00:00-04:00,4.684599876403809,4.684599876403809,4.684599876403809,4.684599876403809,142,0.0,0.0,0.0
2023-03-30 00:00:00-04:00,4.71999979019165,4.759900093078613,4.679100036621094,4.714799880981445,844,0.0,0.0,0.0
2023-03-31 00:00:00-04:00,4.889999866485596,4.960000038146973,4.889999866485596,4.9567999839782715,1315,0.0,0.0,0.0
2023-04-03 00:00:00-04:00,5.0,5.0,4.710000038146973,4.820000171661377,2109,0.0,0.0,0.0
2023-04-04 00:00:00-04:00,4.71999979019165,4.7895002365112305,4.71999979019165,4.7895002365112305,2509,0.0,0.0,0.0
2023-04-05 00:00:00-04:00,4.909999847412109,4.909999847412109,4.579999923706055,4.636199951171875,4030,0.0,0.0,0.0
2023-04-06 00:00:00-04:00,4.519999980926514,4.690000057220459,4.5,4.677499771118164,2201,0.0,0.0,0.0
2023-04-10 00:00:00-04:00,4.590000152587891,4.6545000076293945,4.590000152587891,4.6545000076293945,529,0.0,0.0,0.0
2023-04-11 00:00:00-04:00,4.929999828338623,4.929999828338623,4.65500020980835,4.655099868774414,1254,0.0,0.0,0.0
2023-04-12 00:00:00-04:00,4.71999979019165,4.7870001792907715,4.679999828338623,4.679999828338623,5541,0.0,0.0,0.0
2023-04-13 00:00:00-04:00,4.739999771118164,4.799600124359131,4.739999771118164,4.769599914550781,4439,0.0,0.0,0.0
2023-04-14 00:00:00-04:00,4.734399795532227,4.781199932098389,4.680099964141846,4.740099906921387,4292,0.0,0.0,0.0
2023-04-17 00:00:00-04:00,4.789999961853027,4.789999961853027,4.764999866485596,4.764999866485596,589,0.0,0.0,0.0
2023-04-18 00:00:00-04:00,4.960000038146973,4.960000038146973,4.750100135803223,4.78000020980835,3109,0.0,0.0,0.0
2023-04-19 00:00:00-04:00,4.769999980926514,4.78000020980835,4.690000057220459,4.708899974822998,2465,0.0,0.0,0.0
2023-04-20 00:00:00-04:00,4.670000076293945,4.690000057220459,4.662099838256836,4.662099838256836,2822,0.0,0.0,0.0
2023-04-21 00:00:00-04:00,4.650000095367432,4.739999771118164,4.639999866485596,4.709499835968018,1045,0.0,0.0,0.0
2023-04-24 00:00:00-04:00,4.7027997970581055,4.7027997970581055,4.644999980926514,4.670000076293945,2860,0.0,0.0,0.0
2023-04-25 00:00:00-04:00,4.610000133514404,4.610000133514404,4.496099948883057,4.496099948883057,7407,0.0,0.0,0.0
2023-04-26 00:00:00-04:00,4.518199920654297,4.609899997711182,4.518199920654297,4.534599781036377,3883,0.0,0.0,0.0
2023-04-27 00:00:00-04:00,4.490099906921387,4.578700065612793,4.490099906921387,4.559500217437744,5633,0.0,0.0,0.0
2023-04-28 00:00:00-04:00,4.480000019073486,4.489999771118164,4.445000171661377,4.480000019073486,5199,0.0,0.0,0.0
2023-05-01 00:00:00-04:00,4.480000019073486,4.480000019073486,4.480000019073486,4.480000019073486,0,0.0,0.0,0.0
2023-05-02 00:00:00-04:00,4.480000019073486,4.480000019073486,4.480000019073486,4.480000019073486,0,0.0,0.0,0.0
2023-05-03 00:00:00-04:00,4.480000019073486,4.480000019073486,4.480000019073486,4.480000019073486,0,0.0,0.0,0.0
2023-05-04 00:00:00-04:00,4.480000019073486,4.480000019073486,4.480000019073486,4.480000019073486,0,0.0,0.0,0.0
2023-05-05 00:00:00-04:00,4.480000019073486,4.480000019073486,4.480000019073486,4.480000019073486,0,0.0,0.0,0.0
2023-05-08 00:00:00-04:00,4.480000019073486,4.480000019073486,4.480000019073486,4.480000019073486,0,0.0,0.0,0.0
2023-05-09 00:00:00-04:00,4.480000019073486,4.480000019073486,4.480000019073486,4.480000019073486,0,0.0,0.0,0.0
2023-05-10 00:00:00-04:00,4.480000019073486,4.480000019073486,4.480000019073486,4.480000019073486,0,0.0,0.0,0.0
2023-05-11 00:00:00-04:00,4.480000019073486,4.480000019073486,4.480000019073486,4.480000019073486,0,0.0,0.0,0.0
2023-05-12 00:00:00-04:00,4.480000019073486,4.480000019073486,4.480000019073486,4.480000019073486,0,0.0,0.0,0.0
