Date,Open,High,Low,Close,Volume,Dividends,Stock Splits,Capital Gains
2021-12-21 00:00:00-05:00,24.850000381469727,25.155000686645508,24.850000381469727,25.155000686645508,600,0.0,0.0,0.0
2021-12-22 00:00:00-05:00,25.43000030517578,25.43000030517578,25.42799949645996,25.42799949645996,400,0.0,0.0,0.0
2021-12-23 00:00:00-05:00,25.56999969482422,25.600000381469727,25.56999969482422,25.597000122070312,2600,0.0,0.0,0.0
2021-12-27 00:00:00-05:00,25.93400001525879,25.93400001525879,25.93400001525879,25.93400001525879,100,0.0,0.0,0.0
2021-12-28 00:00:00-05:00,25.863000869750977,25.863000869750977,25.863000869750977,25.863000869750977,100,0.0,0.0,0.0
2021-12-29 00:00:00-05:00,25.959999084472656,25.959999084472656,25.93400001525879,25.93400001525879,600,0.0,0.0,0.0
2021-12-30 00:00:00-05:00,25.83300018310547,25.83300018310547,25.83300018310547,25.83300018310547,100,0.0,0.0,0.0
2021-12-31 00:00:00-05:00,25.77199935913086,25.77199935913086,25.77199935913086,25.77199935913086,100,0.0,0.0,0.0
2022-01-03 00:00:00-05:00,25.770000457763672,25.864999771118164,25.770000457763672,25.864999771118164,400,0.0,0.0,0.0
2022-01-04 00:00:00-05:00,25.829999923706055,25.899999618530273,25.739999771118164,25.86400032043457,6700,0.0,0.0,0.0
2022-01-05 00:00:00-05:00,25.780000686645508,25.780000686645508,25.336000442504883,25.336000442504883,5700,0.0,0.0,0.0
2022-01-06 00:00:00-05:00,25.31999969482422,25.440000534057617,25.274999618530273,25.274999618530273,7300,0.0,0.0,0.0
2022-01-07 00:00:00-05:00,25.209999084472656,25.290000915527344,25.200000762939453,25.21299934387207,3800,0.0,0.0,0.0
2022-01-10 00:00:00-05:00,24.81999969482422,25.143999099731445,24.75,25.143999099731445,8100,0.0,0.0,0.0
2022-01-11 00:00:00-05:00,25.1299991607666,25.399999618530273,25.1299991607666,25.375999450683594,3900,0.0,0.0,0.0
2022-01-12 00:00:00-05:00,25.459999084472656,25.489999771118164,25.389999389648438,25.44499969482422,4100,0.0,0.0,0.0
2022-01-13 00:00:00-05:00,25.43000030517578,25.479999542236328,25.05299949645996,25.05299949645996,22100,0.0,0.0,0.0
2022-01-14 00:00:00-05:00,25.010000228881836,25.10099983215332,24.860000610351562,25.10099983215332,7000,0.0,0.0,0.0
2022-01-18 00:00:00-05:00,24.614999771118164,24.614999771118164,24.614999771118164,24.614999771118164,100,0.0,0.0,0.0
2022-01-19 00:00:00-05:00,24.39699935913086,24.39699935913086,24.39699935913086,24.39699935913086,100,0.0,0.0,0.0
2022-01-20 00:00:00-05:00,24.111000061035156,24.111000061035156,24.111000061035156,24.111000061035156,100,0.0,0.0,0.0
2022-01-21 00:00:00-05:00,23.766000747680664,23.766000747680664,23.766000747680664,23.766000747680664,100,0.0,0.0,0.0
2022-01-24 00:00:00-05:00,22.8700008392334,23.78700065612793,22.8700008392334,23.78700065612793,100,0.0,0.0,0.0
2022-01-25 00:00:00-05:00,23.506000518798828,23.506000518798828,23.506000518798828,23.506000518798828,100,0.0,0.0,0.0
2022-01-26 00:00:00-05:00,23.48900032043457,23.48900032043457,23.48900032043457,23.48900032043457,100,0.0,0.0,0.0
2022-01-27 00:00:00-05:00,23.445999145507812,23.445999145507812,23.445999145507812,23.445999145507812,0,0.0,0.0,0.0
2022-01-28 00:00:00-05:00,24.055999755859375,24.055999755859375,24.055999755859375,24.055999755859375,100,0.0,0.0,0.0
2022-01-31 00:00:00-05:00,24.492000579833984,24.492000579833984,24.492000579833984,24.492000579833984,100,0.0,0.0,0.0
2022-02-01 00:00:00-05:00,24.549999237060547,24.650999069213867,24.549999237060547,24.650999069213867,100,0.0,0.0,0.0
2022-02-02 00:00:00-05:00,24.9060001373291,24.9060001373291,24.9060001373291,24.9060001373291,100,0.0,0.0,0.0
2022-02-03 00:00:00-05:00,24.520000457763672,24.520000457763672,24.402999877929688,24.402999877929688,2900,0.0,0.0,0.0
2022-02-04 00:00:00-05:00,24.475000381469727,24.475000381469727,24.475000381469727,24.475000381469727,100,0.0,0.0,0.0
2022-02-07 00:00:00-05:00,24.360000610351562,24.360000610351562,24.31999969482422,24.31999969482422,700,0.0,0.0,0.0
2022-02-08 00:00:00-05:00,24.601999282836914,24.601999282836914,24.601999282836914,24.601999282836914,100,0.0,0.0,0.0
2022-02-09 00:00:00-05:00,24.93000030517578,24.93000030517578,24.93000030517578,24.93000030517578,100,0.0,0.0,0.0
2022-02-10 00:00:00-05:00,24.493999481201172,24.493999481201172,24.493999481201172,24.493999481201172,100,0.0,0.0,0.0
2022-02-11 00:00:00-05:00,24.0310001373291,24.0310001373291,24.0310001373291,24.0310001373291,100,0.0,0.0,0.0
2022-02-14 00:00:00-05:00,23.829999923706055,23.926000595092773,23.829999923706055,23.926000595092773,100,0.0,0.0,0.0
2022-02-15 00:00:00-05:00,24.327999114990234,24.327999114990234,24.327999114990234,24.327999114990234,100,0.0,0.0,0.0
2022-02-16 00:00:00-05:00,24.349000930786133,24.349000930786133,24.349000930786133,24.349000930786133,0,0.0,0.0,0.0
2022-02-17 00:00:00-05:00,23.781999588012695,23.781999588012695,23.781999588012695,23.781999588012695,100,0.0,0.0,0.0
2022-02-18 00:00:00-05:00,23.584999084472656,23.584999084472656,23.584999084472656,23.584999084472656,100,0.0,0.0,0.0
2022-02-22 00:00:00-05:00,23.190000534057617,23.334999084472656,23.190000534057617,23.334999084472656,100,0.0,0.0,0.0
2022-02-23 00:00:00-05:00,22.93400001525879,22.93400001525879,22.93400001525879,22.93400001525879,100,0.0,0.0,0.0
2022-02-24 00:00:00-05:00,23.30299949645996,23.30299949645996,23.30299949645996,23.30299949645996,100,0.0,0.0,0.0
2022-02-25 00:00:00-05:00,23.788999557495117,23.788999557495117,23.788999557495117,23.788999557495117,100,0.0,0.0,0.0
2022-02-28 00:00:00-05:00,23.707000732421875,23.707000732421875,23.707000732421875,23.707000732421875,100,0.0,0.0,0.0
2022-03-01 00:00:00-05:00,23.327999114990234,23.327999114990234,23.327999114990234,23.327999114990234,100,0.0,0.0,0.0
2022-03-02 00:00:00-05:00,23.790000915527344,23.80299949645996,23.790000915527344,23.80299949645996,100,0.0,0.0,0.0
2022-03-03 00:00:00-05:00,23.64699935913086,23.64699935913086,23.64699935913086,23.64699935913086,100,0.0,0.0,0.0
2022-03-04 00:00:00-05:00,23.405000686645508,23.405000686645508,23.405000686645508,23.405000686645508,100,0.0,0.0,0.0
2022-03-07 00:00:00-05:00,22.687000274658203,22.687000274658203,22.687000274658203,22.687000274658203,100,0.0,0.0,0.0
2022-03-08 00:00:00-05:00,22.527999877929688,22.527999877929688,22.527999877929688,22.527999877929688,100,0.0,0.0,0.0
2022-03-09 00:00:00-05:00,23.15399932861328,23.15399932861328,23.15399932861328,23.15399932861328,100,0.0,0.0,0.0
2022-03-10 00:00:00-05:00,22.98699951171875,22.98699951171875,22.98699951171875,22.98699951171875,100,0.0,0.0,0.0
2022-03-11 00:00:00-05:00,22.690000534057617,22.690000534057617,22.690000534057617,22.690000534057617,100,0.0,0.0,0.0
2022-03-14 00:00:00-04:00,22.490999221801758,22.490999221801758,22.490999221801758,22.490999221801758,0,0.0,0.0,0.0
2022-03-15 00:00:00-04:00,22.889999389648438,22.996000289916992,22.889999389648438,22.996000289916992,100,0.0,0.0,0.0
2022-03-16 00:00:00-04:00,23.503999710083008,23.503999710083008,23.503999710083008,23.503999710083008,100,0.0,0.0,0.0
2022-03-17 00:00:00-04:00,23.739999771118164,23.739999771118164,23.739999771118164,23.739999771118164,0,0.0,0.0,0.0
2022-03-18 00:00:00-04:00,24.07200050354004,24.07200050354004,24.07200050354004,24.07200050354004,100,0.0,0.0,0.0
2022-03-21 00:00:00-04:00,24.014999389648438,24.014999389648438,24.014999389648438,24.014999389648438,100,0.0,0.0,0.0
2022-03-22 00:00:00-04:00,24.290000915527344,24.290000915527344,24.290000915527344,24.290000915527344,0,0.0,0.0,0.0
2022-03-23 00:00:00-04:00,23.992000579833984,23.992000579833984,23.992000579833984,23.992000579833984,0,0.0,0.0,0.0
2022-03-24 00:00:00-04:00,24.3439998626709,24.3439998626709,24.3439998626709,24.3439998626709,0,0.0,0.0,0.0
2022-03-25 00:00:00-04:00,24.430999755859375,24.430999755859375,24.430999755859375,24.430999755859375,0,0.0,0.0,0.0
2022-03-28 00:00:00-04:00,24.579999923706055,24.579999923706055,24.579999923706055,24.579999923706055,100,0.0,0.0,0.0
2022-03-29 00:00:00-04:00,24.93600082397461,24.93600082397461,24.93600082397461,24.93600082397461,100,0.0,0.0,0.0
2022-03-30 00:00:00-04:00,24.714000701904297,24.714000701904297,24.714000701904297,24.714000701904297,100,0.0,0.0,0.0
2022-03-31 00:00:00-04:00,24.409000396728516,24.409000396728516,24.409000396728516,24.409000396728516,100,0.0,0.0,0.0
2022-04-01 00:00:00-04:00,24.416000366210938,24.416000366210938,24.416000366210938,24.416000366210938,0,0.0,0.0,0.0
2022-04-04 00:00:00-04:00,24.608999252319336,24.608999252319336,24.608999252319336,24.608999252319336,100,0.0,0.0,0.0
2022-04-05 00:00:00-04:00,24.302000045776367,24.302000045776367,24.302000045776367,24.302000045776367,0,0.0,0.0,0.0
2022-04-06 00:00:00-04:00,24.010000228881836,24.047000885009766,24.010000228881836,24.047000885009766,100,0.0,0.0,0.0
2022-04-07 00:00:00-04:00,24.110000610351562,24.110000610351562,24.110000610351562,24.110000610351562,100,0.0,0.0,0.0
2022-04-08 00:00:00-04:00,24.018999099731445,24.018999099731445,24.018999099731445,24.018999099731445,100,0.0,0.0,0.0
2022-04-11 00:00:00-04:00,23.610000610351562,23.610000610351562,23.610000610351562,23.610000610351562,100,0.0,0.0,0.0
2022-04-12 00:00:00-04:00,23.739999771118164,23.739999771118164,23.538000106811523,23.538000106811523,100,0.0,0.0,0.0
2022-04-13 00:00:00-04:00,23.80699920654297,23.80699920654297,23.80699920654297,23.80699920654297,100,0.0,0.0,0.0
2022-04-14 00:00:00-04:00,23.486000061035156,23.486000061035156,23.486000061035156,23.486000061035156,100,0.0,0.0,0.0
2022-04-18 00:00:00-04:00,23.42799949645996,23.42799949645996,23.42799949645996,23.42799949645996,100,0.0,0.0,0.0
2022-04-19 00:00:00-04:00,23.825000762939453,23.825000762939453,23.825000762939453,23.825000762939453,0,0.0,0.0,0.0
2022-04-20 00:00:00-04:00,23.884000778198242,23.884000778198242,23.884000778198242,23.884000778198242,100,0.0,0.0,0.0
2022-04-21 00:00:00-04:00,23.540000915527344,23.540000915527344,23.540000915527344,23.540000915527344,100,0.0,0.0,0.0
2022-04-22 00:00:00-04:00,22.878999710083008,22.878999710083008,22.878999710083008,22.878999710083008,0,0.0,0.0,0.0
2022-04-25 00:00:00-04:00,22.878999710083008,22.878999710083008,22.878999710083008,22.878999710083008,0,0.0,0.0,0.0
2022-04-26 00:00:00-04:00,22.65999984741211,22.65999984741211,22.47599983215332,22.47599983215332,2200,0.0,0.0,0.0
2022-04-27 00:00:00-04:00,22.469999313354492,22.517000198364258,22.469999313354492,22.517000198364258,200,0.0,0.0,0.0
2022-04-28 00:00:00-04:00,23.062000274658203,23.062000274658203,23.062000274658203,23.062000274658203,0,0.0,0.0,0.0
2022-04-29 00:00:00-04:00,22.399999618530273,22.399999618530273,22.273000717163086,22.273000717163086,100,0.0,0.0,0.0
2022-05-02 00:00:00-04:00,22.45400047302246,22.45400047302246,22.45400047302246,22.45400047302246,100,0.0,0.0,0.0
2022-05-03 00:00:00-04:00,22.538000106811523,22.538000106811523,22.538000106811523,22.538000106811523,100,0.0,0.0,0.0
2022-05-04 00:00:00-04:00,23.197999954223633,23.197999954223633,23.197999954223633,23.197999954223633,100,0.0,0.0,0.0
2022-05-05 00:00:00-04:00,22.33799934387207,22.33799934387207,22.33799934387207,22.33799934387207,0,0.0,0.0,0.0
2022-05-06 00:00:00-04:00,22.25,22.25,22.23200035095215,22.23200035095215,1000,0.0,0.0,0.0
2022-05-09 00:00:00-04:00,21.56999969482422,21.56999969482422,21.56399917602539,21.56399917602539,100,0.0,0.0,0.0
2022-05-10 00:00:00-04:00,21.6299991607666,21.6299991607666,21.6299991607666,21.6299991607666,100,0.0,0.0,0.0
2022-05-11 00:00:00-04:00,21.3700008392334,21.3700008392334,21.243000030517578,21.243000030517578,200,0.0,0.0,0.0
2022-05-12 00:00:00-04:00,21.172000885009766,21.172000885009766,21.172000885009766,21.172000885009766,100,0.0,0.0,0.0
2022-05-13 00:00:00-04:00,21.690000534057617,21.690000534057617,21.690000534057617,21.690000534057617,100,0.0,0.0,0.0
2022-05-16 00:00:00-04:00,21.628000259399414,21.628000259399414,21.628000259399414,21.628000259399414,100,0.0,0.0,0.0
2022-05-17 00:00:00-04:00,22.069000244140625,22.069000244140625,22.069000244140625,22.069000244140625,0,0.0,0.0,0.0
2022-05-18 00:00:00-04:00,21.195999145507812,21.195999145507812,21.195999145507812,21.195999145507812,100,0.0,0.0,0.0
2022-05-19 00:00:00-04:00,21.086999893188477,21.086999893188477,21.086999893188477,21.086999893188477,0,0.0,0.0,0.0
2022-05-20 00:00:00-04:00,21.09600067138672,21.09600067138672,21.09600067138672,21.09600067138672,100,0.0,0.0,0.0
2022-05-23 00:00:00-04:00,21.50200080871582,21.50200080871582,21.50200080871582,21.50200080871582,100,0.0,0.0,0.0
2022-05-24 00:00:00-04:00,21.29599952697754,21.29599952697754,21.29599952697754,21.29599952697754,100,0.0,0.0,0.0
2022-05-25 00:00:00-04:00,21.51099967956543,21.51099967956543,21.51099967956543,21.51099967956543,100,0.0,0.0,0.0
2022-05-26 00:00:00-04:00,21.922000885009766,21.922000885009766,21.922000885009766,21.922000885009766,0,0.0,0.0,0.0
2022-05-27 00:00:00-04:00,22.427000045776367,22.427000045776367,22.427000045776367,22.427000045776367,0,0.0,0.0,0.0
2022-05-31 00:00:00-04:00,22.329999923706055,22.329999923706055,22.285999298095703,22.285999298095703,100,0.0,0.0,0.0
2022-06-01 00:00:00-04:00,22.12299919128418,22.12299919128418,22.12299919128418,22.12299919128418,100,0.0,0.0,0.0
2022-06-02 00:00:00-04:00,22.493999481201172,22.493999481201172,22.493999481201172,22.493999481201172,0,0.0,0.0,0.0
2022-06-03 00:00:00-04:00,22.14299964904785,22.14299964904785,22.14299964904785,22.14299964904785,100,0.0,0.0,0.0
2022-06-06 00:00:00-04:00,22.18899917602539,22.18899917602539,22.18899917602539,22.18899917602539,100,0.0,0.0,0.0
2022-06-07 00:00:00-04:00,22.424999237060547,22.424999237060547,22.424999237060547,22.424999237060547,0,0.0,0.0,0.0
2022-06-08 00:00:00-04:00,22.177000045776367,22.177000045776367,22.177000045776367,22.177000045776367,100,0.0,0.0,0.0
2022-06-09 00:00:00-04:00,21.65999984741211,21.65999984741211,21.65999984741211,21.65999984741211,100,0.0,0.0,0.0
2022-06-10 00:00:00-04:00,21.03499984741211,21.03499984741211,21.03499984741211,21.03499984741211,100,0.0,0.0,0.0
2022-06-13 00:00:00-04:00,20.25,20.25,20.201000213623047,20.201000213623047,100,0.0,0.0,0.0
2022-06-14 00:00:00-04:00,20.209999084472656,20.209999084472656,20.149999618530273,20.149999618530273,400,0.0,0.0,0.0
2022-06-15 00:00:00-04:00,20.452999114990234,20.452999114990234,20.452999114990234,20.452999114990234,100,0.0,0.0,0.0
2022-06-16 00:00:00-04:00,19.790000915527344,19.790000915527344,19.790000915527344,19.790000915527344,100,0.0,0.0,0.0
2022-06-17 00:00:00-04:00,19.860000610351562,20.020000457763672,19.860000610351562,19.92799949645996,600,0.0,0.0,0.0
2022-06-21 00:00:00-04:00,20.3799991607666,20.40999984741211,20.360000610351562,20.367000579833984,400,0.0,0.0,0.0
2022-06-22 00:00:00-04:00,20.520000457763672,20.549999237060547,20.402000427246094,20.402000427246094,200,0.0,0.0,0.0
2022-06-23 00:00:00-04:00,20.450000762939453,20.58099937438965,20.360000610351562,20.58099937438965,500,0.0,0.0,0.0
2022-06-24 00:00:00-04:00,21.06999969482422,21.191999435424805,21.06999969482422,21.191999435424805,100,0.0,0.0,0.0
2022-06-27 00:00:00-04:00,21.200000762939453,21.200000762939453,21.09000015258789,21.10300064086914,300,0.0,0.0,0.0
2022-06-28 00:00:00-04:00,20.899999618530273,20.899999618530273,20.711000442504883,20.711000442504883,200,0.0,0.0,0.0
2022-06-29 00:00:00-04:00,20.56999969482422,20.583999633789062,20.510000228881836,20.583999633789062,500,0.0,0.0,0.0
2022-06-30 00:00:00-04:00,20.459999084472656,20.540000915527344,20.340999603271484,20.340999603271484,700,0.0,0.0,0.0
2022-07-01 00:00:00-04:00,20.545000076293945,20.545000076293945,20.545000076293945,20.545000076293945,100,0.0,0.0,0.0
2022-07-05 00:00:00-04:00,20.329999923706055,20.628999710083008,20.329999923706055,20.628999710083008,200,0.0,0.0,0.0
2022-07-06 00:00:00-04:00,20.639999389648438,20.722999572753906,20.6299991607666,20.722999572753906,400,0.0,0.0,0.0
2022-07-07 00:00:00-04:00,21.020000457763672,21.045000076293945,21.020000457763672,21.045000076293945,200,0.0,0.0,0.0
2022-07-08 00:00:00-04:00,21.042999267578125,21.042999267578125,21.042999267578125,21.042999267578125,100,0.0,0.0,0.0
2022-07-11 00:00:00-04:00,20.81999969482422,20.889999389648438,20.77199935913086,20.77199935913086,600,0.0,0.0,0.0
2022-07-12 00:00:00-04:00,20.81999969482422,20.81999969482422,20.56999969482422,20.606000900268555,600,0.0,0.0,0.0
2022-07-13 00:00:00-04:00,20.59000015258789,20.610000610351562,20.5,20.518999099731445,500,0.0,0.0,0.0
2022-07-14 00:00:00-04:00,20.229999542236328,20.466999053955078,20.229999542236328,20.466999053955078,700,0.0,0.0,0.0
2022-07-15 00:00:00-04:00,20.760000228881836,20.841999053955078,20.760000228881836,20.841999053955078,400,0.0,0.0,0.0
2022-07-18 00:00:00-04:00,21.0,21.0,20.59000015258789,20.6560001373291,400,0.0,0.0,0.0
2022-07-19 00:00:00-04:00,21.049999237060547,21.226999282836914,21.049999237060547,21.226999282836914,300,0.0,0.0,0.0
2022-07-20 00:00:00-04:00,21.420000076293945,21.420000076293945,21.229999542236328,21.344999313354492,800,0.0,0.0,0.0
2022-07-21 00:00:00-04:00,21.40999984741211,21.51799964904785,21.399999618530273,21.51799964904785,300,0.0,0.0,0.0
2022-07-22 00:00:00-04:00,21.190000534057617,21.256999969482422,21.18000030517578,21.256999969482422,300,0.0,0.0,0.0
2022-07-25 00:00:00-04:00,21.280000686645508,21.280000686645508,21.280000686645508,21.280000686645508,100,0.0,0.0,0.0
2022-07-26 00:00:00-04:00,21.139999389648438,21.139999389648438,21.08300018310547,21.08300018310547,200,0.0,0.0,0.0
2022-07-27 00:00:00-04:00,21.610000610351562,21.642000198364258,21.610000610351562,21.642000198364258,300,0.0,0.0,0.0
2022-07-28 00:00:00-04:00,21.847000122070312,21.847000122070312,21.847000122070312,21.847000122070312,100,0.0,0.0,0.0
2022-07-29 00:00:00-04:00,22.040000915527344,22.065000534057617,22.040000915527344,22.065000534057617,100,0.0,0.0,0.0
2022-08-01 00:00:00-04:00,21.950000762939453,22.010000228881836,21.950000762939453,22.010000228881836,200,0.0,0.0,0.0
2022-08-02 00:00:00-04:00,22.049999237060547,22.049999237060547,21.87700080871582,21.87700080871582,100,0.0,0.0,0.0
2022-08-03 00:00:00-04:00,22.209999084472656,22.309999465942383,22.209999084472656,22.27899932861328,400,0.0,0.0,0.0
2022-08-04 00:00:00-04:00,22.200000762939453,22.25,22.200000762939453,22.242000579833984,300,0.0,0.0,0.0
2022-08-05 00:00:00-04:00,22.100000381469727,22.243000030517578,22.100000381469727,22.243000030517578,2500,0.0,0.0,0.0
2022-08-08 00:00:00-04:00,22.21299934387207,22.21299934387207,22.21299934387207,22.21299934387207,100,0.0,0.0,0.0
2022-08-09 00:00:00-04:00,22.09000015258789,22.091999053955078,22.09000015258789,22.091999053955078,100,0.0,0.0,0.0
2022-08-10 00:00:00-04:00,22.510000228881836,22.573999404907227,22.510000228881836,22.573999404907227,100,0.0,0.0,0.0
2022-08-11 00:00:00-04:00,22.690000534057617,22.690000534057617,22.565000534057617,22.565000534057617,200,0.0,0.0,0.0
2022-08-12 00:00:00-04:00,22.937000274658203,22.937000274658203,22.937000274658203,22.937000274658203,0,0.0,0.0,0.0
2022-08-15 00:00:00-04:00,22.979999542236328,23.079999923706055,22.979999542236328,23.052000045776367,500,0.0,0.0,0.0
2022-08-16 00:00:00-04:00,23.086999893188477,23.086999893188477,23.086999893188477,23.086999893188477,100,0.0,0.0,0.0
2022-08-17 00:00:00-04:00,22.829999923706055,23.049999237060547,22.829999923706055,22.923999786376953,1300,0.0,0.0,0.0
2022-08-18 00:00:00-04:00,22.8799991607666,22.950000762939453,22.8799991607666,22.950000762939453,800,0.0,0.0,0.0
2022-08-19 00:00:00-04:00,22.673999786376953,22.673999786376953,22.673999786376953,22.673999786376953,100,0.0,0.0,0.0
2022-08-22 00:00:00-04:00,22.309999465942383,22.309999465942383,22.18000030517578,22.18400001525879,300,0.0,0.0,0.0
2022-08-23 00:00:00-04:00,22.15999984741211,22.15999984741211,22.110000610351562,22.118999481201172,600,0.0,0.0,0.0
2022-08-24 00:00:00-04:00,22.166000366210938,22.166000366210938,22.166000366210938,22.166000366210938,100,0.0,0.0,0.0
2022-08-25 00:00:00-04:00,22.440000534057617,22.469999313354492,22.440000534057617,22.469999313354492,100,0.0,0.0,0.0
2022-08-26 00:00:00-04:00,21.736000061035156,21.736000061035156,21.736000061035156,21.736000061035156,0,0.0,0.0,0.0
2022-08-29 00:00:00-04:00,21.565000534057617,21.565000534057617,21.565000534057617,21.565000534057617,100,0.0,0.0,0.0
2022-08-30 00:00:00-04:00,21.30699920654297,21.30699920654297,21.30699920654297,21.30699920654297,100,0.0,0.0,0.0
2022-08-31 00:00:00-04:00,21.280000686645508,21.280000686645508,21.195999145507812,21.195999145507812,100,0.0,0.0,0.0
2022-09-01 00:00:00-04:00,21.187999725341797,21.187999725341797,21.187999725341797,21.187999725341797,100,0.0,0.0,0.0
2022-09-02 00:00:00-04:00,20.90999984741211,20.940000534057617,20.90999984741211,20.940000534057617,100,0.0,0.0,0.0
2022-09-06 00:00:00-04:00,20.8700008392334,20.8700008392334,20.836999893188477,20.836999893188477,100,0.0,0.0,0.0
2022-09-07 00:00:00-04:00,21.218000411987305,21.218000411987305,21.218000411987305,21.218000411987305,100,0.0,0.0,0.0
2022-09-08 00:00:00-04:00,21.280000686645508,21.347999572753906,21.280000686645508,21.347999572753906,300,0.0,0.0,0.0
2022-09-09 00:00:00-04:00,21.71299934387207,21.71299934387207,21.71299934387207,21.71299934387207,100,0.0,0.0,0.0
2022-09-12 00:00:00-04:00,21.899999618530273,21.90999984741211,21.899999618530273,21.90999984741211,300,0.0,0.0,0.0
2022-09-13 00:00:00-04:00,20.961999893188477,20.961999893188477,20.961999893188477,20.961999893188477,100,0.0,0.0,0.0
2022-09-14 00:00:00-04:00,20.90999984741211,20.97800064086914,20.90999984741211,20.97800064086914,300,0.0,0.0,0.0
2022-09-15 00:00:00-04:00,20.920000076293945,20.920000076293945,20.760000228881836,20.77199935913086,300,0.0,0.0,0.0
2022-09-16 00:00:00-04:00,20.600000381469727,20.631999969482422,20.600000381469727,20.631999969482422,100,0.0,0.0,0.0
2022-09-19 00:00:00-04:00,20.743999481201172,20.743999481201172,20.743999481201172,20.743999481201172,100,0.0,0.0,0.0
2022-09-20 00:00:00-04:00,20.649999618530273,20.649999618530273,20.450000762939453,20.54800033569336,600,0.0,0.0,0.0
2022-09-21 00:00:00-04:00,20.270000457763672,20.270000457763672,20.2549991607666,20.2549991607666,100,0.0,0.0,0.0
2022-09-22 00:00:00-04:00,20.09000015258789,20.09600067138672,20.09000015258789,20.09600067138672,100,0.0,0.0,0.0
2022-09-23 00:00:00-04:00,19.757999420166016,19.757999420166016,19.757999420166016,19.757999420166016,100,0.0,0.0,0.0
2022-09-26 00:00:00-04:00,19.607999801635742,19.607999801635742,19.607999801635742,19.607999801635742,100,0.0,0.0,0.0
2022-09-27 00:00:00-04:00,19.540000915527344,19.540000915527344,19.533000946044922,19.533000946044922,100,0.0,0.0,0.0
2022-09-28 00:00:00-04:00,19.91900062561035,19.91900062561035,19.91900062561035,19.91900062561035,100,0.0,0.0,0.0
2022-09-29 00:00:00-04:00,19.474000930786133,19.474000930786133,19.474000930786133,19.474000930786133,100,0.0,0.0,0.0
2022-09-30 00:00:00-04:00,19.200000762939453,19.200000762939453,19.174999237060547,19.174999237060547,100,0.0,0.0,0.0
2022-10-03 00:00:00-04:00,19.719999313354492,19.719999313354492,19.68000030517578,19.68000030517578,100,0.0,0.0,0.0
2022-10-04 00:00:00-04:00,20.263999938964844,20.263999938964844,20.263999938964844,20.263999938964844,100,0.0,0.0,0.0
2022-10-05 00:00:00-04:00,20.25,20.260000228881836,20.25,20.260000228881836,700,0.0,0.0,0.0
2022-10-06 00:00:00-04:00,20.070999145507812,20.070999145507812,20.070999145507812,20.070999145507812,0,0.0,0.0,0.0
2022-10-07 00:00:00-04:00,19.485000610351562,19.485000610351562,19.485000610351562,19.485000610351562,0,0.0,0.0,0.0
2022-10-10 00:00:00-04:00,19.350000381469727,19.350000381469727,19.350000381469727,19.350000381469727,100,0.0,0.0,0.0
2022-10-11 00:00:00-04:00,19.191999435424805,19.191999435424805,19.191999435424805,19.191999435424805,0,0.0,0.0,0.0
2022-10-12 00:00:00-04:00,19.14900016784668,19.14900016784668,19.14900016784668,19.14900016784668,0,0.0,0.0,0.0
2022-10-13 00:00:00-04:00,19.663999557495117,19.663999557495117,19.663999557495117,19.663999557495117,0,0.0,0.0,0.0
2022-10-14 00:00:00-04:00,19.232999801635742,19.232999801635742,19.232999801635742,19.232999801635742,0,0.0,0.0,0.0
2022-10-17 00:00:00-04:00,19.702999114990234,19.702999114990234,19.702999114990234,19.702999114990234,100,0.0,0.0,0.0
2022-10-18 00:00:00-04:00,19.871000289916992,19.871000289916992,19.871000289916992,19.871000289916992,0,0.0,0.0,0.0
2022-10-19 00:00:00-04:00,19.743999481201172,19.743999481201172,19.743999481201172,19.743999481201172,100,0.0,0.0,0.0
2022-10-20 00:00:00-04:00,19.642000198364258,19.642000198364258,19.642000198364258,19.642000198364258,100,0.0,0.0,0.0
2022-10-21 00:00:00-04:00,20.069000244140625,20.069000244140625,20.069000244140625,20.069000244140625,0,0.0,0.0,0.0
2022-10-24 00:00:00-04:00,20.31399917602539,20.31399917602539,20.31399917602539,20.31399917602539,100,0.0,0.0,0.0
2022-10-25 00:00:00-04:00,20.66200065612793,20.66200065612793,20.66200065612793,20.66200065612793,100,0.0,0.0,0.0
2022-10-26 00:00:00-04:00,20.447999954223633,20.447999954223633,20.447999954223633,20.447999954223633,100,0.0,0.0,0.0
2022-10-27 00:00:00-04:00,20.25200080871582,20.25200080871582,20.25200080871582,20.25200080871582,0,0.0,0.0,0.0
2022-10-28 00:00:00-04:00,20.86199951171875,20.86199951171875,20.86199951171875,20.86199951171875,0,0.0,0.0,0.0
2022-10-31 00:00:00-04:00,20.694000244140625,20.694000244140625,20.694000244140625,20.694000244140625,100,0.0,0.0,0.0
2022-11-01 00:00:00-04:00,20.6299991607666,20.6299991607666,20.625999450683594,20.625999450683594,100,0.0,0.0,0.0
2022-11-02 00:00:00-04:00,20.124000549316406,20.124000549316406,20.124000549316406,20.124000549316406,200,0.0,0.0,0.0
2022-11-03 00:00:00-04:00,19.832000732421875,19.832000732421875,19.832000732421875,19.832000732421875,100,0.0,0.0,0.0
2022-11-04 00:00:00-04:00,20.090999603271484,20.090999603271484,20.090999603271484,20.090999603271484,100,0.0,0.0,0.0
2022-11-07 00:00:00-05:00,20.354000091552734,20.354000091552734,20.354000091552734,20.354000091552734,100,0.0,0.0,0.0
2022-11-08 00:00:00-05:00,20.500999450683594,20.500999450683594,20.500999450683594,20.500999450683594,100,0.0,0.0,0.0
2022-11-09 00:00:00-05:00,20.0939998626709,20.0939998626709,20.0939998626709,20.0939998626709,100,0.0,0.0,0.0
2022-11-10 00:00:00-05:00,21.222000122070312,21.222000122070312,21.222000122070312,21.222000122070312,100,0.0,0.0,0.0
2022-11-11 00:00:00-05:00,21.44099998474121,21.44099998474121,21.44099998474121,21.44099998474121,100,0.0,0.0,0.0
2022-11-14 00:00:00-05:00,21.28499984741211,21.28499984741211,21.28499984741211,21.28499984741211,100,0.0,0.0,0.0
2022-11-15 00:00:00-05:00,21.445999145507812,21.445999145507812,21.445999145507812,21.445999145507812,0,0.0,0.0,0.0
2022-11-16 00:00:00-05:00,21.290000915527344,21.290000915527344,21.290000915527344,21.290000915527344,100,0.0,0.0,0.0
2022-11-17 00:00:00-05:00,21.21299934387207,21.21299934387207,21.21299934387207,21.21299934387207,100,0.0,0.0,0.0
2022-11-18 00:00:00-05:00,21.309999465942383,21.309999465942383,21.309999465942383,21.309999465942383,100,0.0,0.0,0.0
2022-11-21 00:00:00-05:00,21.273000717163086,21.273000717163086,21.273000717163086,21.273000717163086,100,0.0,0.0,0.0
2022-11-22 00:00:00-05:00,21.559999465942383,21.559999465942383,21.559999465942383,21.559999465942383,0,0.0,0.0,0.0
2022-11-23 00:00:00-05:00,21.67099952697754,21.67099952697754,21.67099952697754,21.67099952697754,0,0.0,0.0,0.0
2022-11-25 00:00:00-05:00,21.660999298095703,21.660999298095703,21.660999298095703,21.660999298095703,100,0.0,0.0,0.0
2022-11-28 00:00:00-05:00,21.31599998474121,21.31599998474121,21.31599998474121,21.31599998474121,100,0.0,0.0,0.0
2022-11-29 00:00:00-05:00,21.26799964904785,21.26799964904785,21.26799964904785,21.26799964904785,100,0.0,0.0,0.0
2022-11-30 00:00:00-05:00,21.93000030517578,21.93000030517578,21.93000030517578,21.93000030517578,100,0.0,0.0,0.0
2022-12-01 00:00:00-05:00,21.993000030517578,21.993000030517578,21.993000030517578,21.993000030517578,0,0.0,0.0,0.0
2022-12-02 00:00:00-05:00,21.968000411987305,21.968000411987305,21.968000411987305,21.968000411987305,100,0.0,0.0,0.0
2022-12-05 00:00:00-05:00,21.599000930786133,21.599000930786133,21.599000930786133,21.599000930786133,100,0.0,0.0,0.0
2022-12-06 00:00:00-05:00,21.25,21.25,21.25,21.25,0,0.0,0.0,0.0
2022-12-07 00:00:00-05:00,21.225000381469727,21.225000381469727,21.225000381469727,21.225000381469727,100,0.0,0.0,0.0
2022-12-08 00:00:00-05:00,21.3799991607666,21.3799991607666,21.3799991607666,21.3799991607666,0,0.0,0.0,0.0
2022-12-09 00:00:00-05:00,21.233999252319336,21.233999252319336,21.233999252319336,21.233999252319336,100,0.0,0.0,0.0
2022-12-12 00:00:00-05:00,21.545000076293945,21.545000076293945,21.545000076293945,21.545000076293945,0,0.0,0.0,0.0
2022-12-13 00:00:00-05:00,21.639999389648438,21.73200035095215,21.639999389648438,21.73200035095215,100,0.0,0.0,0.0
2022-12-14 00:00:00-05:00,21.628000259399414,21.628000259399414,21.628000259399414,21.628000259399414,100,0.0,0.0,0.0
2022-12-15 00:00:00-05:00,21.100000381469727,21.100000381469727,21.03700065612793,21.03700065612793,1900,0.0,0.0,0.0
2022-12-16 00:00:00-05:00,20.847999572753906,20.847999572753906,20.847999572753906,20.847999572753906,100,0.0,0.0,0.0
2022-12-19 00:00:00-05:00,20.617000579833984,20.617000579833984,20.617000579833984,20.617000579833984,0,0.0,0.0,0.0
2022-12-20 00:00:00-05:00,20.65999984741211,20.65999984741211,20.65999984741211,20.65999984741211,100,0.0,0.0,0.0
2022-12-21 00:00:00-05:00,20.94499969482422,20.94499969482422,20.94499969482422,20.94499969482422,100,0.0,0.0,0.0
2022-12-22 00:00:00-05:00,20.660999298095703,20.660999298095703,20.660999298095703,20.660999298095703,100,0.0,0.0,0.0
2022-12-23 00:00:00-05:00,20.766000747680664,20.766000747680664,20.766000747680664,20.766000747680664,100,0.0,0.0,0.0
2022-12-27 00:00:00-05:00,20.70199966430664,20.70199966430664,20.70199966430664,20.70199966430664,0,0.0,0.0,0.0
2022-12-28 00:00:00-05:00,20.454999923706055,20.454999923706055,20.454999923706055,20.454999923706055,100,0.0,0.0,0.0
2022-12-29 00:00:00-05:00,20.66900062561035,20.66900062561035,20.66900062561035,20.66900062561035,100,0.0,0.0,0.0
2022-12-30 00:00:00-05:00,20.5939998626709,20.5939998626709,20.5939998626709,20.5939998626709,0,0.0,0.0,0.0
2023-01-03 00:00:00-05:00,20.548999786376953,20.548999786376953,20.548999786376953,20.548999786376953,100,0.0,0.0,0.0
2023-01-04 00:00:00-05:00,20.674999237060547,20.674999237060547,20.674999237060547,20.674999237060547,100,0.0,0.0,0.0
2023-01-05 00:00:00-05:00,20.45599937438965,20.45599937438965,20.45599937438965,20.45599937438965,100,0.0,0.0,0.0
2023-01-06 00:00:00-05:00,20.89699935913086,20.89699935913086,20.89699935913086,20.89699935913086,100,0.0,0.0,0.0
2023-01-09 00:00:00-05:00,20.892000198364258,20.892000198364258,20.892000198364258,20.892000198364258,0,0.0,0.0,0.0
2023-01-10 00:00:00-05:00,21.02899932861328,21.02899932861328,21.02899932861328,21.02899932861328,100,0.0,0.0,0.0
2023-01-11 00:00:00-05:00,21.270000457763672,21.270000457763672,21.270000457763672,21.270000457763672,100,0.0,0.0,0.0
2023-01-12 00:00:00-05:00,21.363000869750977,21.363000869750977,21.363000869750977,21.363000869750977,100,0.0,0.0,0.0
2023-01-13 00:00:00-05:00,21.46299934387207,21.46299934387207,21.46299934387207,21.46299934387207,100,0.0,0.0,0.0
2023-01-17 00:00:00-05:00,21.430999755859375,21.430999755859375,21.430999755859375,21.430999755859375,100,0.0,0.0,0.0
2023-01-18 00:00:00-05:00,21.111000061035156,21.111000061035156,21.111000061035156,21.111000061035156,100,0.0,0.0,0.0
2023-01-19 00:00:00-05:00,20.979000091552734,20.979000091552734,20.979000091552734,20.979000091552734,0,0.0,0.0,0.0
2023-01-20 00:00:00-05:00,21.368000030517578,21.368000030517578,21.368000030517578,21.368000030517578,0,0.0,0.0,0.0
2023-01-23 00:00:00-05:00,21.64699935913086,21.64699935913086,21.64699935913086,21.64699935913086,100,0.0,0.0,0.0
2023-01-24 00:00:00-05:00,21.606000900268555,21.606000900268555,21.606000900268555,21.606000900268555,0,0.0,0.0,0.0
2023-01-25 00:00:00-05:00,21.58300018310547,21.58300018310547,21.58300018310547,21.58300018310547,100,0.0,0.0,0.0
2023-01-26 00:00:00-05:00,21.812999725341797,21.812999725341797,21.812999725341797,21.812999725341797,100,0.0,0.0,0.0
2023-01-27 00:00:00-05:00,21.875,21.875,21.875,21.875,100,0.0,0.0,0.0
2023-01-30 00:00:00-05:00,21.58099937438965,21.58099937438965,21.58099937438965,21.58099937438965,100,0.0,0.0,0.0
2023-01-31 00:00:00-05:00,21.868000030517578,21.868000030517578,21.868000030517578,21.868000030517578,0,0.0,0.0,0.0
2023-02-01 00:00:00-05:00,22.14299964904785,22.14299964904785,22.14299964904785,22.14299964904785,100,0.0,0.0,0.0
2023-02-02 00:00:00-05:00,22.52899932861328,22.52899932861328,22.52899932861328,22.52899932861328,100,0.0,0.0,0.0
2023-02-03 00:00:00-05:00,22.363000869750977,22.363000869750977,22.363000869750977,22.363000869750977,100,0.0,0.0,0.0
2023-02-06 00:00:00-05:00,22.173999786376953,22.173999786376953,22.173999786376953,22.173999786376953,100,0.0,0.0,0.0
2023-02-07 00:00:00-05:00,22.511999130249023,22.511999130249023,22.511999130249023,22.511999130249023,0,0.0,0.0,0.0
2023-02-08 00:00:00-05:00,22.21299934387207,22.21299934387207,22.21299934387207,22.21299934387207,0,0.0,0.0,0.0
2023-02-09 00:00:00-05:00,21.993000030517578,21.993000030517578,21.993000030517578,21.993000030517578,100,0.0,0.0,0.0
2023-02-10 00:00:00-05:00,22.013999938964844,22.013999938964844,22.013999938964844,22.013999938964844,0,0.0,0.0,0.0
2023-02-13 00:00:00-05:00,22.275999069213867,22.275999069213867,22.275999069213867,22.275999069213867,100,0.0,0.0,0.0
2023-02-14 00:00:00-05:00,22.30900001525879,22.30900001525879,22.30900001525879,22.30900001525879,0,0.0,0.0,0.0
2023-02-15 00:00:00-05:00,22.327999114990234,22.327999114990234,22.327999114990234,22.327999114990234,100,0.0,0.0,0.0
2023-02-16 00:00:00-05:00,22.054000854492188,22.054000854492188,22.054000854492188,22.054000854492188,100,0.0,0.0,0.0
2023-02-17 00:00:00-05:00,21.964000701904297,21.964000701904297,21.964000701904297,21.964000701904297,100,0.0,0.0,0.0
2023-02-21 00:00:00-05:00,21.52899932861328,21.52899932861328,21.52899932861328,21.52899932861328,100,0.0,0.0,0.0
2023-02-22 00:00:00-05:00,21.482999801635742,21.482999801635742,21.482999801635742,21.482999801635742,0,0.0,0.0,0.0
2023-02-23 00:00:00-05:00,21.479999542236328,21.648000717163086,21.479999542236328,21.648000717163086,100,0.0,0.0,0.0
2023-02-24 00:00:00-05:00,21.39699935913086,21.39699935913086,21.39699935913086,21.39699935913086,0,0.0,0.0,0.0
2023-02-27 00:00:00-05:00,21.45400047302246,21.45400047302246,21.45400047302246,21.45400047302246,0,0.0,0.0,0.0
2023-02-28 00:00:00-05:00,21.429000854492188,21.429000854492188,21.429000854492188,21.429000854492188,0,0.0,0.0,0.0
2023-03-01 00:00:00-05:00,21.29400062561035,21.29400062561035,21.29400062561035,21.29400062561035,100,0.0,0.0,0.0
2023-03-02 00:00:00-05:00,21.479000091552734,21.479000091552734,21.479000091552734,21.479000091552734,100,0.0,0.0,0.0
2023-03-03 00:00:00-05:00,21.840999603271484,21.840999603271484,21.840999603271484,21.840999603271484,100,0.0,0.0,0.0
2023-03-06 00:00:00-05:00,21.871999740600586,21.871999740600586,21.871999740600586,21.871999740600586,100,0.0,0.0,0.0
2023-03-07 00:00:00-05:00,21.548999786376953,21.548999786376953,21.548999786376953,21.548999786376953,0,0.0,0.0,0.0
2023-03-08 00:00:00-05:00,21.591999053955078,21.591999053955078,21.591999053955078,21.591999053955078,0,0.0,0.0,0.0
2023-03-09 00:00:00-05:00,21.226999282836914,21.226999282836914,21.226999282836914,21.226999282836914,100,0.0,0.0,0.0
2023-03-10 00:00:00-05:00,21.049999237060547,21.049999237060547,20.84000015258789,20.881000518798828,3100,0.0,0.0,0.0
2023-03-13 00:00:00-04:00,20.861000061035156,20.861000061035156,20.861000061035156,20.861000061035156,0,0.0,0.0,0.0
2023-03-14 00:00:00-04:00,21.204999923706055,21.204999923706055,21.204999923706055,21.204999923706055,100,0.0,0.0,0.0
2023-03-15 00:00:00-04:00,21.1299991607666,21.1299991607666,21.099000930786133,21.099000930786133,100,0.0,0.0,0.0
2023-03-16 00:00:00-04:00,21.535999298095703,21.535999298095703,21.535999298095703,21.535999298095703,100,0.0,0.0,0.0
2023-03-17 00:00:00-04:00,21.336000442504883,21.336000442504883,21.336000442504883,21.336000442504883,100,0.0,0.0,0.0
2023-03-20 00:00:00-04:00,21.493999481201172,21.493999481201172,21.493999481201172,21.493999481201172,100,0.0,0.0,0.0
2023-03-21 00:00:00-04:00,21.600000381469727,21.756000518798828,21.600000381469727,21.756000518798828,5000,0.0,0.0,0.0
2023-03-22 00:00:00-04:00,21.47800064086914,21.47800064086914,21.47800064086914,21.47800064086914,100,0.0,0.0,0.0
2023-03-23 00:00:00-04:00,21.541000366210938,21.541000366210938,21.541000366210938,21.541000366210938,100,0.0,0.0,0.0
2023-03-24 00:00:00-04:00,21.601999282836914,21.601999282836914,21.601999282836914,21.601999282836914,100,0.0,0.0,0.0
2023-03-27 00:00:00-04:00,21.618999481201172,21.618999481201172,21.618999481201172,21.618999481201172,100,0.0,0.0,0.0
2023-03-28 00:00:00-04:00,21.570999145507812,21.570999145507812,21.570999145507812,21.570999145507812,100,0.0,0.0,0.0
2023-03-29 00:00:00-04:00,21.87299919128418,21.87299919128418,21.87299919128418,21.87299919128418,100,0.0,0.0,0.0
2023-03-30 00:00:00-04:00,22.0049991607666,22.0049991607666,22.0049991607666,22.0049991607666,100,0.0,0.0,0.0
2023-03-31 00:00:00-04:00,22.319000244140625,22.319000244140625,22.319000244140625,22.319000244140625,100,0.0,0.0,0.0
2023-04-03 00:00:00-04:00,22.409000396728516,22.409000396728516,22.409000396728516,22.409000396728516,100,0.0,0.0,0.0
2023-04-04 00:00:00-04:00,22.273000717163086,22.273000717163086,22.273000717163086,22.273000717163086,100,0.0,0.0,0.0
2023-04-05 00:00:00-04:00,22.229000091552734,22.229000091552734,22.229000091552734,22.229000091552734,0,0.0,0.0,0.0
2023-04-06 00:00:00-04:00,22.334999084472656,22.334999084472656,22.334999084472656,22.334999084472656,100,0.0,0.0,0.0
2023-04-10 00:00:00-04:00,22.323999404907227,22.323999404907227,22.323999404907227,22.323999404907227,100,0.0,0.0,0.0
2023-04-11 00:00:00-04:00,22.360000610351562,22.360000610351562,22.316999435424805,22.316999435424805,100,0.0,0.0,0.0
2023-04-12 00:00:00-04:00,22.225000381469727,22.225000381469727,22.225000381469727,22.225000381469727,100,0.0,0.0,0.0
2023-04-13 00:00:00-04:00,22.551000595092773,22.551000595092773,22.551000595092773,22.551000595092773,100,0.0,0.0,0.0
2023-04-14 00:00:00-04:00,22.499000549316406,22.499000549316406,22.499000549316406,22.499000549316406,0,0.0,0.0,0.0
2023-04-17 00:00:00-04:00,22.562000274658203,22.562000274658203,22.562000274658203,22.562000274658203,0,0.0,0.0,0.0
2023-04-18 00:00:00-04:00,22.584999084472656,22.584999084472656,22.584999084472656,22.584999084472656,0,0.0,0.0,0.0
2023-04-19 00:00:00-04:00,22.594999313354492,22.594999313354492,22.594999313354492,22.594999313354492,100,0.0,0.0,0.0
2023-04-20 00:00:00-04:00,22.475000381469727,22.475000381469727,22.475000381469727,22.475000381469727,100,0.0,0.0,0.0
2023-04-21 00:00:00-04:00,22.530000686645508,22.530000686645508,22.481000900268555,22.481000900268555,100,0.0,0.0,0.0
2023-04-24 00:00:00-04:00,22.472999572753906,22.472999572753906,22.472999572753906,22.472999572753906,100,0.0,0.0,0.0
2023-04-25 00:00:00-04:00,22.115999221801758,22.115999221801758,22.115999221801758,22.115999221801758,100,0.0,0.0,0.0
2023-04-26 00:00:00-04:00,22.170000076293945,22.170000076293945,22.09600067138672,22.09600067138672,200,0.0,0.0,0.0
2023-04-27 00:00:00-04:00,22.511999130249023,22.511999130249023,22.511999130249023,22.511999130249023,100,0.0,0.0,0.0
2023-04-28 00:00:00-04:00,22.709999084472656,22.709999084472656,22.709999084472656,22.709999084472656,100,0.0,0.0,0.0
2023-05-01 00:00:00-04:00,22.75,22.75,22.75,22.75,0,0.0,0.0,0.0
2023-05-02 00:00:00-04:00,22.48900032043457,22.48900032043457,22.48900032043457,22.48900032043457,100,0.0,0.0,0.0
2023-05-03 00:00:00-04:00,22.325000762939453,22.325000762939453,22.325000762939453,22.325000762939453,100,0.0,0.0,0.0
2023-05-04 00:00:00-04:00,22.143999099731445,22.143999099731445,22.143999099731445,22.143999099731445,100,0.0,0.0,0.0
2023-05-05 00:00:00-04:00,22.551000595092773,22.551000595092773,22.551000595092773,22.551000595092773,0,0.0,0.0,0.0
2023-05-08 00:00:00-04:00,22.566999435424805,22.566999435424805,22.566999435424805,22.566999435424805,100,0.0,0.0,0.0
2023-05-09 00:00:00-04:00,22.45599937438965,22.45599937438965,22.45599937438965,22.45599937438965,100,0.0,0.0,0.0
2023-05-10 00:00:00-04:00,22.552000045776367,22.552000045776367,22.552000045776367,22.552000045776367,0,0.0,0.0,0.0
2023-05-11 00:00:00-04:00,22.518999099731445,22.518999099731445,22.518999099731445,22.518999099731445,100,0.0,0.0,0.0
2023-05-12 00:00:00-04:00,22.481000900268555,22.481000900268555,22.481000900268555,22.481000900268555,100,0.0,0.0,0.0
2023-05-15 00:00:00-04:00,22.552000045776367,22.552000045776367,22.552000045776367,22.552000045776367,100,0.0,0.0,0.0
2023-05-16 00:00:00-04:00,22.444000244140625,22.444000244140625,22.444000244140625,22.444000244140625,100,0.0,0.0,0.0
2023-05-17 00:00:00-04:00,22.709999084472656,22.709999084472656,22.709999084472656,22.709999084472656,100,0.0,0.0,0.0
2023-05-18 00:00:00-04:00,22.917999267578125,22.917999267578125,22.917999267578125,22.917999267578125,0,0.0,0.0,0.0
2023-05-19 00:00:00-04:00,22.881999969482422,22.881999969482422,22.881999969482422,22.881999969482422,0,0.0,0.0,0.0
2023-05-22 00:00:00-04:00,22.893999099731445,22.893999099731445,22.893999099731445,22.893999099731445,100,0.0,0.0,0.0
2023-05-23 00:00:00-04:00,22.66200065612793,22.66200065612793,22.66200065612793,22.66200065612793,0,0.0,0.0,0.0
2023-05-24 00:00:00-04:00,22.472999572753906,22.472999572753906,22.472999572753906,22.472999572753906,0,0.0,0.0,0.0
2023-05-25 00:00:00-04:00,22.764999389648438,22.764999389648438,22.764999389648438,22.764999389648438,0,0.0,0.0,0.0
2023-05-26 00:00:00-04:00,23.062999725341797,23.062999725341797,23.062999725341797,23.062999725341797,0,0.0,0.0,0.0
2023-05-30 00:00:00-04:00,23.011999130249023,23.011999130249023,23.011999130249023,23.011999130249023,100,0.0,0.0,0.0
2023-05-31 00:00:00-04:00,22.892000198364258,22.892000198364258,22.892000198364258,22.892000198364258,0,0.0,0.0,0.0
2023-06-01 00:00:00-04:00,23.097000122070312,23.097000122070312,23.097000122070312,23.097000122070312,100,0.0,0.0,0.0
2023-06-02 00:00:00-04:00,23.43400001525879,23.43400001525879,23.43400001525879,23.43400001525879,100,0.0,0.0,0.0
2023-06-05 00:00:00-04:00,23.363000869750977,23.363000869750977,23.363000869750977,23.363000869750977,100,0.0,0.0,0.0
2023-06-06 00:00:00-04:00,23.413000106811523,23.413000106811523,23.413000106811523,23.413000106811523,0,0.0,0.0,0.0
2023-06-07 00:00:00-04:00,23.256999969482422,23.256999969482422,23.256999969482422,23.256999969482422,0,0.0,0.0,0.0
2023-06-08 00:00:00-04:00,23.386999130249023,23.386999130249023,23.386999130249023,23.386999130249023,100,0.0,0.0,0.0
2023-06-09 00:00:00-04:00,23.417999267578125,23.417999267578125,23.417999267578125,23.417999267578125,0,0.0,0.0,0.0
2023-06-12 00:00:00-04:00,23.631999969482422,23.631999969482422,23.631999969482422,23.631999969482422,100,0.0,0.0,0.0
2023-06-13 00:00:00-04:00,23.781999588012695,23.781999588012695,23.781999588012695,23.781999588012695,0,0.0,0.0,0.0
2023-06-14 00:00:00-04:00,23.802000045776367,23.802000045776367,23.802000045776367,23.802000045776367,100,0.0,0.0,0.0
2023-06-15 00:00:00-04:00,24.149999618530273,24.149999618530273,24.149999618530273,24.149999618530273,100,0.0,0.0,0.0
2023-06-16 00:00:00-04:00,24.058000564575195,24.058000564575195,24.058000564575195,24.058000564575195,100,0.0,0.0,0.0
2023-06-20 00:00:00-04:00,23.937999725341797,23.937999725341797,23.937999725341797,23.937999725341797,0,0.0,0.0,0.0
2023-06-21 00:00:00-04:00,23.795000076293945,23.795000076293945,23.795000076293945,23.795000076293945,0,0.0,0.0,0.0
2023-06-22 00:00:00-04:00,23.8700008392334,23.8700008392334,23.8700008392334,23.8700008392334,0,0.0,0.0,0.0
2023-06-23 00:00:00-04:00,23.715999603271484,23.715999603271484,23.715999603271484,23.715999603271484,0,0.0,0.0,0.0
2023-06-26 00:00:00-04:00,23.600000381469727,23.600000381469727,23.600000381469727,23.600000381469727,100,0.0,0.0,0.0
2023-06-27 00:00:00-04:00,23.854000091552734,23.854000091552734,23.854000091552734,23.854000091552734,100,0.0,0.0,0.0
2023-06-28 00:00:00-04:00,23.809999465942383,23.809999465942383,23.809999465942383,23.809999465942383,100,0.0,0.0,0.0
2023-06-29 00:00:00-04:00,23.77199935913086,23.77199935913086,23.77199935913086,23.77199935913086,0,0.0,0.0,0.0
2023-06-30 00:00:00-04:00,24.089000701904297,24.089000701904297,24.089000701904297,24.089000701904297,0,0.0,0.0,0.0
2023-07-03 00:00:00-04:00,24.06100082397461,24.06100082397461,24.06100082397461,24.06100082397461,100,0.0,0.0,0.0
2023-07-05 00:00:00-04:00,24.038999557495117,24.038999557495117,24.038999557495117,24.038999557495117,100,0.0,0.0,0.0
2023-07-06 00:00:00-04:00,23.868999481201172,23.868999481201172,23.868999481201172,23.868999481201172,100,0.0,0.0,0.0
2023-07-07 00:00:00-04:00,23.78499984741211,23.78499984741211,23.78499984741211,23.78499984741211,100,0.0,0.0,0.0
2023-07-10 00:00:00-04:00,23.81599998474121,23.81599998474121,23.81599998474121,23.81599998474121,0,0.0,0.0,0.0
2023-07-11 00:00:00-04:00,23.999000549316406,23.999000549316406,23.999000549316406,23.999000549316406,100,0.0,0.0,0.0
2023-07-12 00:00:00-04:00,24.17799949645996,24.17799949645996,24.17799949645996,24.17799949645996,100,0.0,0.0,0.0
2023-07-13 00:00:00-04:00,24.43199920654297,24.43199920654297,24.43199920654297,24.43199920654297,0,0.0,0.0,0.0
2023-07-14 00:00:00-04:00,24.395000457763672,24.395000457763672,24.395000457763672,24.395000457763672,0,0.0,0.0,0.0
2023-07-17 00:00:00-04:00,24.530000686645508,24.530000686645508,24.5,24.5,1300,0.0,0.0,0.0
2023-07-18 00:00:00-04:00,24.71299934387207,24.71299934387207,24.71299934387207,24.71299934387207,100,0.0,0.0,0.0
2023-07-19 00:00:00-04:00,24.78499984741211,24.78499984741211,24.78499984741211,24.78499984741211,0,0.0,0.0,0.0
2023-07-20 00:00:00-04:00,24.642000198364258,24.642000198364258,24.642000198364258,24.642000198364258,0,0.0,0.0,0.0
2023-07-21 00:00:00-04:00,24.650999069213867,24.650999069213867,24.650999069213867,24.650999069213867,100,0.0,0.0,0.0
2023-07-24 00:00:00-04:00,24.722000122070312,24.722000122070312,24.722000122070312,24.722000122070312,0,0.0,0.0,0.0
2023-07-25 00:00:00-04:00,24.83300018310547,24.83300018310547,24.83300018310547,24.83300018310547,100,0.0,0.0,0.0
2023-07-26 00:00:00-04:00,24.83099937438965,24.83099937438965,24.83099937438965,24.83099937438965,100,0.0,0.0,0.0
2023-07-27 00:00:00-04:00,24.694000244140625,24.694000244140625,24.694000244140625,24.694000244140625,100,0.0,0.0,0.0
2023-07-28 00:00:00-04:00,24.952999114990234,24.952999114990234,24.952999114990234,24.952999114990234,0,0.0,0.0,0.0
2023-07-31 00:00:00-04:00,24.933000564575195,24.933000564575195,24.933000564575195,24.933000564575195,100,0.0,0.0,0.0
2023-08-01 00:00:00-04:00,24.913999557495117,24.913999557495117,24.913999557495117,24.913999557495117,0,0.0,0.0,0.0
