Date,Open,High,Low,Close,Volume,Dividends,Stock Splits,Capital Gains
2023-03-09 00:00:00-05:00,100.19000244140625,100.23999786376953,100.12000274658203,100.19000244140625,131100,0.0,0.0,0.0
2023-03-10 00:00:00-05:00,100.3499984741211,100.7699966430664,100.33999633789062,100.5199966430664,95800,0.0,0.0,0.0
2023-03-13 00:00:00-04:00,101.25,101.25,100.69499969482422,100.70099639892578,53300,0.0,0.0,0.0
2023-03-14 00:00:00-04:00,100.80000305175781,100.8499984741211,100.44000244140625,100.69999694824219,87100,0.0,0.0,0.0
2023-03-15 00:00:00-04:00,101.45999908447266,101.45999908447266,100.93099975585938,101.05000305175781,70400,0.0,0.0,0.0
2023-03-16 00:00:00-04:00,101.05000305175781,101.06999969482422,100.8499984741211,100.95500183105469,47900,0.0,0.0,0.0
2023-03-17 00:00:00-04:00,101.2300033569336,101.41999816894531,101.16500091552734,101.26000213623047,41600,0.0,0.0,0.0
2023-03-20 00:00:00-04:00,101.41999816894531,101.41999816894531,101.0,101.04000091552734,42000,0.0,0.0,0.0
2023-03-21 00:00:00-04:00,101.0,101.08999633789062,100.91000366210938,100.94999694824219,52900,0.0,0.0,0.0
2023-03-22 00:00:00-04:00,101.0,101.37999725341797,101.0,101.34600067138672,40000,0.0,0.0,0.0
2023-03-23 00:00:00-04:00,101.3499984741211,101.62999725341797,101.2300033569336,101.31999969482422,130400,0.0,0.0,0.0
2023-03-24 00:00:00-04:00,101.5999984741211,101.66999816894531,101.30999755859375,101.41999816894531,98200,0.0,0.0,0.0
2023-03-27 00:00:00-04:00,101.41999816894531,101.45999908447266,101.36000061035156,101.36000061035156,49800,0.0,0.0,0.0
2023-03-28 00:00:00-04:00,101.37999725341797,101.4489974975586,101.3499984741211,101.43000030517578,41800,0.0,0.0,0.0
2023-03-29 00:00:00-04:00,101.3499984741211,101.47000122070312,101.3499984741211,101.44000244140625,65200,0.0,0.0,0.0
2023-03-30 00:00:00-04:00,101.42500305175781,101.48999786376953,101.42500305175781,101.48999786376953,47800,0.0,0.0,0.0
2023-03-31 00:00:00-04:00,101.5999984741211,101.63999938964844,101.49500274658203,101.58000183105469,33100,0.0,0.0,0.0
2023-04-03 00:00:00-04:00,101.58000183105469,101.58000183105469,101.43000030517578,101.4800033569336,49700,0.0,0.0,0.0
2023-04-04 00:00:00-04:00,101.44000244140625,101.61000061035156,101.44000244140625,101.55999755859375,59700,0.0,0.0,0.0
2023-04-05 00:00:00-04:00,101.66000366210938,101.7699966430664,101.6449966430664,101.70999908447266,38300,0.0,0.0,0.0
2023-04-06 00:00:00-04:00,101.80000305175781,101.80000305175781,101.66999816894531,101.6719970703125,31600,0.0,0.0,0.0
2023-04-10 00:00:00-04:00,101.66999816894531,101.69000244140625,101.6500015258789,101.6500015258789,30200,0.0,0.0,0.0
2023-04-11 00:00:00-04:00,101.5999984741211,101.72000122070312,101.5999984741211,101.69000244140625,71000,0.0,0.0,0.0
2023-04-12 00:00:00-04:00,101.91000366210938,101.94999694824219,101.81500244140625,101.93499755859375,28000,0.0,0.0,0.0
2023-04-13 00:00:00-04:00,101.9000015258789,101.9000015258789,101.76100158691406,101.7750015258789,77600,0.0,0.0,0.0
2023-04-14 00:00:00-04:00,101.81999969482422,101.81999969482422,101.62000274658203,101.65699768066406,17400,0.0,0.0,0.0
2023-04-17 00:00:00-04:00,101.7300033569336,101.7300033569336,101.5,101.55999755859375,60100,0.0,0.0,0.0
2023-04-18 00:00:00-04:00,101.3499984741211,101.3499984741211,101.16000366210938,101.19000244140625,32600,0.0,0.0,0.0
2023-04-19 00:00:00-04:00,101.20999908447266,101.20999908447266,101.08000183105469,101.08000183105469,64900,0.0,0.0,0.0
2023-04-20 00:00:00-04:00,101.01000213623047,101.1050033569336,101.01000213623047,101.05000305175781,388800,0.0,0.0,0.0
2023-04-21 00:00:00-04:00,101.05000305175781,101.09500122070312,100.91999816894531,101.01000213623047,116000,0.0,0.0,0.0
2023-04-24 00:00:00-04:00,101.01000213623047,101.12000274658203,101.0,101.06999969482422,113700,0.0,0.0,0.0
2023-04-25 00:00:00-04:00,101.20999908447266,101.25499725341797,101.13999938964844,101.20500183105469,102200,0.0,0.0,0.0
2023-04-26 00:00:00-04:00,101.18000030517578,101.18000030517578,100.9800033569336,101.05000305175781,72500,0.0,0.0,0.0
2023-04-27 00:00:00-04:00,101.01000213623047,101.01000213623047,100.87000274658203,100.87000274658203,16000,0.0,0.0,0.0
2023-04-28 00:00:00-04:00,101.0999984741211,101.0999984741211,100.91500091552734,100.93000030517578,130500,0.0,0.0,0.0
2023-05-01 00:00:00-04:00,100.81999969482422,100.81999969482422,100.68499755859375,100.69000244140625,13800,0.0,0.0,0.0
2023-05-02 00:00:00-04:00,100.6500015258789,100.91999816894531,100.6500015258789,100.80000305175781,43300,0.0,0.0,0.0
2023-05-03 00:00:00-04:00,100.8499984741211,100.94999694824219,100.8499984741211,100.91999816894531,46000,0.0,0.0,0.0
2023-05-04 00:00:00-04:00,100.93000030517578,101.04000091552734,100.86399841308594,100.9530029296875,131000,0.0,0.0,0.0
2023-05-05 00:00:00-04:00,100.9800033569336,100.98400115966797,100.93000030517578,100.96499633789062,6000,0.0,0.0,0.0
2023-05-08 00:00:00-04:00,100.9000015258789,100.91999816894531,100.83799743652344,100.875,13200,0.0,0.0,0.0
2023-05-09 00:00:00-04:00,100.9000015258789,100.93000030517578,100.86000061035156,100.8949966430664,18100,0.0,0.0,0.0
2023-05-10 00:00:00-04:00,101.06999969482422,101.06999969482422,100.9800033569336,100.9800033569336,23200,0.0,0.0,0.0
2023-05-11 00:00:00-04:00,100.91000366210938,100.98999786376953,100.83999633789062,100.86000061035156,13600,0.0,0.0,0.0
2023-05-12 00:00:00-04:00,100.86000061035156,100.86100006103516,100.75,100.7750015258789,12400,0.0,0.0,0.0
2023-05-15 00:00:00-04:00,100.81999969482422,100.81999969482422,100.76200103759766,100.77999877929688,8500,0.0,0.0,0.0
2023-05-16 00:00:00-04:00,100.75,100.75599670410156,100.66500091552734,100.70500183105469,25900,0.0,0.0,0.0
2023-05-17 00:00:00-04:00,100.73999786376953,100.73999786376953,100.62000274658203,100.62000274658203,7900,0.0,0.0,0.0
2023-05-18 00:00:00-04:00,100.54000091552734,100.54000091552734,100.19999694824219,100.20999908447266,37100,0.0,0.0,0.0
2023-05-19 00:00:00-04:00,100.2699966430664,100.2699966430664,100.0,100.0,26300,0.0,0.0,0.0
2023-05-22 00:00:00-04:00,100.05999755859375,100.05999755859375,99.88500213623047,99.88500213623047,14300,0.0,0.0,0.0
2023-05-23 00:00:00-04:00,99.9000015258789,99.91999816894531,99.87000274658203,99.87999725341797,53200,0.0,0.0,0.0
2023-05-24 00:00:00-04:00,99.87999725341797,99.87999725341797,99.69499969482422,99.75,19700,0.0,0.0,0.0
2023-05-25 00:00:00-04:00,99.7300033569336,99.76000213623047,99.68499755859375,99.72000122070312,25700,0.0,0.0,0.0
2023-05-26 00:00:00-04:00,99.75499725341797,99.91000366210938,99.73999786376953,99.87000274658203,28200,0.0,0.0,0.0
2023-05-30 00:00:00-04:00,99.95999908447266,100.19000244140625,99.91699981689453,100.12000274658203,52800,0.0,0.0,0.0
2023-05-31 00:00:00-04:00,100.20999908447266,100.26799774169922,100.19999694824219,100.22000122070312,13100,0.0,0.0,0.0
2023-06-01 00:00:00-04:00,100.07099914550781,100.18000030517578,100.07099914550781,100.12000274658203,35800,0.0,0.0,0.0
2023-06-02 00:00:00-04:00,100.12000274658203,100.12000274658203,99.9800033569336,100.0,42500,0.0,0.0,0.0
2023-06-05 00:00:00-04:00,99.9800033569336,100.11000061035156,99.94000244140625,100.0999984741211,15100,0.0,0.0,0.0
2023-06-06 00:00:00-04:00,100.30000305175781,100.30000305175781,100.09500122070312,100.12000274658203,21300,0.0,0.0,0.0
2023-06-07 00:00:00-04:00,100.37999725341797,100.37999725341797,100.0999984741211,100.0999984741211,14400,0.0,0.0,0.0
2023-06-08 00:00:00-04:00,100.18000030517578,100.19100189208984,100.13999938964844,100.16999816894531,11300,0.0,0.0,0.0
2023-06-09 00:00:00-04:00,100.19000244140625,100.19000244140625,100.12000274658203,100.13999938964844,12300,0.0,0.0,0.0
2023-06-12 00:00:00-04:00,100.20999908447266,100.23899841308594,100.11000061035156,100.19000244140625,31500,0.0,0.0,0.0
2023-06-13 00:00:00-04:00,101.0999984741211,101.0999984741211,100.1500015258789,100.15299987792969,16900,0.0,0.0,0.0
2023-06-14 00:00:00-04:00,100.20999908447266,100.26000213623047,100.12000274658203,100.23100280761719,10500,0.0,0.0,0.0
2023-06-15 00:00:00-04:00,100.3499984741211,100.36000061035156,100.30500030517578,100.35800170898438,19000,0.0,0.0,0.0
2023-06-16 00:00:00-04:00,100.3499984741211,100.37000274658203,100.29000091552734,100.30000305175781,87500,0.0,0.0,0.0
2023-06-20 00:00:00-04:00,100.41000366210938,100.48999786376953,100.3550033569336,100.36000061035156,19800,0.0,0.0,0.0
2023-06-21 00:00:00-04:00,100.41999816894531,100.45500183105469,100.33999633789062,100.44999694824219,59600,0.0,0.0,0.0
2023-06-22 00:00:00-04:00,100.44000244140625,100.44000244140625,100.33999633789062,100.3550033569336,15300,0.0,0.0,0.0
2023-06-23 00:00:00-04:00,100.48999786376953,100.5270004272461,100.44000244140625,100.48999786376953,22700,0.0,0.0,0.0
2023-06-26 00:00:00-04:00,100.5,100.51000213623047,100.44000244140625,100.47000122070312,29000,0.0,0.0,0.0
2023-06-27 00:00:00-04:00,100.47000122070312,100.55999755859375,100.37999725341797,100.47000122070312,23400,0.0,0.0,0.0
2023-06-28 00:00:00-04:00,100.51000213623047,100.55899810791016,100.50499725341797,100.54499816894531,25900,0.0,0.0,0.0
2023-06-29 00:00:00-04:00,100.5999984741211,100.5999984741211,100.375,100.41000366210938,16500,0.0,0.0,0.0
2023-06-30 00:00:00-04:00,100.48500061035156,100.55000305175781,100.47000122070312,100.4800033569336,9500,0.0,0.0,0.0
2023-07-03 00:00:00-04:00,100.37999725341797,100.4000015258789,100.2959976196289,100.31999969482422,23500,0.0,0.0,0.0
2023-07-05 00:00:00-04:00,100.2699966430664,100.33000183105469,100.2699966430664,100.2699966430664,18600,0.0,0.0,0.0
2023-07-06 00:00:00-04:00,100.29000091552734,100.29000091552734,100.1500015258789,100.20500183105469,10100,0.0,0.0,0.0
2023-07-07 00:00:00-04:00,100.23999786376953,100.41000366210938,100.12999725341797,100.12999725341797,70400,0.0,0.0,0.0
2023-07-10 00:00:00-04:00,100.19999694824219,100.28299713134766,100.0999984741211,100.26499938964844,14300,0.0,0.0,0.0
2023-07-11 00:00:00-04:00,100.25,100.25,100.18000030517578,100.2300033569336,9000,0.0,0.0,0.0
2023-07-12 00:00:00-04:00,100.19999694824219,100.45999908447266,100.0999984741211,100.43000030517578,50100,0.0,0.0,0.0
2023-07-13 00:00:00-04:00,100.45999908447266,100.5999984741211,100.45999908447266,100.5999984741211,15900,0.0,0.0,0.0
2023-07-14 00:00:00-04:00,100.51000213623047,100.51799774169922,100.43800354003906,100.44999694824219,15400,0.0,0.0,0.0
2023-07-17 00:00:00-04:00,100.46499633789062,100.69000244140625,100.43599700927734,100.51499938964844,17200,0.0,0.0,0.0
2023-07-18 00:00:00-04:00,100.58999633789062,100.58999633789062,100.55999755859375,100.56999969482422,4200,0.0,0.0,0.0
2023-07-19 00:00:00-04:00,100.62999725341797,100.7490005493164,100.62999725341797,100.66000366210938,12700,0.0,0.0,0.0
2023-07-20 00:00:00-04:00,100.63999938964844,100.69999694824219,100.61100006103516,100.68299865722656,27100,0.0,0.0,0.0
2023-07-21 00:00:00-04:00,100.6989974975586,100.70999908447266,100.6500015258789,100.66999816894531,27700,0.0,0.0,0.0
2023-07-24 00:00:00-04:00,100.7699966430664,100.7699966430664,100.68000030517578,100.68000030517578,12300,0.0,0.0,0.0
2023-07-25 00:00:00-04:00,100.61000061035156,100.66000366210938,100.58100128173828,100.66000366210938,7900,0.0,0.0,0.0
2023-07-26 00:00:00-04:00,100.66000366210938,100.73999786376953,100.66000366210938,100.69000244140625,20900,0.0,0.0,0.0
2023-07-27 00:00:00-04:00,100.55000305175781,100.58000183105469,100.55000305175781,100.55000305175781,8800,0.0,0.0,0.0
2023-07-28 00:00:00-04:00,100.58000183105469,100.62000274658203,100.43499755859375,100.43499755859375,16100,0.0,0.0,0.0
2023-07-31 00:00:00-04:00,100.4000015258789,100.47000122070312,100.37999725341797,100.38999938964844,26000,0.0,0.0,0.0
2023-08-01 00:00:00-04:00,100.12000274658203,100.12999725341797,100.0999984741211,100.12000274658203,20800,0.0,0.0,0.0
