Date,Open,High,Low,Close,Volume,Dividends,Stock Splits
2022-11-18 00:00:00-05:00,1.2000000476837158,1.2000000476837158,1.2000000476837158,1.2000000476837158,1000,0.0,0.0
2022-11-21 00:00:00-05:00,1.1699999570846558,1.1699999570846558,1.1699999570846558,1.1699999570846558,373,0.0,0.0
2022-11-22 00:00:00-05:00,1.1699999570846558,1.1699999570846558,1.1699999570846558,1.1699999570846558,0,0.0,0.0
2022-11-23 00:00:00-05:00,1.1699999570846558,1.1699999570846558,1.1699999570846558,1.1699999570846558,0,0.0,0.0
2022-11-25 00:00:00-05:00,1.1699999570846558,1.1699999570846558,1.1699999570846558,1.1699999570846558,0,0.0,0.0
2022-11-28 00:00:00-05:00,1.1699999570846558,1.1699999570846558,1.1699999570846558,1.1699999570846558,0,0.0,0.0
2022-11-29 00:00:00-05:00,1.190000057220459,1.190000057220459,1.190000057220459,1.190000057220459,100,0.0,0.0
2022-11-30 00:00:00-05:00,1.190000057220459,1.190000057220459,1.190000057220459,1.190000057220459,0,0.0,0.0
2022-12-01 00:00:00-05:00,0.9100000262260437,0.9100000262260437,0.8999999761581421,0.8999999761581421,5367,0.0,0.0
2022-12-02 00:00:00-05:00,0.8999999761581421,0.8999999761581421,0.8999999761581421,0.8999999761581421,0,0.0,0.0
2022-12-05 00:00:00-05:00,0.8999999761581421,0.8999999761581421,0.8999999761581421,0.8999999761581421,0,0.0,0.0
2022-12-06 00:00:00-05:00,1.0,1.0,1.0,1.0,1768,0.0,0.0
2022-12-07 00:00:00-05:00,1.0,1.0,1.0,1.0,0,0.0,0.0
2022-12-08 00:00:00-05:00,1.0,1.0,1.0,1.0,0,0.0,0.0
2022-12-09 00:00:00-05:00,1.0,1.0499999523162842,1.0,1.0,2253,0.0,0.0
2022-12-12 00:00:00-05:00,1.0,1.0,1.0,1.0,0,0.0,0.0
2022-12-13 00:00:00-05:00,0.8600000143051147,0.8600000143051147,0.8600000143051147,0.8600000143051147,1053,0.0,0.0
2022-12-14 00:00:00-05:00,0.8600000143051147,0.8600000143051147,0.8600000143051147,0.8600000143051147,0,0.0,0.0
2022-12-15 00:00:00-05:00,0.4959999918937683,0.4959999918937683,0.4000000059604645,0.4000000059604645,2510,0.0,0.0
2022-12-16 00:00:00-05:00,0.699999988079071,0.699999988079071,0.699999988079071,0.699999988079071,100,0.0,0.0
2022-12-19 00:00:00-05:00,0.699999988079071,0.699999988079071,0.699999988079071,0.699999988079071,0,0.0,0.0
2022-12-20 00:00:00-05:00,0.699999988079071,0.699999988079071,0.699999988079071,0.699999988079071,0,0.0,0.0
2022-12-21 00:00:00-05:00,0.75,0.75,0.75,0.75,750,0.0,0.0
2022-12-22 00:00:00-05:00,0.75,0.75,0.75,0.75,0,0.0,0.0
2022-12-23 00:00:00-05:00,0.75,0.75,0.75,0.75,1250,0.0,0.0
2022-12-27 00:00:00-05:00,0.48750001192092896,0.48750001192092896,0.48750001192092896,0.48750001192092896,106,0.0,0.0
2022-12-28 00:00:00-05:00,0.75,0.75,0.48758000135421753,0.75,4100,0.0,0.0
2022-12-29 00:00:00-05:00,0.75,0.75,0.75,0.75,1000,0.0,0.0
2022-12-30 00:00:00-05:00,0.75,1.0,0.7000499963760376,0.7000499963760376,4100,0.0,0.0
2023-01-03 00:00:00-05:00,1.0,1.0,1.0,1.0,169,0.0,0.0
2023-01-04 00:00:00-05:00,1.0,1.0,1.0,1.0,0,0.0,0.0
2023-01-05 00:00:00-05:00,1.0,1.0,1.0,1.0,0,0.0,0.0
2023-01-06 00:00:00-05:00,1.0,1.0,1.0,1.0,0,0.0,0.0
2023-01-09 00:00:00-05:00,1.0499999523162842,1.0499999523162842,1.0499999523162842,1.0499999523162842,100,0.0,0.0
2023-01-10 00:00:00-05:00,1.0499999523162842,1.0499999523162842,1.0499999523162842,1.0499999523162842,110,0.0,0.0
2023-01-11 00:00:00-05:00,1.225000023841858,2.0,1.225000023841858,2.0,502,0.0,0.0
2023-01-12 00:00:00-05:00,2.5,2.5,2.5,2.5,2405,0.0,0.0
2023-01-13 00:00:00-05:00,2.5,2.5,2.5,2.5,0,0.0,0.0
2023-01-17 00:00:00-05:00,2.5,2.5,2.5,2.5,0,0.0,0.0
2023-01-18 00:00:00-05:00,2.5,2.5,2.5,2.5,0,0.0,0.0
2023-01-19 00:00:00-05:00,2.5,2.5,2.5,2.5,0,0.0,0.0
2023-01-20 00:00:00-05:00,2.5,2.5,2.5,2.5,0,0.0,0.0
2023-01-23 00:00:00-05:00,2.5,2.5,2.5,2.5,0,0.0,0.0
2023-01-24 00:00:00-05:00,2.5,2.5,2.5,2.5,0,0.0,0.0
2023-01-25 00:00:00-05:00,2.5,2.5,2.5,2.5,0,0.0,0.0
2023-01-26 00:00:00-05:00,2.5,2.5,2.5,2.5,0,0.0,0.0
2023-01-27 00:00:00-05:00,2.5,2.5,2.5,2.5,0,0.0,0.0
2023-01-30 00:00:00-05:00,2.5,2.5,2.5,2.5,0,0.0,0.0
2023-01-31 00:00:00-05:00,2.5,2.5,2.5,2.5,0,0.0,0.0
2023-02-01 00:00:00-05:00,2.5,2.5,2.5,2.5,0,0.0,0.0
2023-02-02 00:00:00-05:00,2.5,2.5,2.5,2.5,0,0.0,0.0
2023-02-03 00:00:00-05:00,2.5,2.5,2.5,2.5,0,0.0,0.0
2023-02-06 00:00:00-05:00,2.5,2.5,2.5,2.5,0,0.0,0.0
2023-02-07 00:00:00-05:00,2.5,2.5,2.5,2.5,0,0.0,0.0
2023-02-08 00:00:00-05:00,2.5,2.5,2.5,2.5,0,0.0,0.0
2023-02-09 00:00:00-05:00,2.5,2.5,2.5,2.5,0,0.0,0.0
2023-02-10 00:00:00-05:00,2.5,2.5,2.5,2.5,0,0.0,0.0
2023-02-13 00:00:00-05:00,2.5,2.5,2.5,2.5,0,0.0,0.0
2023-02-14 00:00:00-05:00,2.5,2.5,2.5,2.5,0,0.0,0.0
2023-02-15 00:00:00-05:00,2.5,2.5,2.5,2.5,0,0.0,0.0
2023-02-16 00:00:00-05:00,2.5,2.5,2.5,2.5,0,0.0,0.0
2023-02-17 00:00:00-05:00,2.5,2.5,2.5,2.5,0,0.0,0.0
2023-02-21 00:00:00-05:00,2.5,2.5,2.5,2.5,0,0.0,0.0
2023-02-22 00:00:00-05:00,2.5,2.5,2.5,2.5,0,0.0,0.0
2023-02-23 00:00:00-05:00,2.5,2.5,2.5,2.5,0,0.0,0.0
2023-02-24 00:00:00-05:00,2.5,2.5,2.5,2.5,0,0.0,0.0
2023-02-27 00:00:00-05:00,2.5,2.5,2.5,2.5,0,0.0,0.0
2023-02-28 00:00:00-05:00,2.5,2.5,2.5,2.5,0,0.0,0.0
2023-03-01 00:00:00-05:00,2.5,2.5,2.5,2.5,0,0.0,0.0
2023-03-02 00:00:00-05:00,2.5,2.5,2.5,2.5,0,0.0,0.0
2023-03-03 00:00:00-05:00,2.5,2.5,2.5,2.5,0,0.0,0.0
2023-03-06 00:00:00-05:00,2.5,2.5,2.5,2.5,0,0.0,0.0
2023-03-07 00:00:00-05:00,2.5,2.5,2.5,2.5,0,0.0,0.0
2023-03-08 00:00:00-05:00,2.5,2.5,2.5,2.5,0,0.0,0.0
2023-03-09 00:00:00-05:00,2.5,2.5,2.5,2.5,0,0.0,0.0
2023-03-10 00:00:00-05:00,2.5,2.5,2.5,2.5,0,0.0,0.0
2023-03-13 00:00:00-04:00,2.5,2.5,2.5,2.5,0,0.0,0.0
2023-03-14 00:00:00-04:00,2.5,2.5,2.5,2.5,0,0.0,0.0
2023-03-15 00:00:00-04:00,2.5,2.5,2.5,2.5,0,0.0,0.0
2023-03-16 00:00:00-04:00,2.5,2.5,2.5,2.5,0,0.0,0.0
2023-03-17 00:00:00-04:00,1.7400000095367432,1.7400000095367432,1.7400000095367432,1.7400000095367432,100,0.0,0.0
2023-03-20 00:00:00-04:00,1.5,1.5,0.5299999713897705,0.6100000143051147,9202,0.0,0.0
2023-03-21 00:00:00-04:00,0.8500000238418579,0.8500000238418579,0.8500000238418579,0.8500000238418579,250,0.0,0.0
2023-03-22 00:00:00-04:00,0.8610000014305115,1.2000000476837158,0.8610000014305115,1.0,1399,0.0,0.0
2023-03-23 00:00:00-04:00,1.0,1.0,1.0,1.0,0,0.0,0.0
2023-03-24 00:00:00-04:00,1.0,1.0,1.0,1.0,0,0.0,0.0
2023-03-27 00:00:00-04:00,1.0,1.0,1.0,1.0,0,0.0,0.0
2023-03-28 00:00:00-04:00,1.0,1.0,1.0,1.0,0,0.0,0.0
2023-03-29 00:00:00-04:00,1.0,1.0,1.0,1.0,0,0.0,0.0
2023-03-30 00:00:00-04:00,1.0,1.0,1.0,1.0,0,0.0,0.0
2023-03-31 00:00:00-04:00,1.0,1.0,1.0,1.0,0,0.0,0.0
2023-04-03 00:00:00-04:00,1.0,1.0,1.0,1.0,0,0.0,0.0
2023-04-04 00:00:00-04:00,1.0,1.0,1.0,1.0,0,0.0,0.0
2023-04-05 00:00:00-04:00,1.090000033378601,1.090000033378601,1.090000033378601,1.090000033378601,115,0.0,0.0
2023-04-06 00:00:00-04:00,1.090000033378601,1.090000033378601,1.090000033378601,1.090000033378601,0,0.0,0.0
2023-04-10 00:00:00-04:00,1.090000033378601,1.090000033378601,1.090000033378601,1.090000033378601,0,0.0,0.0
2023-04-11 00:00:00-04:00,1.090000033378601,1.090000033378601,1.090000033378601,1.090000033378601,0,0.0,0.0
2023-04-12 00:00:00-04:00,1.090000033378601,1.090000033378601,1.090000033378601,1.090000033378601,0,0.0,0.0
2023-04-13 00:00:00-04:00,1.090000033378601,1.090000033378601,1.090000033378601,1.090000033378601,0,0.0,0.0
2023-04-14 00:00:00-04:00,1.090000033378601,1.090000033378601,1.090000033378601,1.090000033378601,0,0.0,0.0
2023-04-17 00:00:00-04:00,1.090000033378601,1.090000033378601,1.090000033378601,1.090000033378601,0,0.0,0.0
2023-04-18 00:00:00-04:00,1.090000033378601,1.090000033378601,1.090000033378601,1.090000033378601,0,0.0,0.0
2023-04-19 00:00:00-04:00,1.090000033378601,1.090000033378601,1.090000033378601,1.090000033378601,0,0.0,0.0
2023-04-20 00:00:00-04:00,1.090000033378601,1.090000033378601,1.090000033378601,1.090000033378601,0,0.0,0.0
2023-04-21 00:00:00-04:00,1.090000033378601,1.090000033378601,1.090000033378601,1.090000033378601,0,0.0,0.0
2023-04-24 00:00:00-04:00,1.090000033378601,1.090000033378601,1.090000033378601,1.090000033378601,0,0.0,0.0
2023-04-25 00:00:00-04:00,1.090000033378601,1.090000033378601,1.090000033378601,1.090000033378601,0,0.0,0.0
2023-04-26 00:00:00-04:00,1.090000033378601,1.090000033378601,1.090000033378601,1.090000033378601,0,0.0,0.0
2023-04-27 00:00:00-04:00,1.090000033378601,1.090000033378601,1.090000033378601,1.090000033378601,0,0.0,0.0
2023-04-28 00:00:00-04:00,1.090000033378601,1.090000033378601,1.090000033378601,1.090000033378601,0,0.0,0.0
2023-05-01 00:00:00-04:00,1.090000033378601,1.090000033378601,1.090000033378601,1.090000033378601,0,0.0,0.0
2023-05-02 00:00:00-04:00,1.090000033378601,1.090000033378601,1.090000033378601,1.090000033378601,0,0.0,0.0
2023-05-03 00:00:00-04:00,1.090000033378601,1.090000033378601,1.090000033378601,1.090000033378601,0,0.0,0.0
2023-05-04 00:00:00-04:00,1.090000033378601,1.090000033378601,1.090000033378601,1.090000033378601,0,0.0,0.0
2023-05-05 00:00:00-04:00,1.090000033378601,1.090000033378601,1.090000033378601,1.090000033378601,0,0.0,0.0
2023-05-08 00:00:00-04:00,1.090000033378601,1.090000033378601,1.090000033378601,1.090000033378601,0,0.0,0.0
2023-05-09 00:00:00-04:00,1.090000033378601,1.090000033378601,1.090000033378601,1.090000033378601,0,0.0,0.0
2023-05-10 00:00:00-04:00,1.090000033378601,1.090000033378601,1.090000033378601,1.090000033378601,0,0.0,0.0
2023-05-11 00:00:00-04:00,1.0700000524520874,1.4800000190734863,0.7501000165939331,1.4800000190734863,1800,0.0,0.0
2023-05-12 00:00:00-04:00,1.4800000190734863,1.4800000190734863,1.4800000190734863,1.4800000190734863,0,0.0,0.0
2023-05-15 00:00:00-04:00,1.4800000190734863,1.4800000190734863,1.4800000190734863,1.4800000190734863,0,0.0,0.0
2023-05-16 00:00:00-04:00,1.020799994468689,1.020799994468689,1.020799994468689,1.020799994468689,400,0.0,0.0
2023-05-17 00:00:00-04:00,1.149999976158142,1.149999976158142,1.149999976158142,1.149999976158142,200,0.0,0.0
2023-05-18 00:00:00-04:00,1.149999976158142,1.149999976158142,1.149999976158142,1.149999976158142,0,0.0,0.0
2023-05-19 00:00:00-04:00,1.149999976158142,1.149999976158142,1.149999976158142,1.149999976158142,0,0.0,0.0
2023-05-22 00:00:00-04:00,1.2000000476837158,1.2000000476837158,1.2000000476837158,1.2000000476837158,300,0.0,0.0
2023-05-23 00:00:00-04:00,1.2000000476837158,1.2000000476837158,1.2000000476837158,1.2000000476837158,0,0.0,0.0
2023-05-24 00:00:00-04:00,1.2000000476837158,1.2000000476837158,1.2000000476837158,1.2000000476837158,0,0.0,0.0
2023-05-25 00:00:00-04:00,1.149999976158142,1.149999976158142,1.149999976158142,1.149999976158142,100,0.0,0.0
2023-05-26 00:00:00-04:00,1.149999976158142,1.149999976158142,1.149999976158142,1.149999976158142,0,0.0,0.0
2023-05-30 00:00:00-04:00,1.149999976158142,1.149999976158142,1.149999976158142,1.149999976158142,0,0.0,0.0
2023-05-31 00:00:00-04:00,1.149999976158142,1.149999976158142,1.149999976158142,1.149999976158142,0,0.0,0.0
2023-06-01 00:00:00-04:00,1.149999976158142,1.149999976158142,1.149999976158142,1.149999976158142,0,0.0,0.0
2023-06-02 00:00:00-04:00,1.149999976158142,1.149999976158142,1.149999976158142,1.149999976158142,0,0.0,0.0
2023-06-05 00:00:00-04:00,1.149999976158142,1.149999976158142,1.149999976158142,1.149999976158142,0,0.0,0.0
2023-06-06 00:00:00-04:00,1.149999976158142,1.149999976158142,1.149999976158142,1.149999976158142,0,0.0,0.0
2023-06-07 00:00:00-04:00,1.149999976158142,1.149999976158142,1.149999976158142,1.149999976158142,0,0.0,0.0
2023-06-08 00:00:00-04:00,1.149999976158142,1.149999976158142,1.149999976158142,1.149999976158142,0,0.0,0.0
2023-06-09 00:00:00-04:00,1.149999976158142,1.149999976158142,1.149999976158142,1.149999976158142,0,0.0,0.0
2023-06-12 00:00:00-04:00,1.149999976158142,1.149999976158142,1.149999976158142,1.149999976158142,0,0.0,0.0
2023-06-13 00:00:00-04:00,1.149999976158142,1.149999976158142,1.149999976158142,1.149999976158142,0,0.0,0.0
2023-06-14 00:00:00-04:00,1.149999976158142,1.149999976158142,1.149999976158142,1.149999976158142,0,0.0,0.0
2023-06-15 00:00:00-04:00,1.149999976158142,1.149999976158142,1.149999976158142,1.149999976158142,0,0.0,0.0
2023-06-16 00:00:00-04:00,1.149999976158142,1.149999976158142,1.149999976158142,1.149999976158142,0,0.0,0.0
2023-06-20 00:00:00-04:00,1.149999976158142,1.149999976158142,1.149999976158142,1.149999976158142,0,0.0,0.0
2023-06-21 00:00:00-04:00,1.149999976158142,1.149999976158142,1.149999976158142,1.149999976158142,0,0.0,0.0
2023-06-22 00:00:00-04:00,1.149999976158142,1.149999976158142,1.149999976158142,1.149999976158142,0,0.0,0.0
2023-06-23 00:00:00-04:00,1.149999976158142,1.149999976158142,1.149999976158142,1.149999976158142,0,0.0,0.0
2023-06-26 00:00:00-04:00,1.149999976158142,1.149999976158142,1.149999976158142,1.149999976158142,0,0.0,0.0
2023-06-27 00:00:00-04:00,1.149999976158142,1.149999976158142,1.149999976158142,1.149999976158142,0,0.0,0.0
2023-06-28 00:00:00-04:00,1.149999976158142,1.149999976158142,1.149999976158142,1.149999976158142,0,0.0,0.0
2023-06-29 00:00:00-04:00,1.149999976158142,1.149999976158142,1.149999976158142,1.149999976158142,0,0.0,0.0
2023-06-30 00:00:00-04:00,1.25,1.25,1.2400000095367432,1.2400000095367432,751,0.0,0.0
2023-07-03 00:00:00-04:00,1.2400000095367432,1.2400000095367432,1.2400000095367432,1.2400000095367432,0,0.0,0.0
2023-07-05 00:00:00-04:00,1.2400000095367432,1.2400000095367432,1.2400000095367432,1.2400000095367432,0,0.0,0.0
2023-07-06 00:00:00-04:00,1.2400000095367432,1.2400000095367432,1.2400000095367432,1.2400000095367432,0,0.0,0.0
2023-07-07 00:00:00-04:00,1.2400000095367432,1.2400000095367432,1.2400000095367432,1.2400000095367432,0,0.0,0.0
2023-07-10 00:00:00-04:00,1.2400000095367432,1.2400000095367432,1.2400000095367432,1.2400000095367432,0,0.0,0.0
2023-07-11 00:00:00-04:00,1.2400000095367432,1.2400000095367432,1.2400000095367432,1.2400000095367432,0,0.0,0.0
2023-07-12 00:00:00-04:00,1.2400000095367432,1.2400000095367432,1.2400000095367432,1.2400000095367432,0,0.0,0.0
2023-07-13 00:00:00-04:00,1.2400000095367432,1.2400000095367432,1.2400000095367432,1.2400000095367432,0,0.0,0.0
2023-07-14 00:00:00-04:00,1.2400000095367432,1.2400000095367432,1.2400000095367432,1.2400000095367432,0,0.0,0.0
2023-07-17 00:00:00-04:00,1.2400000095367432,1.2400000095367432,1.2400000095367432,1.2400000095367432,0,0.0,0.0
2023-07-18 00:00:00-04:00,1.2400000095367432,1.2400000095367432,1.2400000095367432,1.2400000095367432,0,0.0,0.0
2023-07-19 00:00:00-04:00,1.2400000095367432,1.2400000095367432,1.2400000095367432,1.2400000095367432,0,0.0,0.0
2023-07-20 00:00:00-04:00,1.2400000095367432,1.2400000095367432,1.2400000095367432,1.2400000095367432,0,0.0,0.0
2023-07-21 00:00:00-04:00,1.2350000143051147,1.2350000143051147,1.2350000143051147,1.2350000143051147,100,0.0,0.0
2023-07-24 00:00:00-04:00,1.2350000143051147,1.2350000143051147,1.2350000143051147,1.2350000143051147,0,0.0,0.0
2023-07-25 00:00:00-04:00,1.2350000143051147,1.2350000143051147,1.2350000143051147,1.2350000143051147,0,0.0,0.0
2023-07-26 00:00:00-04:00,1.2350000143051147,1.2350000143051147,1.2350000143051147,1.2350000143051147,0,0.0,0.0
2023-07-27 00:00:00-04:00,1.2350000143051147,1.2350000143051147,1.2350000143051147,1.2350000143051147,0,0.0,0.0
2023-07-28 00:00:00-04:00,1.2350000143051147,1.2350000143051147,1.2350000143051147,1.2350000143051147,0,0.0,0.0
2023-07-31 00:00:00-04:00,1.2350000143051147,1.2350000143051147,1.2350000143051147,1.2350000143051147,0,0.0,0.0
2023-08-01 00:00:00-04:00,1.2350000143051147,1.2350000143051147,1.2350000143051147,1.2350000143051147,0,0.0,0.0
